-0.856794950824111
-0.968495488667431
-1.03314570621483
-0.935712342578583
-0.789139490027541
-1.01505110906798
-0.926826815965705
-0.961850650949765
-0.950465778825932
-1.14297398140063
-1.03617310072894
-1.14312982504129
-1.07594114878218
-0.953673926991847
-0.863681851562476
-0.994318004912115
-0.948374919368758
-0.916409521147845
-0.942154514051272
-0.839523796809666
-0.834828799596509
-0.967894879139647
-0.906657171662389
-0.914953988414372
-0.920586745315463
-1.06220311130852
-0.99728732094975
-0.88749172973368
-1.03726257247044
-0.896954487616929
-0.894043423240888
-0.880236028847053
-0.903093426106738
-1.00868938964449
-0.786676293365295
-0.934526251207226
-0.841671702539164
-0.942498619029174
-1.08656545375345
-0.783792299904927
-0.734873832129019
-0.795262836731181
-0.859130498174108
-0.932250213186863
-0.933298334938772
-0.823541376689785
-0.889975284408328
-0.878469792506495
-0.828997860065223
-0.955349739901938
-0.977146549477104
-0.913061638415266
-0.881961166647913
-0.902416589620726
-0.850202630439998
-0.947816244357002
-1.09964121870054
-0.944548510022671
-1.06254051310593
-0.987465811766344
-0.782030360798101
-0.869890865894204
-0.90762724178687
-0.877047577159391
-0.736057223389625
-0.93810812193078
-0.824413689668708
-0.849311945160528
-0.790554416025619
-0.894595052450015
-0.763443838692502
-0.841919066116467
-0.765272848167737
-0.876235263311672
-0.81931467523991
-0.818055353777653
-0.988549120771124
-0.866923132288112
-0.816537253882515
-0.812210507483269
-0.806747318512619
-0.777978875680368
-0.881969181867917
-0.744397556228642
-0.855547437018813
-0.953899377294328
-0.755762742936988
-0.865342860199767
-0.77447007155014
-0.831488420799461
-0.906247577328303
-0.632930827673758
-0.769645761064288
-1.05671730294693
-0.829911735695978
-0.61628679838981
-0.833815277142041
-0.925110464970565
-0.758277087140121
-0.79920680494435
-0.74009623175805
-0.733141387563262
-0.829105253900297
-0.869734964486893
-0.633571531161427
-0.773898594212441
-0.81897507726869
-0.863781189805237
-0.786593132494038
-0.891187548469625
-0.747671379289081
-0.739691602912231
-0.759114455713854
-0.696937201868165
-0.866346461584774
-0.745379958415865
-0.745063113916344
-0.839526816365741
-0.71562732923733
-0.846826580209805
-0.939237091074068
-0.75229118599566
-0.656697245895981
-0.621419135563815
-0.559088146462361
-0.653197153553463
-0.816332744600676
-0.763746658959855
-0.824919340731513
-0.618114983843093
-0.658055190956079
-0.730684638779735
-0.739011322887579
-0.781064398345968
-0.779632659644407
-0.769637868646031
-0.726579254412448
-0.58165610431561
-0.726665382668447
-0.625853967538848
-0.681754433354887
-0.79613042250307
-0.682488559151492
-0.897476282550334
-0.717443111251939
-0.588472992106275
-0.629856975851889
-0.696102408544922
-0.749016374656778
-0.564408784792187
-0.631153205304901
-0.67303686768257
-0.629095572744913
-0.675832020532169
-0.658194653186148
-0.746967799587128
-0.667137731135127
-0.886181618133776
-0.69787271347788
-0.84649419439057
-0.677128662799582
-0.568492586951934
-0.675286193430529
-0.764272698244757
-0.770612858711775
-0.734858132627962
-0.730385771552047
-0.689089023524658
-0.609338835427907
-0.633412310458803
-0.745962705562
-0.745814141362535
-0.616686040447535
-0.676905807926078
-0.582120728766732
-0.457703855020286
-0.642807176857695
-0.626751921966803
-0.581674744453155
-0.672580392956094
-0.840512657804903
-0.696905173259256
-0.699073712669749
-0.82366527878208
-0.681429438753676
-0.720868697691965
-0.636569144084587
-0.668266097209064
-0.64002991115727
-0.518190044088994
-0.655149805868588
-0.626826125812166
-0.638876892617018
-0.698816136752829
-0.61562164455672
-0.61042726880763
-0.436542933597806
-0.687887728277757
-0.670261842251362
-0.642075633654789
-0.531844121479006
-0.521234884400448
-0.454888196922132
-0.593853570049051
-0.554909850931207
-0.393554307485092
-0.545264485423468
-0.519777870437811
-0.482849119849151
-0.564496823872558
-0.563095222333056
-0.464485981621413
-0.598518354598612
-0.467881198930475
-0.412117827987753
-0.513624254592553
-0.591455296631675
-0.427120683808611
-0.751056990298689
-0.447159692506527
-0.507266231221912
-0.439813557877578
-0.631452362271192
-0.652556058091868
-0.595378835842116
-0.63117912642214
-0.553621913864624
-0.526519321565975
-0.477712053537539
-0.539322106550672
-0.526315058536906
-0.620856551913665
-0.433652648826303
-0.472636863007459
-0.541652762209902
-0.517738567298473
-0.558853283303636
-0.51207033311336
-0.630474261446654
-0.481128169119864
-0.514451444045169
-0.642093979253057
-0.404189222480209
-0.660022546288919
-0.596183278102776
-0.559727604353057
-0.443125448623511
-0.472103774223841
-0.432256167119243
-0.54237287018129
-0.306000875535564
-0.4874049267314
-0.399909146626072
-0.49060287691764
-0.519113395049695
-0.482794831063448
-0.531627349051492
-0.622941419140802
-0.495864285715328
-0.474199797760132
-0.562425618771162
-0.516001149907782
-0.38505428278567
-0.521576623866875
-0.539845626659959
-0.361013016562321
-0.431232936037253
-0.398625578878329
-0.557557248770557
-0.420097247526746
-0.39576324738034
-0.550155354168294
-0.572308417754622
-0.573429147521884
-0.416567406421117
-0.383537108136428
-0.334655411974545
-0.37782963590627
-0.603517650093645
-0.315267282477222
-0.465753031112886
-0.592942758478072
-0.438282377954959
-0.477377948914533
-0.495615272471951
-0.439972018365445
-0.428492996052104
-0.473767467582088
-0.414005851581517
-0.444086345984924
-0.533921866337077
-0.438669770220892
-0.365615399307188
-0.390342089639841
-0.464693815576203
-0.311118687492891
-0.222085547584493
-0.375976795043983
-0.32785120440871
-0.482206527211064
-0.50797550973964
-0.296349797822505
-0.390081710121964
-0.396949083243809
-0.310450522820203
-0.274598430475168
-0.318423674656766
-0.385959582949886
-0.345479240814744
-0.299594323540016
-0.417510510138162
-0.251465061131199
-0.47677953204264
-0.260525015818319
-0.333076913428628
-0.415832380966584
-0.371294164677578
-0.459740238718057
-0.270795549123173
-0.275906680283669
-0.364491250050118
-0.344628487811935
-0.392344474317077
-0.287170550860777
-0.377265169977435
-0.241716440487843
-0.321349258960678
-0.353486871099803
-0.412651842006999
-0.391327254536045
-0.38760347341471
-0.268500403022619
-0.199405317382328
-0.41013053355748
-0.423988462272708
-0.198210250462177
-0.249741069406286
-0.343376912594406
-0.314822219786716
-0.236633979516611
-0.323583525073347
-0.279960964187145
-0.262063832165146
-0.313320033357528
-0.444198839316379
-0.266864067883095
-0.292222669279161
-0.235975064016451
-0.264096271407264
-0.361023297273394
-0.309537280326231
-0.340816893691448
-0.338869548709648
-0.218621615074302
-0.436708598069704
-0.196958988547394
-0.177380656107006
-0.325179514701642
-0.251053655678391
-0.349040567735557
-0.272528152834809
-0.349133519460478
-0.276686853666279
-0.140702714112772
-0.29947844054729
-0.500693756117982
-0.414897423100218
-0.278606206720615
-0.151672270326232
-0.323944853741371
-0.160531011204008
-0.28969977744994
-0.383832031049189
-0.296682551182456
-0.234090334595485
-0.361217647771183
-0.165284583868532
-0.32735065017011
-0.256584274582944
-0.37150265341772
-0.256428355072822
-0.254044855781323
-0.345026091387785
-0.29645245210322
-0.130895358846839
-0.215679306510253
-0.262798951005349
-0.20846915513775
-0.307437712306073
-0.234800503139121
-0.236764945014715
-0.162698826718655
-0.120612364821968
-0.146164810630529
-0.254566638302256
-0.295234059535272
-0.299909506707225
-0.22971169079426
-0.114935176940938
-0.189523652492836
-0.149519537414999
-0.284501279053576
-0.151895453905556
-0.0986052835633156
-0.230428144068794
-0.109867108616393
-0.102706067253847
-0.192427129663989
-0.33821097542032
-0.10846732557271
-0.107282551124768
-0.10651238268291
-0.232142275146586
-0.344402696983605
-0.0623054819918073
-0.119942327389115
-0.220004763457474
-0.0197815721818123
-0.329665619209718
-0.11216137778877
-0.0391636991625387
-0.213998281113638
-0.153860019410201
-0.0986962937970178
-0.205096217007188
-0.137087399932378
-0.0946657626301994
-0.203214494523994
0.0431079863878165
-0.206171509952479
-0.220837130783676
-0.013313603414702
-0.208129608790185
-0.174752342613192
-0.166029556548944
-0.0900913169638615
-0.0535329225203396
-0.129740182446376
-0.185997782620115
-0.120657930136454
-0.159661833193205
-0.0563774422824682
-0.0736179117274331
0.0156881792414165
0.0254937956169606
-0.216345373097592
-0.0379502836149397
-0.176271707913336
-0.199233717533887
-0.0809824342433422
-0.280901507000393
-0.0628838820581238
-0.0565694605126812
-0.152661991739179
-0.174034260444098
-0.023485893098769
-0.0288795993697305
-0.115430883329284
-0.0799956215650401
-0.143150932227941
0.0248051032763217
-0.026844157220087
-0.117336211597972
-0.031113613872774
-0.142696134125134
-0.0890512903915438
-0.0543218558349179
-0.0482847592197514
0.165838735769901
-0.0945615981769095
-0.0719157903965267
-0.120163324102014
-0.124337278294265
-0.032855996305432
-0.00362617258761913
-0.122372696106734
-0.0623080470518343
0.0387943514140982
-0.100319208891618
-0.0196740911262631
-0.120856464167425
-0.0531520670858796
0.0296842151657668
-0.229038605430254
-0.0796907641209457
-0.093642594236513
0.0170368323425792
0.0522519060986184
-0.00262013524740193
-0.100322914604828
-0.0481696952036737
0.142211422795966
0.0369721296080776
-0.100477413748309
-0.000976193978581276
-0.0368207667938075
-0.109145957336678
-0.0348069141747408
-0.146262643429083
-0.0784204366846677
0.0616058335877005
-0.0362942321011069
0.0321394804491421
-0.0363835827041887
-0.0166907539634676
-0.0231090426051245
0.169758370985498
0.0496927653283807
-0.069450149294649
0.0815550067128537
0.118411868153747
0.116214843628231
0.060968784217157
0.000151105936350601
0.22058579427564
0.0354886091618392
-0.00724061188978531
0.0117354090698589
0.0915537529755374
0.133033379635525
-0.109038575422837
0.0906804450588275
0.0241558810354715
0.0248595290672666
0.0635480109225901
0.0535312428867962
-0.045883913668377
0.0950786818538183
0.123028174880371
0.111286354420196
0.0405934464802776
0.167655655756541
0.153449417414967
-0.0394512949804488
-0.0189749371869647
0.0408921144805573
0.279787841577776
0.086011661214135
0.00239698150944395
0.0344380081412009
0.123346363099217
0.119545623797251
0.116813978489674
0.0322178216333677
0.0639637736719487
-0.00495309896020914
-0.0548668595939319
-0.0323741650785623
0.000162575603753183
0.0142667249883711
0.138954389313546
0.140560809793246
0.135875611386278
0.194324332357316
0.212525896425286
0.125422470951587
0.12006710047632
0.171314327733007
0.355625869987355
0.0544093375332487
0.144787658139927
0.201240737868882
0.309396478059009
0.110753615703436
0.275418441196429
0.106385858040779
0.169373976872791
0.293338185428686
0.113842866110938
0.00605036435527021
0.184830411020574
0.241070482752345
0.206452066449379
0.0747988010077513
0.224090125370761
0.116350304266803
-0.00858502736245597
0.0788256818570985
0.196394339514806
0.0854354064644059
0.0617603449017946
0.14968430519672
0.104110812453201
0.285523101642096
0.118964757481488
0.0597260354743328
0.0978197456829536
0.140636171483569
0.0522550360186401
0.316290162616645
0.0597773241536845
0.179629030932373
0.187643053395197
0.161846905962849
0.280390024346726
0.346144819555754
0.189399518701582
0.123932763504912
0.195110334154325
0.145957947830265
0.340022300468665
0.145967723206308
0.260360554950928
0.176701399587054
0.137374656460411
0.168177125149888
0.214218274745362
0.232978415583122
-0.000855396798205781
0.26139405984758
0.233178807600055
0.194424675939952
0.0532725907901749
0.161654908222661
0.152110164365784
0.103794525408092
-0.0305768698652788
0.426358478659019
0.0722403463405949
0.263312467794672
0.286227292458617
0.295948735171206
0.191751719158573
0.227201819184923
0.247921153039492
0.230291786491427
0.259321595176372
0.140249151804707
0.276866077212656
0.264687480603078
0.243755133262683
0.192547852903102
0.308495798284972
0.235736689090554
0.254881715782486
0.137533647526388
0.263754862420474
0.233770374589753
0.298500067814332
0.304531983122879
0.237416242382525
0.312906951740052
0.121857030845634
0.347495446841251
0.362115293711809
0.316975715764064
0.25015173621674
0.295764133752614
0.440624017060451
0.271835969428457
0.279709198831451
0.439596816801784
0.272108468881569
0.310468884277581
0.367615250445711
0.333154823387952
0.358138374821333
0.251396751953391
0.380621146577295
0.17404309906655
0.470826685829246
0.478593354795647
0.406582588713401
0.422323820139354
0.423030404194456
0.411997139103757
0.37772600256771
0.359425131234049
0.363692093121719
0.274941889663929
0.46052096983407
0.301937081321216
0.312029839929079
0.12548400504128
0.319965584338735
0.255947538449009
0.350533030965163
0.349005522500699
0.367728807761266
0.340588869266629
0.35128877006393
0.298413488822088
0.349004794615572
0.405371515055111
0.413151814248975
0.456498954424058
0.109086565422037
0.223209947933609
0.40942559525895
0.513837438530871
0.428476155810618
0.367751989807078
0.282927271096785
0.270066840865532
0.235716782276601
0.499775015083774
0.356456641491029
0.572480051671343
0.484474696104004
0.317067441436873
0.473930491053872
0.378322496163876
0.368435147454155
0.360276564823125
0.430991285276721
0.230618177373725
0.343990533794015
0.435145159366126
0.44241885700152
0.432008424936629
0.449088475568467
0.391363072696902
0.511499633251994
0.411549063913398
0.385468326482983
0.517208160896677
0.454487246256773
0.567450690004565
0.534954961285837
0.369151123044469
0.573240686384763
0.355899381743768
0.620696692744702
0.51034655751149
0.534034704082312
0.425462170163403
0.461606892640293
0.414057807845175
0.402066291087595
0.611608769303842
0.472885984058686
0.316446387348832
0.379294260836317
0.31959252645695
0.400667413340511
0.464577062531398
0.486471844782536
0.435199858938935
0.482428859175855
0.396048520829758
0.568422256684488
0.467213982939275
0.503154679176495
0.337175251045777
0.38249538544192
0.535733901983584
0.534278536754748
0.443651010048018
0.407248659422422
0.473330354603851
0.520384717760452
0.530824615338271
0.566653367153739
0.405600300964703
0.451558631307627
0.510593942727135
0.56245096880614
0.481684828097327
0.512538861116043
0.625727984850312
0.408176808390204
0.607337223258268
0.575225296028472
0.440045086785683
0.549812999912551
0.684201560872247
0.463655627566538
0.493963306519359
0.403160143265144
0.584400449552172
0.535549278537763
0.626301808962952
0.505365498370072
0.666247962793719
0.533481129897719
0.42062252297799
0.528340407957963
0.5532559610036
0.580949467149622
0.512840138418911
0.557136128790645
0.642841743025672
0.536471669005613
0.545651999048045
0.556387840172627
0.67122953355602
0.593274139951512
0.565442849495438
0.594037469206541
0.574082602755723
0.584582371256144
0.565099743204832
0.513725904626954
0.552839139749671
0.711434051558621
0.549519176270644
0.680662215989039
0.503503075006424
0.597392298857082
0.497422314537523
0.661642501798687
0.610509829652318
0.461670461351227
0.752546138382082
0.783085114360952
0.749060105340943
0.635480867375408
0.586805014949325
0.708046972930306
0.671351783130531
0.473129783116384
0.659063367930846
0.630605294608316
0.677380496539744
0.72039909064247
0.503703233502825
0.684825192144147
0.541645848307917
0.626952669881555
0.717332984933511
0.662875112725786
0.744439768913062
0.549358609575555
0.572561762585916
0.702657161075498
0.542612496076938
0.635298598627247
0.724755596629068
0.655750536816503
0.603186079450111
0.739481230708889
0.765640113041646
0.741775015421269
0.672612306926527
0.745109133709366
0.752702556610483
0.510800254262741
0.81111324790174
0.627913377373429
0.834639102878941
0.648263102859539
0.802759772535461
0.644518372357158
0.675279578568726
0.664688162657159
0.630601545904409
0.689634256665915
0.673188897218686
0.837250375869287
0.689977578357991
0.647571277946089
0.692311130910023
0.757233308547742
0.615164626515365
0.614449290334132
0.872136900253964
0.678339473157111
0.681857689784662
0.768549535359125
0.861108928792615
0.563215491602028
0.636357863987183
0.572671027038586
0.851059247268741
0.602305809701452
0.725377668615684
0.620261078098827
0.730493139862761
0.780762762675189
0.858095405994628
0.624423061121103
0.678021632927834
0.73233615032496
0.865410527161264
0.772384072958101
0.682644220329934
0.765711675686416
0.788297167848358
0.672675635253054
0.657919754209081
0.805375410551625
0.752521096612559
0.754368315904588
0.724063745191344
0.804346500687123
0.860194914839879
0.812240761752367
0.621394635825696
0.656639545129007
0.721072810490939
0.674273077575105
0.714035311629503
0.838259155649533
0.695878102093424
0.935987327545651
0.720831986983786
0.699059841301498
0.849324304066864
0.78524211133014
0.766812050319127
0.825385079740704
0.729876806302013
0.913653669021599
0.83720989338944
0.734335685310543
0.785702142031536
0.875166356543073
0.74381685340449
0.93555899017716
0.789043598110126
0.927056300959903
0.824753787845191
0.78867947365717
0.778077534423029
0.695810725608234
0.789438133524825
0.779817265415267
0.819597745737713
0.764393825568266
0.895676949839526
0.981774621636964
0.885973658779622
0.810405416676774
0.889941044289037
0.830517360252403
0.813105562567605
0.7551724909702
0.789005333543339
1.07414332247644
0.841986667670176
0.713322149671683
0.951508606326163
0.874277469761539
0.926316452196824
0.827050943129789
0.932125668978386
0.881294126629463
0.877814036673274
0.830076963955074
0.723983296099176
0.889656239498592
0.94099300876354
0.979694684942343
0.979714622103372
0.85202604808483
0.825495246540177
1.02580580031073
0.866322241298033
0.88166807705784
0.786890558638032
0.897745922780425
0.691095900348848
0.806489778673342
0.942492015144022
0.82720936201905
0.911701123822671
0.786867732829226
0.928767808911243
0.977117325561644
0.934960662856768
0.939547793415719
1.02060588369499
0.924966468642283
0.798220545361759
0.974148471005046
1.05323406307285
0.999896432096229
0.837670246035198
1.00728408435454
0.983025577595657
0.80827527759181
0.800864170064494
1.02926255469928
0.919502835923103
0.965513262541725
0.985559894296153
1.0466515816566
0.871986065095001
1.12328631395904
0.81975105642113
0.98341316238419
0.992963280185177
0.962613086079485
1.12931537368193
0.852288998269355
0.903823387594764
1.04859902645288
1.02475709642013
0.876981567394399
0.99796732819288
0.941350038080165
0.952715257534601
0.985211647067615
0.898728836937735
0.877997364632228
1.05583650251876
0.934839907510496
0.95432925756462
1.10328648527204
0.974855963210557
