-0.955276149490392
-0.997961933565929
-0.978349770983452
-1.01824664319314
-1.07185915130399
-1.11327765260102
-0.923932182891485
-0.881616977888744
-1.10572944460434
-0.813203805178288
-0.991554186632729
-1.01490201489081
-1.05741315459831
-1.01472914068013
-0.896217510276769
-0.939653706956162
-0.916643746667615
-1.02328810632427
-1.00546297485729
-0.937708154092456
-0.791794586354332
-0.951784888984285
-1.05950451130655
-0.920023605761856
-0.870410507295749
-0.900129896063332
-0.992624223655975
-0.981802976191995
-0.85875244081156
-0.881996086134641
-0.977095797606341
-1.07854067012155
-0.98188033315843
-0.9634862167564
-0.853087990809923
-0.833505911051245
-0.911427983090487
-0.769418645122776
-0.963739250037926
-0.892585828273302
-0.769683242907206
-0.856297146292673
-1.03903199573394
-0.965210012948349
-0.889769097291148
-0.875235524183778
-0.950848224726819
-0.889970763328168
-0.934108053465534
-0.790441312666932
-0.94611770882858
-0.981471152971259
-0.944356288461684
-0.908260385459511
-0.945596969237457
-0.886490099373719
-0.827550052473976
-0.836837598345188
-0.957055678707001
-1.04441635806485
-0.850784411233671
-0.985145462426923
-0.777536555562819
-0.763229239582217
-0.781367525978205
-0.823580708692264
-1.01626628395082
-0.824231717692159
-0.836741676535422
-0.770819188753092
-0.850768053577098
-0.901006347925693
-0.964489074415386
-1.18761631531925
-0.836665558757397
-0.849011275647023
-0.8951736523801
-0.976504956991458
-0.742343878464558
-0.8222817074769
-0.764671954008452
-0.880668802648592
-0.945161170445749
-0.871013104691594
-0.649272927110802
-0.770754764785782
-0.907230908125277
-0.842498872986575
-0.882257765076766
-0.9319469658007
-0.903436509839916
-0.770846069818299
-0.869440709438617
-0.737681978122813
-0.815436836537371
-0.789197596919822
-0.852468292205049
-0.731400911864693
-0.795053670821423
-0.767202625239605
-0.68389541399477
-0.730645940484863
-0.920880136484703
-0.857175545757739
-0.885734378934912
-0.634184319459436
-0.751873289572376
-0.737727221706941
-0.845707226924218
-0.63799147172259
-0.583341274502692
-0.71539164922852
-0.750872694108035
-0.986815458326185
-0.900410007413191
-0.9187297780247
-0.772550807695962
-0.729502697149145
-0.854489003055906
-0.726987609186132
-0.669735074000779
-0.912712821973615
-0.694402987700516
-0.81105666568292
-0.789065428755976
-0.686180808627263
-0.81417547462434
-0.61297012674337
-0.768311759838343
-0.759663582459317
-0.767996356444989
-0.783044232241231
-0.863435831498399
-0.67507678951586
-0.679569291678133
-0.747578428999036
-0.728431494618018
-0.707996335706817
-0.767201276261555
-0.738521593503978
-0.783624298470714
-0.636644143094315
-0.723842985318881
-0.681534955630563
-0.659450215080648
-0.590293933251164
-0.741363382149713
-0.677463585200185
-0.785618433596372
-0.580567145319519
-0.712969165970169
-0.79880617258441
-0.562404955556175
-0.761186565187696
-0.612898345320813
-0.64295475783643
-0.840763499324796
-0.608004617755461
-0.729282323013275
-0.590020173129213
-0.647750513193069
-0.673584543989082
-0.570003577581044
-0.717442115158027
-0.606483929177396
-0.689575509837936
-0.707408741483369
-0.631937547230184
-0.709653751641527
-0.597940384579277
-0.718511580292355
-0.674132153785148
-0.584919735607431
-0.681035955043885
-0.583288762328161
-0.542798641878682
-0.636906726328143
-0.74256082962331
-0.785741324351225
-0.694280684599472
-0.633757490104649
-0.546946260451985
-0.543829682284025
-0.555980979163712
-0.641217341218809
-0.598888920991155
-0.70036689829962
-0.537485622245947
-0.577521537169444
-0.751323777221373
-0.573498995238761
-0.606886845651566
-0.619197674759205
-0.620799415998372
-0.45424962013001
-0.760877183125712
-0.608666267736736
-0.577486008915537
-0.743971052496215
-0.586098214200046
-0.488407723806934
-0.673681605155167
-0.463675829897557
-0.670741867328354
-0.550280019811874
-0.610807845155495
-0.419301677437765
-0.595243757671745
-0.605082344668649
-0.608791426808194
-0.590658170973261
-0.719545220866899
-0.538783995631319
-0.551989431097005
-0.615026834229185
-0.540581093975506
-0.602577009129705
-0.548167169664673
-0.58479355144721
-0.591299857404846
-0.743299468940291
-0.642668385046161
-0.571073088175603
-0.484182018364328
-0.575666789924344
-0.604551905501086
-0.507169482392241
-0.570929318449609
-0.626097122548745
-0.608063181391539
-0.502287913598572
-0.538065023208261
-0.589976714375316
-0.615201572146865
-0.584334323899313
-0.542564107748737
-0.48676472157723
-0.615130391547368
-0.396194404617978
-0.506540258649555
-0.492305659789314
-0.537806203370146
-0.573642347279149
-0.530869867159159
-0.578572627359632
-0.581081538684868
-0.500868864154971
-0.589672471264676
-0.547107697242493
-0.460798249065166
-0.437249615480775
-0.523062091210753
-0.437506754989086
-0.444740165765548
-0.406960123243514
-0.436627212142977
-0.521846138011146
-0.435688656479045
-0.503346779753307
-0.566004157841838
-0.462180509364
-0.544253690738713
-0.522355021721681
-0.554857949640152
-0.383181856702974
-0.25555457793006
-0.400614998577616
-0.449647546163611
-0.559840366450199
-0.464036665572962
-0.633267379461832
-0.460699280324171
-0.466290580897886
-0.428696183051994
-0.403535534126363
-0.411783530262287
-0.621525857489243
-0.460532877046814
-0.424277022455447
-0.348598071523295
-0.464710250431562
-0.355866351188147
-0.496200840320041
-0.62979205072674
-0.32899715363571
-0.492779085856095
-0.456261888936837
-0.434685400146322
-0.381964650063004
-0.464884090339509
-0.4346800125635
-0.269271560455958
-0.464049749281492
-0.350147236666599
-0.437041678770107
-0.286471259407223
-0.26080314305877
-0.420708910032816
-0.311767778017681
-0.272195031079243
-0.411465033727882
-0.358346765432479
-0.336677804120762
-0.25194743837438
-0.332805208644919
-0.324124528976533
-0.470195754003005
-0.437475293927738
-0.306620156140571
-0.475893683706041
-0.335042848760827
-0.411132757318373
-0.426764319555044
-0.374230667899818
-0.34604836789709
-0.360481052875282
-0.393790792059459
-0.379566824549103
-0.31849338978913
-0.428348878556142
-0.265998032009612
-0.441944615067557
-0.382905861827977
-0.443607085907736
-0.301697307741973
-0.456706376937981
-0.494927479206024
-0.268380634194343
-0.381846976513147
-0.253610623410167
-0.369300313427363
-0.462646935391374
-0.266135677148412
-0.527019277556691
-0.32469576143855
-0.177121371266959
-0.284993527931751
-0.385849824666148
-0.257547433389059
-0.327250160176813
-0.0994942773790863
-0.407750313258114
-0.229935126499778
-0.321411343802707
-0.408539157816258
-0.230774166543581
-0.29731546025012
-0.289973481156683
-0.319750004502232
-0.354033634529956
-0.0771834093573342
-0.370324864670197
-0.357050416778449
-0.343780609859628
-0.248652108712393
-0.235027623072218
-0.372702486375268
-0.209729000377964
-0.372236600257877
-0.356173128331888
-0.253266793498236
-0.275385088169935
-0.359621113326109
-0.141212061787434
-0.242823860952428
-0.247429941362288
-0.261921659746932
-0.223449619913639
-0.238880740655823
-0.318483763653017
-0.310891381965442
-0.255471790366781
-0.281090244264867
-0.215501455355902
-0.33943518166225
-0.17659619053948
-0.262105708386785
-0.311885944669542
-0.29213468578923
-0.398895870021927
-0.321193020062967
-0.163703646303421
-0.17539554874923
-0.176141388438408
-0.225182242324418
-0.335542921744007
-0.307168690895702
-0.304950447386731
-0.322138161208426
-0.186295765188885
-0.250581618915017
-0.260826773615613
-0.143480666278952
-0.101898242510514
-0.215546365954476
-0.349150184452558
-0.0530875689574816
-0.16270882127811
-0.26789779239816
-0.364785193875284
-0.265358823366033
-0.260354783978302
-0.10474790155961
-0.222476426438588
-0.318095607947337
-0.170542500361109
-0.199066218725854
-0.226302384495826
-0.0733572351111344
-0.17772498813891
-0.229471154285649
-0.151331481408556
-0.190894331324605
-0.130237870341499
-0.279425173226589
-0.321998195049527
-0.0437427420858318
-0.235005815105833
-0.174127217901138
-0.169116552642454
-0.275226555945338
-0.1178304355782
-0.246186236477702
-0.24000828653459
-0.0686002441930507
-0.0950912188172489
-0.0510717250637085
-0.116002608702149
-0.276444423674222
-0.113314604966548
-0.28777068157374
-0.0562637490443157
-0.098800162445746
-0.207022996222416
-0.153735364727822
-0.262697260029544
-0.199781046220212
-0.0828125715384766
-0.180759571780743
-0.154737944972913
-0.175854659022267
-0.167435662456776
-0.0465287668622237
-0.0487569921712446
-0.236191426174808
-0.0986883172329977
-0.125861914697814
-0.153928941676709
-0.195768904817788
-0.28266323830576
-0.163528473834271
-0.158106652498398
0.00965927749948893
-0.0938327389938148
-0.112034941609529
-0.0604034288266625
-0.136639186368519
-0.0153832335515717
0.0988160626771603
-0.0708162226779541
-0.0795197935731535
-0.0561097782998533
-0.207777908858147
-0.0313570115113871
-0.243346661245868
-0.0398370448910967
-0.10865491409931
-0.105463386658802
-0.0293750210335439
-0.204260430594553
-0.00804248266388888
-0.130197675295246
0.0472982189307943
-0.107793913583777
-0.0152029908818317
0.046064854721761
-0.068167661410661
0.0070749569805567
0.00890418315403709
-0.0467943853724806
0.0874710270528702
0.0982633232750689
-0.0554405291807354
-0.170052521918628
-0.120018412025148
0.062715006129827
-0.0643787743213148
-0.207985896884439
-0.0995852601033359
0.0432995861889713
0.0490532534436924
-0.0946623355243291
-0.0735951677988455
0.068758400518756
0.0600750864043437
0.0594579245466151
-0.0994645212154359
-0.0227980420415552
0.0358083321028156
-0.0207081321033932
0.0814122483422802
0.033667543003436
-0.0323169085141737
0.0818906716782373
0.0559992378883919
0.042852260797833
-0.148214313016648
0.0381146654511134
0.0154256216702681
-0.185637280113513
0.056370480072411
0.211911953296954
0.0820423535095328
-0.0208368646117321
0.0851281449929933
0.159102526996814
0.0807536552484889
-0.012701536886894
-0.107525905658588
0.138127406573483
-0.00682053039630516
0.11967455005878
-0.0499168190402058
0.00768134714071376
0.0915468442426292
0.00869645303581021
0.0940081588213131
0.0383390317080983
0.0806103578931226
0.103669011705921
-0.0352454734560119
0.0731363565847723
0.167387907057363
-0.0885528379073083
0.111341106048809
0.163421988647737
0.0376345627853627
0.0145844664957816
0.108300784342472
0.15807061691618
0.107156971460083
-0.0638722767588356
0.0405722029086582
0.117670025678971
0.181940163778168
-0.0907368244293815
0.20666384438114
0.0918718234767526
-0.0440074312216964
0.114338458508564
0.15787059092984
0.193386127804967
0.141072226495577
0.0377385096046968
0.165843283306682
-0.0274651173746059
0.211401698358521
0.142193293357984
0.121599592441391
0.0437520532461206
0.0926637916733293
0.0109053092471115
0.114049049453218
0.102345022994906
0.118672818634288
-0.0860153652010955
-0.0276632911909726
0.119827021212032
0.00987514759883926
0.045849247812272
0.0317261791635505
0.282841274337701
0.211651599528274
0.222465594150721
0.280129935049726
0.0987631237339068
0.0684319318896206
0.201065784902858
0.153937924639347
0.0990129649208178
0.0699301688568122
0.269825167400404
0.0413412997985824
0.301054598013373
0.152840509279624
0.249769691769966
0.27204905941716
0.219543041395057
0.120915182144805
0.281614402095573
0.235758941620374
0.16408439118466
0.297332837878777
0.0864660343970641
0.25679100964553
0.072645656437838
0.134602092801478
0.0923182217061184
0.320278262105118
0.321897213760692
0.29698544818634
0.186648037652702
0.170661801467194
0.257627274554182
0.0944925179898806
0.285758415888032
0.229947219858707
0.310126239119833
0.167432632935085
0.0634829700214194
0.33588216494751
0.155730782341145
0.252362868920207
0.301475244673168
0.0731772042590998
0.259071764467002
0.18969885283956
0.0253732318701473
0.130750222544602
0.442143770605193
0.37376561108969
0.223314029822584
0.163254932721701
0.23963851797204
0.395137603766461
0.283591112439252
0.102228902853948
0.131202354204981
0.147234401779547
0.388088578557979
0.245004757518335
0.318626651273827
0.156168703069716
0.234013768591387
0.193294425842108
0.242726341701159
0.161697900137579
0.34708437874088
0.403081375689075
0.392333921493423
0.173035687859786
0.299890985211264
0.348873055649815
0.386885763421673
0.241482574087585
0.270440128475616
0.343294036267308
0.250851178009111
0.312916732534557
0.236746058841847
0.216191969659703
0.450445000988101
0.389980558787943
0.235002371243653
0.287126125292724
0.328401510234343
0.306172452715729
0.392842908947266
0.236660828415061
0.38587244371409
0.419619434510635
0.41046779127736
0.288754261904037
0.413394569539733
0.432169119886886
0.213914895566756
0.287156830497816
0.364594254328146
0.282593968714475
0.0961133287166535
0.330786167980788
0.302580887720892
0.331729564353272
0.215181309259071
0.420675071332038
0.298823144957234
0.314346198975847
0.431947196378123
0.359689837425401
0.164955303780974
0.325232649883445
0.422167140008164
0.34585684145799
0.408374592304346
0.310742733693766
0.341779782064872
0.287500094556951
0.327298562392656
0.331080800982103
0.513341478304483
0.371719161833063
0.414176474918307
0.339045170345956
0.412359775488434
0.26890893139179
0.326940610751799
0.23236942517944
0.285955045857954
0.36274201687775
0.35558254566471
0.291116022192397
0.271592898889327
0.529114210611167
0.321482354687864
0.295279432067559
0.390280004427497
0.295992674917236
0.250227749763917
0.528873717818752
0.532916189256883
0.484493056369073
0.475061168170917
0.397333035410586
0.303821839488001
0.430047224671476
0.519775504739889
0.424022900930392
0.415409042670258
0.451401895176169
0.322783014219458
0.371852481266081
0.531259940926781
0.424281473793565
0.386718000492691
0.370472135308727
0.404194321655912
0.437791750858883
0.506378660342565
0.342302988483476
0.564294297454781
0.499476616649352
0.495110176847956
0.438237622686232
0.534537575907528
0.462244641495927
0.45442069853411
0.471303070984205
0.368452467142619
0.444032643106222
0.515560110672141
0.456319306211538
0.490106247291589
0.556521560767574
0.478118627287936
0.47941326700192
0.517072225999032
0.463633048572908
0.482960083039142
0.500015657333426
0.509844777129578
0.52794805896185
0.65414961020017
0.576520081401131
0.499230035123973
0.499922570496465
0.547790429856387
0.582495719223192
0.542389722808331
0.533450352443644
0.542910667187851
0.611552118789978
0.534665235734267
0.55186775162337
0.516947482949382
0.56451117810175
0.451061244664873
0.509907527717179
0.687712385320814
0.472413336378156
0.505654601077254
0.505582990395074
0.606417989806311
0.578132517416972
0.611752551628151
0.611693912790095
0.649689231986434
0.482452779713417
0.636655066059776
0.578409550672198
0.654181648726061
0.42655860263716
0.591803341418707
0.814522739427855
0.532692342259159
0.613069490642401
0.61842111070797
0.747940701744825
0.497953225910619
0.573548471784789
0.610350498142343
0.533117801867786
0.618720677524473
0.663656372992926
0.585246595931786
0.699483807833849
0.630783846397217
0.64420129496398
0.672264132077622
0.640049268743227
0.458738091939429
0.494768352039309
0.564355057122021
0.590869246793714
0.677818583930239
0.567800729675102
0.687939083466524
0.587455745129468
0.463645509137049
0.699465827286751
0.636919032647006
0.58634812429221
0.589538010972984
0.61124653701805
0.526164922636391
0.436431938555894
0.590445416697647
0.592876479682463
0.468727177529464
0.576543835659147
0.618643597335475
0.570233602180641
0.551038809060951
0.625971141098719
0.667288051281997
0.683275881210333
0.570846478287633
0.493082483192223
0.729502926965278
0.68156422391166
0.53086625737052
0.488994706367026
0.70481554596291
0.498910723484983
0.803882128109807
0.591768347200576
0.738984455126788
0.791991383655994
0.718070113983066
0.626372536161268
0.725895490520004
0.739112429474661
0.74056214351764
0.716505441247422
0.717308365846054
0.614346289035815
0.652452550209082
0.549201629364808
0.673677877165879
0.513473710689219
0.73956133179974
0.697777395537484
0.692461068854236
0.581812751928238
0.550848446785077
0.709913598127779
0.735080082809593
0.727862643207997
0.668690093264255
0.556696560394217
0.697786524083048
0.696833811701499
0.712867366990504
0.757278349394152
0.716089400729915
0.773746603767368
0.772048712101778
0.765174129312306
0.840620176714056
0.679005768332362
0.724272431762567
0.858552337326084
0.776915161723565
0.76312708706179
0.680584918533231
0.688813028153952
0.691401445713526
0.860290027785514
0.80926848318297
0.825327853509174
0.869391117890858
0.736974821893546
0.730558981900148
0.795257380377781
0.663196834808045
0.78078810767307
0.799836616369613
0.789825660787165
0.828007254225661
0.808509447423951
0.675054295264684
0.777621484703762
0.931221504896564
0.605480960950391
0.635371378248996
0.651612073116107
0.881686525389362
0.891877459129002
0.86209183058713
0.765202464395046
0.864576683037117
0.749159097648885
0.752125997025422
0.880495227996103
0.6487480153216
0.616311801251164
0.83023660493284
0.824066729300037
0.832679291384897
0.755203577654894
0.848212465556909
0.897946901947079
0.845576132744445
0.737674824957624
0.748685293533838
0.83361940300773
0.912705091670285
0.881014870946641
0.789664511379224
0.85753977186107
0.885629419569331
0.744904255441819
0.80405832027901
0.718523569280042
0.884458271514228
0.841395147266114
0.983173334226691
0.689644959384115
0.879835953441948
0.816910975939957
0.900621819200261
0.681961564925486
0.938277614050989
0.892558742902741
0.743929131145956
1.11400849297622
0.79279576780298
0.932047392725534
1.01302874245115
0.911842534714483
0.875395870980394
0.859039682004162
0.893653777281412
0.850149902356609
0.892990288619749
0.900462799826652
0.941480012367849
0.795396720605103
0.714819430624206
0.931507264481601
0.755831838030665
1.10798075275798
0.977563324542472
0.850138662837991
0.80116716334249
0.897231954393248
1.05928091503231
0.871313423641253
0.882299837363219
0.956475018033203
0.797076171583288
0.794910817034164
0.958156899812436
0.76197752646045
0.947609807302408
0.945278251285617
1.02847747638158
0.964291248087367
0.938112359046695
0.979395849241345
0.933148393859374
0.828925603459471
0.968578758697512
0.834736368090313
0.98444380235873
0.826646342502445
1.01223792999066
1.12738630381905
0.996415204852139
0.853083796072812
0.778909499202477
0.930849970559058
0.979831801267824
0.986652035523636
1.0734597062122
1.02151574383294
0.94669372525635
1.02466655170895
0.873617779698433
1.04678889602541
1.13406828377663
0.99136579128471
0.982556177428965
1.03095963625983
1.0740289800735
1.08909929206079
1.04303539569011
0.997467352361529
1.09452486699409
0.93962646203852
1.06718645561921
