-0.849626493932576
-0.958729674904432
-1.05177073821443
-0.92221248469021
-0.802979657857081
-1.0217736123304
-0.919796338653722
-0.977969366755854
-0.951314741513345
-1.15527035276749
-1.03980437317237
-1.12291134233245
-1.07487705593637
-0.935006827558929
-0.852662222550247
-0.990841454698407
-0.96216632142478
-0.910255416526916
-0.931890106426427
-0.831349286862239
-0.86984935759804
-0.960818216485207
-0.912845859631793
-0.904156867431044
-0.917249757157451
-1.05494529763343
-0.992346293358746
-0.872806761688655
-1.03747202157023
-0.8981464016451
-0.889525945870434
-0.878839868383452
-0.881081601232253
-1.00869755204008
-0.795175924066679
-0.938541798559514
-0.87685785348241
-0.937592954495642
-1.07680803192284
-0.796214135324731
-0.727754295681405
-0.785050365787523
-0.894596740119696
-0.921072511486876
-0.95225575687551
-0.836764589207972
-0.864157136194304
-0.876608595292734
-0.818882145141515
-0.951700364079519
-0.974518007223963
-0.915553561234871
-0.876945729764373
-0.908866047815227
-0.867951366406173
-0.962377986440804
-1.0564694891553
-0.936964296404389
-1.07360771612465
-0.979319621254173
-0.764599179443055
-0.866865174072674
-0.894707083797903
-0.881863020433025
-0.73545462398026
-0.931742028632139
-0.813393871959311
-0.830547263955526
-0.804981333687269
-0.907243375043351
-0.763207442826892
-0.824470975734544
-0.765060455199285
-0.869499242794031
-0.802539140562395
-0.841029515510572
-0.993896999530845
-0.868120808256339
-0.841560337422586
-0.817060822904049
-0.810354691553704
-0.758621341307454
-0.892467583187917
-0.751477357928849
-0.872040809879268
-0.936433146562244
-0.754143933243441
-0.869324475841113
-0.7782305516219
-0.81351368833104
-0.925509867239159
-0.643552686542173
-0.764053752493784
-1.04957316008609
-0.854148444184547
-0.637849294972988
-0.834877163935148
-0.953010776287714
-0.757301035277746
-0.79122292572101
-0.745732325360598
-0.732839545499563
-0.828817715312973
-0.866600182565585
-0.644388961606833
-0.79000106918924
-0.829337769884865
-0.846567743803575
-0.797166693416384
-0.883906062144882
-0.765497301603811
-0.750824497527828
-0.732364930485669
-0.696547458913322
-0.855310707191836
-0.742284832826682
-0.737353150126353
-0.842563600968775
-0.721234518927
-0.830993778240658
-0.939882794635207
-0.749739213195825
-0.645279982580913
-0.614517074772466
-0.575149178428931
-0.667399570501456
-0.802459796159789
-0.763573329903908
-0.838885910268348
-0.632809556371906
-0.628288187959156
-0.721355553040451
-0.749869440889466
-0.763667263743587
-0.778652215208894
-0.76202130027334
-0.729022751240213
-0.565050042618149
-0.72316333409842
-0.627033683781956
-0.688908992106722
-0.784515190113889
-0.662076776253625
-0.897486259730989
-0.733965375645532
-0.616896997000204
-0.620628874361413
-0.70797807848612
-0.735757822112992
-0.558554630831416
-0.639969532019038
-0.690987372511096
-0.631228298481176
-0.657656370363968
-0.655481688223005
-0.740526152018871
-0.658654159909143
-0.87733325331405
-0.692700727617232
-0.839069192251166
-0.667696338812417
-0.576863886367489
-0.674596289576655
-0.75345178943869
-0.772616386598234
-0.739762877038086
-0.720138939171874
-0.683374846976784
-0.593506646676298
-0.660667383802586
-0.739559106883884
-0.733308252646352
-0.60285284790599
-0.655183516576642
-0.561885517218969
-0.464428345753943
-0.635640522716941
-0.649250817042347
-0.604481910599996
-0.650517675160241
-0.824644577138935
-0.689742336685809
-0.675236399882564
-0.803721437655765
-0.689952566210749
-0.716476767982005
-0.631350122593276
-0.666626295342664
-0.633300061467803
-0.511046832675716
-0.662463703360814
-0.62790983419724
-0.60856045033411
-0.687960423574707
-0.609914898051768
-0.610741337767238
-0.430863452813582
-0.677945280643175
-0.658234659633947
-0.63843487910892
-0.534833692125559
-0.528632560038416
-0.430750911342161
-0.568745947134201
-0.569728614317235
-0.401651294155036
-0.532013177185954
-0.518567763863413
-0.491380368505444
-0.565027046908577
-0.556680050698265
-0.456921669938073
-0.585557947952117
-0.501951119686393
-0.441059752896089
-0.505298192634642
-0.58891060236782
-0.418245937776566
-0.756212588691984
-0.421733976401561
-0.483095245294655
-0.451375906988865
-0.647300351785993
-0.647890038582701
-0.573785758078096
-0.605848060160497
-0.559462422265419
-0.539075176128013
-0.470508748858027
-0.540928093851926
-0.522476351995476
-0.605332189438257
-0.414060690075559
-0.494286928697939
-0.552401240112307
-0.521655955549401
-0.574991675120886
-0.518751496786274
-0.608680225878342
-0.481320815776307
-0.516783342484655
-0.648540202383973
-0.417861193029849
-0.657284556069788
-0.586841056926843
-0.574994862393526
-0.463298792114738
-0.490278916439647
-0.422927811332535
-0.532134775093101
-0.314646243258039
-0.454017603259031
-0.406680100118638
-0.49120118101255
-0.530087213901798
-0.492888921689422
-0.538786110284353
-0.625346555602082
-0.49788967342551
-0.483665850734944
-0.574761594227154
-0.515913267680108
-0.371632538490594
-0.491079418671052
-0.54700780508035
-0.35956010080914
-0.452067315667827
-0.406224083938753
-0.557454342037202
-0.429275735275394
-0.411316698372633
-0.543739800439843
-0.571786955775998
-0.586054397070825
-0.412164376601932
-0.398853981141705
-0.335597053331958
-0.389703116919377
-0.5998401677309
-0.356682785696872
-0.469181425558474
-0.601164291220292
-0.424658559849138
-0.480213042287291
-0.48694619304138
-0.442512123369048
-0.409946878821715
-0.449036256685821
-0.43078436056792
-0.476614841336562
-0.522158902103149
-0.431927175754648
-0.345818267701296
-0.382620772132071
-0.45122487680314
-0.321177213644791
-0.234593112526336
-0.371984922710316
-0.3060390673038
-0.465922912347864
-0.525643533169427
-0.294499914577448
-0.384371709848338
-0.398226045081089
-0.318960368888899
-0.258344832182048
-0.319573737899195
-0.362429213036414
-0.338199484399494
-0.296098946537861
-0.413062472784208
-0.244226100447609
-0.493153322173797
-0.252005083690045
-0.350631042739749
-0.432299739016124
-0.383054970955552
-0.498850644524019
-0.292170310644315
-0.273672386150723
-0.358375094434635
-0.358003475483304
-0.400021875563102
-0.281167318524138
-0.385727793494223
-0.240776378100721
-0.309590167371829
-0.351607438819372
-0.397898434678306
-0.389017859820232
-0.380780304917971
-0.30069486345403
-0.210265662666875
-0.380061535624103
-0.437873123095866
-0.169400128189034
-0.254746156814018
-0.351128499682834
-0.303983339558079
-0.237963654151874
-0.324889796482013
-0.289213172080166
-0.253294617442452
-0.31069220492365
-0.432456173273731
-0.286419666687407
-0.29029836347945
-0.231327266229378
-0.25639095876492
-0.347014462842895
-0.284299472123214
-0.3326115048213
-0.321766402979675
-0.234040057797027
-0.443500548674218
-0.177574776262301
-0.174837439031587
-0.311783644407377
-0.230511600505836
-0.347764896111678
-0.278233062043827
-0.357362240416858
-0.27264772228785
-0.132821892165771
-0.276872480715028
-0.488960542673139
-0.410136124240008
-0.277294926591477
-0.195182300207615
-0.329545281198173
-0.166781416961966
-0.284982636478293
-0.389822983104294
-0.293404483296699
-0.247652941443127
-0.360592233254573
-0.155923188474033
-0.32766879281322
-0.265138958747923
-0.355699721205458
-0.225715125684312
-0.260667850334233
-0.335970029434856
-0.301270794120926
-0.111166384371002
-0.204289989385606
-0.28391984419835
-0.192608907234193
-0.327714456009347
-0.258869883611436
-0.242117081692049
-0.189931981984098
-0.111803651965821
-0.11582526937553
-0.255159872169614
-0.296416530229626
-0.329172042770505
-0.243121072359104
-0.140751522303003
-0.208019272153547
-0.136347900672325
-0.262340469169907
-0.152353283911526
-0.0999703977820774
-0.217466498971145
-0.115152830066789
-0.0895840523980099
-0.206604550599436
-0.3415001528608
-0.11878144808601
-0.0927601793456491
-0.137034021503026
-0.259041324872524
-0.333120262054287
-0.0555256025774013
-0.121403673220758
-0.236267544688251
-0.00898534735546033
-0.337474188168479
-0.117611920400467
-0.0323663910985582
-0.203959892812397
-0.143618173357442
-0.0916997366389662
-0.19235745774934
-0.125539069791057
-0.106309892844625
-0.192666734888083
0.0480676482496294
-0.204755741462088
-0.209359012804682
-0.00506779782255785
-0.208122956865311
-0.190051447862866
-0.179635172864993
-0.0825806595093558
-0.0593556480754138
-0.142903250483198
-0.194081560982521
-0.113923747061463
-0.149453714212713
-0.072346710281742
-0.0889141554062641
0.0119563376273493
0.0249352588113741
-0.21211303350265
-0.0501640041373639
-0.194107548107994
-0.214315710310139
-0.0824227280823369
-0.283563618681341
-0.0716290883351559
-0.052897988264977
-0.161434123122267
-0.172970582381326
-0.0108169905546881
-0.00583954629431692
-0.108475211418855
-0.0725452769763736
-0.139223319603979
0.017644279022916
-0.00523633921108279
-0.116333352634429
-0.0248362517838763
-0.146939870714676
-0.0858140034817275
-0.0851538888691807
-0.0529532548092405
0.149057436754739
-0.0901441368655013
-0.0590048597329358
-0.100896081512364
-0.11023858483961
-0.0251339869945297
-0.0148408212549261
-0.120532726217046
-0.0714011523426146
0.0636737795058815
-0.1264714730838
-0.0263869057441241
-0.101200264292541
-0.0434932324633696
0.00805401055818909
-0.225624019220884
-0.0891059872806986
-0.0984355280226736
0.0239155596182692
0.0652875976608236
-0.00737354161841433
-0.108000930276846
-0.0388878701339489
0.151566032969994
0.0531181151139765
-0.108394055259274
0.00219056314402663
-0.0389657287813239
-0.107419229990796
-0.0315177514706232
-0.15896631042129
-0.0736357528657446
0.0501800866072098
-0.0500647321712595
0.0331528056581689
-0.0450823562384281
-0.0199132104585255
-0.0295458248199352
0.149897723005884
0.0288372441623257
-0.062545965720358
0.0896317472568287
0.127378737224527
0.108055650936808
0.0554923006440558
-0.00235903037923504
0.218688932963705
0.0252471338401204
-0.00911741998667537
0.000701888381123791
0.0886628191280687
0.121792336511183
-0.117352655720042
0.0925998198300746
0.0268820316892697
0.0364668890857718
0.0562867405043559
0.0266093234241247
-0.0523199931620691
0.0760486200158039
0.0995639028139398
0.0881760700936123
0.0306223650411441
0.149508995264961
0.152242430953566
-0.0448474264248757
-0.0307865333993765
0.0685884928060804
0.264022169148014
0.0803640309305863
-0.00949156210022497
0.0492391740455781
0.141514399960072
0.127059110385217
0.131978284564576
0.0638450022350534
0.0695073317142538
0.0214018902957298
-0.0499337912211673
-0.0269529690403616
0.0290565193099574
0.00236637186658023
0.130320785446267
0.138963246392581
0.142293978201496
0.187990481144084
0.204018566098949
0.117635347351348
0.122128160477099
0.162514830838442
0.344008462987158
0.0564942655475428
0.139143793917004
0.190856990365534
0.30503361933703
0.0885828381778746
0.280645134061983
0.10226912229715
0.181358246761556
0.2716162937962
0.104489216699404
-0.00110076538546141
0.211629839730966
0.252471561193325
0.20068155318322
0.0567401635854804
0.196285164089866
0.10922706284214
-0.0157612840101103
0.0683001081490363
0.185480172431233
0.086149101185368
0.0789741052599603
0.18897147094242
0.0908783468211321
0.292908999310848
0.109928978347019
0.0585510151971851
0.100812160731818
0.135346218579358
0.0777885768675059
0.303004599951598
0.0555578470179035
0.204072316002816
0.203343348468303
0.181159593605963
0.261554786186728
0.334745224421896
0.187121957487793
0.139238648481359
0.197737691559961
0.162321433075104
0.316218184295047
0.13930504965432
0.271814036431599
0.202272041812548
0.111251014138602
0.198176506902613
0.206499986103613
0.245885290901599
-0.0136530381366927
0.254445359670818
0.227062581524099
0.208516236526928
0.0646447222249882
0.166383431432481
0.144633909019815
0.10628141393154
-0.0484108184453785
0.425282034839201
0.0902944206268436
0.246060790734632
0.294142099055142
0.293161111615492
0.190192234688172
0.23234761797873
0.264136801128101
0.225793700672184
0.267403114544846
0.154022224460635
0.264985097018002
0.28521313897546
0.23822981813762
0.216764276176349
0.310184118046026
0.240381374172754
0.252422546560819
0.139709162747288
0.253030429084062
0.224591629093544
0.294108329411737
0.341454542470412
0.241750459309128
0.307311012649176
0.103437993052638
0.348690517783224
0.359007236720902
0.336206388376663
0.26801143041353
0.289391180021322
0.447665041986057
0.266052948096739
0.283777409725661
0.408020996113588
0.27378923570514
0.314541671817303
0.346271916885904
0.353681936065485
0.352068052937463
0.236146694203399
0.399498166504646
0.165043553103036
0.439986331761881
0.471144660018397
0.406171379423975
0.438004964300324
0.431296842224046
0.407903172791441
0.382730921631448
0.349035190482084
0.376760315750262
0.27773305532219
0.451422390212206
0.285892519786676
0.327448735003642
0.142818015613178
0.293884690790536
0.246547138456193
0.341488305108076
0.365856503146303
0.397344747125843
0.347443567476491
0.352859423406904
0.313472453217845
0.348890092998107
0.384523883722112
0.424037541179116
0.470316300408962
0.0917061892396227
0.23719579211626
0.415477891441297
0.512624337828014
0.445032358344445
0.364742825639314
0.293988859113801
0.284166401239451
0.238118410365979
0.494666767437066
0.331025281094759
0.58547685380206
0.481439434337715
0.314342421583256
0.459576293456294
0.361727597109059
0.361354540360163
0.360324796975493
0.41876941172777
0.254695663601556
0.328572104727806
0.438392174935301
0.44238702524692
0.451293836903551
0.461168989883066
0.395124508971894
0.527317835282833
0.396389613182561
0.379921200764118
0.511019271167372
0.464573989600973
0.571071395976833
0.531415213371534
0.381677552957773
0.58240635565764
0.319702771367935
0.626634777430708
0.512474188570303
0.535075447152311
0.416763257210985
0.458858355343679
0.400070779610012
0.389450162535978
0.599009261305338
0.487736798413027
0.316921470344072
0.369682629022635
0.305455663020654
0.369909551262686
0.460913977496258
0.482103813168227
0.442086707638908
0.533805826041739
0.383527879324717
0.570629877795072
0.467203167321063
0.525382899063811
0.35019693419876
0.39687854125682
0.545589855827445
0.54234876367314
0.436900848711204
0.420402319828279
0.471249395978032
0.532751508048255
0.533308794794786
0.547860738795804
0.380866421484358
0.464545762404779
0.499353100687078
0.574379022662692
0.521336126017517
0.535932893220043
0.61304871413873
0.417838434762297
0.612625098062285
0.579970562566017
0.437685658153107
0.564409411633181
0.697932835652796
0.457447990233977
0.503475505259573
0.41711001468444
0.55412116851375
0.552059376429386
0.628383449791699
0.490094224119122
0.667787332529036
0.536288381699512
0.402456478065707
0.528533235050312
0.553542577238691
0.554327250701929
0.53195212166938
0.557348159480885
0.655597717766013
0.535394545554383
0.543758593085496
0.55728991499475
0.663155245251226
0.605201735441259
0.58239785786449
0.603075870126546
0.57993996863825
0.595178547404135
0.559787656608701
0.537907424868656
0.573095861575917
0.724783442653596
0.529523251477441
0.680070432342059
0.516052800476006
0.563942258843622
0.511094457626326
0.658974010674633
0.624154074569018
0.437901302231603
0.722049093733387
0.78888140759549
0.756150590318806
0.649372496286992
0.581246021855944
0.687182459533702
0.68828095867365
0.487328803064777
0.648705357013845
0.632987246909131
0.690109753859922
0.681355726087418
0.509193305249758
0.658607093174529
0.548995141219347
0.615999431851367
0.724790524799704
0.660694029378469
0.732692368113165
0.553950627835906
0.611600533314139
0.705796556949284
0.545441186920388
0.648456866462409
0.72224467184797
0.659599581626168
0.606697770118421
0.740085206361411
0.786795525827904
0.733346247700201
0.653063538285776
0.736556832408559
0.751832991828954
0.498233496849421
0.818744904753123
0.640039581005201
0.795893452774445
0.642254493184082
0.798082402049553
0.663018074901478
0.658575102260191
0.666785458951462
0.637075039090947
0.688441703273842
0.680650602637407
0.817196665976573
0.678879485250135
0.620399138406644
0.670495789831235
0.762546601621508
0.603493689149416
0.610990790784866
0.886869390156259
0.670741689441543
0.69282124180929
0.756252010306474
0.851903660201259
0.576854051159311
0.647850852440595
0.567683279914151
0.833140204347762
0.592196878550766
0.729224408233353
0.653430964450313
0.758058890308669
0.764520332857247
0.858802167286423
0.631353079697342
0.683723674688192
0.731262649915887
0.867171237187934
0.778722631235764
0.683385093373949
0.776236251555759
0.80103729633055
0.685671238006374
0.668262088164862
0.80533598926134
0.756604286486909
0.737341559219659
0.71716303345383
0.811035480569412
0.843103833729215
0.812365861460561
0.629997311895033
0.68474056495238
0.708647134305367
0.690792947858711
0.732346795860597
0.845359009545912
0.704166089397115
0.970761035134423
0.722639447673134
0.676270728569393
0.833813994742624
0.781404019962136
0.765233730937126
0.846886213322224
0.730556742365523
0.901181664058987
0.836079977056308
0.743639049370252
0.800988551764649
0.900614635043488
0.756565448858748
0.926906342203033
0.796825035302356
0.938599938876604
0.796742598931672
0.772586437411606
0.791655716694901
0.686148446276105
0.819846938046037
0.782309468836617
0.829640841841655
0.753525312272635
0.897606858303415
0.993106150217416
0.892108121472234
0.806989721236035
0.886634339275572
0.82321124738951
0.797802803803611
0.751123638228673
0.771153527379597
1.05957589012647
0.836225489824556
0.735141416257256
0.956640955150277
0.88764286203147
0.916648676679216
0.851721611367228
0.921275971213843
0.871608669771704
0.868488308203985
0.804971566220981
0.726054685680912
0.914913598418872
0.941051592242223
1.00931670039886
0.97132730331077
0.849654810984771
0.830574098343886
1.00597621779937
0.851906489500993
0.869288649781502
0.800621942766226
0.908988742885789
0.703070465713199
0.814770667223012
0.927752665159621
0.842456322131287
0.903325617618849
0.791185799149364
0.951877457407751
0.974241271889951
0.94334123666264
0.938913549544227
1.02795718689286
0.902441106639324
0.796469419076961
0.980161715904785
1.09581960837745
1.03861313598929
0.826773545065585
1.01371696537175
0.990432155752063
0.809965456297883
0.80379240876246
1.03580227947342
0.924931831799259
0.961013885543392
1.00185922671322
1.06639003007108
0.876226371927044
1.1417477231004
0.799367938511397
0.967501840153356
1.00387737358235
0.95414162247821
1.13136124825124
0.868401645692371
0.92077620434579
1.05288990600145
1.03010739511296
0.887467940512562
0.976799003742978
0.941332711338678
0.950269392991983
1.01111396577136
0.895737155929089
0.899861861789879
1.05307187562578
0.933447163786947
0.966536933663136
1.11691834046889
0.996672494881206
