-1.0299096979382
-0.991425718983203
-0.886587351184528
-1.01653046781029
-0.863393615419843
-1.17730490579158
-0.832075699321448
-1.03124978909253
-1.07793959448881
-1.05843488758523
-0.940026921253984
-0.990813906974405
-0.947705696194912
-0.96344680341122
-1.01485016450851
-1.15887837150991
-0.933159507995892
-1.01849123665194
-0.914573550041029
-0.873447081782662
-0.957661904362675
-0.954306772177165
-0.974103806529806
-1.07048659293622
-0.955731449357904
-1.1449119820076
-1.07222433837277
-1.00091559980541
-0.873504161477406
-0.931918781367419
-0.847408632385437
-0.975714880863297
-1.00172176305181
-0.930612952243492
-0.90361484237237
-0.95846089439581
-0.991508974379837
-0.86748499641071
-0.973141945351797
-1.03905715360378
-0.860229297469504
-0.720296190471552
-0.996053107441881
-1.02242010480663
-0.816090796679071
-0.860248388657659
-1.10964929159052
-0.879595235956582
-0.750583793066013
-0.869661072052357
-1.03268561736434
-0.870795929797986
-0.855976401624909
-0.953803293160635
-0.901193672953208
-0.985346817502628
-0.93399927815319
-0.955038198006518
-0.922530556340726
-0.85024760170509
-0.798301538269791
-0.867121594598093
-0.828073753352733
-0.683371137649125
-0.849954643909354
-1.03739818131506
-0.905320079943443
-0.905956991013801
-0.731627805784669
-0.77061749175911
-1.04436627997491
-0.800646867361923
-0.851009241157221
-0.947281758120261
-0.699507233095843
-0.808976786380897
-0.921290810227421
-0.945869945161219
-0.91724812870055
-0.999960354681442
-0.892414749236379
-0.791207184833105
-0.855030920229231
-0.885385448996345
-0.741055449152692
-0.917974282103021
-0.919911416274168
-0.758998618187966
-0.883218833579427
-0.690820017212306
-0.825106355710856
-0.786450351808407
-0.884736039032629
-0.787124557360558
-0.808280222236691
-0.803939785868567
-0.84040602668206
-0.793710044035986
-0.81905717716388
-0.698458912307102
-0.820363948633565
-0.78720473960663
-0.905252460994317
-0.806621205281986
-0.754476627669429
-0.831831055830731
-0.610928131553793
-0.826418121791668
-0.802316157256453
-0.746565411308436
-0.831256685556242
-0.787638819798281
-0.794468182142054
-0.861254942683026
-0.671445631360383
-0.67432893405936
-0.631138678917749
-0.650568649547138
-0.808217886027368
-0.825972883901341
-0.752173329746903
-0.711488869749725
-0.718890471210199
-0.829069523501106
-0.661917118040715
-0.774124337218361
-0.845181425260487
-0.702966836537621
-0.799208352603289
-0.664514717630857
-0.805634709676609
-0.688650882088284
-0.722012545447504
-0.780600824591837
-0.785305357815851
-0.685888806722582
-0.741499890130949
-0.756033933560653
-0.791779498640769
-0.634204494090732
-0.675510763321673
-0.584862852645865
-0.813338596169745
-0.717731142009269
-0.804052697750074
-0.748996546868435
-0.777546204460789
-0.802837356383177
-0.626957485023286
-0.712634553075961
-0.780497415235754
-0.764863097468585
-0.804946273389081
-0.884273006500545
-0.593834167708322
-0.486579489920803
-0.655405385516486
-0.688908798696427
-0.730790017884128
-0.548211519884358
-0.808302904084117
-0.68293073743301
-0.746392747140518
-0.656469593860232
-0.612732052517694
-0.455419043312542
-0.760308317532787
-0.682121033927934
-0.566395395972957
-0.692148536687194
-0.755881828505683
-0.587608684053282
-0.659179335178354
-0.561921521958589
-0.682242127274469
-0.492316534885428
-0.577865463428814
-0.696625629478135
-0.563984773887244
-0.546289283344398
-0.718409512430736
-0.576325900007436
-0.736903208141553
-0.593249252250492
-0.554710178862651
-0.561519238886344
-0.619308596882844
-0.585305067989437
-0.607448768799485
-0.617214913868676
-0.744957819042818
-0.638847732643201
-0.613424742997285
-0.564723093141009
-0.739413304531979
-0.637019497615987
-0.557567346530072
-0.5777891827955
-0.5779684020019
-0.643185406026255
-0.544809980289592
-0.554436562130245
-0.589179230432629
-0.64987745137991
-0.688913216326725
-0.537921077666739
-0.589586855102183
-0.867777621524216
-0.640421536249638
-0.487668521414534
-0.626373209150698
-0.569318394149169
-0.709492916385016
-0.526995838039698
-0.449129373486813
-0.59815024548645
-0.524831981781776
-0.572414622016228
-0.726834500058517
-0.560882340906368
-0.489152198906889
-0.527410251993214
-0.544416783653192
-0.569597364125634
-0.562654069502115
-0.552470736874647
-0.607792247181779
-0.635754538872609
-0.556284166410434
-0.469983218506995
-0.45461889449416
-0.481140189695904
-0.477774830362837
-0.482192975031739
-0.437122368666609
-0.440400177798455
-0.546554727545173
-0.563507206378699
-0.52747804789918
-0.549956006912813
-0.486263877799218
-0.56015441855391
-0.403845052143989
-0.414886417484429
-0.630529715295328
-0.508594335120375
-0.481875094603602
-0.442220497670564
-0.482732791569939
-0.475190088534889
-0.390342895932582
-0.428795822302932
-0.407480036033964
-0.451424366833414
-0.608197411518591
-0.384277665294151
-0.426363293641658
-0.42479913216185
-0.546967115172982
-0.374218374639401
-0.29830057889826
-0.514830885468262
-0.431156513823004
-0.505097669394957
-0.397570063124925
-0.522028352213832
-0.430300157347301
-0.431829519528994
-0.567913798572574
-0.405474644127391
-0.411686972926451
-0.446687249459174
-0.507703301767129
-0.314795510322519
-0.468168967233764
-0.53023730036672
-0.571640881119853
-0.43281224403661
-0.318576087965239
-0.503439274131828
-0.362798427498993
-0.256512654279913
-0.312313131024587
-0.508284168395829
-0.406244825347537
-0.512517151257889
-0.487675837627638
-0.552299724795374
-0.488009807382141
-0.214330359365413
-0.369712015685899
-0.487795155488787
-0.525016056002932
-0.403474451941533
-0.366902033623188
-0.455066141535154
-0.443257564580659
-0.490753923503397
-0.382758472404051
-0.325794583220593
-0.517631144256739
-0.36246170164041
-0.294567650208551
-0.317346318635504
-0.479233979923328
-0.33528743559713
-0.445109259901998
-0.460055381272602
-0.394312287132069
-0.297012740819681
-0.456691861459044
-0.395180623956391
-0.300327666112064
-0.412525962372086
-0.424038223104044
-0.35990253860518
-0.37394263863839
-0.229626442988477
-0.488119721498656
-0.374992212571998
-0.357733419261412
-0.275104854516897
-0.442557663926003
-0.228803608363817
-0.492204282820771
-0.332182180771274
-0.436626857850489
-0.319591525564041
-0.264847919435207
-0.430334026115226
-0.29541966791325
-0.182457569920865
-0.464038559958047
-0.174280639133855
-0.461506086865102
-0.407945194445978
-0.242719850609357
-0.272379601143984
-0.316055298051676
-0.387365882897752
-0.299373031007926
-0.308246132370111
-0.124473476044753
-0.288359212790812
-0.257976153934301
-0.151016970812242
-0.453249326338129
-0.25029852947081
-0.277195365264592
-0.113127926738765
-0.390685287658088
-0.391625635409694
-0.514086259757097
-0.293632442431275
-0.246265388032009
-0.341101930023379
-0.313315187436421
-0.249141831396247
-0.429781090921745
-0.354088066869026
-0.343575332116548
-0.374820678158914
-0.363139329704231
-0.131464073246442
-0.1264688413776
-0.277391199756615
-0.273829324425212
-0.385925161677933
-0.330596359777033
-0.238447696638612
-0.371101369990816
-0.300090143617376
-0.391652695830111
-0.243005150035036
-0.432780498792451
-0.185526579346352
-0.364366771179277
-0.211811005561281
-0.0958934792706309
-0.125151839189872
-0.23777951220777
-0.309322823957381
-0.324315025902223
-0.195223418462512
-0.317664653512331
-0.215354176577157
-0.311002983604408
-0.125394254583563
-0.232651765380086
-0.1427452181643
-0.22634935412719
-0.26394616361126
-0.291680488945939
-0.192802614328442
-0.204822148316131
-0.151189734546426
-0.164411447354427
-0.0845284858866535
-0.115350166175949
-0.0416766682121165
-0.21214718100275
-0.290886312449508
-0.297560294171081
-0.133587624666539
-0.0912924285892105
-0.154187070112425
-0.224233959211103
-0.252801624918439
-0.185605357822569
-0.140144947709483
-0.223543093890349
-0.20608019647099
-0.0972449921578577
-0.0582188277575921
-0.168347496920905
-0.180453891854861
-0.131901666967034
-0.0470194724390538
-0.20170637869872
-0.189968504645954
-0.239715828389911
-0.292595087866882
0.119664677478184
-0.163861433729671
-0.0974796579549723
-0.169805448128146
-0.154049154067372
-0.191419929983113
-0.0710049736457388
-0.279606702064061
-0.0665165088813394
-0.135907358543582
-0.170280302891567
-0.137356011121733
-0.085679031234853
-0.161916500140606
-0.167091904180144
-0.0756973471621604
-0.119625935309826
-0.139621454690706
-0.16826443944113
-0.160363627606641
-0.170355886520821
-0.13778216630044
-0.227761350404562
-0.121030945602009
-0.0432592728103439
-0.0728560595334913
-0.0210532995387479
-0.149490556796132
0.020700905340647
-0.074931225714386
0.0132787707517885
-0.102902440945386
-0.0539283964337403
-0.0291216997141932
0.0803888227610064
-0.0331801018423671
-0.22121372559924
-0.231568092888205
-0.177572165219136
-0.210402302246716
-0.0739277293704003
-0.00573737991914805
-0.146766341630386
-0.108345015253693
0.0280300970714495
0.131264183886391
-0.0860276560202179
-0.0887926364206273
-0.0937546482170112
-0.168412766984616
-0.0141135776301254
-0.100823705507143
-0.121353406620817
-0.0287649014534803
-0.112052715288643
-0.0510776736804686
-0.0950036241296477
-0.0443167655648757
-0.069876680228551
-0.0507667173485682
-0.0253607738682843
-0.0469762381663309
-0.0149239540027616
-0.0808382503467571
-0.105518863161407
0.0943395212763387
-0.167373605755539
-0.0263695231801808
0.0415233084832746
0.167318972392262
-0.0908296369686243
-0.009613960781025
-0.0221676830210218
0.0759392941570664
-0.170189894257515
0.0176418806977597
-0.160554714965686
-0.0581601515542721
0.0606500888551062
0.222612790630501
-0.105436107282113
-0.0635724689932498
0.0723169745322378
-0.0203328453919445
0.10995655866427
-0.102849901587528
-0.0581372362048414
-0.0570104267522526
0.0088158496303386
-0.0175632549925858
-0.0486467031019664
-0.0536523799150361
-0.0450383721107089
0.0139667292506387
0.177056636567165
-0.0354295044418278
-0.0032325463286655
0.0998790184643421
0.140217135676768
0.21509542565897
0.0684453819313961
0.0735393721195252
-0.0195513964679124
0.0078612427703558
-0.0746497656786419
0.134976955096484
-0.0917674327874049
0.0147480213194126
0.103546840251032
0.0425254191302721
0.0184342053957186
0.0545040580395711
0.0455382903855827
0.157801900627099
-0.0655604458714317
0.130707775098018
-0.134671333174381
0.134329693850535
0.160276732678527
-0.00395047583521578
0.166315093159426
0.0288967992839869
0.110152069250571
0.252816368890012
0.0908316896523673
0.140091395527756
0.0390757840041906
0.0476616411962534
0.148954593570079
0.195272094344228
0.149375678780979
0.0197069509569805
0.145544577474758
0.127583654373716
0.0846664208959674
0.156730388237637
0.22723684302934
0.126603107646358
0.188917729451345
0.0900431577001991
0.214529061770999
0.0601210078408467
0.205164355220057
0.111803293652777
0.125587973062413
0.173448045859765
0.181262779343201
0.172836029827831
0.123792354297022
0.0864211997522165
0.223102927215485
0.192305727229647
0.084917489482137
0.127476346650515
0.103759185235474
0.104186569783853
0.0655186811045335
0.195792942861238
0.159201994469616
0.160343401725041
0.133670119926927
0.194730558431014
0.203582192614632
0.163839738486387
0.243584985760909
0.185353403485685
0.23823708257004
0.206821652168217
0.226673449411853
0.143818063993277
0.253895583165454
0.0957027846270525
0.166972967683658
0.15572528184675
0.146954629250527
0.105607679241179
0.10363906826725
0.134240138995745
0.335900196107232
0.310275432206012
0.0843330577794449
0.224569849311957
-0.0971449526059712
0.112913445708461
0.00614699048763283
0.307012303889927
0.179956085156745
0.244883181479918
0.287968222900221
0.171887871238261
0.233606374839598
0.261847168995229
0.13457404996433
0.301992791634235
0.211145769151314
0.175994192021414
0.125442730223353
0.265660130173926
0.299647243110488
0.215762403204974
0.382209671052454
0.093701093325909
0.116068773831921
0.278556403228243
0.203635510343061
0.421779474844509
0.193944163004907
0.300928533050915
0.131432994515017
0.235742705108001
0.427617265583566
0.216374469721282
0.176777325606711
0.455879547197384
0.206709338511826
0.207906872016756
0.291546490289726
0.463554743566504
0.382388420402536
0.266656661582455
0.365495269856277
0.438022785415073
0.160276526484999
0.273413803555132
0.346618711537668
0.282690639088957
0.217650152014913
0.414803389227249
0.250966323758133
0.315870908601071
0.335446836959363
0.263600754250868
0.276883703530035
0.274102559128023
0.305185251452127
0.4579958343138
0.364288918246833
0.544902254914396
0.30696470734828
0.300426267694224
0.365088051595672
0.40948065679142
0.346263143006544
0.286378726095467
0.400961080807361
0.385409639518694
0.307992108920323
0.434594905650976
0.450800739170935
0.337003700836726
0.327889054744344
0.40659183272674
0.327595252057304
0.335661005920064
0.244502969253822
0.409349225839485
0.303214225898073
0.393861108505859
0.622994464388921
0.389355778164215
0.366191740702161
0.403438697571249
0.36279301750112
0.452487571389897
0.388761534471523
0.339177804406021
0.320385769439514
0.41153341799545
0.28871580625393
0.283026356148174
0.457022084555755
0.379945083681488
0.404038366612945
0.531479711856675
0.326087875970371
0.389056822340954
0.375356618908138
0.38309089539974
0.549184202440189
0.394918914648055
0.374529740928959
0.381527464017924
0.406900388316851
0.381192046979219
0.300247676563396
0.457052120289123
0.35937868106398
0.536834356794656
0.310157959640998
0.349266432807936
0.505478784046013
0.428979806224162
0.444175725691433
0.439679182558994
0.426308959548415
0.406557053449236
0.343206007382687
0.522667797925684
0.50782009188208
0.447635424398614
0.368887811402815
0.414081919878964
0.412589626857749
0.321592013462198
0.355316650396754
0.511287607982214
0.551108817764784
0.50928246602339
0.497692000729929
0.50223140540529
0.394340618064044
0.491715676354679
0.422895327276464
0.495191559802202
0.375766593703837
0.504580051707554
0.428401316477935
0.42776585665063
0.564805845852216
0.494041365961932
0.387434483823128
0.367323424419429
0.457510070002902
0.584560800332484
0.41147044499138
0.525441983580668
0.51781340306908
0.49422407708742
0.478245014904836
0.576216321515213
0.571237442557041
0.504493635356398
0.445669668515562
0.625963418752792
0.631091056525735
0.363115867405595
0.570034856263469
0.603496374310141
0.466212517586674
0.580328407004168
0.459811627146227
0.469997061680772
0.597100869813034
0.429191902712982
0.586295233205504
0.604871779922426
0.47260267328335
0.536583908409784
0.504891354518393
0.565335508240716
0.497775088137432
0.63001408543592
0.481416718434942
0.586815943983223
0.630000076079137
0.501081280364756
0.513002304722281
0.596222829188196
0.535895034641292
0.565005868056482
0.599679305314875
0.598328799970365
0.650523661512596
0.524707527501987
0.638655179659286
0.653416798287746
0.585528626845117
0.595223369334086
0.703259391384875
0.637736611305472
0.517015750968794
0.617769384396703
0.685204966585881
0.730933930384265
0.58357076536703
0.743285684675957
0.602538427241734
0.707441442117422
0.766861539020602
0.538746958656509
0.695773578839875
0.706756385364786
0.695755625562121
0.535744597305738
0.603615430825025
0.607456648204784
0.44097483081957
0.577495564395284
0.681940361388322
0.555695622003836
0.370733949816392
0.566432364622836
0.547010672249422
0.634588478975124
0.705471711601251
0.634689838700812
0.485328960212369
0.53938749836443
0.568774632524924
0.598786502188087
0.586113101849444
0.658027563428594
0.511784986713127
0.723234403251512
0.524190159630987
0.700101940298308
0.680191322454743
0.599476467111327
0.70682608921935
0.67069584488057
0.702473332675617
0.729047334293716
0.780422611728294
0.640579600137868
0.70239337431948
0.648835195776802
0.642697744795858
0.592869006952449
0.600875533107229
0.66175207067884
0.661994931919874
0.712050821690518
0.597819602977328
0.690352730082469
0.608810355106114
0.728771043621961
0.625865986522332
0.745676021965799
0.690990309892869
0.813193521028104
0.762874804031128
0.775540666721183
0.681615355315576
0.764326427073112
0.670017189970929
0.682624071004364
0.704226731445801
0.582200685011499
0.824400764997274
0.746379230658138
0.774664744107893
0.791413139973461
0.856516139757712
0.871882803887792
0.701569858095257
0.701997652834383
0.775566122406999
0.871735150900618
0.626953649307267
0.732385115237257
0.798535586086837
0.723949162966624
0.787786482559698
0.816453043950198
0.743336397761136
0.813740871380514
0.773782254230906
0.603932645970161
0.643458083887339
0.701424330295289
0.765159455984853
0.79361725438304
0.685370438708961
0.777811810629683
0.710329039662818
0.892672557411033
0.920408079304964
0.560302312429882
0.809081089727016
0.615651841117748
0.804125565282823
0.7067128018668
0.967199506037596
0.770889636864793
0.84905306901511
0.879500864414535
0.922031330686633
0.904483568054673
0.803212899550782
0.926550921943353
0.748259142271209
0.863902081386801
0.814251023790115
1.00045782548345
0.789716230692975
0.944166164882446
0.903630081345197
0.650297701116038
0.727244461459246
0.897277877313586
0.900927489174688
0.920120148318485
0.873759125740408
0.669355156224683
0.781453095588711
0.819790992453693
0.867205468807513
0.824470189265577
0.907490460953923
0.852867574571801
0.969131231550329
0.806822814925445
0.738436326017417
0.86124514118658
0.87789863789001
0.783031975382697
0.754627531443697
0.86911119221105
1.03224784873846
0.724781079969628
0.770594488927767
0.851899940425975
0.952717672994229
1.05210159255644
1.00038806458942
0.772093898018118
0.94123228050148
0.861850355131836
0.785459563345432
0.915871497693803
0.864061666741699
0.885171700946217
0.765907825757988
0.854594146773523
0.834024260909475
0.934579014342695
0.82212758752465
0.836202777779282
0.774242773072998
0.906210339124959
0.895797742875238
0.826782576194263
0.995338264723069
0.876387633901002
0.664256400842635
0.980198139988018
0.857529496875832
1.1007533437856
1.07388272817402
0.891345032672367
0.976477502789254
0.872312581062384
0.994271778368756
0.907633076162461
0.800056895720501
0.927289465642141
0.874629137939335
1.01190884814878
0.855858213497243
0.89672258437524
0.965926889825811
0.832066392335506
1.03973954354869
0.90197941166388
0.853086605321004
0.881768910503897
0.986387229166508
0.885499803719227
0.893475509060622
0.919980719939678
0.935549141860095
0.988984688295967
1.04234592273841
1.02305991965116
0.84795597265242
0.843794993399557
1.09648548319108
0.932729589624024
1.0475702319436
0.807699977322345
0.97368346661387
1.04885609278582
0.922318694384673
1.0619427762103
0.877508360716887
0.985369699911409
0.917801133258357
1.00558790098821
