-1.07120740754528
-1.01477628228924
-0.825401754568547
-0.93622502761535
-1.2374412437718
-1.02999917856939
-1.02960040035691
-1.09817248422848
-1.1732182269514
-1.0402234603764
-1.15152024353466
-0.859883362220357
-0.989909979828857
-0.907438943344293
-1.00200637474371
-1.02315676696062
-1.06381922938463
-1.07891735140406
-0.917219626175199
-1.02347005976381
-1.12285389450848
-0.93822496834408
-0.825159305570302
-0.919510042717613
-0.903996411853305
-0.960624350148981
-0.906807962810201
-0.920488161165665
-0.959607351868068
-0.840209080904194
-0.84542848297353
-1.10781443869794
-0.851167983162562
-0.804819579036932
-0.857027039817991
-0.99739815911532
-0.779548072426555
-1.07425272474329
-0.905762501429545
-0.753432229070244
-0.83678527133522
-0.813999204623575
-0.941319389816937
-0.785653966137486
-0.813738653552232
-0.966677860631545
-0.791386394926981
-0.893222606001718
-0.860567267653301
-0.848701428771792
-0.915608714528145
-0.931826304583228
-0.930100950305021
-0.917492215838671
-0.888575291657859
-0.927162451348974
-0.91152664375872
-0.891694341394806
-0.926671717452824
-1.01302071392852
-0.996677777406869
-0.827051561356181
-0.833486314935036
-0.877542328082384
-0.878933701233939
-0.782598792259282
-0.825665861619042
-0.850206463865272
-0.842593983582151
-0.854680383967483
-0.890014376236628
-0.939161450100006
-0.698231550217482
-0.76915810313806
-0.862819262071983
-0.838998622271974
-0.771845821587539
-0.945720889037506
-0.820905480632649
-0.799651080739705
-0.864568788349838
-0.923627885275868
-0.826031715352058
-0.860548259243146
-0.801299935844214
-0.783148767217593
-0.788718888895406
-0.956508728092116
-0.94489749637491
-0.879202029083328
-0.805763373828094
-0.876355457260243
-0.883679243675611
-0.770798817960316
-0.912079371785542
-0.892585114924252
-0.801409286872508
-0.948471553312753
-0.763123861081782
-0.757149313052017
-0.683067581277598
-0.982547325169436
-0.566139508241166
-0.803443528508777
-0.807677733322537
-0.758614475591595
-0.622945155189538
-0.749449437428091
-0.682306906904135
-0.596203373597313
-0.826816874087724
-0.695035190974599
-0.729111200523264
-0.745066234960847
-0.824307330955807
-0.69684464811993
-0.795018977094225
-0.718451267919814
-0.825295539541725
-0.692073323767834
-0.694621302083076
-0.726436398280797
-0.747975657346296
-0.829691970743466
-0.558669100814398
-0.857971328161967
-0.802972808324631
-0.710743858377011
-0.743019248021048
-0.886395380044336
-0.766487232261824
-0.712263047741515
-0.765755711955373
-0.625745886996188
-0.633731211863373
-0.615212031183047
-0.767813429659363
-0.701946542319358
-0.620942606303776
-0.670105974564388
-0.671197121197941
-0.617415735962067
-0.815500921447935
-0.741195520480385
-0.806975911729977
-0.657483549615217
-0.536315975277741
-0.64440913923837
-0.711103748476939
-0.658548699236241
-0.634086110364073
-0.724487163641627
-0.684854820961216
-0.694292663120042
-0.640795044730653
-0.737478423181866
-0.787730545543088
-0.710576253559809
-0.677865189982262
-0.717244359923645
-0.679028566476993
-0.832959887607473
-0.750411716122087
-0.656356511953327
-0.602300748002446
-0.591449807084349
-0.545381127910495
-0.665983996700134
-0.637997761957128
-0.715954406013009
-0.766246262668297
-0.771082991944953
-0.677231519756943
-0.781661752822906
-0.729046646821309
-0.501328658587215
-0.641269073295024
-0.649812759754337
-0.719033439505611
-0.674106283493353
-0.662080984182616
-0.729271779424916
-0.682564003474679
-0.632470134217677
-0.534679641671517
-0.609439756093244
-0.718412309744544
-0.689635068838468
-0.592159650743993
-0.706357903108418
-0.765927705098203
-0.594247099899441
-0.603363462427655
-0.600644855037717
-0.658374337827853
-0.621082309700439
-0.658106677104602
-0.292209997954783
-0.655169849963528
-0.678812861700969
-0.544227399855213
-0.565469716307306
-0.62336186397193
-0.532975315634312
-0.68860311794382
-0.645371047217673
-0.759906183053828
-0.638879627963281
-0.599418960174818
-0.537471356184016
-0.60022612245802
-0.509094831456779
-0.401907133884448
-0.527970950421662
-0.547280298175774
-0.566709663551964
-0.709175265601275
-0.652843972303609
-0.504713589995674
-0.601913725902085
-0.517391110354242
-0.52305505010211
-0.596236690994694
-0.501775088980913
-0.609730885787372
-0.636686118091547
-0.576821884588996
-0.509814750556038
-0.492225639912511
-0.614784635191566
-0.517332718834624
-0.502028925246602
-0.526953669064307
-0.561905309341181
-0.541660395521868
-0.427919310155311
-0.44707732650229
-0.557007651945544
-0.548283967507337
-0.615811510878984
-0.478467640879084
-0.391860263003097
-0.563104780061365
-0.309997083082374
-0.552678989740937
-0.55458297181845
-0.557911114361605
-0.556525288005006
-0.327444627264521
-0.540938746591785
-0.4463279740164
-0.499144516197638
-0.527255512372956
-0.509393545139359
-0.371820226238818
-0.4470593790847
-0.497223775598498
-0.360232165593678
-0.579577460803059
-0.441249588760566
-0.435967316925336
-0.457287785747146
-0.570295913268233
-0.418647460178245
-0.529930573943776
-0.546605816587508
-0.532844039746227
-0.491873513093704
-0.46758573763823
-0.595992214346203
-0.504482431953679
-0.469335676236296
-0.467608626613303
-0.423138326705531
-0.474889181585052
-0.694697120751525
-0.595776402940972
-0.216874362824939
-0.520243196678666
-0.360008586388021
-0.431511296073782
-0.524220296512487
-0.458350541100614
-0.359783506228742
-0.359595102695776
-0.418756924762686
-0.508874893652545
-0.451935881606903
-0.378772290732327
-0.386019565251115
-0.460247484276484
-0.312136147953236
-0.403299884115239
-0.514790967262657
-0.458560861529954
-0.491950263244449
-0.489247459196151
-0.270207983448676
-0.42916808337023
-0.398042331523168
-0.390632545960031
-0.426849117918536
-0.440548833978658
-0.3962518608528
-0.500615804767949
-0.553299370572139
-0.506248322750145
-0.361193797359981
-0.36327120652092
-0.369263296419054
-0.409877833891037
-0.275655170941453
-0.451041601273022
-0.310719170233914
-0.260258645424973
-0.534116783405608
-0.267501747582228
-0.403681634616221
-0.341354404975063
-0.260858618679784
-0.372868598870253
-0.493616626412476
-0.307371907137659
-0.354232389956175
-0.237208072587402
-0.270254172434173
-0.366702320425856
-0.390369180112909
-0.400727712422751
-0.571508082505582
-0.196594994791593
-0.237551120460915
-0.175990944560866
-0.264589341355085
-0.384145480178271
-0.378254979793566
-0.182545225935197
-0.44981844213388
-0.276308290227547
-0.277818833333067
-0.363200249661805
-0.393118873649421
-0.316087531278952
-0.391988891718039
-0.232365148064841
-0.283899955281929
-0.193886934409561
-0.327108449783033
-0.349433707328404
-0.204347436506729
-0.256269539524947
-0.304933946962653
-0.323430034424225
-0.41928165414909
-0.243383170471823
-0.112041347020686
-0.130643650374317
-0.132683709681426
-0.173431160843616
-0.492196670059546
-0.215175239431124
-0.437695929398027
-0.314508998170362
-0.317398049116079
-0.242043695596894
-0.289338896477203
-0.285964958536939
-0.443463528656729
-0.220164735757134
-0.316226504506993
-0.240516357184964
-0.412352934860425
-0.279783474924064
-0.204833839143477
-0.294559817358668
-0.274273839943551
-0.406228630347898
-0.133604165695929
-0.0774753992599389
-0.234287022063036
-0.171298971969393
-0.149112083845883
-0.387569483470269
-0.294107361406011
-0.26758714373313
-0.229969104846253
-0.205197091957015
-0.283336912456705
-0.226800233610405
-0.193121801677896
-0.289914428202663
-0.063081836949763
-0.26154980466335
-0.168815232594366
-0.2157788854752
-0.109541562679587
0.0227311419720793
-0.311408951729747
-0.198377480003958
-0.177911628255117
-0.227282158144838
-0.235296879188721
-0.0703161635637339
-0.157367143206073
-0.335106969889373
-0.194272961640002
-0.225294741150655
-0.117504910180822
-0.260419436505411
-0.210724925903341
-0.263767296958947
-0.12675953392393
-0.11893248839215
-0.168590857755449
-0.182263477880118
-0.166793572135746
-0.111595856974789
-0.129970108630433
-0.237968715047728
-0.104627258168114
-0.28253665941657
-0.196829424661327
-0.154428701805864
-0.0723134162804162
-0.149465216489217
-0.302685484184032
-0.111237372233011
-0.137556983820748
-0.173300080268063
0.000807072468085238
-0.048686127891644
-0.188871344883445
-0.163503683907045
-0.187490742271807
-0.115489507301051
-0.258302606913112
-0.203350252811168
-0.17016406512704
-0.0972199120697603
-0.183086955387048
0.017735724093697
-0.158445269433889
-0.068593872478045
-0.11659580337118
-0.149745568595589
-0.0468511457133355
-0.156854724983902
0.0421970660898308
-0.0516850141667874
-0.168160058641716
-0.228763262929524
-0.0574849221353809
0.015533806536334
-0.0640454477650595
0.00178216474342819
-0.10015917040587
-0.0500362904313109
-0.0271209915883797
-0.00277327465671209
-0.132933647382982
-0.0414736302290382
-0.166103982788927
-0.0196236844921984
-0.0742535668318498
-0.0778711776728226
-0.0659781599941844
-0.10691947626541
-0.127092821457412
-0.133146757150549
-0.066762846366887
0.0209241829105318
0.0258465151833557
-0.0183508100749071
-0.0588921348594155
0.0664654982039302
-0.0489239801336728
-0.113951724084504
-0.00311834559979779
-0.0515468663608052
-0.0302982485659599
-0.0807192709725817
-0.0357821222587336
0.0491837492755473
-0.080173705923103
-0.0600142542433294
0.0692630074849147
-0.0652115866752585
0.0974164987946713
-0.0130444924552268
-0.0104213089741498
-0.140717591426513
-0.0630201088831253
0.0608021482728982
-0.110856978393216
0.0477558932303609
0.13020592939014
-0.085053451297782
-0.20117682505986
-0.106295304805944
0.0200141741787621
0.0301916910993461
0.0428753085115006
0.101560453127481
0.0974123237458846
0.00471703939127771
0.0477223986841518
-0.0526183745488255
-0.00854423840120526
0.106481902272869
-0.0220589685355061
-0.0515708304573179
0.0528047116386472
0.0379896450837238
0.0350977989101141
0.0833781871880471
0.0273314118897671
-0.139984646399783
-0.00499102209730011
-0.0588898799993591
0.0631841684693976
0.0319730596992993
0.104500244398839
0.0161171635216642
-0.0754704526017178
0.000385503658713345
0.0227665037935719
0.0243912340619614
0.0724459121853619
0.0958753262970323
0.0115457868971885
0.128384496274953
-0.0699702820200689
0.0305180783818853
0.134931569138197
0.140852758337562
0.0819916880278271
0.146568895302042
-0.0515689612714922
0.109717209856838
0.001476014349736
0.117859355179535
0.0778075162666544
0.0248875469075105
0.0744370000628426
-0.0712593280459893
0.0608341519212322
-0.00447839059435332
0.18233732829937
-0.0108271229304908
-0.0242044294182335
0.00670214249404476
0.037743339000385
0.196004124255993
0.174823003751846
0.104716211512589
0.0692086215181868
0.199826944194282
0.108129722862291
0.148705034140104
0.119798663358813
0.144132175786916
0.142772049778609
0.146671700894141
0.17729629425279
0.154978307014839
0.314081415376235
0.107448000864248
0.113880326125833
-0.0752300836659924
0.0257654471564024
0.228502033253049
0.114855806320473
0.301652065673617
0.158762065731069
0.0427603117794686
0.176948920360536
0.118996018948225
0.138762196809328
0.240853785903454
0.209495091694454
0.063469092024595
0.0620482233762912
0.11458654101163
0.264821073296718
0.0886024512821712
0.118903772163844
0.1132648560342
0.251302728699389
0.203208350204034
0.300887809393526
0.049277660897338
0.347059887580467
0.270760106569959
0.111268846424646
0.170209144076373
0.224841253240885
0.20074368974326
0.0927803745608225
0.203515658330825
0.123527582500694
0.208127849488771
0.12103482149805
0.216357453330736
0.0916068074222451
0.310365618375651
0.326380538111394
0.229875329940931
0.280631877262569
0.353355588076442
0.150809356272452
0.267433949085418
0.192473877606806
0.303404176141508
0.335222684657537
0.201300060165428
0.165213383602328
0.0887083058086147
0.298184436197413
0.204783038725397
0.253267846165774
0.238810063533483
0.218173318744475
0.265981460733065
0.146724046419579
0.110364071578574
0.283689214316626
0.263012424168302
0.302952017375092
0.391958041563838
0.291830947680095
0.312147987299815
0.230168990856441
0.246626622680629
0.235919866179335
0.299389163866424
0.292012203458602
0.332431519706213
0.300456881959296
0.396610678253943
0.179123197331828
0.349191817649682
0.334879670076246
0.274591160586972
0.327366567631006
0.244038690055056
0.293144167361191
0.327705302634646
0.298953342431761
0.358139396362531
0.239870782528407
0.285178910684596
0.296654536460956
0.381228782498134
0.373543974527054
0.280775216525078
0.262271905949699
0.350131590962094
0.322104031178381
0.267578568395994
0.300033841120781
0.321575910404113
0.223056149746889
0.32037883068313
0.353216752627799
0.368256383298346
0.443485214411385
0.36042208167496
0.371362703868792
0.303042748422058
0.282837184032147
0.236650502120489
0.415254862409185
0.326078955282634
0.219729864555415
0.369915752492924
0.364703519948716
0.263468130297236
0.409996881702595
0.403232482011052
0.327697134183618
0.241848306417753
0.38949552397605
0.439035339123229
0.335734384732265
0.202509178216921
0.297165728529237
0.334139106185039
0.346126567770621
0.482409927986916
0.495649423340959
0.271236072984848
0.359958351472056
0.189300679647736
0.503775426040195
0.385652530485778
0.300385804607343
0.365496280006701
0.428134134584213
0.364558248703343
0.510821351187953
0.322161697914531
0.519706546443033
0.444760786015007
0.365691853263583
0.484419528455975
0.506814970127199
0.223435736295449
0.393165795135155
0.432936275221483
0.444439118822915
0.451873548871459
0.623091859375777
0.353643387911082
0.419824992348547
0.429569177662125
0.378529602604024
0.469263308230901
0.449739108842485
0.372716187996762
0.380268863096505
0.234922519116712
0.486117368094979
0.41981215098569
0.419020549153483
0.423909069342591
0.389707166517647
0.579768273721465
0.335708298077235
0.336342784290813
0.352972919387612
0.309652407535752
0.443838773807741
0.396009942403604
0.275250600653206
0.444167367627106
0.492875266888321
0.394556192798258
0.521151938599709
0.526640185961867
0.563662210557207
0.489716869578793
0.450251998454073
0.627367606526856
0.370479375727794
0.553814494488118
0.576226707303486
0.438459460089374
0.454940408499474
0.437098040320367
0.558136039780198
0.507534592861686
0.592014261724575
0.448441436152383
0.59173326878996
0.55653453856056
0.524085117520439
0.523923366570247
0.583030838593937
0.638304411779533
0.603504151185254
0.465975321649978
0.498792370675001
0.512773922522893
0.428302773546032
0.617547562806702
0.566017631216388
0.707647615330212
0.605246351580907
0.463457198935556
0.502775933724918
0.630781003340926
0.509344053209886
0.403060954596343
0.597732573973202
0.54679929770438
0.617200696999787
0.488087971055483
0.599371438257663
0.730151841862641
0.503245487319474
0.569063812616209
0.434738180990412
0.46984590425732
0.69143738901658
0.702105985143162
0.658182453884344
0.585154517728074
0.672430550064641
0.578784131149757
0.782599754243929
0.56743047835569
0.453022575880855
0.474065160261776
0.545209152123859
0.441119787543664
0.664308868569936
0.546982762222576
0.424519270384541
0.669825282888997
0.439682200757329
0.58271301748021
0.496307913632985
0.595380333877341
0.638806628009487
0.519592754487896
0.747687183711121
0.578607735445226
0.61345976059841
0.71663207797392
0.629306908145099
0.577661285573187
0.621117045304669
0.566777357647481
0.645406267825883
0.532771662011565
0.582710669536787
0.694589006432555
0.542513087889389
0.672250185683731
0.531539771846137
0.696354452745233
0.645164413206103
0.727877310985373
0.721968562530861
0.752981733571142
0.690261936994755
0.664279424492398
0.734810166256544
0.681018235122795
0.729851140875665
0.611078120926024
0.771868547510183
0.625244867692734
0.690735414258962
0.689528987249162
0.710934370847537
0.853664014232502
0.736503768140888
0.695316597155447
0.635424803208441
0.700489003630056
0.597995437858376
0.644174544766555
0.660256665067974
0.673396114408291
0.730438408206021
0.718823126055363
0.553065553256337
0.697324609648525
0.615600237482175
0.724564202764926
0.808057541441006
0.632767160194019
0.805156349710017
0.755697807245186
0.873669631524838
0.675559314742567
0.708993770115676
0.596701463291394
0.742311542542709
0.676055285989843
0.833444706768114
0.638246681659225
0.731355555741519
0.778115573554307
0.800896997256276
0.690553739101424
0.725288818039775
0.814066969372294
0.697321271507731
0.769902975225901
0.750160359313248
0.724634050287246
0.804365680827648
0.724809728080632
0.842987349123596
0.705274103964315
0.788184822909039
0.641692702123234
0.676434054325105
0.676922606242538
0.805011502074677
0.867255668199724
0.852355314090116
0.694518632408024
0.737721672555481
0.70395699174565
0.846452251896018
0.683077623780527
0.78687735933874
0.771648090560856
0.680192069205656
0.76782962908774
0.693603407518727
0.633773430285214
0.925780471575155
0.665488362846705
0.753830568371677
0.839346406191434
0.739501230354984
0.725824574934355
0.716146311712859
0.772523073625142
0.722545218895174
0.921225573542958
0.907781918904009
0.705269730197393
0.913817774160185
0.872629071185004
0.977797703533468
1.01686177425099
0.812671108936562
0.804175609941872
0.756620229277772
0.823504215686368
0.805699799545176
0.866459382657861
0.812125532706702
0.995146891662957
0.773139533268803
0.779891887367425
0.792892240967607
0.894066630258269
0.829610525379319
0.890490269980368
0.81002182557266
0.908694760034762
0.876529755171216
0.830634400321187
0.805676120537187
0.795739591219599
0.800330582392739
0.840016519789416
0.818001195366841
0.820197937744001
0.91089903139424
0.932881115433034
1.03307398252908
0.78228359342054
1.01237733367518
0.722315640859498
0.935903973262121
1.00313492254228
0.91226739869098
0.979403246142502
1.02897827657305
0.875648635732374
0.841391456721664
0.996886428584843
0.895603091380825
0.917921625975921
1.05641648009981
0.98379988719064
0.923814516257024
0.887501163447025
1.0864775267697
0.955130329061264
0.963762213871444
0.958117763186855
0.926028451283907
0.911296274227328
0.937897243880954
0.881594898831848
0.993480313212736
0.856475937033534
0.896264531898117
0.931762096347414
0.907671931470029
0.900251640253785
0.887647758779232
0.791636986724637
0.822779350874031
0.930261519572903
0.971994121304701
0.919150224900485
1.03894788499861
0.963749817038643
1.03293787764159
0.93017840407146
0.9965164926168
1.01971306147507
1.02470608440052
1.01849669466919
0.91068821424385
0.95101871700194
0.935089828871869
0.95962351951955
0.915728433929882
1.0615441564647
1.08983251013503
0.861695790117584
0.9560541464077
1.00280496908962
0.925397023336207
1.05423252332448
0.944283171363575
0.992836843786321
1.13576646620815
0.932571060120864
1.14602122220907
