-0.870007154217423
-0.948153115934263
-1.02779533967719
-0.950883009014014
-0.796811054156889
-1.01087569123563
-0.938751851709774
-0.981137007816948
-0.970117634560703
-1.16790004792649
-1.02268440327213
-1.12338343650877
-1.07034058963018
-0.967236800270972
-0.862920800537905
-0.995807216789589
-0.930412540573316
-0.900106529633697
-0.92360210003428
-0.857514433609596
-0.844798093864626
-0.954502068683193
-0.89833111509787
-0.916617887920097
-0.92889250376915
-1.05522403527839
-0.950429594094764
-0.861445941701372
-1.02522967255957
-0.897502637907024
-0.903374500637578
-0.881265100348754
-0.900419498658669
-1.03343659206645
-0.79056766077011
-0.92611254793246
-0.836222411673255
-0.949132604119336
-1.08772294695351
-0.796783921842922
-0.73273739316749
-0.80973568951391
-0.886652209094365
-0.941477928057996
-0.945797329436776
-0.839124138876874
-0.874069302157063
-0.887721369857506
-0.81805661255191
-0.953285031481291
-0.966267408001255
-0.918740747753401
-0.883410698782655
-0.912514510344937
-0.853844765181745
-0.951762473578858
-1.08130422015734
-0.936896057243654
-1.07017265220535
-0.991279883609395
-0.79165520243101
-0.871922876088391
-0.893877400571803
-0.891497194570296
-0.75185654442547
-0.920607205576041
-0.826344505398245
-0.845599166592731
-0.791277982014325
-0.898569817808023
-0.765632286587716
-0.792712158899214
-0.756812888775538
-0.887332674341218
-0.798903635770034
-0.818129930295301
-1.00560533610969
-0.87018905225826
-0.832950819292878
-0.806084440380384
-0.805425140607725
-0.755693778244989
-0.908198709389741
-0.735343763637302
-0.875071775937365
-0.945927182834647
-0.754701243417758
-0.870996627251791
-0.746037841933819
-0.829380748335684
-0.897589696954459
-0.643942943900649
-0.781952822450776
-1.04379810282754
-0.845286669125515
-0.636901852933335
-0.823068843355575
-0.948020227382744
-0.764249180231687
-0.798298895675877
-0.749678244082284
-0.731334220468351
-0.837237734869373
-0.875922343242321
-0.644323967619828
-0.769631295169317
-0.828582314440992
-0.864389417487495
-0.809648240529801
-0.883307373175828
-0.764689222421188
-0.762894590581589
-0.734722621433311
-0.686479318384909
-0.8481053603633
-0.747155850383733
-0.74524107726273
-0.832673577244742
-0.721950036635587
-0.831836935869731
-0.920267354119073
-0.753604118172249
-0.641897644538504
-0.616885062995793
-0.554871165486707
-0.667056952723513
-0.807516509164083
-0.763673097028199
-0.826359652467487
-0.605676298487537
-0.629067993115516
-0.732225412299098
-0.752522799122907
-0.764489213032643
-0.783307747762149
-0.753690891817411
-0.735506306452258
-0.578093022236036
-0.716531400531543
-0.616904247038827
-0.665231871086809
-0.793883798713391
-0.658792127906224
-0.894938787066715
-0.728337980923455
-0.620237482642366
-0.620699214954981
-0.702838700898189
-0.737386467723916
-0.561718582598911
-0.621902114374027
-0.695284656996493
-0.630989918080954
-0.667209962152322
-0.64590351922816
-0.736686627501788
-0.66492782821298
-0.865470280571406
-0.695891776668073
-0.862125546583209
-0.674040374352139
-0.571768475189383
-0.649089046585021
-0.766510640205652
-0.773280941736965
-0.760121835355754
-0.720981063419163
-0.682858934145717
-0.614520540516338
-0.6454392266131
-0.765182270476682
-0.725360824333996
-0.611080810052785
-0.663737990377585
-0.559099447963584
-0.467294627999358
-0.64624227223989
-0.6261131088857
-0.593278423511748
-0.663735228001525
-0.853898072887884
-0.704401602692918
-0.68581441485589
-0.794443809132253
-0.695417924638902
-0.706766103610772
-0.628164753659404
-0.67804995654021
-0.642535099616567
-0.518660271299036
-0.683014190015225
-0.631087562739809
-0.629539199599214
-0.693095744719482
-0.617096129789643
-0.601912288200424
-0.445184671921994
-0.665550481249816
-0.663826632417498
-0.637078346170563
-0.530305985519128
-0.527585995590052
-0.42516043436133
-0.600311766859124
-0.580949797657776
-0.38793455215834
-0.559287991244732
-0.505422888046041
-0.476294600882243
-0.554616182346811
-0.549042352334672
-0.458720144118275
-0.590131121811699
-0.476195498212375
-0.417553442094719
-0.535619635645708
-0.569361475595074
-0.400046920820055
-0.741583518987346
-0.450823289694193
-0.495835065126196
-0.42942432398981
-0.651397183901562
-0.658689340764027
-0.579980116625173
-0.614550987661425
-0.546597667653211
-0.540241762296048
-0.470269502779407
-0.513168092871352
-0.516313533207004
-0.612816461375979
-0.440518802281576
-0.472470545219325
-0.533601160108114
-0.493647404905957
-0.531360166367213
-0.505983827658869
-0.625890400716249
-0.492597457318065
-0.510468318915945
-0.663772946783919
-0.41736720959697
-0.671008822349506
-0.584841592190544
-0.569336031345704
-0.435491146055433
-0.496209790860377
-0.435384792881982
-0.548208750980564
-0.313174577048615
-0.460150784839714
-0.414713139918006
-0.496247523459281
-0.534655391465143
-0.488625777730175
-0.541932776585149
-0.645298281952673
-0.494260760098139
-0.475694799730187
-0.585539237794401
-0.516108087877923
-0.366048539082856
-0.511292275608092
-0.530111131716487
-0.34591607897444
-0.450687056159572
-0.399881798791845
-0.543538364031046
-0.425922044097572
-0.416312235614782
-0.538805752266419
-0.559852170878726
-0.581312246819057
-0.421634133320724
-0.42130584709555
-0.330753656921832
-0.392481696734906
-0.591696396300831
-0.329028551936486
-0.464278791268346
-0.599878236854232
-0.438571967757021
-0.477092483567987
-0.480730093474133
-0.42703669837383
-0.415103822765561
-0.469257321767556
-0.423113189523752
-0.468283889320146
-0.528606708643446
-0.435013111805009
-0.338363343649272
-0.409014864110469
-0.461497497428778
-0.299897127554447
-0.228062017066288
-0.385950650787126
-0.321406306435511
-0.478005142394005
-0.515887530395265
-0.29760924158479
-0.380622048256458
-0.394484858834881
-0.310713920258532
-0.243938357646474
-0.320857112439045
-0.380346290013971
-0.342888709051823
-0.281243859317003
-0.406545142788091
-0.243600654444469
-0.497470491848307
-0.264145925451854
-0.314602295176492
-0.413669522645286
-0.380720206167173
-0.472694273924941
-0.279503517426539
-0.281007331456485
-0.365536206728069
-0.3547536818282
-0.392675468871308
-0.272690736319606
-0.367627192703186
-0.225244320571563
-0.32723627850129
-0.347272540505819
-0.404124543637835
-0.389396933854888
-0.372665171352054
-0.261230846570114
-0.21546290753095
-0.386747628955689
-0.415033174977986
-0.181946086079306
-0.275360228598244
-0.345615127726454
-0.30732312279435
-0.231721127847757
-0.334302802296713
-0.28281873812773
-0.24386451179578
-0.321295477108999
-0.436506472376006
-0.28822388453768
-0.291988753326149
-0.224490671349648
-0.276496888879466
-0.355407681112015
-0.280736930631133
-0.355533698887783
-0.346694646072742
-0.210031945087163
-0.461772014868631
-0.207716358896994
-0.15267928345583
-0.313899112584022
-0.224611284543334
-0.342997603586944
-0.267425021801974
-0.34226480306863
-0.257054980814337
-0.149136644679773
-0.286091195473895
-0.478644949583337
-0.41324528197335
-0.268288715288895
-0.176382895420538
-0.320003613769377
-0.140525235040157
-0.25484490327442
-0.378885387409783
-0.294003426355499
-0.247436422909812
-0.377707773202491
-0.162958507396348
-0.307362663585637
-0.274625602729052
-0.361047302457163
-0.234645047523201
-0.270328330299984
-0.33885504054573
-0.303399342901971
-0.119093036049883
-0.220997457529227
-0.274164700632543
-0.19853247556502
-0.316001004157949
-0.24151506744532
-0.235392019607506
-0.18494663704649
-0.115730212091645
-0.126102458574002
-0.265979404691469
-0.294846352250283
-0.304350386524315
-0.234694627448792
-0.134071317158996
-0.189883522967876
-0.151103270400014
-0.261904081011781
-0.155316688047429
-0.116188479205418
-0.206302953213093
-0.107788850880863
-0.0934205577315825
-0.222037660157703
-0.331403897706058
-0.120821649072806
-0.0894947412373347
-0.118840342619903
-0.242969794698395
-0.31845082727187
-0.0628144850635291
-0.135724743372112
-0.239117489205198
-0.0261469579680278
-0.323266074178482
-0.122327802815841
-0.045914261738492
-0.195287264928242
-0.149701713580001
-0.098261747414616
-0.218235674637922
-0.150297173322167
-0.106610695486776
-0.206884952888528
0.0512411583210804
-0.199901276590166
-0.221565641842442
-0.0218082817520791
-0.190075126948092
-0.171710135462286
-0.185306635422865
-0.0755292200334838
-0.0538987322023677
-0.137386483810623
-0.172741289040502
-0.125708759140304
-0.166661710349542
-0.07200910204299
-0.10444784869555
0.0309458736746678
0.0375852617174259
-0.214344965266604
-0.0308920726077321
-0.177579815223166
-0.205748307191566
-0.0646481357994717
-0.274250593969888
-0.063493746904401
-0.0283109330516709
-0.163899602296891
-0.169177433914219
-0.039737244829756
-0.00864860751114
-0.110199916859151
-0.0756856634557513
-0.137039061815425
0.0137976202946487
0.00253209061093847
-0.116358862948242
-0.0145175283808615
-0.147105126683461
-0.0834736801951613
-0.0734059652094379
-0.0634670135827419
0.148435799144277
-0.0991263470287562
-0.0482536380185105
-0.115497027543501
-0.114248933532943
-0.00257880608197891
-0.0165311002984056
-0.132746710241649
-0.0629358190245556
0.0442827113846708
-0.119555999366102
-0.049779899116568
-0.12049874590756
-0.0529827132048517
0.0216286354985626
-0.208359197212301
-0.0914242485800832
-0.0939986579803539
-0.00253432868265091
0.0420887576924568
-0.0222031716185699
-0.097420433506747
-0.0131138116535587
0.136488963114033
0.0281520801250699
-0.0943356175560301
-0.0160012315585802
-0.0431416877412436
-0.106146449847407
-0.0151096097259272
-0.128059750941469
-0.0637426556711162
0.0590509303525837
-0.072105279016244
0.0262391979371891
-0.0468993462747143
0.000907072036460273
-0.01476913573966
0.149806279073475
0.048922547197869
-0.0719491415825007
0.100010055440466
0.122281173278289
0.110825234793204
0.0757860023109156
-0.00845567019813221
0.212192375093776
0.0111616423568219
-0.0180285543696623
0.0254373107017737
0.0965133996415315
0.127502402319916
-0.109903902305646
0.0883373088860191
0.0373739881879483
0.0636975577082927
0.0619691534344406
0.0518845416430894
-0.0587605648171592
0.0924878650999659
0.127313298095776
0.113742923419962
0.0488887503520141
0.172038467087118
0.149023680249632
-0.0711797530375958
-0.0357830541383775
0.0620596043148206
0.281726370599617
0.0858002219430505
1.75219907493758e-05
0.0372352619968185
0.138932091032853
0.127992089998235
0.121628087387679
0.0156915852088472
0.0653129673035261
0.00322748793240479
-0.0618050886583811
-0.0420041852660504
0.0358454302202715
0.0054519546309147
0.150827027526214
0.131590617951352
0.141439550247423
0.20849916998206
0.202263931802727
0.133568964848177
0.114584502660607
0.157673358710015
0.353997206802159
0.0646441100746975
0.146180200618109
0.206205900721228
0.311657892012123
0.124132215518134
0.266869236119877
0.0936275747496934
0.152131666333923
0.288453977630991
0.111379684474037
-0.0256835510251848
0.202418147117984
0.247926690036686
0.187436220745042
0.0751178181112862
0.210630853641505
0.118132613409638
-0.000647535768273553
0.0706986929162239
0.199208023956236
0.0861486637086259
0.0607470368201548
0.183346267757754
0.0875761818104258
0.286610782945733
0.126704175385492
0.0668281947074525
0.0968722677312335
0.143733017612068
0.0546030459734673
0.313675360615867
0.0604276068438997
0.19173949547863
0.215524073149167
0.159388121104867
0.275441252044699
0.341625123559252
0.201809905189926
0.121073682761034
0.205006856045701
0.158213297840145
0.323813736813632
0.156704863136867
0.263973179662016
0.204220076362532
0.117033560675797
0.1782981753799
0.213344498585001
0.24277403265007
0.012389594325885
0.266918096689836
0.220524534034506
0.182932873482365
0.0561489152067268
0.13951289234245
0.154446719186854
0.114631227062368
-0.0540864163014759
0.43676228873087
0.0718278728499751
0.254439406233276
0.307675087647741
0.306930827078415
0.180905264200261
0.228200656308772
0.269557291147152
0.202892316921547
0.254334653503996
0.136096168494041
0.277219329704132
0.261873108141422
0.250925037613349
0.208138699798453
0.302693824254838
0.250286388399243
0.259863424408415
0.135171258132157
0.2554193843599
0.194879524676452
0.280545778739004
0.314250136559773
0.241120067882394
0.311221700001429
0.103567963692123
0.343569868633795
0.353221250880746
0.346507392291035
0.256213719789918
0.298123329003391
0.426993761991029
0.257154312702143
0.292895860812978
0.41660094011191
0.287014455406632
0.307749264181515
0.36406921770923
0.339899339714323
0.35594338559124
0.26826577535741
0.378274813066648
0.171035292896278
0.466096416283815
0.489672501985264
0.389644756000222
0.429851596078159
0.426268122583502
0.41965416375173
0.372459487463934
0.319869271196032
0.386588671259982
0.269393976538762
0.473184287053662
0.288119084113848
0.315460918229373
0.148739026525608
0.307853263619543
0.262194158385762
0.333080604697268
0.360201021170106
0.375780051901178
0.354114841005148
0.363506186078844
0.326037381179514
0.350483538310286
0.393694790877752
0.439617494511747
0.454542137647102
0.0642897723153448
0.204143506476077
0.410932115369396
0.528957733243212
0.426556293660984
0.371000639143061
0.271283887005375
0.265969668799095
0.218162155915937
0.477367760407461
0.352835344656369
0.571911330230509
0.501169064531564
0.314062775797284
0.479542989255166
0.353763429216304
0.374296733126232
0.356696775781953
0.415844219036286
0.232732699196882
0.314881090375968
0.424690806759187
0.436359021636574
0.459708515520349
0.448481909378775
0.386725672948567
0.525687050423624
0.397100858331221
0.379114912947407
0.531064096231072
0.474856693899877
0.539686309128145
0.530493252422042
0.376335475778431
0.568681377260787
0.349381240617616
0.620623367989116
0.501877125853398
0.512767087001075
0.416599609511061
0.438328430908119
0.40793689493109
0.403808906579476
0.593481565095492
0.483890678015344
0.325082212696815
0.361800096871319
0.306236582902184
0.382835559896271
0.464061484343805
0.490563839212194
0.430265927146693
0.497620776517089
0.374172587500055
0.552867727072662
0.484196908479616
0.511985758843482
0.361676248206777
0.3721526329603
0.534268905129867
0.532108955661209
0.418852287439373
0.401616496251455
0.467464097815212
0.525062391723339
0.517896387532224
0.56336899454415
0.397535203276201
0.485478298621993
0.519705212301771
0.563066103083616
0.485402975655138
0.53114778696142
0.626499971828187
0.403429826930878
0.596350660215154
0.558227644994402
0.447847290938699
0.534725987838652
0.682380427587004
0.461310452251435
0.484428186426481
0.421933885983414
0.562466720778984
0.537277812924128
0.642351546363543
0.489005923649503
0.663247370108554
0.523275320105503
0.416196691527565
0.548903024706918
0.534246342431512
0.572914818234977
0.543890701736541
0.556031683227659
0.62862732215223
0.53142341223966
0.535792161514648
0.533563593156512
0.667921180176644
0.608583668199549
0.57529874602477
0.602118337725701
0.565240999596018
0.591515874733169
0.553448502984985
0.514766654610214
0.582035048137388
0.719120577887947
0.539109573506785
0.676561257633165
0.51746407522273
0.560926690107746
0.495431708859097
0.658837500346896
0.615335779472898
0.442569816505071
0.735629018108166
0.776686242263225
0.73501431115749
0.643339748787125
0.551155794534831
0.707100395185655
0.710910081385138
0.472470891407402
0.660938809419901
0.637169248957113
0.677856402135952
0.711968277305154
0.524306944400444
0.659677691254895
0.533636102451992
0.610688088519119
0.731037995179891
0.661357445914018
0.72870293876034
0.55385968171125
0.587711023038538
0.707110111638978
0.536441199068857
0.654244826863588
0.74183000158082
0.661020705714642
0.597001573809057
0.756604617153042
0.77718886660233
0.748977420706546
0.67380589104464
0.73865787295295
0.76435223510552
0.489311289369162
0.802852915889201
0.647983912260193
0.839246544382872
0.626051764090687
0.797054528380217
0.63321087522781
0.65416373428349
0.672511767089675
0.637155568787344
0.685175632516843
0.6747652671142
0.811412918750124
0.699149008719833
0.630686153940821
0.660770420584134
0.750180953259188
0.614265805697659
0.618915363326511
0.892751332051412
0.657283288861808
0.696226457684505
0.775883255045418
0.848827175044407
0.585393416589993
0.626923192254708
0.580253356029338
0.837817320685068
0.604550765948402
0.714633724156389
0.639834435000604
0.754682702195876
0.781414452543908
0.855560509526077
0.638966217184211
0.700250697195692
0.72612451618779
0.872856415172406
0.766980843627382
0.705136922571563
0.751232150472097
0.799906816195938
0.67157452968917
0.675128054904795
0.807788469124384
0.755491141618424
0.765787300011
0.743784799327862
0.780678583050161
0.849804121388967
0.810420208334462
0.617171290248112
0.673860579463758
0.717544510142472
0.696422750279478
0.727730333277936
0.840595764317152
0.690381220679073
0.954446827360968
0.725835447876536
0.679095769107976
0.851784078462408
0.781716400094691
0.762352493181793
0.829656351172683
0.714816239112386
0.898455937189009
0.860262212864044
0.73560046421141
0.813280053973591
0.863105880567918
0.743698445488093
0.955858616635547
0.787656347756128
0.947767362373969
0.826725522437049
0.810138485779905
0.794337988495432
0.689576711361395
0.795690844018429
0.776636243894108
0.81635472885822
0.774109151289605
0.919110335032385
0.984266381392948
0.905600111583483
0.793979378947934
0.87449628982929
0.813337850817163
0.798834773489747
0.768209077784228
0.757302512738264
1.06359850277428
0.849494159176604
0.732970510921873
0.93675232883308
0.87799829415618
0.908414685764946
0.843841054720958
0.936353858130977
0.874247320579763
0.890628383415208
0.82501126591594
0.717007257711259
0.893722402539863
0.957633186483577
0.984920509298415
0.965168592533571
0.857228646141512
0.813975738661364
1.00596906941991
0.859120825499282
0.897566689398928
0.788398535322788
0.900043087190567
0.706809442234898
0.802832838385197
0.939074939545619
0.844692202804704
0.8999107075432
0.790401745165873
0.932267478672516
0.991721178461473
0.938032419093075
0.950258803161509
1.03275810877495
0.920935822589381
0.812879061120948
0.997245765549853
1.04845917311595
1.01144056765283
0.822085911855924
1.00649103249336
0.982529049126241
0.794465799640568
0.812794189245372
1.0310699264229
0.920369059029336
0.93776190034102
0.984697079737848
1.05713583480303
0.884521323000828
1.12438661009389
0.815102276769932
0.988587762609189
1.00503367525691
0.965399641300582
1.13735448182377
0.865661220093893
0.914656784455556
1.04106890228303
0.995485352631112
0.892568341564809
0.992046744388547
0.955272007238531
0.974248512844041
0.994351376576043
0.88114444858659
0.895337731748046
1.04556507045225
0.947032949912224
0.952711693296091
1.11389027601465
1.01014930144146
