-0.877472417361976
-0.963912883534349
-1.03519706773566
-0.912737448322059
-0.795247203397472
-0.991830291128708
-0.923966196263728
-0.973155488056481
-0.966642137637998
-1.1696093266475
-1.03357035775295
-1.11886400968609
-1.08185944938415
-0.9335373008156
-0.85796656947271
-0.985283556007282
-0.948134632066531
-0.907960185768304
-0.941867976301835
-0.862294449993226
-0.847475998569996
-0.969444721789378
-0.89326139238482
-0.897618205870392
-0.922092485935358
-1.07127471307744
-0.973890469909242
-0.867832122800989
-1.04381490861675
-0.906716139264124
-0.889466050821103
-0.871843287687503
-0.89538480446841
-1.01188202259755
-0.808284433404675
-0.939953581436204
-0.832772626365244
-0.928865651489288
-1.09613178380956
-0.796995680507072
-0.733957096117168
-0.79301284871594
-0.872682273735895
-0.940848523508352
-0.948415505977484
-0.840829559174561
-0.886101390501384
-0.892299800874058
-0.827969537044364
-0.932734994428588
-0.998546787389438
-0.911805904227289
-0.897018261245188
-0.907051334339311
-0.855533969272496
-0.939894152732796
-1.07752791573217
-0.921197759308241
-1.0675726292239
-0.987217374323604
-0.780512968313121
-0.85746996132771
-0.902323145655333
-0.888032483152833
-0.749232942093944
-0.944982003905419
-0.826889972361098
-0.842430513380901
-0.781174126080906
-0.91473081289952
-0.76086755448469
-0.831116920237829
-0.754537268392236
-0.854398521013823
-0.815840549052593
-0.818651996908495
-0.975185658423502
-0.870164755249945
-0.813460314178248
-0.830021202232254
-0.787501628390192
-0.766775097125526
-0.877965810952612
-0.734276453032625
-0.860061431040852
-0.942940149296016
-0.753908099024664
-0.859268752934909
-0.778527824812464
-0.798879631554769
-0.904444506585599
-0.644357535639894
-0.780988915392338
-1.02658350469439
-0.844247003628536
-0.647565173231018
-0.824229944518025
-0.937749656559928
-0.772080498026156
-0.808834754328537
-0.763487623985745
-0.730707168556804
-0.827594998657897
-0.872466396408457
-0.653739803054435
-0.778674907025587
-0.812953051537088
-0.860841318078825
-0.784452653766495
-0.89115491717851
-0.771588465159109
-0.757071881223914
-0.730342431958528
-0.702906531152518
-0.846482077336495
-0.735342215549019
-0.737937751376636
-0.830575936992721
-0.727735833378864
-0.843814818057172
-0.909554383886255
-0.760935673230534
-0.646979685784791
-0.633243310809738
-0.574317282721419
-0.671111645102938
-0.796196396152675
-0.761396027441492
-0.842896121426911
-0.620395269803733
-0.63436983364826
-0.715022986449118
-0.742862196110941
-0.751646996668464
-0.777934069795655
-0.758253488157423
-0.70352824174772
-0.584831541353814
-0.711614472972506
-0.591767241249206
-0.679677155598768
-0.780358254331695
-0.663461308872705
-0.893678352434949
-0.735668916015442
-0.601882903340302
-0.606069974108683
-0.705563760004984
-0.737235631985197
-0.541941344693153
-0.620477825047303
-0.696576137363514
-0.628378943159887
-0.690936581058233
-0.657018447620139
-0.740462138477939
-0.659563743131726
-0.879298333688556
-0.705342502500024
-0.856247489465049
-0.662206266323644
-0.577315463399844
-0.666638112960828
-0.748204426350737
-0.784852301131767
-0.73697077520458
-0.732170228900014
-0.693283672107959
-0.605125149879334
-0.656599556899685
-0.750551594462957
-0.748386081518946
-0.618115971975656
-0.666515827621283
-0.555507808948813
-0.48648090844306
-0.648517231692408
-0.635529669931352
-0.595412998760281
-0.665299560233926
-0.845173885852292
-0.695655724839032
-0.694543679551333
-0.820006734152708
-0.688096894756023
-0.723114801121907
-0.64020838323359
-0.670978662787561
-0.633988845042399
-0.522366592272249
-0.663829178995245
-0.621113763180279
-0.617908437196211
-0.705638979238368
-0.619629091533715
-0.587359004714364
-0.428599411837833
-0.673332050446109
-0.666772991922838
-0.64874214412021
-0.529954796625507
-0.542143905651861
-0.444177527381287
-0.587028434800061
-0.54615225418233
-0.402436114806244
-0.533599113072582
-0.494078800491133
-0.46917781800114
-0.562577347384509
-0.57853429928495
-0.452052209223892
-0.596932447574051
-0.49694362901768
-0.441682236347102
-0.532064846755682
-0.576201844346133
-0.414268246289813
-0.764073983961813
-0.448163408748766
-0.509841785795324
-0.443250823772583
-0.658118689977151
-0.655127117431652
-0.588825032703293
-0.598257361420833
-0.55256675475146
-0.515040279483466
-0.485728550171015
-0.535188978556596
-0.514041352120639
-0.592627534424809
-0.439449984723058
-0.478556041265186
-0.538719398497181
-0.5203835560357
-0.563225219606459
-0.513150100578011
-0.620219329918622
-0.474857721502547
-0.517946179491217
-0.675123608707307
-0.403867415379326
-0.656176591027076
-0.608998934611412
-0.571887470673947
-0.456568789030803
-0.477412841381743
-0.44096841213217
-0.553706595459736
-0.306805997687514
-0.466229537084791
-0.430200180032245
-0.525001903630517
-0.538845122429129
-0.496283619223289
-0.526018377324256
-0.643049498465539
-0.4911302809848
-0.486033326528121
-0.571787963904107
-0.519947972483427
-0.363863644393723
-0.509859516438848
-0.54493015136519
-0.377542675285862
-0.451969054815455
-0.404867318721238
-0.565515653530568
-0.432377272330384
-0.404704663627848
-0.52491814840967
-0.564677492592656
-0.580527091083107
-0.401496767114495
-0.389008183261624
-0.32131091991764
-0.379728940819985
-0.577256363244033
-0.337663611856304
-0.469278232181368
-0.601354355955378
-0.428527619654694
-0.475517141870066
-0.487392687370347
-0.428462539484433
-0.412979820656372
-0.455580812583717
-0.419132761832312
-0.475736111117016
-0.515159116548377
-0.42904073949437
-0.360001862873317
-0.399975019735899
-0.445091294453175
-0.300539149041232
-0.221851005292455
-0.385702960972767
-0.299568708537035
-0.466954370846804
-0.502637773750708
-0.295701688002536
-0.402081720456793
-0.392544054782898
-0.305889191073474
-0.275814367875349
-0.325237759981086
-0.366662386656802
-0.350558813790004
-0.27289205236879
-0.419103379263481
-0.253238535398545
-0.487475795932491
-0.238839651547921
-0.332170192689673
-0.423184611007018
-0.372561304622316
-0.487318852249115
-0.277541561911216
-0.288574869428428
-0.374002422289227
-0.355654930679576
-0.407358916876583
-0.277400899757288
-0.389688497757325
-0.247803515223632
-0.319061854697864
-0.362418960569246
-0.396565877280248
-0.383841545159167
-0.382514432679473
-0.253450884959638
-0.210204198085725
-0.414334250408609
-0.429091046843534
-0.187179498984817
-0.240102851118458
-0.360220256225431
-0.321745744447485
-0.228287990926946
-0.320162771701383
-0.290702829246973
-0.253542830305703
-0.307359941329214
-0.422979166602874
-0.277503556919409
-0.3002872196016
-0.226143611711791
-0.277982089525951
-0.35842595818075
-0.307363875588859
-0.324861268701984
-0.331758721605495
-0.217683872589628
-0.438720624089917
-0.21103828868425
-0.182757419899485
-0.291447979085924
-0.24563735030656
-0.356704558925522
-0.282278447730389
-0.356978709902291
-0.269673186841759
-0.146240880946021
-0.321636356554557
-0.499193540754677
-0.412499520263144
-0.255155512692397
-0.170676543523864
-0.322694712251901
-0.165287620403048
-0.26827141497977
-0.370733535582828
-0.284305979992707
-0.244849402819322
-0.358800162709176
-0.153326346413314
-0.319583319553258
-0.265296521481125
-0.396414956336249
-0.243576615280311
-0.273452380661399
-0.342757717044947
-0.294204113768381
-0.118350059672094
-0.216565008467565
-0.277560501462344
-0.186908384352585
-0.308871447498962
-0.235327945172314
-0.246021225148564
-0.190017339100045
-0.111318552009754
-0.139580154710286
-0.237093747785392
-0.305848595236554
-0.318906605405877
-0.242740521195747
-0.123695707776885
-0.200064872811454
-0.154633525151126
-0.240990903381729
-0.143675614765304
-0.122011834384687
-0.222945420885006
-0.10127826422739
-0.1003249664289
-0.212296953807464
-0.363815793150999
-0.117514310654327
-0.0942882295833828
-0.0987250304679158
-0.255710055390752
-0.32374580397275
-0.0759043953718906
-0.12187854547096
-0.230183022195612
-0.0267411631501333
-0.327230438101681
-0.116465537343819
-0.0250972028719103
-0.21080264265502
-0.15443997443436
-0.0625393742584509
-0.202520882463223
-0.150891273574806
-0.124359935885525
-0.190822196952579
0.0265940329967556
-0.195647293605938
-0.204929853233395
-0.0170756747070785
-0.232710663525582
-0.164915296559524
-0.165119254530708
-0.0791701507505894
-0.0444688010884777
-0.150897518733155
-0.190934946793046
-0.114489726004642
-0.165543922755121
-0.0726206080336325
-0.0747153328327038
0.0272113532695596
0.0316117384288749
-0.237463413918398
-0.062668541197135
-0.192694014674352
-0.215060443108251
-0.0777173466644709
-0.273726560658811
-0.0531352833035455
-0.0430026869016699
-0.14613369354572
-0.155482975726343
-0.0250893280821202
-0.0220083495062884
-0.137085461408334
-0.0772211144916037
-0.156345977631665
0.00857832393745799
0.010131273062998
-0.0928109150848337
-0.0372262629409987
-0.145689966226373
-0.0910798761660732
-0.0748116878462513
-0.0660180617474157
0.140138213496049
-0.0865969428201214
-0.0744888490225366
-0.126665763158377
-0.116303773257497
-0.0120879180718169
-0.0171998913249626
-0.126558430977218
-0.0544340202038496
0.0615721216770174
-0.122132365186706
-0.0304850806133041
-0.115907411187448
-0.0335595512065205
0.00450151254701778
-0.223781501398392
-0.114129333925413
-0.0837495392130516
0.0355359096259839
0.052114620262663
-0.0147514502846901
-0.0940915628147158
-0.0416705792532816
0.146720035428398
0.0387173097376468
-0.102318666544661
-0.00251175335571541
-0.0325126767868428
-0.101672669474183
-0.0181882351383299
-0.116679489826332
-0.0645103961471729
0.0669880575020574
-0.0310330077429114
0.0378297288199878
-0.0370699050247663
-0.0249691817494428
-0.0217208945457493
0.148172242466448
0.0351189116572843
-0.0815109523903851
0.102288392569303
0.119830301136248
0.104260639860118
0.0711573448545941
0.0109545003814761
0.213856263379893
0.0284593061921798
-0.00517498230170434
0.0214109717870259
0.0991147571107597
0.120817414588875
-0.116043080985222
0.0830259970590429
0.0207907250570534
0.0380934879623006
0.0376748227560659
0.0131241939489802
-0.0651841833610865
0.0839078470798509
0.124993034803973
0.11781682608156
0.0351829079749388
0.172257061389955
0.128124974903927
-0.0476054385828932
-0.00748582984568103
0.0458319026107048
0.288914218692202
0.0798300887572214
0.000344843844650526
0.0486957736664588
0.112783982108096
0.120706204477366
0.120731337277724
0.0340713501551959
0.0700777804524906
-0.0143607189362199
-0.0476702640890641
-0.0369111801823568
0.0195460085652264
0.0166795854768332
0.145815675658806
0.144606034235621
0.128832406383517
0.198833040394148
0.201934955304703
0.130131396893544
0.128176001667717
0.172815101840286
0.34756462227274
0.0460152538012337
0.142474884728548
0.188089578284738
0.297664942717283
0.108264755652975
0.269218345419845
0.111862040393435
0.156315583996127
0.288535168988197
0.12682017757752
-0.0214224443563435
0.209040719682633
0.246821892950649
0.217332250183182
0.0640899102733675
0.210869595636359
0.129087401789554
-0.0196337817771359
0.0695242846568548
0.188887011156548
0.0878162322178683
0.048354412273077
0.158170271943385
0.11568946445228
0.290927115698123
0.108465343859702
0.0683862692205862
0.0945767758987364
0.15280941461019
0.0617667202021262
0.307928877934881
0.0513425226240195
0.169895839990012
0.188345710465302
0.183805135834495
0.274460206044701
0.3424412334102
0.200237619066558
0.122410327994652
0.203210939692862
0.155133863097315
0.31316880729633
0.152746011242384
0.253264843330177
0.202639094543057
0.130923322067441
0.186446430399812
0.215590660946899
0.229598212364512
-0.00299667173837508
0.243299742107283
0.208124450713688
0.198464312819466
0.071692049763212
0.120720211266396
0.155240104328889
0.125436906434458
-0.0330609568990018
0.410199890345737
0.069185228816219
0.254788105177938
0.292505318182133
0.304232506402532
0.183646961574936
0.240640009466379
0.247938622508593
0.229430822233938
0.27814487920056
0.125748511853994
0.270529282641765
0.270839596561467
0.238386776341878
0.212520163381471
0.30318502967188
0.24000492471678
0.258631106076164
0.119018483602494
0.254146046988067
0.210819560973174
0.27606315173391
0.346878112987324
0.239148576317905
0.315625168247165
0.107814933246872
0.351533117660795
0.352420601712619
0.351326591623476
0.263455994886334
0.288923391057557
0.428023526044697
0.255629223706238
0.282518743741461
0.438019696479702
0.253987785220064
0.309468598559854
0.36230833712552
0.337184294324862
0.352992350091806
0.255311716551358
0.400996772241722
0.200161723822914
0.475720236811021
0.473164993532281
0.405023616764911
0.407812085462705
0.421232068775155
0.394817604923371
0.382977747461027
0.359726025260407
0.367847529011821
0.28443369556222
0.467362170132508
0.29051841074058
0.320625986639487
0.163554237411018
0.297769704466357
0.252752774372345
0.32850434344953
0.351759442228787
0.390601428043894
0.369776727994011
0.366514626525973
0.328245411953015
0.374085417565807
0.381291988823962
0.424502714420196
0.442055119526533
0.0774517516128369
0.193498477570347
0.42220267176748
0.541042366328271
0.462547767803525
0.361986185231615
0.301902642460193
0.257211785348207
0.222269460018597
0.463560774142347
0.349932497933586
0.576001016721374
0.482165116040662
0.323754498876736
0.45879757745378
0.36304888582001
0.365788138853793
0.383774001068522
0.414449841455563
0.236172981623421
0.322646728007224
0.442210804484104
0.450324891671039
0.436872128137592
0.460550484909423
0.38709004838595
0.533466050099717
0.39764520886576
0.362972857443642
0.511507055145694
0.47670346734019
0.565719863330164
0.540783926991853
0.401361550197788
0.561564531986369
0.361988870071138
0.626854072763772
0.497979129485051
0.511195633070008
0.413639330992929
0.435150319655239
0.406073825711796
0.399970725930929
0.600022653161622
0.467635324624815
0.322680179556825
0.361620666535704
0.318627585701303
0.398790436749502
0.472592119527593
0.48427725417898
0.431121519772838
0.492003542808605
0.383160757213344
0.544337869837921
0.46419777478401
0.527552206870757
0.359404074597732
0.392571861352273
0.528322221247899
0.524120794911436
0.430185331642609
0.401161898093796
0.472536210445941
0.523850528158822
0.535133634880023
0.541664479845635
0.408282052094783
0.464813422619271
0.536749840439774
0.574758816925955
0.49937400700369
0.526922867431845
0.634043648201129
0.424866557595528
0.599637097001699
0.574480536304229
0.445989728263001
0.573295563848863
0.675672339160216
0.462764699601979
0.497640117732775
0.403371145951127
0.569460501250934
0.549797254221406
0.622418365590005
0.495661485378182
0.684631628568564
0.514577317770292
0.414883374807058
0.533445984442
0.522636195376798
0.566313999550719
0.54020433966685
0.560513946103399
0.646817353251382
0.53525759655561
0.526407430119276
0.559204416924028
0.673949285888078
0.598951615914332
0.575638583828139
0.6035092053651
0.558998442704785
0.589064449871216
0.547957229158196
0.526589779329429
0.58021472152402
0.700989246293797
0.551190261127332
0.687364345206799
0.50043434415892
0.568398096442529
0.501889726432798
0.662164388731867
0.616241436707223
0.434001498540561
0.742567959323663
0.785405535479103
0.750020753597052
0.635224075943349
0.541715409442725
0.695217574220336
0.724836232017943
0.472314667509818
0.667048042169351
0.622062081591271
0.689767475517329
0.721071992568461
0.526479551836846
0.66504674630234
0.554263013130019
0.620882810345036
0.731145835400684
0.662535417869795
0.719704102690832
0.550917707780049
0.596154654746658
0.71468626113107
0.537409383429798
0.648434020660314
0.735997836084002
0.652215503834001
0.58887456818422
0.740027217790639
0.784167495573981
0.742328624220507
0.657827272538929
0.717412896458053
0.753779641272929
0.514969656410393
0.829991759233441
0.627145263170015
0.808536557452769
0.627021332998902
0.786026939708814
0.638496608239568
0.673351856859815
0.653809326930291
0.633298684531943
0.675361901539219
0.691842193273024
0.823494767371231
0.686783571990004
0.624264316073122
0.652721340810696
0.768857257477807
0.613887182518389
0.620175799948384
0.874717584731143
0.681989111515375
0.691904882692122
0.765624038359258
0.836273704771256
0.588881741005542
0.628638742471305
0.57670572729441
0.84003189278519
0.591440533899855
0.735394038447959
0.651797757756237
0.755399021549579
0.751953810815188
0.862109992140711
0.631444888959658
0.671004340716375
0.726832217956028
0.858690844257693
0.773333500444249
0.696024970354901
0.769521407574094
0.80778173362644
0.67015392395561
0.674776008595068
0.801741157718448
0.743230855308055
0.74458981107595
0.735455517387916
0.795065585138843
0.846924527344672
0.801260250196837
0.636532152146937
0.686461828342991
0.704791055017048
0.707139319561297
0.754919702563284
0.850076677704538
0.699085238475241
0.953223668490704
0.731477884391976
0.681851687833311
0.83999718087538
0.783536671265055
0.747686800385561
0.843696952899224
0.729451476739344
0.889437367699092
0.84896752353837
0.750842447957194
0.778112964442693
0.887804271504513
0.732794493161651
0.938537462120204
0.783907085289499
0.947152949349254
0.804656462569008
0.79399855154639
0.806659534360037
0.685982196726486
0.792131745408976
0.771531389020447
0.815050115769992
0.778861947582004
0.91398978125757
1.00007771604844
0.906031247216974
0.802847166870504
0.888189520524341
0.829256295614053
0.79358929014566
0.759414912755439
0.766506914504952
1.07256112530236
0.860150871239932
0.732340922733135
0.941853031207091
0.889615698713017
0.928992174816239
0.848590775138751
0.919043368289211
0.878118001586154
0.869769325847875
0.814396502145955
0.742662096451008
0.907301209865491
0.937739024583379
1.01988743406545
0.971882160898257
0.873059218159897
0.827532930357537
1.00171371648757
0.859646223971559
0.886925823135067
0.805445596573643
0.893917750394605
0.710018817442923
0.79687153649735
0.928420819523742
0.83298935580985
0.912197273447601
0.796946845527884
0.946759216238822
0.964986879264627
0.932722877330121
0.949239831529032
1.04312185729617
0.928255330300292
0.796381377299379
0.982977404620622
1.07096114705191
1.03308628400474
0.825488227834932
1.01624031912736
0.987748787591612
0.814464294389911
0.816251380430316
1.05361779827355
0.947977736808664
0.956874046118899
1.0052713651064
1.06884562220948
0.890952968859328
1.11516480762921
0.813021796530374
0.971499188589434
1.01309061534152
0.97645847516459
1.12823382500445
0.852209902263205
0.899594925301686
1.0645133124735
1.0290585548307
0.895543424591713
0.980542414716444
0.944631140247365
0.975964072654299
0.983901233473167
0.896990724855973
0.887890579184015
1.05125807453035
0.932491501414564
0.955773370100156
1.10670555651005
1.00331134263009
