-0.971515756659399
-1.01412317931182
-0.965692209442415
-1.00919590408218
-1.07842789319183
-1.09893629078746
-0.911628071215406
-0.89907746935861
-1.1198844299466
-0.819714708246623
-0.98802741662446
-1.02495661031868
-1.03926223464508
-1.02543295840677
-0.894970423727394
-0.927777088210255
-0.892088971153499
-1.05001464239973
-0.968495133246486
-0.948673329931896
-0.766874612683722
-0.962223940128582
-1.06440419897431
-0.917385261636517
-0.861977347360926
-0.900086421981215
-0.969791081076103
-0.979669319416142
-0.841841826943703
-0.882970652936677
-0.981702823306627
-1.06332490055312
-0.985138574361672
-0.984230968363414
-0.855788802309597
-0.838449510506556
-0.946013353223254
-0.76403956905809
-0.940712155524223
-0.899278789719607
-0.766238675103052
-0.844395642616144
-1.03361767939233
-0.971131727133327
-0.908693565029133
-0.881188074530008
-0.989846053759178
-0.88925364231263
-0.940538647459004
-0.812111360346362
-0.949590605538107
-0.992380998836933
-0.92373113670475
-0.882018824031158
-0.919387770318295
-0.873897313167995
-0.834663302908892
-0.85736072919065
-0.943512617570222
-1.03244925912517
-0.860289471156275
-1.00316705568101
-0.783673887729579
-0.768752174234901
-0.78105589009225
-0.812686229791069
-1.02486106361587
-0.8533542529903
-0.821333019045781
-0.772202528723004
-0.866090022651533
-0.877980456091509
-0.957557836148019
-1.17797868873843
-0.845090996522665
-0.849319072087278
-0.883841908431648
-0.969782317841444
-0.751464924395574
-0.832041343715372
-0.772656681830893
-0.861296358084895
-0.941949640936948
-0.882530227099111
-0.632761784206672
-0.772162858289017
-0.91074629067281
-0.83789184513445
-0.883358298099276
-0.9396292635067
-0.919395059310944
-0.753237194275871
-0.857871028385557
-0.72830218178564
-0.802724614907669
-0.77268796878173
-0.845360747350289
-0.723440191725482
-0.792177188059213
-0.755420667089044
-0.68132595478225
-0.746592594601483
-0.926778898435438
-0.837485703240757
-0.912789140228945
-0.6229441538098
-0.74408553730131
-0.741212247102112
-0.848997116835955
-0.640761525012284
-0.602423658926642
-0.708291946366592
-0.754816856487065
-0.976787152713834
-0.903428431412935
-0.899990893846871
-0.762219908508178
-0.750760344646735
-0.850028681159423
-0.757887905699677
-0.665341722850411
-0.903354737830917
-0.673717197063495
-0.817591043414177
-0.787806211761108
-0.702826339131211
-0.834500140609117
-0.622855546706929
-0.794686825230689
-0.758470771508954
-0.764441045333706
-0.78696878870714
-0.879607093775336
-0.674948317942732
-0.684121052947843
-0.745746369616872
-0.729415606855412
-0.722971847859301
-0.754287819193715
-0.757818932275477
-0.793364782399187
-0.620616270630667
-0.722096578578676
-0.695408539568544
-0.665418081178255
-0.606247697133435
-0.733756107460037
-0.665719272255259
-0.79505618823432
-0.578325775504829
-0.705791396958087
-0.798040027709162
-0.590596072600435
-0.766165555889436
-0.619496121003147
-0.662659592913725
-0.85598865692273
-0.612640230899492
-0.702401219693546
-0.56526630921649
-0.644236712216937
-0.693628779875932
-0.557977908322977
-0.724062516179265
-0.586219437651156
-0.691726410493658
-0.716356658691082
-0.622345381078827
-0.716301531372019
-0.600450240293414
-0.718170409979067
-0.648072145592583
-0.597515749244664
-0.695174618333556
-0.592281040991819
-0.534145618151287
-0.625172101553243
-0.729975834549813
-0.769539622302481
-0.685660966826738
-0.63291231089368
-0.534270299823779
-0.548129842496261
-0.559239536659718
-0.622705190091338
-0.591405677167314
-0.670093361469734
-0.543398531099101
-0.589796162439487
-0.743644534244071
-0.56047379870158
-0.591814546283025
-0.626024491321657
-0.624308749973497
-0.443273064988415
-0.751456624119199
-0.577434712992742
-0.588809449646699
-0.737446643220981
-0.572132337994795
-0.487580775208661
-0.663886674920552
-0.425722399855508
-0.678907691743382
-0.565918725031549
-0.618164043131554
-0.416101799268181
-0.586893856900602
-0.633462496004948
-0.601654157566517
-0.581999001945368
-0.717188769414949
-0.538803519204462
-0.557934262613394
-0.598877702391865
-0.513837092660023
-0.610293321571675
-0.526126828191243
-0.577813424858752
-0.587619732155174
-0.740677200978322
-0.636829154312838
-0.587129496122926
-0.505505363357276
-0.576704834447187
-0.606492057034743
-0.49956619413253
-0.54419546006017
-0.607993041207798
-0.619341452302163
-0.495566490125118
-0.518665495344439
-0.586380299997538
-0.628534198319117
-0.566018401548043
-0.540442927432305
-0.484789448655692
-0.62791909733782
-0.406396274741748
-0.50206130102526
-0.501869840111184
-0.534170281339298
-0.567769911500013
-0.546925381098925
-0.571737721997671
-0.569335505742884
-0.512053218339042
-0.586989251433666
-0.55329419394217
-0.483196989607818
-0.42466846139276
-0.523506893248727
-0.43420913122734
-0.449029713012041
-0.419341031863086
-0.444918644592055
-0.509538534391036
-0.430238068821464
-0.490593833634107
-0.585289258371713
-0.443579794689816
-0.519112601110663
-0.519444448111231
-0.542129490266812
-0.393198263409845
-0.25994219090026
-0.400758034776685
-0.426716931383049
-0.568912716917607
-0.456569174629598
-0.628401706743557
-0.450925568989869
-0.457967076367949
-0.432987663599372
-0.407247757464781
-0.388717411727855
-0.623202128863224
-0.459820093550159
-0.416049741199653
-0.355567724937402
-0.488048045044168
-0.36196512061479
-0.481067056586667
-0.63849753752636
-0.339418921300437
-0.492467766528491
-0.459653640925378
-0.460549140594705
-0.392547662252149
-0.447628359958982
-0.466258596239788
-0.283279078788237
-0.462705303192911
-0.354353167900611
-0.427296150298568
-0.284907622239275
-0.283946105433594
-0.424292112041202
-0.297873265695027
-0.254112649438282
-0.42296165107543
-0.321588488596951
-0.360925309517336
-0.254608845339629
-0.318665683507324
-0.316837421726611
-0.470255933922387
-0.439006071693383
-0.28918378115011
-0.494535334062222
-0.326316009371312
-0.387581902785213
-0.409626590882955
-0.388397692111995
-0.350533557324951
-0.359936662472778
-0.38392857649974
-0.40947461535026
-0.322525914529056
-0.441335924180215
-0.254056246424587
-0.43444261720747
-0.388653969803852
-0.445586730224372
-0.276825590953522
-0.463131360985357
-0.477719954640525
-0.267316093307497
-0.382110496353763
-0.257292590027244
-0.360396040967239
-0.440486526416184
-0.241390925392417
-0.500603961507781
-0.328639542345147
-0.198884371250328
-0.29003970443953
-0.38208059492065
-0.237631738900815
-0.301474518783439
-0.117657221196431
-0.386775376099909
-0.234345781800455
-0.318907833655175
-0.426370630591628
-0.234207887563566
-0.287305967965383
-0.277140838145236
-0.318592630844888
-0.350073780989334
-0.0822903256466601
-0.367079268432877
-0.366326494543464
-0.325150028589274
-0.238413540519464
-0.236034835734408
-0.391227162484002
-0.193820565621135
-0.382248971550886
-0.366344988155622
-0.268310087001668
-0.285811687859864
-0.3605525659072
-0.140029857347055
-0.221437559017948
-0.239744758921492
-0.23971235697189
-0.224907720412268
-0.234125748445497
-0.336379698110805
-0.319663898962112
-0.257436392641333
-0.272600136548876
-0.205763132175869
-0.314067707609413
-0.185498775303578
-0.25310312921414
-0.296706406097982
-0.289703991414106
-0.407500034001024
-0.335713576111119
-0.157067795967715
-0.172152517800219
-0.172832201753137
-0.224188385587868
-0.366184310595186
-0.305303920376896
-0.264917415498159
-0.312139245811199
-0.170751943648499
-0.261293010876072
-0.255681863577506
-0.155933997138787
-0.12106717318414
-0.209958162414738
-0.357672793859455
-0.0359986493031567
-0.151123526178086
-0.260067989864458
-0.378166043566438
-0.2744097843584
-0.254543429734874
-0.109771004995137
-0.228037880827267
-0.312882173711905
-0.192232772409409
-0.198128466000462
-0.203276960566434
-0.0756102060784292
-0.167019676374242
-0.224113006716547
-0.138713831366841
-0.188937876185543
-0.123250340851726
-0.263025537096527
-0.316931246987673
-0.0521888070716432
-0.235482780710238
-0.156994336132811
-0.184324248054394
-0.292955679010902
-0.106988004489723
-0.216707277022549
-0.230501162123249
-0.0752360932842624
-0.0884250883027146
-0.0629496730561322
-0.0877030350210272
-0.289376542771594
-0.138929097936973
-0.297054747977639
-0.0319363424417326
-0.0942179675583558
-0.191036340416937
-0.141684407093283
-0.252889778391729
-0.205065520988703
-0.07157619182115
-0.199101797434297
-0.150333410887403
-0.185702083585718
-0.170940814608315
-0.028297889966444
-0.0614560387577116
-0.225302373807166
-0.085781231836469
-0.137247294861221
-0.173900316855723
-0.197933845485939
-0.28707244016676
-0.156852415777011
-0.160505693369048
0.00694102834134406
-0.1109792123717
-0.11651781772938
-0.0312207348578484
-0.134663093709525
0.00818952725346188
0.109218751651938
-0.060628801772648
-0.0713996659005217
-0.0476849174921859
-0.227797360679295
-0.0257975001227173
-0.224246890062453
-0.0318300247086165
-0.121841113504324
-0.0835731663806736
-0.0364625278432881
-0.227377100868143
-0.00571864335389278
-0.12670593191727
0.0852777642369939
-0.0795071307654451
-0.042173252880631
0.0541425782783672
-0.0703194045460614
0.0315493709391318
-0.000970533214767038
-0.0367604311054767
0.0859223921070447
0.0891600987495356
-0.0492745359629873
-0.134221941553927
-0.117419870038652
0.0604124201505782
-0.0825183825062622
-0.216532361263995
-0.119910268301829
0.0538609297700129
0.0588718155036844
-0.0900708040349402
-0.0650808603617476
0.0875492986713308
0.0613837479977163
0.0856144992971283
-0.119393911732243
-0.0303946344311042
0.0649967008389104
-0.025794652076286
0.0779106863392141
0.0571538531446526
-0.0236860535774341
0.0737652467076576
0.0594125435707546
0.0516002823445454
-0.135771555993467
0.0305191591116547
0.00275214870844222
-0.163561492163749
0.0553461234524259
0.208281820535468
0.0807085232953389
-0.0237323487320592
0.0899050424836819
0.157813584522024
0.104606596344826
-0.00152445455606507
-0.126685267210825
0.148054332780551
-0.0104341396897683
0.122061774832174
-0.0562971154195129
0.00407275206168578
0.0817849629709193
-0.000979999144608194
0.093441383161194
0.0367242386348467
0.0662886263546802
0.108353267132614
-0.0255300348901199
0.07830880914839
0.161339524067684
-0.106202351388681
0.110530351789039
0.160687801727088
0.0564364396400675
0.0162367706221856
0.0926170503149906
0.141660575828499
0.111961855563141
-0.0571937223893835
0.0819350816746751
0.0964810737762145
0.171924582912369
-0.0815016071242602
0.172531685914449
0.0934765847635042
-0.0577432088450736
0.101356950036423
0.140083541871861
0.183891708499188
0.127304279688617
0.0521990318858304
0.15239668701381
-0.0331952893796263
0.195286155277881
0.133112524020694
0.1143203340264
0.0484138403753593
0.0809957467750823
0.0336995263960215
0.0998926400280697
0.103331723132182
0.114730824878322
-0.0940758720177775
-0.0192621563922706
0.10312136942234
0.00685733830912757
0.039895369210422
0.0343152845411634
0.272089189571335
0.233456230514143
0.229734651009874
0.253765778124241
0.120133158776374
0.0533387144962792
0.194464927258804
0.152114654760297
0.108749205988608
0.065230521438245
0.260314066197267
0.0389499339038877
0.303768777845389
0.153090012882502
0.249120807348137
0.262148721873006
0.22011988483308
0.138458653254819
0.273379800287779
0.245121340735423
0.180672067059947
0.304190425816109
0.0730708183115123
0.236137326945138
0.0619556303356266
0.101622762188222
0.0812153550011645
0.29608166323634
0.319469294648069
0.295539494542627
0.177300960674586
0.164374770984279
0.252532791228338
0.0742928073644946
0.29954318358738
0.228423775132153
0.291843201920847
0.184319278653335
0.0592058629890537
0.333484881253522
0.162400941326425
0.264051344657885
0.344380440707856
0.0692714416470441
0.263196783883897
0.183970739023755
0.0113503354190767
0.102889354748338
0.458050237389915
0.371337676062755
0.231208946180663
0.156691257713284
0.250143448416584
0.392857572735568
0.290139189735431
0.121350089462106
0.110488278681753
0.17810192158437
0.385457580721955
0.248420468577669
0.356483110486665
0.169020628193715
0.218005077713774
0.204518103614308
0.275270985067205
0.167311693052725
0.353457511155048
0.403958058236727
0.39115333473984
0.172572351839943
0.295254977608454
0.341766126806964
0.419654078675388
0.253966696783921
0.264420521612376
0.350988082998985
0.252359595080356
0.314872909806748
0.236346803590104
0.213991944912279
0.49440587027541
0.387703347864739
0.243127453936019
0.252113490731274
0.349449903721997
0.280286956522664
0.388630960598504
0.237072241085526
0.368147683263332
0.403199120625634
0.414460511955228
0.317610293279452
0.410149462804664
0.435966545107182
0.202057314410104
0.271169135922712
0.350971490220519
0.275164410695978
0.101716020790319
0.335441376290034
0.301978563662202
0.335007260557377
0.213025637227331
0.412601975862323
0.279674770492803
0.315093786980761
0.437279491552789
0.353769404351061
0.179056645672138
0.329729416864281
0.41958507720635
0.358645492943942
0.416906672562198
0.322149928846368
0.348472263293129
0.292413982224538
0.316713715940889
0.340644161573633
0.51473211335881
0.385533108212469
0.410496775214997
0.3382600957255
0.407425250022436
0.286645799274367
0.313707805570211
0.221154842148998
0.273117572577799
0.360311739435704
0.34434165840297
0.300531142666915
0.276632384108962
0.535818184150533
0.322821102319271
0.295990945913474
0.404169983524796
0.273691656847527
0.241377968008631
0.552445417458338
0.517808862898621
0.481392277454911
0.480855323524751
0.399211859534759
0.289740240699594
0.425556526006513
0.487633788850266
0.411287754839188
0.409799279671102
0.450885308259543
0.329688745147146
0.371471525274363
0.539222822488277
0.425636498077274
0.378135353823543
0.367611306818218
0.393881293726017
0.457936362098688
0.517956996550455
0.346541099052568
0.557686086521055
0.511396049874409
0.474417233472631
0.428490975030248
0.525957486323505
0.46838764377136
0.451485242432804
0.473492691265067
0.362116686558643
0.444296999636078
0.506631937079889
0.480307486554923
0.503585859945901
0.541856696332856
0.503637951331543
0.480300652175983
0.513693104888002
0.477597070901828
0.469116562718523
0.49209506493012
0.49535776065958
0.537133532034249
0.648685187412911
0.587209464696427
0.521789300046704
0.49310942486353
0.527509127548424
0.572964114720106
0.519365988116852
0.547855126107352
0.509647751214868
0.599688072645631
0.545213744793869
0.557569184196892
0.513782492713255
0.517873555242499
0.452711235143035
0.523862519613193
0.671425521354044
0.475749180690836
0.494666752481753
0.497551057576233
0.624386595707889
0.576250010296333
0.609962217198283
0.596399594120491
0.65064197619385
0.494477057240863
0.613715984640372
0.573267700838677
0.653214965972276
0.44121115056086
0.585128003293803
0.820849660434296
0.515195757662127
0.618260321358693
0.624351864665994
0.731998273637581
0.535861261828401
0.581279691269404
0.58154920450412
0.539389424718377
0.624744318389791
0.645639861659503
0.573213420131395
0.688621279106794
0.634312510250522
0.645919927841949
0.684749999156334
0.633445436218733
0.471192045841444
0.486435636337917
0.55840760973433
0.564840455127445
0.676371846094973
0.572396527155832
0.709911242972849
0.597400532662926
0.495558867728867
0.70568350503751
0.666081812692363
0.600022845880469
0.593654222077758
0.610031227755286
0.547458388095006
0.426055959011202
0.577929796324144
0.595372088472461
0.499080867132784
0.593194085348764
0.608321627056109
0.575359663882251
0.543966033570158
0.637658638929745
0.718305076964243
0.660677085373966
0.571918048437814
0.513983119985504
0.7441363649809
0.688985457794883
0.537248838602913
0.461205501921476
0.691936611696982
0.500555107860911
0.805193192054318
0.580532636521007
0.736035443311504
0.782530127892057
0.725504979522246
0.633868554210076
0.735248262519034
0.743306184396397
0.733286586698795
0.733788598796062
0.737711818339563
0.608170900099822
0.646130575540048
0.544126040768338
0.664927892632741
0.494318183063086
0.751848950022504
0.687857966878801
0.685349679374723
0.606732398428054
0.568586314127079
0.711631150672405
0.726178662985072
0.726403472307692
0.666344976501291
0.56726236357691
0.697734367150569
0.696544065154365
0.724887233459904
0.738951373892461
0.711272550153511
0.779183025976851
0.785269757064178
0.752384792416899
0.864416181239991
0.692538078679308
0.746326092725924
0.855918726777597
0.801364386804431
0.777971307946727
0.676735353202262
0.68045723197405
0.701821992459437
0.87891034323205
0.804608878223842
0.809162043996204
0.850739174600172
0.750404660015694
0.744590413999379
0.796222312259565
0.660563390946803
0.796311071837852
0.833169378566543
0.808555822059038
0.811079343023123
0.800747048467625
0.681695302822876
0.794504318278362
0.915654534789803
0.589865354171679
0.631725198774719
0.647706519053532
0.886163476655505
0.897239595054217
0.851468751272453
0.798115397229247
0.872013385686961
0.724626288385598
0.760789567608383
0.85582261708293
0.659133908925727
0.63302006975311
0.817994837325257
0.838295428970858
0.839152561651016
0.759030541210161
0.84355909532442
0.882868016438044
0.867280204450773
0.724559062415582
0.744779487212548
0.845949771059531
0.898631313155884
0.859131850065046
0.763259629783167
0.882883846591843
0.906881287815347
0.732726585444438
0.827647252284779
0.718575043464337
0.890283834162932
0.851583144014229
0.968687365104198
0.703371115322229
0.900039895283348
0.820405594037471
0.889391636255642
0.685520922663677
0.936584802657782
0.896024121122262
0.749793281487429
1.11469447490987
0.789173704952416
0.919683542669364
0.995633696597442
0.927280376869586
0.890120565787727
0.871245315076424
0.896972220096189
0.836345152303417
0.908310880322416
0.894939681492414
0.928683685264497
0.800642853057393
0.726369185514426
0.960787654708343
0.745196335676866
1.12424460342965
0.985995732020005
0.84513795656529
0.818089915914041
0.877969255785994
1.02427320191945
0.849049058843034
0.896180443102714
0.960199603243105
0.79174008313297
0.781591688542919
0.965886514494722
0.774826803717975
0.932188268204728
0.953550764278147
1.02865892965151
0.94515609140959
0.979725501280703
0.971634861915499
0.933761964447265
0.81802812714273
0.97728170136013
0.818851509978339
0.972731409605267
0.831733457955395
1.01792942461305
1.12101443842453
1.00321414588546
0.862973910386329
0.769065862851328
0.919065572515613
0.999578638707113
1.00950487199334
1.07687137763955
1.03118616704294
0.96486940605041
1.00399569360353
0.851348838850103
1.03253207100434
1.12050633947749
1.00055707130412
1.00112003144377
1.04006252214541
1.07195065832443
1.08928323446563
1.04715704913408
0.98677894434841
1.09852614558803
0.923584437100822
1.07835519946301
