-1.06544223647159
-1.04607910603993
-0.845120654085557
-0.930613242229616
-1.22635771680101
-1.0078095916442
-1.02906146208813
-1.12989659989337
-1.17446375484742
-1.05372124689638
-1.15757987054184
-0.891024188599634
-0.96937303460848
-0.894958457520823
-1.00805236616159
-1.02877868363714
-1.0426932464084
-1.08806756072974
-0.904627472153725
-1.00734731171976
-1.11443534092293
-0.928305920916973
-0.819126336655371
-0.942623067633825
-0.887686478213561
-0.959942613027972
-0.92116139738388
-0.94553869688575
-0.969067595258792
-0.834607032163266
-0.825416864775804
-1.12204851801438
-0.843494877568686
-0.803970543908078
-0.864785963433999
-1.0015561934199
-0.78986664374873
-1.08969388911355
-0.9117968064264
-0.762827861184218
-0.862161244287188
-0.823972038556487
-0.923496321094872
-0.783634830951349
-0.83352329826168
-0.963826508386268
-0.803635691211197
-0.911871854684853
-0.867466670656346
-0.847542828924646
-0.90775873851744
-0.938678292062549
-0.94188590014438
-0.91077238213003
-0.907573655155591
-0.932727280109181
-0.926412612762661
-0.881243476841349
-0.93516201283217
-0.99414599076872
-0.997055303670226
-0.821410849697865
-0.809060796166653
-0.901057057057088
-0.869837716742621
-0.775519182513973
-0.836014076139149
-0.84445449543898
-0.829703343040476
-0.859993264985034
-0.892952234646721
-0.944544718359363
-0.717111141913808
-0.786474310527829
-0.849412704844893
-0.861392878483557
-0.741908085176549
-0.938421042337602
-0.85141558467855
-0.807922090219005
-0.840953443297204
-0.924544729645976
-0.811450422161769
-0.866755962998451
-0.788683624842543
-0.78664966176762
-0.769139319077552
-0.957151326400906
-0.952558934146039
-0.879178946788296
-0.779942327834012
-0.888426411264651
-0.883903421102273
-0.780957146367225
-0.902995772642936
-0.891915098628501
-0.796672259524701
-0.930694151829499
-0.779232386915018
-0.745590863503225
-0.664738870602113
-0.981036623632012
-0.562760803848762
-0.802788853368859
-0.820332873025884
-0.788736672118118
-0.633271428440149
-0.752292750132864
-0.659823116791739
-0.599713177065822
-0.847630484972946
-0.697189368244204
-0.740697682084504
-0.764804946216916
-0.818944159340369
-0.701606474082927
-0.766856071512569
-0.745087153822528
-0.810280563511467
-0.694732156074215
-0.690282159634488
-0.723775909581105
-0.748113048484862
-0.849011354617795
-0.592262675135672
-0.863760630222186
-0.814144694670715
-0.719327283228174
-0.744591009124253
-0.894992605478158
-0.773513108681628
-0.719878688866248
-0.786648440957501
-0.634575590407889
-0.644733993546151
-0.595339658833468
-0.735429796598656
-0.691879050626462
-0.624199410448584
-0.642800472722579
-0.682475271120424
-0.620139881486581
-0.832536491429545
-0.752501284005936
-0.814474023310347
-0.676878172935144
-0.550871475916845
-0.634040636402044
-0.696643958652215
-0.660711801680254
-0.617457674108287
-0.730854635488155
-0.685931377793388
-0.679005131870516
-0.632930828455427
-0.717206568500807
-0.768608815721145
-0.689404292186396
-0.682731092982326
-0.745015239486265
-0.69520904490315
-0.840313019400657
-0.720338335792249
-0.669792164156132
-0.611105811458413
-0.599686576221947
-0.53857213142921
-0.670562411968211
-0.640525965593569
-0.685412586886077
-0.742167588627345
-0.775086003888157
-0.679445001990317
-0.78351973452288
-0.741383642767188
-0.487936104847994
-0.626991329530638
-0.647852659311279
-0.716311903412449
-0.670256977303444
-0.632138734963964
-0.728017429681672
-0.685134240098499
-0.650687833179894
-0.532173516881083
-0.589047541244543
-0.727114065891107
-0.690626948991613
-0.5682047563932
-0.732999433310864
-0.763503827916485
-0.615925651477885
-0.605520053346691
-0.583543656974668
-0.670671716251741
-0.631387980483409
-0.672272238594746
-0.315896517101747
-0.636053882748854
-0.657561278895462
-0.526254691089732
-0.55467735376818
-0.643494325334112
-0.528550319809207
-0.676315967247266
-0.61756914938776
-0.773962846832082
-0.636894891442127
-0.603753213743164
-0.535257830197777
-0.616372488122967
-0.516371283084282
-0.410890055228816
-0.548484601683619
-0.515415766311102
-0.570270216722293
-0.718262069057341
-0.637598863915118
-0.493910923725637
-0.594073355455769
-0.501082677747652
-0.511095766329909
-0.588370573858957
-0.494068137554654
-0.609603436228335
-0.618740459793968
-0.574658102067522
-0.483501356185233
-0.498411879223314
-0.616951137540417
-0.513999298777562
-0.532697735439307
-0.533248594629382
-0.569395995315467
-0.579701227750579
-0.436474202280651
-0.439894582442705
-0.533661553561776
-0.543746470047526
-0.615095676780088
-0.470256221606867
-0.399020128337514
-0.558474628381729
-0.320673913440865
-0.554367555092506
-0.580555748265193
-0.544616646702217
-0.571478975986096
-0.310967022524892
-0.567437344218325
-0.450013234034437
-0.472935244626298
-0.518322563955927
-0.482927658718489
-0.355871812733702
-0.462614656124584
-0.490351689181514
-0.372164166378102
-0.557897733171175
-0.446905701873298
-0.462071837362561
-0.437812473213991
-0.573595050611217
-0.418238530929544
-0.528104383596877
-0.561698788718468
-0.531954415476184
-0.49872721920112
-0.490005149209121
-0.609963356016905
-0.491146155531197
-0.475253605445781
-0.448027799059898
-0.439724257016403
-0.449397952889977
-0.674284473624422
-0.570145842795701
-0.202796705117323
-0.523588531776604
-0.346118004512561
-0.43198266819599
-0.50564029779244
-0.461897108360197
-0.352542440519126
-0.377395474976425
-0.412683503204268
-0.505195894465606
-0.470178215553005
-0.374912024363237
-0.342755348116931
-0.454850245409236
-0.313726477769035
-0.410844480514509
-0.509650968201041
-0.439613757051875
-0.489862575593873
-0.472749325388814
-0.251905155897419
-0.398258059772831
-0.40415048819114
-0.417315636385974
-0.401689157181826
-0.43235018590484
-0.384386060982068
-0.492684064493363
-0.554137628683521
-0.50045704389301
-0.3653113400655
-0.378122669128689
-0.381592878986839
-0.400937342317717
-0.27712784740349
-0.463219739250494
-0.29138451504386
-0.251947315716551
-0.540298424121009
-0.29402382260357
-0.406410910583796
-0.345430815378806
-0.261182678222076
-0.3825345341358
-0.497021557847354
-0.309387344439298
-0.36499313963944
-0.234049995865352
-0.295530527923132
-0.36432755602716
-0.375383156253731
-0.415749877956202
-0.574550667876967
-0.186763904334485
-0.246242955526101
-0.178884757209049
-0.258799299864478
-0.390991009959809
-0.404457669807527
-0.19263375147923
-0.441550974911563
-0.294615375895816
-0.287654077283037
-0.351709762095996
-0.394164038783064
-0.330131500889024
-0.399016510216333
-0.215500059090203
-0.295035861305168
-0.219588262859638
-0.337032106864766
-0.343595321001813
-0.216314132909246
-0.262697189338083
-0.284164099560199
-0.330281580699062
-0.432919708731268
-0.250868023490395
-0.0868567885850555
-0.119157398604276
-0.127419795492609
-0.195281046314128
-0.491943940056196
-0.220247519964722
-0.425039818392372
-0.301892730775546
-0.306027302126262
-0.227119856609869
-0.288633121687661
-0.293861716172312
-0.419868238098802
-0.207564554164989
-0.345349941183271
-0.251378830729419
-0.398688217601104
-0.286356186368842
-0.214853395763268
-0.278795609625052
-0.27333800500073
-0.414889004557357
-0.127894349221587
-0.114829388342971
-0.240819062547118
-0.195868082850214
-0.161037827039977
-0.409051028840397
-0.288762273251452
-0.284349451891013
-0.237857829207732
-0.209224122755846
-0.267128785360298
-0.225377057080598
-0.164689320795157
-0.321693233260478
-0.0610411741122547
-0.263416491848374
-0.162835165731017
-0.21942961424184
-0.094409162386007
0.0280682959569453
-0.313224015627451
-0.201112645184683
-0.173583554684823
-0.229788707389621
-0.208199792636032
-0.0591825799905445
-0.177297483324123
-0.324739786714499
-0.199824070295087
-0.2332699763849
-0.136796757691898
-0.277168813138169
-0.224881440429299
-0.263214929981717
-0.094734118146842
-0.113511884012123
-0.174273611314662
-0.201016161890747
-0.128578125781235
-0.0831674916766696
-0.150456777891492
-0.241849051357548
-0.101251452896855
-0.290769703438695
-0.179058193803631
-0.13693298024232
-0.0666568876627299
-0.144551065943964
-0.302477271418658
-0.10101453922549
-0.143600511008213
-0.148684802936654
0.0108639463835508
-0.0467773246692204
-0.192619426186187
-0.141395020589037
-0.208655576655027
-0.137037102203433
-0.265802002684849
-0.212532627631148
-0.15102441892203
-0.0915724770889208
-0.169044892059552
0.0016963116148904
-0.170860663378344
-0.0466304507756581
-0.133635202175557
-0.157536663735293
-0.0424879365142114
-0.147559145172614
0.0399581732703641
-0.0645727583841736
-0.173644700614238
-0.230827113086549
-0.069302258292175
0.0379004341354445
-0.0743182153249858
-0.0261137412655369
-0.0988283929744495
-0.0418008074724202
-0.0200306012610796
-0.0224052663436855
-0.124624817241292
-0.0295318612276224
-0.179620600519598
-0.00326390104194018
-0.0866496686836406
-0.0831601239486125
-0.0651906409626687
-0.0815749819372077
-0.131377633272864
-0.13551786345228
-0.0853655850223959
0.0202445499830927
0.0232303065263534
0.00278909864292537
-0.0714387843458129
0.0437371822602644
-0.0299746195235211
-0.143043022445786
0.00251826318317779
-0.0618696151010636
-0.0365928562315539
-0.0846475481590025
-0.0372833482825566
0.0210737340664128
-0.0626715727166207
-0.0487356824352413
0.0623541056534763
-0.0415801893276893
0.081414705500339
0.00636860093226669
0.000424127420462927
-0.145392441561248
-0.0854410612233929
0.0470738526905612
-0.0917826912342762
0.0463330672137941
0.118792907836094
-0.0791950612208863
-0.202404780742979
-0.104090909390696
0.0108235046234448
0.0270277938672414
0.0594593923831522
0.107243289530001
0.103215197980099
-0.00758933081012647
0.0408434439858772
-0.0388293723181335
-0.0100618665564894
0.127322867905665
-0.0436381605609941
-0.0378607303340608
0.035627294362856
0.0570237506108139
0.00911465692660771
0.0932328341088658
0.0367296114701779
-0.137665414142913
-0.0219528114956432
-0.0447679311089004
0.0583510222487557
0.0220061882814153
0.10771133262648
0.00665191570743424
-0.0765162133473207
0.00705634767100374
0.00482891442306679
0.0124878894652822
0.0703079333531077
0.103837337794331
0.00715010247016466
0.138896587207275
-0.0589710455102596
0.025896684283942
0.153899062972069
0.167807709105088
0.0877003994300485
0.134826903399729
-0.0506304833873688
0.109747477923136
0.00359939050833617
0.119186510572043
0.0959766379167067
0.025537998471463
0.0782495302351189
-0.0656042233650674
0.0516938211420973
0.00120195787211362
0.198769137114652
-0.00753713694304782
-0.0298179630208043
0.0143475281292146
0.0132936477088482
0.195357219350868
0.150090042717569
0.117514410559796
0.0817925639273551
0.207674551029607
0.114837141106317
0.139445386205885
0.123071572488078
0.130664101315836
0.143068475182724
0.173492544169707
0.193842881494748
0.148784615876653
0.319387642507472
0.0896204697629385
0.111281492927705
-0.0810599245537529
0.00662308504523576
0.237264975686235
0.130293289341097
0.278061638950684
0.175258323015643
0.0352212181265252
0.170528259409565
0.122172113022973
0.116379501842439
0.252838280539295
0.210340920090154
0.0613839819257983
0.0604149296220193
0.117033172118813
0.273937293435605
0.0827144824618007
0.111664412611115
0.110699105039521
0.250405248622075
0.205229217932559
0.278970854328916
0.0563005590332933
0.350778098152811
0.274082623780666
0.118832318414756
0.189935135173908
0.222885823808161
0.198622803409424
0.104546168651914
0.218624285000605
0.12571405473259
0.206620905795827
0.12090837543174
0.223558415468193
0.0835198418530071
0.316218047450357
0.323280007457929
0.225367348646803
0.281959928995066
0.347726786115453
0.1532956344497
0.276818886654476
0.195220155071731
0.284876021995455
0.322516274215901
0.215500790930256
0.142958602970151
0.104663361804536
0.304197663617134
0.215323703528151
0.268406374588846
0.211582244300288
0.212967813199924
0.254040858031023
0.161822135043707
0.118960621539813
0.297382842113627
0.257665147994099
0.272519902313141
0.392863376513399
0.276472939687462
0.318285750937388
0.233546109292847
0.254407923405428
0.258662323039548
0.299423929554545
0.287199499278365
0.342213055002878
0.32894741243955
0.37810189339443
0.151339015177026
0.34316281294813
0.333515032916991
0.264701445443284
0.321376911328366
0.222943816081792
0.291040864173031
0.32932111334292
0.286019048231634
0.350338251546889
0.218137844836824
0.282814777139395
0.306438800365
0.349849280541913
0.358373744526603
0.289405043921136
0.273482094003261
0.343956442376935
0.325634766676109
0.254166809724807
0.313888804951785
0.330462372528656
0.207112071415913
0.334504133002441
0.339555353208852
0.354131182014083
0.449387241592942
0.357619052885129
0.359624148857067
0.303916413453922
0.273825809538227
0.25537624329003
0.40716337865863
0.323414753664625
0.238419572130011
0.378897308809188
0.376717766251819
0.261512202571047
0.393611929207804
0.398113814884686
0.329768143830657
0.252790468711448
0.38543843338043
0.453903739160145
0.342525496046405
0.218375817869987
0.306194187412322
0.328633739992902
0.354137420326383
0.487135834767659
0.51005592033941
0.265110707565137
0.361500999531381
0.206373099926009
0.503396655015957
0.357544878680425
0.29839676409853
0.388574449809858
0.427023785102995
0.366710337852588
0.525326929660949
0.268921354918979
0.532971043315225
0.433627350395617
0.359528945285198
0.480367861797212
0.492864415677819
0.204330447352833
0.40395168796579
0.452516043265284
0.464254947132422
0.448682836804701
0.595816389295832
0.355077293198687
0.426433608016213
0.404543581767063
0.382862109543025
0.47402773405254
0.437979483040584
0.375768484728032
0.373247111873926
0.247417420475163
0.497397833932189
0.426574253176022
0.404461944547048
0.397822638377166
0.395329796458253
0.548610014967449
0.328519382130696
0.307918543494489
0.347888469246948
0.331861203475476
0.42846407101511
0.367442919350466
0.27808455877514
0.46381631686658
0.499246334437058
0.391710347725724
0.536319905474848
0.51130782932583
0.553563824378387
0.48973260918651
0.44229246294299
0.63226426248775
0.374977635340951
0.558936850123737
0.551953551042248
0.458847091437108
0.447088676289528
0.447863428580048
0.553144212211008
0.516881432772371
0.58550413527661
0.450219488649557
0.586886133374985
0.544932176810715
0.537375282069359
0.522163241922731
0.602661963014978
0.635489880184147
0.580560613516414
0.455026027683689
0.498046496155277
0.505628419591408
0.431600847809858
0.632028657660565
0.570613376263359
0.706314926346239
0.574788478495265
0.457038445834824
0.487639731613515
0.630741965826575
0.536972788785029
0.404305167233442
0.588640839599546
0.56252493041839
0.590398942623602
0.5080902573713
0.638408223286924
0.73444430156736
0.519484854871151
0.582609153108931
0.409863548988628
0.493798142511248
0.696521650717995
0.676540175570947
0.669772457364225
0.57018118784495
0.668607089594004
0.587765594711154
0.786243909316487
0.595442640464428
0.466639495907553
0.480318140871577
0.538418790233239
0.448700692859143
0.67690127174625
0.554016665902576
0.434463177835588
0.662316463198746
0.44628768292761
0.604474353324748
0.513054332984704
0.588991865223984
0.633992735643915
0.520181433072519
0.759225652481172
0.564147835580656
0.596123226713363
0.725818127840069
0.61908365349984
0.565328900697101
0.604780710236613
0.568327977925997
0.652113340830592
0.538779718093862
0.594879608151392
0.6854580378054
0.529043722016423
0.671824343321427
0.532948980572888
0.689238858467934
0.655798913316081
0.729464400380221
0.715656592824766
0.771314942030041
0.706664745367234
0.644977405862402
0.728516738366042
0.677090656762188
0.709077954380499
0.631897167683855
0.78010350646982
0.626924608131442
0.660304820473779
0.687801549648791
0.710910494777473
0.861077402493721
0.76328011902017
0.686844579095358
0.620311830803963
0.718301113556843
0.598311792414352
0.656097058878052
0.674153122708511
0.669576173057075
0.74205651441257
0.731474488417989
0.549590108271514
0.709098980299639
0.634939548597439
0.748998043180135
0.793887367982764
0.615944191562708
0.802283959297821
0.750583259733159
0.858434283171413
0.684350549802744
0.704879251632509
0.574853900885459
0.742886167786885
0.688902563230888
0.816781887529597
0.644350723448101
0.738551488617434
0.784194320903653
0.776121597914727
0.697230187483685
0.718639927780474
0.824080101751977
0.698830044007851
0.764644037048832
0.742294325573802
0.736694292674453
0.788166205333053
0.703004858658429
0.814061486615466
0.707112398681763
0.763661822917176
0.642913399607683
0.665195123419944
0.687816602857497
0.791722014990549
0.878472675908986
0.8452787440802
0.698605857061388
0.753799605878736
0.719774467219778
0.817112628267216
0.680428751648421
0.769481935991339
0.786462133402076
0.68138841025504
0.723292893287375
0.708070400716598
0.637215609371077
0.92632587675675
0.660280444425143
0.766360901601545
0.82245918600879
0.731414287346392
0.758387137550646
0.72790851225912
0.783344646633031
0.708888513177017
0.915207231318942
0.903764410576758
0.7298257235725
0.917628105161325
0.859662339844578
0.969607141279198
1.00611565206705
0.83019092613184
0.805240024541903
0.754411348783795
0.834917247306863
0.815722462583678
0.852980175087435
0.809205519748701
0.974283709780454
0.780697780419557
0.779627619698323
0.771994495741959
0.906510093004515
0.848008643427687
0.877271735214517
0.820632503917248
0.91668219475677
0.870749352109521
0.851706105276287
0.784511479318161
0.799404581370255
0.809965435304561
0.826503558409116
0.804997788924266
0.810910359109848
0.919972012289619
0.921167707178747
1.02189172017344
0.778401442454018
1.02658091691618
0.713200748656298
0.960232268847673
1.00853774867466
0.92227767964277
0.984260607270963
1.01233882453473
0.858501132723805
0.851124731455725
0.977772294751056
0.877979725591567
0.922804818056117
1.02233928779537
0.996582151887724
0.920238820682759
0.889449569730908
1.07697950474121
0.948851168130192
0.970791244420011
0.973527988828002
0.940341953017063
0.945272570410099
0.968553689996083
0.883709816136218
0.99235368843164
0.865991275755474
0.90923670854618
0.903129124714142
0.905471615046678
0.877839679470519
0.884474517090252
0.758825066436259
0.827971599926339
0.932048352766326
0.9822073361235
0.937333127066715
1.05384068859107
0.977853704158117
1.04226648416563
0.950698412421491
1.00256429394934
1.01113998822466
1.01288522728691
0.993334612940174
0.913310235698117
0.960841299041461
0.951419082128561
0.954040658935172
0.919681608156756
1.0546651380096
1.08658097433869
0.861376470617914
0.926536177506872
0.978841521321428
0.912718138119552
1.06435410695086
0.944729445833374
0.978673214791662
1.1424696478593
0.93215488148279
1.1428352925417
