-1.07735328292575
-1.03872360719804
-0.832028987987566
-0.928012067014107
-1.25624198976769
-1.02374786701149
-1.04014120914667
-1.10011783199211
-1.16254138927702
-1.04945915025198
-1.13441641138175
-0.883272444599782
-0.995301445891834
-0.901720028190559
-0.986766355105576
-1.03333847572179
-1.06044695394477
-1.09065338341055
-0.931345474528299
-1.01856862911451
-1.11447246059293
-0.93408282840166
-0.804766876200419
-0.937893310413032
-0.90844980083156
-0.992402423287423
-0.911155106458855
-0.940150756098028
-0.967758302628618
-0.849328007376587
-0.841457101719567
-1.09852619860878
-0.847792265617917
-0.805406555692347
-0.874672633162261
-1.01542275794342
-0.774405616184468
-1.07855448341013
-0.907952124630044
-0.757531070427459
-0.84663367048477
-0.821778885140944
-0.911780027350672
-0.807056912517298
-0.812986763840705
-0.955612131484131
-0.806782206217345
-0.898491883658532
-0.869671177910027
-0.859995839273802
-0.913326906912683
-0.944265532981599
-0.93462554984021
-0.922962449535644
-0.893410199171566
-0.940541851876901
-0.913082360287021
-0.903125774873394
-0.907135631796473
-1.00262024614072
-0.987787114606292
-0.822138928283309
-0.817112115785852
-0.890958308197387
-0.86181758118244
-0.784231853891756
-0.829414029911184
-0.838400476511345
-0.805902229222368
-0.851704422711496
-0.885264348487387
-0.933566764199996
-0.700704612035324
-0.76508833243166
-0.877722673339773
-0.830328768945731
-0.751670583954839
-0.946388406762712
-0.839897911964373
-0.827150000936599
-0.842181535173514
-0.924288925997429
-0.805686799465936
-0.856178886774321
-0.813280537178271
-0.762504433413979
-0.781159439164558
-0.965808741849487
-0.957379765960316
-0.877254166420462
-0.784227648171875
-0.891557954026539
-0.893119542998702
-0.781295780825914
-0.900199361478722
-0.905935290653244
-0.78846292125107
-0.938728466440996
-0.772556900963164
-0.755799003312313
-0.694865223053789
-0.95496064389263
-0.553260999369971
-0.791087476619959
-0.811097670815943
-0.765017092314977
-0.618536321244986
-0.754873543357458
-0.684378070306413
-0.595472905224501
-0.835543520199921
-0.696663512419433
-0.733687805187844
-0.75699036224665
-0.825068339257245
-0.689412337826379
-0.785552648738984
-0.732236688947157
-0.809882091748345
-0.696094227740672
-0.712624923824496
-0.738338032459747
-0.744464424707803
-0.832976619497877
-0.579193631925731
-0.864864791091828
-0.811651961936285
-0.708646784965759
-0.744222177621654
-0.914202915107038
-0.764234292736026
-0.721945788958366
-0.777997395018442
-0.626359301027295
-0.639294690373302
-0.614329132498109
-0.749827999772515
-0.687565952954216
-0.62861824171214
-0.632979579204372
-0.669190368638688
-0.599530766362725
-0.808973737740993
-0.757133481325659
-0.828845904468836
-0.655932504097312
-0.538392713553822
-0.635589294519661
-0.710177348730572
-0.653297386820651
-0.625853112152599
-0.721316647764575
-0.682870403463588
-0.701802759020719
-0.626127756922538
-0.714357100679487
-0.778090431463416
-0.71604482533639
-0.674368777645905
-0.754001531176428
-0.687316588181492
-0.830821981357325
-0.707101803902745
-0.652608919438279
-0.612475678190159
-0.591261744620136
-0.535731027530262
-0.671369828949315
-0.628239093864792
-0.70630954306242
-0.729295349974254
-0.778046882502704
-0.660226231833408
-0.793005606663827
-0.750463145905697
-0.517262926604607
-0.62336010264789
-0.667726796065285
-0.710532856008439
-0.687897844404088
-0.615276812486905
-0.710105703542995
-0.667735461328292
-0.645969597884887
-0.520269973001441
-0.596026253498113
-0.690137587163664
-0.703546678482503
-0.560459341043329
-0.732154900182471
-0.77855643556503
-0.614082133679625
-0.578940496196841
-0.579473844550356
-0.668278248081835
-0.630652864693032
-0.665813789634846
-0.307467030605431
-0.634429508839664
-0.679852107418456
-0.528268572981823
-0.573703087663207
-0.63495688933472
-0.541499071309553
-0.665483904429671
-0.636348195503067
-0.775555348461919
-0.650518802390937
-0.625328594546011
-0.540346779658825
-0.600118929489766
-0.534382633035557
-0.408498602396508
-0.515105789942788
-0.523043971967693
-0.55274292446971
-0.703751446885529
-0.644631903990461
-0.506646568129502
-0.602902064122962
-0.512155737199821
-0.526385536453534
-0.60444287669619
-0.496189730996615
-0.606535409054465
-0.631381728114719
-0.58850569231877
-0.504337255611041
-0.514791891753503
-0.604019417485796
-0.521198107991467
-0.508732610686733
-0.560513812031699
-0.56709886924943
-0.532477378093276
-0.442764688495218
-0.447097350912518
-0.549092494179152
-0.566523446060623
-0.625904562143316
-0.475474391884454
-0.393981079228892
-0.554403664920969
-0.302062676213982
-0.559955620066479
-0.565527975905985
-0.543020362370478
-0.556390684243482
-0.35926713416484
-0.542022590244015
-0.445683288672835
-0.474477847432365
-0.51805349575545
-0.499741131252796
-0.391067442765436
-0.458757125552592
-0.512104615789048
-0.36020440138033
-0.568042207633415
-0.439647944338521
-0.426328954587481
-0.434492482146809
-0.558267556135283
-0.409935144219598
-0.535747950319322
-0.533958499429525
-0.544327078128405
-0.494658821109766
-0.488516336617498
-0.602193011096101
-0.516847784795618
-0.465195668596472
-0.479330286011488
-0.438864799814825
-0.460062907104275
-0.647226220889796
-0.592604186171854
-0.245111627640638
-0.531117702861862
-0.375209625773102
-0.41038150511189
-0.499624026617839
-0.460507766108342
-0.363534592085548
-0.379251299494068
-0.398110960405245
-0.53382078289454
-0.475623141511032
-0.370966823713582
-0.34584694745022
-0.464381848459793
-0.281965390665231
-0.406517331748866
-0.499926709238585
-0.439306999019753
-0.485839157218862
-0.468189523124281
-0.26986660942742
-0.412336559486315
-0.396810988365703
-0.408353275905992
-0.401315673297277
-0.440776348895899
-0.378885907964346
-0.507165365889264
-0.553677900789498
-0.499566326720807
-0.350788388433264
-0.392815420518322
-0.398483011917658
-0.404509861035265
-0.284108587495235
-0.473382117432431
-0.310534340256751
-0.245379981050446
-0.518808774249397
-0.271892743042668
-0.400240977373839
-0.345400723836285
-0.269258974729005
-0.387282126343536
-0.514384923228721
-0.301158689171128
-0.334896966015857
-0.200217367463115
-0.273347417865288
-0.344841125378864
-0.378151750545616
-0.395673485325662
-0.587337797475755
-0.194742342536855
-0.260315660876952
-0.191907749086606
-0.255718786256565
-0.393202513225786
-0.394329121430531
-0.194574943257277
-0.445625489386964
-0.304442065632199
-0.25982483058865
-0.370417157991334
-0.393260428177746
-0.317778172210604
-0.400149725126933
-0.236729769456296
-0.293731089300799
-0.203656614661511
-0.348755700335334
-0.320641078369583
-0.220580077021057
-0.279439920107323
-0.287439506084747
-0.329991566514661
-0.429942080419183
-0.253607066410824
-0.0966072276647385
-0.119852400668877
-0.131690326605437
-0.198744963985802
-0.505582029318562
-0.209004162297498
-0.417553557901556
-0.306197161741344
-0.318899789757521
-0.226519988764566
-0.292121129077175
-0.315562697194655
-0.416080901431757
-0.234829159609349
-0.307727147060564
-0.254632167641948
-0.414056925643515
-0.252581074961328
-0.219330087941486
-0.27517843387948
-0.264573169318839
-0.418236112513413
-0.125232935272422
-0.113415131974439
-0.239309796023163
-0.159659370082304
-0.151337640759089
-0.410191764412551
-0.308124095394896
-0.268458584727501
-0.217407901383652
-0.190342785607636
-0.261165873007007
-0.223675375898321
-0.184921726320252
-0.302755952631814
-0.052194732983665
-0.25837823758035
-0.169475238978195
-0.220185684259632
-0.0858434356486771
0.0319546946653059
-0.325783517375133
-0.197813049088174
-0.167460931610534
-0.215495177634855
-0.207085718961458
-0.0682375592930868
-0.153515754031705
-0.313794792215563
-0.203858462610383
-0.239825893442016
-0.124223774227786
-0.255719258769533
-0.229451873808588
-0.262721662533361
-0.119365073676786
-0.120336557278436
-0.174390667713548
-0.185764794005706
-0.166423330572489
-0.106200026719497
-0.160793751561684
-0.231242851275497
-0.096777339617965
-0.279641378741458
-0.190715351570671
-0.150893707041794
-0.0815153507434526
-0.135125078194385
-0.309057858117511
-0.101600553354055
-0.146078726701382
-0.164154195947018
0.00475607883892253
-0.0581278846286222
-0.200272665661595
-0.168858252965266
-0.212963448755
-0.116183132048382
-0.268109752907028
-0.200952021209025
-0.14650456106416
-0.105830412995448
-0.193574699868587
0.00675566811568698
-0.169522765065432
-0.0616040585919843
-0.121317804566275
-0.150005586854277
-0.0469048818343896
-0.16162170915449
0.0462592448149011
-0.0364015791771793
-0.157253455979407
-0.216190339876128
-0.075142134054895
0.0465016332147215
-0.0797671344504457
-0.00656594102167528
-0.0878796532052293
-0.0493561420917438
-0.0405476449747378
-0.0220124991091973
-0.142757334004622
-0.0408145869241113
-0.167830284820846
-0.0185016429169002
-0.112621799017802
-0.0767809178198662
-0.0738195847005919
-0.0986295086820644
-0.116911975697359
-0.132033900219684
-0.0601712858832492
0.0256920741574695
0.0112487016046047
-0.000306107487175941
-0.0801458651127482
0.0389141089926525
-0.0268011924274448
-0.134959840814294
-0.00307171767184146
-0.0688277595569513
-0.0456351364822723
-0.0913222968709475
-0.0188762139449602
0.0333105550975876
-0.0577217568749819
-0.0631519420981372
0.0528841675640743
-0.0639042434189276
0.073657713515467
-0.0149935264563066
0.00693945564797978
-0.142862399214076
-0.0909743827300491
0.056755196519876
-0.0824480462237154
0.0536237056285774
0.122293764911233
-0.0989476366815672
-0.203213147781311
-0.0989038948525893
0.019350019693425
0.0341008147964327
0.047975518449264
0.0929236898780941
0.0976414893320124
-0.0292727513412509
0.0488545645655015
-0.0680410214676157
-0.018328792994358
0.116072636359577
-0.0573871116755521
-0.0365491118651092
0.0436753046388949
0.0478992572893368
0.0314117252727067
0.0939359650891482
0.0237271373587306
-0.131589183904766
-0.00309397573772472
-0.0561993301887993
0.0519438554222745
0.0366357727014395
0.112613933930264
-0.00158797971664482
-0.0802525710807223
-0.018531871094104
0.0186310976491188
0.0121634293101653
0.0751569010416261
0.117259303668198
0.021854001272994
0.133528888842186
-0.072441040936129
0.0255056248860048
0.149295487622106
0.146728590893709
0.0734991059334312
0.153306659076232
-0.0379438678702105
0.112451871433066
0.00783568191462816
0.118298329393464
0.0730719632064787
0.047257971533009
0.0825321227743404
-0.0571528213638655
0.0486001679652218
-0.00320188435144134
0.177866789407639
-0.0107384298223038
-0.00774662121348734
-0.0102049050835544
0.0269952171437123
0.180119992932817
0.154797966425763
0.10380322854648
0.0783572692630827
0.202267035548061
0.101520039845255
0.144735486333959
0.126591932246949
0.123714431596419
0.130783870827319
0.167553283680125
0.183430634266442
0.162856964132563
0.322277608046462
0.0970107323936125
0.140769411315057
-0.0670392278861784
0.0338641199122885
0.251719970764531
0.122142305663683
0.294155995829469
0.15822264909851
0.0352904137629535
0.151905565773326
0.129429618389577
0.139540322229952
0.241336401454515
0.200798200328618
0.0714766867178949
0.0781712597222472
0.121596305317539
0.289469888702913
0.0518014179187799
0.0980403589271318
0.128649729356691
0.253100681389784
0.19821206089434
0.290539342037124
0.0657069258807828
0.345472457748859
0.271394742704888
0.110496812562355
0.161671761840014
0.244922728001306
0.222320559089191
0.117522286146076
0.209407855750899
0.118963665651479
0.210248517722821
0.118567218284931
0.211799847232971
0.0985967187048184
0.30882602686246
0.320285986287502
0.217527327073764
0.303185023319752
0.347702126275165
0.15844362141906
0.286573676019134
0.1985937396582
0.292498139372022
0.333641106713983
0.216752277723461
0.147928246871327
0.11160047235688
0.303694085285978
0.231582791668342
0.253454183020082
0.209624554821284
0.198779901611028
0.255934920505515
0.14778351136488
0.129488033828242
0.285027306875293
0.255337691699375
0.302561149249983
0.404164602631699
0.305733249707349
0.312742492431321
0.245021729036181
0.252640976681969
0.247685528688324
0.282937123657252
0.288743179575869
0.363438227222328
0.299078279307814
0.379977595763854
0.146825109744561
0.343558270328226
0.353715385701154
0.250170902234205
0.338063890635424
0.232027347940926
0.299580429132077
0.321050025330789
0.289483474271122
0.35549727637037
0.242847757957529
0.285308708317667
0.309362166229559
0.347522305318105
0.392433793009954
0.288288836062693
0.286229170104888
0.364864427275847
0.334229516501191
0.273353327112601
0.301923002412505
0.341037084742513
0.207222832580607
0.324395599976907
0.328524239372329
0.354693138254008
0.449207358547363
0.361622092291839
0.368244950406811
0.315634927067782
0.267960637950845
0.255081549260908
0.422114891218218
0.317524780313244
0.222217742887056
0.358491827894636
0.364766604490624
0.246581183135689
0.400032296780206
0.415435819593891
0.335972081302087
0.242203520816479
0.372740861294932
0.450398970129484
0.340776826828478
0.230882624458614
0.307744833544551
0.350743492660385
0.347437876650556
0.478943611290416
0.505742115942788
0.261360653896494
0.363079336294491
0.192975422593195
0.50453325605439
0.37126318635026
0.308480382207572
0.395652598971177
0.409600997554055
0.350766903894891
0.516500172525995
0.284708532199052
0.511420559467593
0.431026480582635
0.37336025508447
0.480108926558194
0.494682247074422
0.222849578702191
0.388419570517914
0.447595999192715
0.428722872893404
0.461918068679033
0.60288285519047
0.356388530374182
0.436938539110744
0.407868458589991
0.380977276445193
0.488464938938725
0.461438856002627
0.366635355666303
0.396926318976885
0.224776791112371
0.492846843070123
0.400844688840708
0.43209726380371
0.401618467766361
0.399763357362338
0.529135312913815
0.324602002395129
0.313729596601429
0.34859534318024
0.325834244773971
0.447715541540774
0.370900531114756
0.2859126005353
0.445643565453251
0.511193119253468
0.375952460275475
0.528238822121378
0.542556053392585
0.536029813013511
0.512423884405369
0.463503677049934
0.623054353027685
0.372853617231794
0.556454533869778
0.558412505441439
0.457897410451649
0.460691603572209
0.458998658765513
0.549951002996258
0.516836186099219
0.601393448754616
0.432629031604694
0.610446876526034
0.549495317551959
0.543634604707179
0.50219426595654
0.598328537891045
0.635335882308541
0.620172161786136
0.465960942664214
0.488934144457369
0.514827854853201
0.411254707795791
0.640721305678591
0.582667570051761
0.703417710334401
0.597731276358277
0.467073093108639
0.476837097320192
0.63354220229194
0.524456406077255
0.380383727180323
0.591968588154338
0.566501055014718
0.605636865920607
0.494532501005394
0.618534082494483
0.729206580405556
0.491010134354219
0.585099363335581
0.415739969820062
0.502326276064778
0.692040499716335
0.666204704565944
0.666476910387022
0.581492854570768
0.669176102350107
0.597245223286428
0.773621163119678
0.596517853300254
0.460719732347835
0.467689472550721
0.555473545425924
0.440531467288189
0.66107926502212
0.548061925629561
0.420687171809758
0.672756970366597
0.454854940121782
0.620930856523884
0.515530519493082
0.581838428351663
0.62733779686463
0.501345850542527
0.754010056872781
0.576975322196259
0.620641889226835
0.719584992419164
0.621340201645228
0.575123688730069
0.629766617794975
0.572739395902249
0.608840864481883
0.528547368829347
0.587771973951362
0.681049249125154
0.525122593912648
0.682576934487426
0.527865067946142
0.672592432615524
0.6519033879735
0.7357402351605
0.690628747917563
0.768862156806994
0.681871513463761
0.650469612385713
0.731934643654704
0.687856147598885
0.721529194246819
0.635731781483906
0.771740665148378
0.642179068726318
0.682323774046347
0.697119896375112
0.70913863501543
0.864462229704636
0.764260338992384
0.70527124116359
0.621755154909696
0.705722841103749
0.594470118545607
0.647967979481394
0.662972089030058
0.683909174637797
0.742617849762542
0.731011218521787
0.549968439185872
0.732427143286943
0.636508620413586
0.718204434418091
0.824039921917323
0.610017387368221
0.783584314271499
0.744013010756141
0.883699327172744
0.67279202543179
0.714685401341309
0.600765887962561
0.753653339947683
0.693175491931689
0.832967756450126
0.652955003361638
0.719431647251417
0.779485546767423
0.789780784510951
0.689461859569201
0.718008118694582
0.828385507314933
0.699774283850809
0.768378551625329
0.747075246563341
0.736142368470603
0.832558062931315
0.711521652009903
0.832239568352279
0.71602366135577
0.782561725007638
0.64587218707496
0.695931093325363
0.689657868727225
0.785891208213085
0.865749076746684
0.842983546748569
0.685722935212074
0.756949814784957
0.679122961148685
0.834856924987298
0.672704133539636
0.776389144145035
0.775881001009143
0.682393597899754
0.743144734686005
0.68737683695758
0.64006977673175
0.90551778444648
0.664556243041046
0.750036012710729
0.838088119362635
0.734266348095063
0.731801110485364
0.697632698172435
0.779500939189497
0.710747883828761
0.908164916247526
0.90057390096326
0.695329725002086
0.920477175008645
0.859699695146475
0.969032104010114
1.01875064770911
0.80759843111283
0.807263701134221
0.754843244932257
0.833671916825955
0.804863970157176
0.855268548877562
0.795907929241279
0.981487235384628
0.779292092055563
0.7684862750087
0.7934896808656
0.887006889142499
0.823468903255204
0.881325333157739
0.823933497938914
0.902797436702683
0.883241300076878
0.853487119566972
0.795326718841424
0.808291719223601
0.817544762281641
0.821972908931255
0.812564960865818
0.811623407982808
0.915154440013589
0.933979576484691
1.02570496984736
0.777045584707551
1.03174920788544
0.717960208870146
0.966617100205528
0.995564282960679
0.899300098873854
0.969592762713661
1.0326632330809
0.848331175375594
0.846051247763887
0.99721454603846
0.882730973150302
0.93209163461978
1.03070115992397
1.00064263798684
0.918930622323116
0.902269909809236
1.10952210830974
0.926851803356328
0.962438236340661
0.958899953337543
0.950252286279579
0.945369877828208
0.951124157752581
0.886001674223929
0.992780382640031
0.856432666356769
0.910496807727612
0.924780106056479
0.90378777298793
0.893080448381441
0.885859831409369
0.781720921823237
0.809545289466162
0.907958152366125
0.961810091070754
0.918458842532344
1.060597564611
0.981374647262782
1.04218967277191
0.94951866364566
0.995348920233127
1.02065437935663
1.01603664270037
1.00291596759564
0.911646384349662
0.938785107886596
0.948189950853799
0.945908118856861
0.906447011363619
1.07166258546949
1.08919299861465
0.853054049476962
0.9356265301158
0.972792871865398
0.928116805699775
1.05305836634365
0.934778754142604
0.994971646739469
1.13889929677722
0.932237073901491
1.12833805262408
