-0.907037314940574
-1.08193535361888
-0.986574259524172
-0.900797996157736
-0.94338632535884
-1.01021143097724
-0.979607884283914
-1.04591482318591
-0.972729413306058
-0.882245909808656
-1.04394281124329
-1.11566521349421
-1.0158342975784
-0.963635906812349
-0.958251400869423
-0.946403490724183
-0.914539318494826
-1.04717527406214
-0.979051941068421
-0.729113742275654
-1.07004040621029
-1.02117487307648
-0.868779418353517
-0.874872257473993
-0.991240996955976
-1.02883955703724
-0.884086587957076
-0.80692545908207
-0.974127103065865
-1.00714438460444
-0.838238564417452
-0.859852189338083
-0.948244425596528
-0.932577820984193
-0.973075490173804
-1.11380732877584
-0.789132890050315
-0.987972691459455
-0.786040026365793
-0.876443786439416
-0.922303538341206
-0.913254793518152
-0.950480756172455
-0.862832653139247
-0.997453168042335
-0.918473237046604
-0.815332136472273
-0.906514402777984
-1.08135543119405
-0.989889584809885
-0.902478168467796
-0.883585491649929
-0.833487653353988
-0.939375239833337
-0.751395006567604
-0.849783419101354
-0.800138308351552
-0.854080697777989
-0.906419913806202
-0.859552326609166
-0.877706114637992
-0.876247654941859
-0.859442479640002
-0.913993201450288
-0.758024049629303
-0.929903719795122
-0.859614847355955
-0.887115956382285
-0.775294372898846
-0.778902793011435
-0.773401796878097
-0.759362765746359
-0.706361017334397
-0.902260925318669
-0.854977199944641
-0.8085495991336
-0.854403380372219
-0.705628027865316
-0.946919359602962
-0.735806063650287
-0.872648011780753
-0.821273765308906
-0.825168005780807
-0.776278964368534
-0.85379086887764
-0.795342961681067
-0.932998409104304
-0.846813851053805
-0.74167356984816
-0.628765993306326
-0.861709547373956
-0.705946076116558
-0.72276799200501
-0.882171753993775
-0.808945527367363
-0.983191190503379
-0.690232492817818
-0.804126919385561
-0.756808334769122
-0.754597184510879
-0.707364801976775
-0.837961293936947
-0.688432378524589
-0.892599386774612
-0.77708252057004
-0.728348518704585
-0.637312854712696
-0.662225933688447
-0.835138300155078
-0.896192748099744
-0.644171521599861
-0.819263690001588
-0.6822729320406
-0.721476806749831
-0.822497895311891
-0.773340705524389
-0.743492630474437
-0.715924506222481
-0.603872423632123
-0.610882045393804
-0.588089377686507
-0.674348201915793
-0.756900196334085
-0.709475317946421
-0.829121334775684
-0.786627941382328
-0.566094241006828
-0.735802859428894
-0.751365434717981
-0.624446637560279
-0.723109318283238
-0.829508561801666
-0.57544100748497
-0.845557661976937
-0.728450828006046
-0.695981221889179
-0.771831198185406
-0.641685401280342
-0.765342568584699
-0.808030150928174
-0.775777994445353
-0.728864572111568
-0.767993416175776
-0.750087997798715
-0.743868503870687
-0.721187357358498
-0.711909647786268
-0.720544935871437
-0.775150409235724
-0.702410441541477
-0.558373479748512
-0.75888917984514
-0.645381046535777
-0.602317760488794
-0.600650201608594
-0.524980842040455
-0.646597810721088
-0.650189605150764
-0.556104448080675
-0.620827137063149
-0.725626882937652
-0.684621625223036
-0.683810330776525
-0.80273466732327
-0.687683571220983
-0.501855792454332
-0.746915716077661
-0.674370379627277
-0.729885524207984
-0.776092116442455
-0.667845444186143
-0.710861759546397
-0.710689653960772
-0.728393528803524
-0.6935386475857
-0.711015917885366
-0.699823326181036
-0.659178336572996
-0.755251683069986
-0.758474096634062
-0.439838930766376
-0.522198129237661
-0.531993702514582
-0.547917797071046
-0.714906676146616
-0.598011949794513
-0.494356671272029
-0.539165215454154
-0.654034175485452
-0.78627122886868
-0.652980665115139
-0.646718297959642
-0.630824202019263
-0.581788856410192
-0.593414821449172
-0.806860434123493
-0.537982395753058
-0.660667306686787
-0.598070839647389
-0.662966288550226
-0.647416308529071
-0.718080200973204
-0.601325673250856
-0.673537847669601
-0.700894638504029
-0.632862495173929
-0.565609032404935
-0.54185243463162
-0.714102288673232
-0.469077262389398
-0.62273384003072
-0.41411788601292
-0.523825978691617
-0.698640024017723
-0.51998219808076
-0.539933780734509
-0.501421113736497
-0.605425736369775
-0.643998850409596
-0.524851998406292
-0.683614632089916
-0.497230890717867
-0.58343821631587
-0.587219269552678
-0.631901694294984
-0.505787866998828
-0.487520989905903
-0.560354462953441
-0.520038825881202
-0.643530538429898
-0.466883227130647
-0.615562886931516
-0.706619469011613
-0.547322037810078
-0.495993000186052
-0.540071578116809
-0.531790510982624
-0.520884350249056
-0.556890389552056
-0.469811222633944
-0.442193062165843
-0.581342076070381
-0.604319651275849
-0.658188883885003
-0.702030984491152
-0.508999596279376
-0.478621767642689
-0.507415920075154
-0.481695633209848
-0.470965643535148
-0.367666876906657
-0.501580013220421
-0.487060286976845
-0.578238782221943
-0.386902767968667
-0.561183795402798
-0.548023591584789
-0.582108198445544
-0.477033894538345
-0.500459555135618
-0.506332949644037
-0.366240996870703
-0.454757664009439
-0.559442435100105
-0.396915242866305
-0.3650913412533
-0.379749729201954
-0.426435850203548
-0.544414378421566
-0.538792839947507
-0.525497892966217
-0.376458417583243
-0.372258139406613
-0.379308042928074
-0.551976188266666
-0.226118740924441
-0.457708939900621
-0.431982872193946
-0.412965382174701
-0.478487386986498
-0.396755671579489
-0.461836100097384
-0.365549961364822
-0.386778635791731
-0.333002808697701
-0.399160223108595
-0.380847192084973
-0.291905798842046
-0.554267093887762
-0.252256214266658
-0.414705035189903
-0.371771695835095
-0.404695573199152
-0.443630633615598
-0.317515114793072
-0.315729458703947
-0.432901794189116
-0.365704063615331
-0.33346671356683
-0.433623140115232
-0.172533791004842
-0.324895963645171
-0.449142028097379
-0.276310075364634
-0.273749543948674
-0.307658360080483
-0.417617598049351
-0.445907532695456
-0.366397291745198
-0.404135616117227
-0.467391583042724
-0.427409033233342
-0.375217032240398
-0.427532270802544
-0.41843169257956
-0.278150381119963
-0.331861000632546
-0.377999428664453
-0.27890982911556
-0.295404784186074
-0.423714151354716
-0.478346767216525
-0.449556685153962
-0.255080007277488
-0.232422025881473
-0.374404325272091
-0.312731481707873
-0.26637498360576
-0.354209901211671
-0.314826641611001
-0.322043396005096
-0.330043896391471
-0.259979380368851
-0.374713942762743
-0.353953356604839
-0.202795573707489
-0.277411141121792
-0.33289368238295
-0.319300428308272
-0.385176150923584
-0.38489187186069
-0.355313895638304
-0.24162216550094
-0.349787130439496
-0.337468097669017
-0.298551882711037
-0.201604834357175
-0.241298864907837
-0.339755404418164
-0.247390142268379
-0.24479037585496
-0.234205865382644
-0.297936295638515
-0.203970333118742
-0.237655735356847
-0.246430009566313
-0.394639242013123
-0.204425268033748
-0.306732504679486
-0.305242748852824
-0.212855505298895
-0.379911499451827
-0.23574605924931
-0.396916281391313
-0.315825943097066
-0.217651546017119
-0.306857261840221
-0.388118784408289
-0.287709504179282
-0.0988443881006049
-0.21114541004908
-0.314677655300523
-0.12325812816089
-0.129831826401368
-0.3181931243941
-0.315498902294431
-0.165117089138398
-0.344531510342956
-0.274306843631745
-0.289726300658797
-0.373398032677915
-0.277547713482002
-0.257095786827541
-0.331801335215725
-0.187506252145355
-0.385662611777829
-0.191510981226889
-0.432418401872175
-0.243250274800108
-0.24643597748319
-0.263110727793663
-0.2150170874584
-0.137214037596755
-0.254575421140307
-0.297229991535646
-0.187992914432587
-0.184180735739785
-0.219930303214954
-0.153825738129045
-0.219839449732605
-0.217734640762718
-0.0201031607420487
-0.3186790390336
-0.192911181570654
-0.158879267577343
-0.236043841010681
-0.0605822276889424
-0.208631426745856
-0.265870280546234
-0.186683823585263
-0.198670265724678
-0.347352365987811
-0.185797039166665
-0.229981270451598
-0.250237799446567
-0.122269773939487
-0.197965898720586
-0.170913693861484
-0.131576843813661
-0.203034029718476
-0.158980773091537
-0.124942711284651
-0.156040299649087
-0.219435969342756
-0.246135630398716
-0.130622666141758
-0.0617719863227723
-0.0619354411280031
-0.100712291436494
-0.250308187710554
-0.269984989521991
-0.0584027455221416
-0.164314735684866
-0.261028241407665
-0.112263406553306
0.0308623195791571
-0.281379767932483
-0.20511146511508
-0.159875464718401
-0.180683610188133
-0.17636958870827
-0.342482143224558
0.0583097888202751
-0.0676393193406212
-0.0837359814633574
-0.0517556248098674
-0.182584477665383
-0.177176461397384
-0.236640241822898
-0.0449949248629059
0.0368059877295733
-0.0158993762340671
-0.143772499986256
-0.22578884114745
-0.0385700251427311
-0.0940207368387578
-0.0237061697406431
-0.0871292079779594
-0.234617478289016
-0.129136619127686
-0.117823476075638
-0.145389028374229
0.0174714128819844
-0.130161825192818
-0.115415106428536
-0.134699226480482
-0.00957309083100602
-0.0138262396995683
-0.146772881874471
-0.0755272480160915
-0.0115201695547829
-0.145932105863112
-0.0027551129730046
0.0528772857414707
-0.0909350099224678
-0.0889366734685884
-0.0146445979807279
-0.0536538186707532
-0.207258527226118
0.0185892477980999
-0.0662077116799204
-0.102769214420778
0.113598940951022
0.016675885007371
-0.092972886903151
0.0114773075728855
0.11521908792198
-0.176794092764621
-0.0106645594602901
-0.0790015809719054
-0.0556617811376945
0.0497225055837258
-0.151586461096707
-0.180548890048548
0.0178966365240309
-0.153226605730546
-0.0450973968687955
-0.0563203112830615
-0.163227128842275
-0.0751526479096478
-0.0679915103925817
-0.0851070057520693
-0.027840841224889
0.0586405701649974
0.0285967095877967
-0.0410474402315982
0.119188268638449
-0.089420052689507
-0.0806548961171022
-0.00832810923935508
0.0898023114799616
0.0271500987974699
-0.0882262596555652
-0.0147168913086516
0.103065677842264
0.104980435596192
0.0430535553916639
0.119051219968606
-0.015101734388031
0.0230375319902254
-0.0629070129139532
0.0385870138071301
-0.0254458706808019
-0.0485387679872439
0.260729106859405
0.171311772380348
0.111731414181348
-0.02052515674048
0.0543413252971101
0.169909374027845
0.0585632540625289
-0.00945855179923126
-0.0231263663994208
0.0744218947187658
0.235978134899501
0.183230786420959
-0.000568473469778807
0.063000784546849
0.0625539180148528
0.104814731062459
0.0537705550029978
0.0485098378940118
0.196787727582346
-0.00753461873373402
-0.0057028272526383
0.0985706793060476
0.0721093836946318
-0.0877096676735482
0.00823024241209247
0.199694145569871
0.113453008253778
0.163760343805989
0.118293165521987
0.231001776001614
0.206750509296329
0.124147346654698
0.0404299084100146
-0.00922157133634907
0.132743862420618
0.0536287808214799
0.100283058545943
0.164452895295322
0.159140552831857
0.116958629751851
0.165006357800892
0.0673863573567312
0.0945543812842625
0.229979250869791
0.237659606495485
0.209819224311484
0.155212834468769
0.154477906570103
0.237775999238385
0.318683259843289
0.248144754978238
0.267591457263355
0.160297289508462
0.147892487910356
0.152247396592618
0.171796516224835
0.137433149414357
0.155236065280829
0.113954098326922
0.152584883818114
0.108933804825777
0.216544397702168
0.0947803223243031
0.241849254818517
0.0129345118876844
0.347327445779458
0.102762132475069
0.266020930222757
0.156703589987581
0.241741755007145
0.249731018873818
0.14669800611029
0.157041032774421
0.291941799547202
0.25967412679258
0.107422157907057
0.244684813736386
0.154210402528108
0.242682756893981
0.29248899805278
0.26092473481198
0.328456080437991
0.269864474000048
0.11500247184697
0.236534462000939
0.313488150395005
0.226454446770364
0.420820972897003
0.17112207354003
0.178302414585962
0.198450769930385
0.203280836674186
0.119287761500946
0.361333448701551
0.240699801578422
0.256470385114426
0.16724098642536
0.311196211635838
0.257475022816749
0.146417554762869
0.181115266436699
0.350260246778259
0.210486239441003
0.197198611197141
0.143186822740145
0.37466423951704
0.399308569435223
0.334836077825687
0.390385058605899
0.263710128595273
0.173656895918811
0.291482139635317
0.450467413299668
0.174236270712662
0.220200910955791
0.231552667325113
0.27208197762751
0.170929998040928
0.238259887123938
0.255662067355639
0.25405437420094
0.362504599963271
0.225160132968515
0.271560682251125
0.28036164126869
0.25724068997188
0.37684432448501
0.460680547280722
0.242093618253331
0.407501439232019
0.272253323437394
0.394038850322717
0.218575278407835
0.40123215787645
0.334261466442528
0.34516023411827
0.126915297361454
0.433148123137967
0.348923677034143
0.339264358423314
0.341245794364175
0.224877213087519
0.278953124212149
0.285987034856074
0.30807918878224
0.361693321672405
0.176239228159979
0.293929150181147
0.277793632425993
0.329000559064569
0.293165039559702
0.215583143772549
0.335938000879184
0.484370541110207
0.313063830604264
0.36712868021918
0.331213814522945
0.288191020796686
0.406009076639058
0.437181701632069
0.504905801660104
0.26328509873971
0.431749736101785
0.437538997709208
0.390154358858554
0.395914833222503
0.411268986681303
0.467069896032174
0.356961721028777
0.439569256753796
0.480595428606758
0.479565489380858
0.308140969423557
0.45104058483297
0.541698620697506
0.413138048034544
0.377287267023406
0.376214151378619
0.45401077872336
0.651798722887229
0.438306113031649
0.479840774810685
0.336130461732996
0.201649020672256
0.351611643509001
0.379236153163211
0.497021331535543
0.307466376657677
0.431544176000874
0.253689613109018
0.413541796855936
0.424376465997264
0.420552153171789
0.555436444468741
0.479460162800658
0.620089589899923
0.560628223286647
0.486543518307032
0.599612725379391
0.617240549493015
0.428851166557161
0.618908054410187
0.419235601239595
0.430291024520911
0.490434049097543
0.339810314339918
0.460397922777681
0.540492905503452
0.663825483122505
0.716073472117257
0.369560002962923
0.496536441314943
0.417393819927194
0.603677970833088
0.463898307428173
0.49386675720085
0.41777235242027
0.329470546031188
0.4300758046841
0.415831620250408
0.494707559303926
0.554778803394339
0.547698408174353
0.487802529893302
0.429555778636822
0.623028991933312
0.438058308192115
0.444742035451254
0.425876316894793
0.513662912821617
0.458881346119616
0.338589156030519
0.574869126036805
0.531482873042992
0.487420396750694
0.571763620904491
0.534475801610833
0.45410104430677
0.412611465130453
0.501962372291343
0.689812998639692
0.610515882764087
0.474901681569278
0.417890326523578
0.591702470060035
0.525628495712345
0.617796132952053
0.564087753442147
0.49083192054677
0.599977926359729
0.59913001514882
0.564558350502487
0.550864500834128
0.68458907051319
0.482168511687559
0.489053167621055
0.576350592779371
0.630125662990113
0.501315011546829
0.578666750123896
0.568813189633444
0.30865449573526
0.664217576870202
0.485391263942272
0.34211535275246
0.750469945095363
0.648142676860984
0.599427891074303
0.531942204531846
0.507049568654543
0.646680640261343
0.546609973177152
0.662886428048539
0.638085885277006
0.630903518804733
0.615831666805657
0.700659797932254
0.63112300314711
0.621901410920481
0.631154519749137
0.572829862822953
0.67899959730255
0.754667028253904
0.562233424819726
0.470377960292376
0.518132662622453
0.742206143281665
0.669154307670112
0.699966907469878
0.503385038075552
0.629033464776957
0.541884262646254
0.622165153794811
0.519817231266592
0.588579360499255
0.644807019218816
0.745934953689608
0.635564011164392
0.730328044321922
0.627806363470265
0.611208856328352
0.579566075151552
0.548357320540996
0.708678668833326
0.869820457375388
0.68218458291432
0.754192116632248
0.611393322452398
0.743525857943424
0.78625748998908
0.566359285742974
0.681941234299512
0.626904506555878
0.616733774514505
0.63609611071181
0.752127680404712
0.611646553497558
0.649274748555828
0.651867684625007
0.538505046627564
0.62004801620941
0.736772869832502
0.555444330660205
0.828815847961672
0.636325893343306
0.694595770377402
0.585021535345166
0.793675283004327
0.683394961798027
0.722264376705372
0.809968584508948
0.67854855153099
0.797366524493594
0.698571632195186
0.697276947703031
0.774017398192673
0.827651514197992
0.888088092130544
0.625324325580742
0.707397510389848
0.794196414736515
0.8673276051144
0.715361698305893
0.674725303820719
0.650986248940054
0.734633446896898
0.704749165149257
0.64213213760388
0.697191588817609
0.716054007986936
0.822136808220932
0.713439483861936
0.73430299297153
0.812858229575714
0.850788791103628
0.762750660978868
0.733115718632349
0.701201670983664
0.704661351609485
0.630266757656729
0.729260625717907
0.604220198707428
0.762614868398525
0.672448294297887
0.879393227620299
0.90615714883432
0.791770993432324
0.896819717966297
0.770331862559691
0.834527311444021
0.772439243180753
0.717038359244258
0.711329064419188
0.700501767348406
0.722844904054598
0.693194898644483
0.686719135544426
0.65755902095074
0.792877983010986
0.715906552408518
0.782750080129396
0.726864821094822
0.762058185521711
0.74316991145642
0.746130693738716
0.822516702401267
0.864313026381392
0.818950192883019
0.797327469155647
0.7419808557944
0.851737778154729
0.917193882163486
0.967163399470475
0.803416839302641
0.820818522821694
0.897648680645219
0.764851349218097
0.928340792239309
0.787108402661373
0.825875274254295
0.89840288671824
0.947786013745818
1.03336833431847
0.833956925012806
0.838616994724475
0.802370832206479
0.740304694647443
0.773578450853155
0.900807887559017
0.926036132992765
0.915044167442506
0.98177863163422
0.768712302008904
0.902624726883468
0.897176354954362
0.729854979308475
0.761281709929797
0.902642101097514
0.813808771347397
0.891966752213206
0.972524967790774
0.88904813133516
0.933260975499145
0.878887237108974
0.889136225583758
0.896814258675073
0.960873788185249
0.875894941031401
0.959822837756407
0.858931953631495
0.893113621249079
0.961234273059728
0.796443360477289
0.947211754807543
0.917510244694524
0.728806548399092
0.741294802446582
0.933303916454814
0.815964468321526
0.910989063457552
0.827067635446426
0.926280820306427
0.909042111019594
1.0043251020158
0.928259584366729
0.951329749512526
0.930998725137501
0.828790267830555
1.05574399982452
0.968167904747981
0.930858844876705
1.07615043616239
0.901217063515623
0.90665178412977
0.970050639124071
1.00089961474004
1.02036056873898
0.830274272566111
0.975700301389082
1.02136999180171
1.05322339151766
1.01525373477481
1.17769507322539
1.06284882333428
0.945811563066383
1.05147759148199
0.87960000071209
0.960901653165882
0.978063885253723
1.04723950573654
0.953170736317601
1.18725578145978
0.924698465336332
0.98520880577919
1.03403192851684
1.08983748782343
