-0.872108105828811
-0.969420636173114
-1.03200514478104
-0.937231645464011
-0.802046893809854
-1.01744114167646
-0.909049159477538
-0.957265476867079
-0.975597531243258
-1.16155884442045
-1.03482670644358
-1.13701214522785
-1.08043864650005
-0.948495523402459
-0.860690813453343
-1.01340484595576
-0.938102652569001
-0.896420651391554
-0.926991454035925
-0.853023211165966
-0.845657364040689
-0.957762755391719
-0.888335906363915
-0.905381363687084
-0.92451552165356
-1.08800538125235
-0.977819140436622
-0.865936148716501
-1.04542280958662
-0.884519528700796
-0.88697221502997
-0.871110641018576
-0.864644438691986
-1.00783953200948
-0.80502394354785
-0.956989782461045
-0.829217576237241
-0.909992958090429
-1.0924901564212
-0.796675334161584
-0.726579421801976
-0.803729833195397
-0.907546354040339
-0.923513485601773
-0.954425574243034
-0.833498995789088
-0.871990800833168
-0.882312729174404
-0.827167534936456
-0.944984344085636
-0.985809412404827
-0.92709242210459
-0.872422019006033
-0.906999865469896
-0.824045746582816
-0.950321796916746
-1.07433801951712
-0.932773233429001
-1.080379728539
-1.00206616366076
-0.788861671515272
-0.864241369101498
-0.903059927976487
-0.892580978659367
-0.7372505232885
-0.917699057668467
-0.829909046422973
-0.843978400357186
-0.784617337285045
-0.918596618652362
-0.75668951004074
-0.822827420268944
-0.773357011966177
-0.875441915528966
-0.820496715561507
-0.815207010074064
-0.980975791038465
-0.884086238829982
-0.830946766427292
-0.795592485283191
-0.799657555087346
-0.770532283188123
-0.898958237724655
-0.749284421285311
-0.869744169222445
-0.93222186401649
-0.742345719004727
-0.851670228660856
-0.76247100417305
-0.802556792441679
-0.896271225554561
-0.627078907915178
-0.783505111970932
-1.06287966009944
-0.843517146716147
-0.648534991438609
-0.827501554569739
-0.956799980841835
-0.764663277845288
-0.790919246720649
-0.742221333241301
-0.715963144883127
-0.835554351632927
-0.905081097526098
-0.657115132271868
-0.766867487705993
-0.82565305510603
-0.869170958723437
-0.80928640923415
-0.884771825205585
-0.767665269066467
-0.739792206712699
-0.756305903449182
-0.702300732048028
-0.842734854611764
-0.745124850641362
-0.757924624170695
-0.81174432031639
-0.721881991652363
-0.830546968781139
-0.926042644718774
-0.768215055832137
-0.642169583261121
-0.616091087126026
-0.571551612648316
-0.682233227306994
-0.791756082663269
-0.761393742766371
-0.836372644554061
-0.623279373670483
-0.628420602498075
-0.721530207596655
-0.741437386826175
-0.764579794428101
-0.788375351389142
-0.765669446351381
-0.737806004090118
-0.569549161012433
-0.730717845850251
-0.620571772483563
-0.680211165826402
-0.7780198915458
-0.660237769245582
-0.893928994589933
-0.74563876037724
-0.621118323431026
-0.639018351290844
-0.700710416448721
-0.731463215546543
-0.540358645817818
-0.639482587042278
-0.687277846340771
-0.625503365840293
-0.671628371688605
-0.643626482442231
-0.761342729039065
-0.687190461904678
-0.858489821624292
-0.705514027660707
-0.852074540875004
-0.67056240253962
-0.591295200639712
-0.655711609411249
-0.74867491101548
-0.775861543724669
-0.745865796784283
-0.735150060751555
-0.683867002773961
-0.592361946110749
-0.662889598942463
-0.747728605153927
-0.727402084854703
-0.624065673909443
-0.66551294319302
-0.553545496582225
-0.486557967565574
-0.631395120122174
-0.639778445424642
-0.59359341195782
-0.682609825666245
-0.835400132359905
-0.685291693896634
-0.70286262047416
-0.824001968009366
-0.702880858536019
-0.715285718932596
-0.642288385805071
-0.663407826686727
-0.637183168601901
-0.507411226153491
-0.670770936150329
-0.622969263421099
-0.622002561229656
-0.690396346591721
-0.622189329348384
-0.598772946215996
-0.440600335321637
-0.683604403487356
-0.649560386647892
-0.640408999718629
-0.523902670167067
-0.557902528408314
-0.440706416784914
-0.601621865884297
-0.57119323178545
-0.399106065836528
-0.522071834854339
-0.510563624578196
-0.485855870995098
-0.557386986540304
-0.552599878152471
-0.473991457490867
-0.605248708694752
-0.498972794931231
-0.424214954180825
-0.499444255554869
-0.589841668081892
-0.407766709428889
-0.759751727541324
-0.438340833825333
-0.515521938408839
-0.437555967285067
-0.647833507722605
-0.642712226714184
-0.57985559352445
-0.605848509928753
-0.584409023500321
-0.5331248902981
-0.482296614087819
-0.557915409338545
-0.518256641126318
-0.625954809131057
-0.446284551523446
-0.478623159714122
-0.545043109729504
-0.492410966312517
-0.561747957918807
-0.523287557256365
-0.629440030278291
-0.487885786335106
-0.520845989912484
-0.641093738824374
-0.413690926248189
-0.671433070349904
-0.602567027442135
-0.575143059659248
-0.437161675127357
-0.473731362218214
-0.44946973366977
-0.549977748040846
-0.299523587461653
-0.461879934873054
-0.414463718143343
-0.496158589971764
-0.498110442104937
-0.492027654834479
-0.539458898070938
-0.631145507394504
-0.49501420408025
-0.458676697897891
-0.560001923121365
-0.524358199521949
-0.378315308985928
-0.514220323539069
-0.520265761706296
-0.356412945035931
-0.459575874856982
-0.389336158267672
-0.54820101761874
-0.414941637760007
-0.402254536217141
-0.542014298279647
-0.595854315188934
-0.580847555987774
-0.419776403753814
-0.407930008140772
-0.330777497164835
-0.386805949167769
-0.592758909299521
-0.331728643515325
-0.460602294632446
-0.617319093655931
-0.445089437548357
-0.468005614609499
-0.495678286957826
-0.473144360174495
-0.42827533682145
-0.477311114538077
-0.41404449187923
-0.46373216232793
-0.536817052922065
-0.430982405640141
-0.346988510218169
-0.385732785392486
-0.454882757463341
-0.297147306879762
-0.227217304409987
-0.374545251090511
-0.302628076076233
-0.459590702671197
-0.513985165668512
-0.297591779861421
-0.395985439567377
-0.410659210873106
-0.31294689964519
-0.26482839538191
-0.320199966660181
-0.367073884032552
-0.313011831272168
-0.287393445895777
-0.415787887230045
-0.239839125983439
-0.483873423434952
-0.249782197376114
-0.323876590893371
-0.438372368462486
-0.383585876036437
-0.487793420078845
-0.262114484417873
-0.272649505552949
-0.362631809704456
-0.357178207024205
-0.401714789124765
-0.267870958863828
-0.398177163744874
-0.219034032574534
-0.334947375165544
-0.346209696254593
-0.395363719335222
-0.393762272552804
-0.386425280190818
-0.281881996051126
-0.217494279531552
-0.407118151449545
-0.427047496410775
-0.181592028347775
-0.267495227054405
-0.364280371757553
-0.315356941896189
-0.230868038785435
-0.331533632477069
-0.295706317309198
-0.249997831220708
-0.30928871061399
-0.414093637636277
-0.279270619490052
-0.296034990294261
-0.247621839815831
-0.275478138065754
-0.334914254010694
-0.287965860605533
-0.335187119533684
-0.331586133405267
-0.216048899625228
-0.433982965261391
-0.201832739695498
-0.171617709224466
-0.316755784560184
-0.229644665122901
-0.331267380655342
-0.279304181051035
-0.353885351467496
-0.266548612097506
-0.147948323335847
-0.305888558835839
-0.492623112745765
-0.431185714984053
-0.282011326732361
-0.190824385138564
-0.312691711261166
-0.153684255932985
-0.27029444619732
-0.376207333495038
-0.264516473531522
-0.241061463780368
-0.365187636174019
-0.172703155805193
-0.324216193108066
-0.254330785559309
-0.374952154917845
-0.256047946619051
-0.268711375446234
-0.336604208770765
-0.304205220746767
-0.105883324621943
-0.228421275381156
-0.260398053088912
-0.183158177777606
-0.320963340827642
-0.241319672690885
-0.24758756188105
-0.181746892180173
-0.123029490689139
-0.113325286093002
-0.243005155497513
-0.299033750182055
-0.311753251816012
-0.257942020261569
-0.150572373457652
-0.193015083495865
-0.143530789945105
-0.264359065319647
-0.14033731510501
-0.144519739026612
-0.219048148639331
-0.134858393494395
-0.100669204599665
-0.207439243147438
-0.361161468490799
-0.107977707650269
-0.093434741417146
-0.12639889988849
-0.229642054442083
-0.317635746381846
-0.0654083511259073
-0.127144051852153
-0.247192872763335
-0.025263922413122
-0.325990863385394
-0.10751939655093
-0.011331696241853
-0.222408352991141
-0.137179414221729
-0.0779040538741326
-0.210639488473703
-0.154776133232352
-0.116596265048927
-0.212326085456895
0.0350981062322878
-0.187431674263894
-0.21120405934698
-0.0120416346739726
-0.204926251831473
-0.17865552414845
-0.193983858099898
-0.0744561680016303
-0.0608563283659375
-0.139790861880353
-0.209417550400358
-0.137375503158668
-0.147745775827456
-0.0697776627071626
-0.0716645214380561
0.0178026798755633
0.0179456682005871
-0.218092370339594
-0.0537851645754561
-0.187075129976951
-0.198303378588367
-0.0765211519782761
-0.266653021052129
-0.0714741623985164
-0.0480999157142291
-0.166478439281406
-0.176391519712312
-0.0236628233947307
-0.00549108780254332
-0.118723545374253
-0.0844612679955036
-0.167335640402945
0.0250621013896589
0.00698417037944885
-0.107370455552079
-0.0508946857554299
-0.159241899865996
-0.0819377384641068
-0.0687524588292547
-0.0761651505630915
0.153846577958383
-0.0911908045235772
-0.0749252907685301
-0.0945822540893432
-0.12890843772715
-0.0259913520209325
0.00579747571448216
-0.116571987467809
-0.0762361217123479
0.0552478480758901
-0.121098063953288
-0.0434677261382981
-0.10315033663501
-0.0541284325912486
0.00525595242890945
-0.204983839282794
-0.0990114408538412
-0.100897804151063
0.0182849683279352
0.0754174363579265
-0.01308003256362
-0.0871408674244028
-0.0280850760695844
0.159279300195604
0.0573814370652493
-0.0911503731222461
-0.00601234772795622
-0.0351004033778645
-0.101490027603572
-0.029066507751363
-0.13109851009286
-0.0874899525601347
0.0520633073275757
-0.0301708781314224
0.0242575361598304
-0.0563061434098877
0.0121228969219046
-0.0362449456182905
0.158157306063447
0.0372716727432505
-0.062250852909892
0.0948885839487098
0.120603164255893
0.137612794516186
0.058183882309901
0.00600102004225421
0.216491363224628
0.0145062238574742
-0.0257520898358253
0.0306486249810884
0.0912384087016554
0.117395328109838
-0.103754463156298
0.0903318234097211
0.046267490425658
0.0388511208291091
0.0622511129827266
0.0420932170453385
-0.0391370050054012
0.0723589277607452
0.121795657279731
0.0797712516129467
0.0516923534357027
0.171641735530164
0.170724349937256
-0.0496892718880717
-0.00276342336541785
0.0358537434348004
0.277849692226397
0.0820103199738207
0.00105129585207714
0.0488570640948935
0.11567663055508
0.122569165886097
0.133423263944607
0.0497542316709806
0.0732577015021892
-0.00105744142294467
-0.037949457985408
-0.0449747419535101
0.0291457689504265
0.0128682328075183
0.13580618250056
0.138282642935615
0.147830892264422
0.224356128622047
0.197714463416681
0.130558498189314
0.122798933682887
0.160772353028539
0.347705381730956
0.0345005173353985
0.147708124328656
0.206532148283713
0.312760032809748
0.0831700430745975
0.273596762940084
0.116646295773421
0.184111247063909
0.256532351208815
0.11228456218153
-0.00490320189511902
0.223231758335792
0.250111237991643
0.21112015299522
0.0774736571174663
0.204046608733231
0.11896891675173
-0.0218814973370743
0.0830588596874855
0.179682979986931
0.0971629589420341
0.0627398659679157
0.194600803575937
0.0994123362565546
0.290629523221073
0.114457375126372
0.0483418472218406
0.0924585558780895
0.1416858865064
0.0646190720257998
0.319253509432957
0.0372092653660774
0.178049519185549
0.218157427770056
0.167744993801461
0.280220688015636
0.333975297795081
0.190561273813465
0.12154125115397
0.200585111410519
0.136902069724568
0.321386343302069
0.161636705750647
0.258559870467118
0.20238313129195
0.1336131625022
0.178159924480431
0.216583809549172
0.23905999097114
-0.0157922916049368
0.260437716424933
0.234773077590895
0.181643137314634
0.0505292002444408
0.138121936453419
0.142906136567892
0.120855854809575
-0.0306302937132796
0.41191416938087
0.069878398990658
0.263040363288238
0.317444901980727
0.304508080673039
0.210514135005074
0.23138686268759
0.252689540962209
0.204771153122761
0.25907482678853
0.147513105461227
0.274350099334983
0.274217295710106
0.256438383362708
0.22279482600772
0.293421824425798
0.258905145436489
0.272406883643317
0.137377891469125
0.254644483489608
0.212082312480501
0.302702120811302
0.298580009536597
0.26243058793483
0.320170092066913
0.0953495442351839
0.334883329809299
0.349001696858051
0.333784929119778
0.270074399669867
0.298382724109896
0.425076512809051
0.274244925686612
0.304189500367348
0.431179398649922
0.274720181938191
0.286202264356489
0.354743520228226
0.351424004252825
0.369518975591919
0.249651081951888
0.386592656573093
0.184062771842356
0.440051578898126
0.479902133584481
0.409155050960777
0.423782592746936
0.431721070449437
0.425875400736871
0.376604703351765
0.355098180547203
0.374343818741878
0.282887273104346
0.465173968755139
0.304451475744844
0.335148105582824
0.132678836180566
0.295072246614675
0.256209180279482
0.342234228525841
0.350951069856853
0.390041992416356
0.357502871907352
0.363339123403828
0.301868842685892
0.369585394037986
0.386825544374726
0.436853549683131
0.460346859445137
0.0846315646809809
0.22425181951722
0.412266700275185
0.520277258505559
0.462926030648084
0.364193473448834
0.300553198206045
0.279154597920682
0.233178339189538
0.476599834953638
0.346471938860404
0.568122189524235
0.470301425413424
0.322727199778861
0.473433728281335
0.354974244124102
0.364656842945411
0.359501949184418
0.433707416414914
0.247347907321484
0.320322175506782
0.420524909909205
0.436069385921832
0.451752850213129
0.469495784323858
0.407961902025704
0.509829534076519
0.381664654955129
0.376738939591666
0.519948486367514
0.474207789092221
0.569386660269244
0.520833925562278
0.379399980104671
0.582997678710955
0.343251772836602
0.610939881249514
0.506311104574159
0.534856837765029
0.426327606743199
0.449482969322168
0.401217767497802
0.38565132588773
0.600208605187877
0.483769206639496
0.317146068776145
0.36270653095766
0.303272907561429
0.387738516516823
0.461824220110127
0.473044044957364
0.424689342617258
0.506745583739591
0.370266199469115
0.547798554193355
0.473934548703392
0.527481613319449
0.355170313405184
0.396622702646298
0.544440220124514
0.542027945898696
0.415005869005422
0.406276932591284
0.461673524006397
0.520373412499231
0.526670849763054
0.546839663649329
0.384212079178851
0.470451281171326
0.526079337377357
0.550652996555083
0.500314402018883
0.541546000342291
0.615171384989713
0.371160971658203
0.60714249225841
0.569776649011849
0.451721217295487
0.551745813267897
0.687205028208193
0.441388214246361
0.492822346805938
0.421584186800875
0.552068235431212
0.541825147414133
0.628889861485076
0.489715839333907
0.639320612397579
0.52427355186412
0.416308576017868
0.536879263102143
0.50538796259415
0.592227714483932
0.540851033545955
0.546547544650776
0.65406845134352
0.545995903916732
0.535529996783276
0.54823387565033
0.667044031941651
0.616353931851767
0.584555437686366
0.605210247871869
0.583832832505654
0.585949104006325
0.567510722829349
0.529519130789057
0.566346709128219
0.701043833973899
0.541479327583972
0.670112137330867
0.50581393954635
0.57332163998381
0.509672023645827
0.658690827567318
0.609749296116603
0.449832100808708
0.739938368415554
0.783756113575377
0.740425091242781
0.628641148233646
0.565739072745887
0.672566760718828
0.707608622532624
0.481091169882266
0.66326020990383
0.63316502720432
0.668858859612348
0.700382877457729
0.525273046191589
0.681687232816905
0.551977483870716
0.617798754660954
0.72238210968655
0.682845092471717
0.72855108298154
0.522973893973187
0.593642439437119
0.677171526404324
0.518276020428453
0.630715039789157
0.732324321343823
0.65898785084324
0.596001928672307
0.746427599612385
0.777253058220679
0.755705141342399
0.667082792365583
0.723560947271799
0.745894686596808
0.504697580050927
0.813318090034872
0.624004317940441
0.812837299813055
0.636459823616559
0.791601479919099
0.647415471676592
0.64591898233624
0.665685744096156
0.645315813669016
0.668990453456666
0.681273566745849
0.812125813892284
0.70390134216853
0.635738894063452
0.667458973339405
0.763832714345215
0.609904529884125
0.6203866538896
0.877724454419968
0.663477316728135
0.704770742475302
0.76633720766711
0.856982101926234
0.569419515439669
0.635412398331638
0.560479371577027
0.841466603526673
0.601982726120812
0.710575386955125
0.637776953142234
0.750063297856544
0.771993878851041
0.862955654667419
0.620748104281087
0.679790943072047
0.730712042669374
0.887013987426354
0.777581641151912
0.690694426725523
0.758517301322814
0.813637685148307
0.675925596782194
0.657164982033957
0.796543916385563
0.746486404768676
0.75080753878296
0.743399873473028
0.776362293050918
0.849051029273031
0.797847313801564
0.624596023299516
0.663730935693065
0.72344064158236
0.667352967483131
0.738719927693903
0.859033651525192
0.70567151743302
0.941873570322972
0.719013607208303
0.692030515437009
0.854432991540275
0.765059897334852
0.762826890829711
0.830243971646259
0.731197048933816
0.907174806341876
0.856806294490785
0.743455193013962
0.804067361999556
0.866982775559629
0.748903006306068
0.953704627807206
0.804159464829639
0.948226078942468
0.815907939381523
0.795695099242633
0.805516489473472
0.702256223893571
0.792478045409401
0.778083898125046
0.800459802473392
0.750735319582503
0.895747814091542
0.992886389126848
0.8886713994694
0.798174432456323
0.897570325436129
0.816161390917058
0.808646956451916
0.777092829340495
0.779359040554903
1.06992045523196
0.865699604858024
0.720876411882912
0.935828995877075
0.893591487237148
0.904012408668036
0.840406859380724
0.922388694232372
0.870778727623145
0.871740573112848
0.812572268634563
0.736471654387167
0.912717949987476
0.954734414116556
0.991579010536797
0.977306415261033
0.8456557077452
0.833796232869982
0.994496024851348
0.856385234440566
0.8866629682365
0.780819294395838
0.904942007377525
0.721698519275842
0.796470440360856
0.932430134817828
0.824712382732097
0.908527010501919
0.788448808210035
0.92735026938087
0.975432725323114
0.9528305495227
0.950954823217943
1.02676397282912
0.929415879919318
0.806954593703014
0.970313023916869
1.08271663158798
0.994202711160249
0.829228648574616
1.01944223543688
0.981924372280246
0.816907713185643
0.814531138267166
1.03679100228431
0.92132592863917
0.959486926033714
0.986915491792114
1.05972787328855
0.894947543419204
1.12424657102408
0.821869986774372
0.998476320719733
0.989175009183212
0.964316106042052
1.12767773897291
0.846415684746401
0.901008222540089
1.05573165667475
1.01589920964653
0.905417165327935
0.976641560225937
0.939375733827208
0.950536088654816
1.01362390340336
0.896803298986332
0.872649836452675
1.05769810225872
0.945249216455948
0.948730462009594
1.10096252868678
1.00667805208342
