-0.976421780300814
-0.997329158873787
-0.983107019894842
-1.01984051162844
-1.06036053666351
-1.1102993079588
-0.920084356224728
-0.901501798494373
-1.12700608404472
-0.809069084655202
-0.971746848998486
-1.02264678443584
-1.05947417647382
-0.998733857613447
-0.90504126060917
-0.920761239696294
-0.922475578591946
-1.02173704508579
-1.00291327885953
-0.956020476403521
-0.805252791489983
-0.965163914903746
-1.05936056314105
-0.926391861563654
-0.869750382952685
-0.882290303751842
-0.970007245409278
-0.964419012354717
-0.854362083894574
-0.888984634705316
-0.966328105179948
-1.06800726919667
-0.977748523659027
-0.985780382293168
-0.843294430614868
-0.840320449156965
-0.938625848466265
-0.774784600514553
-0.948657190980878
-0.887546078468872
-0.755115822846492
-0.844066749472265
-1.05279460557773
-0.982014446877145
-0.895216781163499
-0.873096310878911
-0.940366527802196
-0.89103661531942
-0.916378317215268
-0.798272645804923
-0.951430013524358
-0.986583783215994
-0.92544742993487
-0.880725221598465
-0.924887172288325
-0.877433399825354
-0.822196763577652
-0.837448879561363
-0.96663850048168
-1.03031274591002
-0.855461666479587
-1.00875695557486
-0.789255820071351
-0.779928457487998
-0.791899703998742
-0.822214248362599
-1.02051647066076
-0.815420190596645
-0.829462805841346
-0.782815405501936
-0.863847605986587
-0.920510328247991
-0.98933537781278
-1.16474837491083
-0.827852619315926
-0.829952130821721
-0.900585879138541
-0.9764525882193
-0.77071574581955
-0.81577487246469
-0.779206230400667
-0.875297135270835
-0.950479797046481
-0.865709680968678
-0.63656575180544
-0.768129219310718
-0.910819947536024
-0.82438681493783
-0.895053364296778
-0.945165010522025
-0.909263684651548
-0.766234060519899
-0.873582541950146
-0.746615941652372
-0.807432431014754
-0.786865627612192
-0.851844318874449
-0.704453098970121
-0.763383809157797
-0.758383251820436
-0.676484990481043
-0.75553909803855
-0.929387786076398
-0.84876741570682
-0.890748287223857
-0.62414892710488
-0.74514449902512
-0.739612863549482
-0.845062271471326
-0.654196455513728
-0.588507258623832
-0.721793373707665
-0.783192681029623
-0.983406717655202
-0.911475989775971
-0.909940419435509
-0.757985570432099
-0.720635554798352
-0.836307370683113
-0.725999944192088
-0.670789396017821
-0.922894706376208
-0.688614531813793
-0.804314424982471
-0.792460341235548
-0.694577177312714
-0.824096578624035
-0.628848477140706
-0.77233427736179
-0.775241734906226
-0.737000992750906
-0.785938438815003
-0.849592070603414
-0.692547108587432
-0.66305216797037
-0.736298899077196
-0.729516938927734
-0.713515421431228
-0.767890318519394
-0.753309129312295
-0.767986123724484
-0.658640456859692
-0.723727832983604
-0.671153393137062
-0.675963023669668
-0.568569871008632
-0.724158203711793
-0.650871589270066
-0.768526810599433
-0.597058631339842
-0.716094346366416
-0.786013684679844
-0.584058328057555
-0.762629493759883
-0.618214045311678
-0.664672280989416
-0.844178211203275
-0.602331215800395
-0.688666611981404
-0.587533196537022
-0.660778886123719
-0.679141681218807
-0.581632623302579
-0.694296004718581
-0.590276418205751
-0.683536254014143
-0.713251134848513
-0.615673075176972
-0.721970390066937
-0.595501734320815
-0.726809128380782
-0.654627269562799
-0.59760211719932
-0.701417714318561
-0.576100065657097
-0.522191215526901
-0.639720141985025
-0.740714633755254
-0.783984074899557
-0.700474222155797
-0.641748034080903
-0.56282228184723
-0.548914923442266
-0.541621812156802
-0.630221939485718
-0.594489005193917
-0.665801355250514
-0.530742172345047
-0.572020237228681
-0.756780452180879
-0.558385187482745
-0.591294276885616
-0.632371782939593
-0.630407367830438
-0.465228055080965
-0.772551321696263
-0.588290026679405
-0.577948389755913
-0.753506626456137
-0.583037089128518
-0.494545494170347
-0.675641052211384
-0.455315098959352
-0.679283973989472
-0.573094274932462
-0.613246798133968
-0.440099657355499
-0.604034124598542
-0.605096719471367
-0.60923838493426
-0.580993702150511
-0.716026712750187
-0.530050650382036
-0.552883201637282
-0.615548487996437
-0.529914307304924
-0.609966991889997
-0.532702538847102
-0.566993131547115
-0.575459906649562
-0.754322568883628
-0.658607455127475
-0.55747218833682
-0.475661000356518
-0.585109538806938
-0.596688929154971
-0.494700027143624
-0.5862162418868
-0.632245906202176
-0.617317974779683
-0.483621508561556
-0.522722618413944
-0.582816281592289
-0.623905864010852
-0.568242669040402
-0.550245956383743
-0.474697004465716
-0.621041571257212
-0.400381334556203
-0.494176028600673
-0.514550630080868
-0.524330873338114
-0.573840514204836
-0.557363968145747
-0.581548140988093
-0.57455140975014
-0.494254399811516
-0.582526624201769
-0.538725872767419
-0.49221026855671
-0.420196968249135
-0.518078685615042
-0.412827755850844
-0.428110941998943
-0.400664855093598
-0.429592501907303
-0.510598940708897
-0.42886931217709
-0.509379072531309
-0.58798558199984
-0.433513798462677
-0.546585672144119
-0.527731393132966
-0.541781623235584
-0.377238259170057
-0.247136436077195
-0.403330955325156
-0.444467038926995
-0.568207045489713
-0.469095367081579
-0.628960887347118
-0.465863277757124
-0.478047392923475
-0.42388068783897
-0.414635116540937
-0.405490055521422
-0.609694448196235
-0.448699121008719
-0.42286777987257
-0.344521943886898
-0.495248938271073
-0.343613406386591
-0.496033433673795
-0.644446058464272
-0.345941987711737
-0.50561234102384
-0.457611736825267
-0.436206660897647
-0.384791802881119
-0.432939240894128
-0.45481085920121
-0.281214932767165
-0.4680645290205
-0.360602005729857
-0.438320743341786
-0.279269560411828
-0.292805436087063
-0.426016525008572
-0.321402425874915
-0.269708987876013
-0.450923360021623
-0.342738025103388
-0.357211485283655
-0.252622038428578
-0.335448088321268
-0.317057605423911
-0.455139850868094
-0.447724529292464
-0.301955662444054
-0.49087497354226
-0.323534439161997
-0.414542775949075
-0.412688525859459
-0.368239714080529
-0.374340726073795
-0.367609204601134
-0.393311131056556
-0.405110984062202
-0.305243489588398
-0.426753401554341
-0.272424108991159
-0.452100073210749
-0.38784978451033
-0.464468147119073
-0.267718745613081
-0.460269496654558
-0.49956072826846
-0.269415370708234
-0.394431509592872
-0.255818531334084
-0.360347055364576
-0.446662450599237
-0.263942164940263
-0.513331964467432
-0.33053377725281
-0.170884945349652
-0.28338185916809
-0.388781275778427
-0.238501282677967
-0.318458733616229
-0.129169305982972
-0.38610068996482
-0.22254857889845
-0.316357909265593
-0.40528457918598
-0.242759995585781
-0.29595757456133
-0.265241158881845
-0.336902450836335
-0.35712745874828
-0.0497674007125048
-0.384347614124733
-0.331765958403732
-0.341500294819258
-0.224087227525312
-0.234125513954426
-0.373912637649879
-0.222829745560631
-0.395275811627654
-0.376229270550845
-0.275267149832119
-0.287122932226191
-0.370458939718984
-0.156526903170745
-0.231363459417308
-0.221441601236255
-0.241814891358586
-0.221578767653351
-0.247550155066616
-0.324175760401448
-0.326021246196314
-0.262187242791866
-0.262462567925147
-0.197953889577902
-0.336000681644235
-0.176728276533657
-0.263687153315982
-0.294339654869201
-0.295299761368797
-0.408792421794692
-0.330541319609422
-0.166355779465185
-0.146580895659835
-0.195007351546283
-0.24933539499417
-0.349717120374652
-0.264154505778443
-0.276069380176062
-0.320490657921294
-0.17770527791876
-0.277085139364884
-0.246001580754876
-0.14647775087533
-0.127366454146496
-0.203603114284939
-0.351180987947543
-0.0423136199519409
-0.17897841213994
-0.255088149647034
-0.381517775970067
-0.271090975278011
-0.272118110600509
-0.101755949481537
-0.220914483714563
-0.343537140016735
-0.211127177504568
-0.199990393492524
-0.203317649864064
-0.0788555817510017
-0.174572812052998
-0.246804184937727
-0.154672845864337
-0.194530169038535
-0.139175769626784
-0.276562067867132
-0.306272690356182
-0.0445217807086332
-0.228526710909568
-0.148028265351569
-0.191372739591343
-0.291980903457595
-0.111135840056266
-0.232499268719164
-0.207588604397054
-0.0900866311129291
-0.114866381269943
-0.0602782191431707
-0.112191096730198
-0.286005427697461
-0.111921546049156
-0.287920718995013
-0.0381372662220504
-0.0851878855719619
-0.198586505629906
-0.137550084799723
-0.251510819826591
-0.200336084630749
-0.0680611032031185
-0.198959067682074
-0.145433370140473
-0.17775782321783
-0.173829254183736
-0.0347432086893667
-0.0631275373894515
-0.262984320518164
-0.0854473834303306
-0.13587541037006
-0.144823063320092
-0.181948761965439
-0.29432922938219
-0.164459037198792
-0.148353207341076
-0.0128366877240932
-0.0919198058822552
-0.109410046023964
-0.0624417799519255
-0.136589426027314
0.0148092750866692
0.0918825044013351
-0.0749623233140447
-0.0784466306498184
-0.0489014496030364
-0.203549640804984
-0.0122442099085267
-0.252887171529132
-0.0276241286761049
-0.103918293559248
-0.104929189246078
-0.027405453249323
-0.222068725796169
-0.0119321430478738
-0.126660630562194
0.0945421089404
-0.107022403716087
-0.0269154067645589
0.0413573242317343
-0.0688989976269384
0.0241633437780601
0.00442995310760649
-0.0533554315373534
0.0962681582954839
0.0807136378153365
-0.0384676963761737
-0.149114038725417
-0.114598240231404
0.0703647530796656
-0.0731024109079501
-0.197272430001545
-0.123274143543863
0.0449670012176481
0.053635996660963
-0.0903490892121009
-0.0745278241693757
0.060956064449848
0.0667965033656856
0.0490341760646322
-0.104404023512712
-0.000805619233428004
0.0543659556654735
-0.0186809666279205
0.0671604338485614
0.0452594694275679
-0.0254568486987639
0.0850990745831628
0.0527340240545136
0.0495198876291148
-0.144939053881004
0.0507319363864002
0.00431864771690808
-0.16748217565875
0.0465746082190205
0.220361048715817
0.0796385934298142
-0.0122689127198424
0.0860027328225593
0.140100722362535
0.0946896241023487
-0.0100017264504085
-0.124964034652
0.143024105582311
-0.0176742284451205
0.114373610308695
-0.0685605974938476
0.0187910065564897
0.0683170563613257
-0.00379928102029268
0.0838128850830234
0.0344704937376648
0.0718216889747438
0.0926410826295813
0.00246744846650634
0.062744550935371
0.176869664543679
-0.0965572827751809
0.111138181566977
0.171226899722181
0.0537923208579846
0.0232007870045624
0.0918249458911692
0.135723723146296
0.0897333004045223
-0.0523262423152838
0.0737482562074206
0.113474373899305
0.170230888608284
-0.0718681217181681
0.180636303374484
0.0973253434379981
-0.0422619030750683
0.105094920298202
0.15173467858698
0.200538313501622
0.143807401891831
0.0284578815807744
0.152689819812
-0.00303464817446266
0.227604319899763
0.122190953042814
0.116422314874863
0.0694326859132686
0.0706241105239128
0.0227149764235038
0.0816821218607413
0.10250880866657
0.110933948558214
-0.086132701496872
-0.0270807066641477
0.101572047236199
0.0185683050923044
0.0428505661008552
0.0574534405524955
0.266806126381256
0.221120848470495
0.239370741270261
0.265003421618269
0.117871167428287
0.0585132019493436
0.191119525187313
0.155348820242847
0.107995098547175
0.0599012671368799
0.258363075004079
0.0256744631559712
0.291734867111942
0.147341580817442
0.235788688244312
0.273661340476929
0.224682954856442
0.152631344962932
0.296071763360853
0.247505630170004
0.178001556862904
0.318934204052808
0.0609876804921319
0.258991148346826
0.0676392347296317
0.10630652726468
0.0820790377399852
0.304034343683185
0.323510633893979
0.284382880399212
0.174259827360539
0.162221025799072
0.24949879519665
0.0888841547212898
0.294824508126268
0.218672297380309
0.303433844392853
0.177492711460904
0.0648579107317995
0.340909983988914
0.151225958317124
0.25066587739718
0.332664345647486
0.0592212942443403
0.273118391151609
0.209980835214071
0.0163328491562394
0.126937051291784
0.44789203315031
0.371616204758895
0.221965700567797
0.162938198078083
0.249320734730652
0.38730497941555
0.292740550186046
0.114446051292497
0.121881998628026
0.161409061374698
0.391649412135642
0.230025951830752
0.365677824592021
0.183228739279045
0.206622009588502
0.201455900155295
0.248494246089487
0.155426247735961
0.366157679904749
0.406981368600719
0.416044612386433
0.163983943745826
0.300186395203379
0.334980575525127
0.405876707107247
0.259866356483963
0.262697969828348
0.333551099889281
0.258059235229898
0.293009520767309
0.230092735154645
0.207883525514727
0.46549846112678
0.381121755116933
0.239647486554619
0.275942221115384
0.340903023816681
0.295772713009003
0.37846027563263
0.245475775280285
0.376528645831386
0.415009598767813
0.394998921856521
0.309011261567104
0.418163445263774
0.44221527641792
0.207466113067909
0.272351623602155
0.379002714721373
0.290384117322842
0.099789022456572
0.331286025776905
0.326710337510152
0.340596987431202
0.223542100008401
0.405825246457293
0.283016488651493
0.314912231784715
0.43725825719294
0.348401405451379
0.174873895168256
0.341608023948455
0.427623481486259
0.331200630688082
0.41895573209561
0.311913212359156
0.327764993150773
0.262797659292927
0.335163413368706
0.334642544504532
0.507764272054085
0.401511339393839
0.402614338986578
0.341310707362311
0.420398827942556
0.25640860192315
0.326689124975753
0.23981147219146
0.278354279273664
0.373445962479192
0.381728307833282
0.311572719072839
0.260974142873848
0.529963626658286
0.338040758223389
0.277926026136131
0.393957951765989
0.290767309752524
0.255306760410319
0.542677177106903
0.507790467112952
0.466640476545694
0.488317371722049
0.407021406315248
0.271899848802028
0.434414863199965
0.511456878336371
0.413095584483167
0.404524833558888
0.441738895223993
0.339442418528321
0.380877497013784
0.536792843651587
0.417209783155464
0.379653693020186
0.378095209372446
0.401819227249789
0.433811590247696
0.495999498580894
0.320852288945072
0.574154731969905
0.495580880482354
0.495931891285009
0.437184415228919
0.518894817348077
0.465140599511597
0.442945858554155
0.465678504857505
0.359110693418911
0.425380209788025
0.509964928087546
0.45290626131376
0.510683618238911
0.553830814282412
0.498355795261631
0.467253656230776
0.498959459051302
0.452123998882942
0.492493398282178
0.503436509937997
0.496647362294098
0.515597267523751
0.631304037615716
0.593727835981584
0.502776904905752
0.48774064762618
0.544908115909893
0.55302489181295
0.533450687259955
0.555316866354026
0.543890466363972
0.608313155493479
0.546958804772569
0.572530471290704
0.519432067144193
0.535590724548602
0.452104713323209
0.504292410264868
0.680300328534181
0.459457983150803
0.508113267838906
0.513621532410795
0.595440316616364
0.584600462427969
0.613205038083478
0.573297516812042
0.631991554637816
0.493173714431109
0.62037822036222
0.578622317050741
0.665864649347511
0.447120816565334
0.568078266325676
0.82750857916142
0.516278787854405
0.633898297016843
0.610529921327088
0.742193489631384
0.516546116369161
0.589504626127971
0.589010235171469
0.527114414227936
0.617892967229986
0.66877958253677
0.58612215356958
0.700699085800869
0.632057685796048
0.649260613678441
0.68775264419355
0.623175206525686
0.46934794485367
0.492387655730413
0.553384588702208
0.58886386586917
0.696012128531662
0.581974571771694
0.69367301370318
0.592837693532777
0.480899130368893
0.679788660805297
0.657919850680849
0.586356513301597
0.578425483614228
0.624220629845012
0.533427139175162
0.439769625245366
0.584077440015185
0.600222229975425
0.492027249255123
0.598965569592072
0.619565528320618
0.581560512298927
0.514350267776699
0.625586161557816
0.709846113061389
0.665187092375681
0.580863838767114
0.502500420247998
0.72058440472196
0.688028378805163
0.524883222865378
0.479522196218846
0.700608426684751
0.497322075811668
0.82284686272179
0.594242707730393
0.720039886749386
0.813386604544926
0.720435400916951
0.636950420586054
0.729855141255987
0.754209825556659
0.747898351871242
0.731157169455136
0.728275427794591
0.594113745647425
0.648548654114145
0.536059157774282
0.679663983231677
0.502720963340718
0.743111820452069
0.697876953884678
0.691908130882287
0.596247080816827
0.565530733436913
0.709153670999466
0.726085423417568
0.740287462996621
0.68869054862395
0.551032205155948
0.707842800927188
0.692105049941983
0.719435854455716
0.741790775182429
0.71756509136904
0.777712524305196
0.794995662009925
0.760448999053811
0.845680807125244
0.680776163943599
0.731610465412394
0.862056308674025
0.777459637176083
0.762912749465995
0.685016980946879
0.682237713784503
0.696088143988063
0.858076276696646
0.806594315275084
0.859344808522459
0.846683786515337
0.747660227260427
0.740012219924233
0.791610209790648
0.640944353241473
0.798470820375752
0.824516407823907
0.795064111912654
0.807933770850314
0.812928488733004
0.674505645107102
0.797454375159912
0.929540281792445
0.623361217914418
0.647452777509369
0.644265041771104
0.884437581049347
0.882922241177628
0.870820049555687
0.76640476024868
0.867904803721802
0.744233919238626
0.750722260716278
0.864223469829048
0.663295467685772
0.611028468656059
0.848109085429919
0.833870435832942
0.830920266411555
0.734794299400991
0.848439121666564
0.877340350299121
0.861378103079189
0.76095428879861
0.736714040432845
0.833977076959027
0.915331421848124
0.858454991406387
0.755460126460487
0.856970032743608
0.906098094385469
0.731345630722933
0.830804837964042
0.706854856045058
0.902420072702087
0.856188149300758
0.971117164811266
0.700865143594439
0.88645623431773
0.812380598186121
0.90006501074505
0.693047562686291
0.919529624603591
0.886014185709277
0.759694869852515
1.13427226263662
0.80601284327542
0.925811548305958
0.991906229769777
0.937782364236767
0.907769157534701
0.881980716005367
0.889334882788627
0.835766431038444
0.913347077007634
0.884067807617176
0.930691734166679
0.790377914554371
0.715777915327576
0.93686250855923
0.758807259338822
1.10467634824942
0.971789217500643
0.838794925823234
0.795154011355621
0.89583631929105
1.01728114998179
0.85123826620084
0.856592295998177
0.962968813394022
0.800630908057753
0.789778676029305
0.95266933306381
0.768548955840899
0.938577833285726
0.9609351607359
1.01193207887126
0.958773148268448
0.959880910341996
0.989089511384621
0.952761569823123
0.826627863514871
0.952768315588079
0.840348357300891
0.976182477683547
0.800855411830442
1.02611156115031
1.12194894711797
1.01522054900488
0.872343622411607
0.760161956595911
0.923077422446168
0.999966836573691
0.994192748294008
1.07413823078726
1.02936191201989
0.934444246274645
0.99603318173894
0.879796348231167
1.04775248329767
1.14296889812781
0.997120933107686
1.00013353240291
1.02366151620758
1.08073883613354
1.11333448263121
1.04264950961513
1.00467974311487
1.09770008401865
0.92689240343102
1.06222870425624
