-0.961235590336936
-1.01085326903143
-0.983996417460584
-1.00760170217156
-1.07699202484178
-1.10346448613624
-0.927754645168145
-0.906059178585636
-1.12148465220825
-0.816936698843801
-0.995809561903788
-1.01562143345986
-1.0503538367367
-1.01535491496458
-0.900181939824225
-0.916136537635075
-0.901171869524032
-1.02455360077396
-0.994832643553407
-0.944091064502579
-0.815544944231558
-0.959578120062238
-1.06984904223915
-0.936418005487493
-0.88464934528683
-0.89877174005807
-0.961468047065354
-0.979664358605393
-0.854730616910451
-0.879953771991237
-0.959006845956712
-1.06724814062134
-0.979578016089118
-0.961368915582618
-0.835032721375049
-0.839914368033002
-0.948911463170758
-0.784258907878379
-0.950149616919026
-0.892180935543745
-0.769757916397761
-0.842940774193691
-1.04374080901452
-0.961476745597192
-0.905739161078584
-0.8642133224554
-0.95849190849545
-0.904342541349867
-0.954155325169513
-0.799480212435436
-0.944115370120776
-0.985251401835297
-0.931126629422792
-0.895822788669467
-0.924522797637119
-0.887557010358681
-0.839762559147764
-0.821174379246117
-0.952143687719428
-1.02968095559831
-0.852673214670351
-1.0087787931912
-0.786065608165206
-0.770611757013658
-0.790259810792709
-0.817917437985135
-1.01435739939934
-0.81222983387999
-0.830495652137551
-0.77021054446309
-0.858002640420047
-0.906153169394601
-0.964725831739776
-1.15648212628757
-0.851115414741246
-0.834951016181943
-0.900893245439648
-0.993356254648959
-0.748150677263281
-0.820495095034418
-0.771512079026902
-0.844575004956156
-0.941614453850382
-0.883032994919427
-0.648816511522313
-0.769414635096094
-0.923955307487652
-0.829146741255362
-0.897092876699751
-0.939522551838491
-0.91258601066307
-0.744782352991292
-0.884871443321204
-0.714504702538603
-0.824552745626906
-0.795226961354204
-0.846232588571427
-0.718862333385207
-0.769881467875238
-0.750371974338869
-0.673186121846014
-0.728144753389537
-0.935069702020682
-0.849856511263025
-0.89566189602281
-0.605460798537536
-0.730235165684895
-0.737301467399553
-0.849214087691609
-0.659843198732957
-0.59276592489858
-0.719912533190564
-0.739063044617704
-0.966721722340033
-0.886700767977306
-0.909608424590123
-0.762342247532774
-0.748291591621077
-0.835977028828613
-0.730760695123513
-0.671473441094292
-0.906173030641145
-0.680869311619262
-0.81101993872865
-0.788728232820451
-0.695204253646267
-0.813264311184485
-0.616603944811604
-0.782858796776984
-0.744214398651905
-0.76492521262726
-0.76593024181233
-0.847014720380256
-0.685637123512597
-0.665306713263375
-0.728602876389137
-0.728295409471434
-0.718710134396862
-0.753081823372566
-0.754981481209979
-0.774026290989758
-0.65649375569584
-0.71970775354987
-0.683364399626129
-0.682801423199739
-0.578368072010196
-0.736080288172086
-0.661461364025741
-0.769921205415541
-0.582991026751783
-0.710678012136252
-0.772118965859925
-0.564050141015052
-0.761851967263213
-0.620219888445816
-0.648613174142928
-0.862499306000592
-0.624665207109687
-0.699466779756822
-0.57520468597676
-0.64780643204949
-0.694852566885049
-0.590874662718392
-0.704706881998747
-0.59748025137064
-0.682975476336326
-0.69697672889506
-0.613856300407481
-0.710911552661134
-0.611920690808002
-0.720214928753091
-0.672342850475538
-0.593757236639062
-0.704578496622799
-0.598845088636781
-0.524048957433811
-0.655549314461844
-0.742057769726129
-0.770736721442271
-0.703259718698762
-0.647444210466652
-0.542683742299754
-0.513212393331534
-0.565893121157423
-0.633707147266803
-0.592532783051622
-0.660188514094108
-0.537636872860832
-0.585727244096081
-0.758157620656011
-0.558967030194271
-0.612161056705255
-0.62339815251943
-0.62031475602107
-0.437722874515318
-0.761189663158315
-0.58895638630822
-0.569556790005611
-0.738098375345265
-0.570221253787198
-0.478220112919524
-0.665456426308318
-0.452103626825015
-0.676448925751698
-0.541582218974626
-0.622923318382927
-0.431647251615227
-0.596175394372443
-0.602970159665949
-0.598620719112057
-0.61254605157275
-0.727329283046682
-0.550380034267372
-0.550194753701496
-0.592753727866026
-0.545965879932542
-0.599419909785224
-0.539325434147266
-0.576030479589432
-0.5934547361736
-0.770817085051506
-0.641997767943736
-0.577066906483753
-0.482748030855659
-0.602590872659851
-0.592345198787104
-0.502106345255091
-0.555781860303605
-0.62217736656332
-0.618032886654322
-0.481622547854278
-0.519183233829521
-0.601280805397658
-0.599950064787663
-0.559494048901366
-0.558488805487605
-0.471889126423599
-0.629512767949205
-0.410360928151871
-0.495526273926023
-0.499057373714822
-0.524605168328398
-0.56216801076638
-0.5296705107531
-0.565683981405324
-0.571692510704886
-0.518218813061635
-0.595581235088964
-0.532011982513726
-0.479224874492404
-0.441718594231342
-0.52625245579228
-0.419709197889864
-0.442909942099989
-0.415496201028975
-0.410426875665506
-0.501408177634625
-0.445350644098717
-0.502133604269997
-0.610524153142896
-0.466711755133326
-0.52594596120921
-0.534048904922226
-0.529515094496043
-0.362417153420875
-0.257691672819817
-0.399346091132134
-0.437995433937021
-0.565635142276487
-0.443841953427099
-0.62610814265205
-0.455792174974767
-0.464989489034751
-0.417390201318187
-0.393620987192218
-0.407972541214919
-0.637846567664487
-0.443469767630102
-0.405924338888137
-0.346793323516868
-0.488001941897699
-0.351720117738033
-0.495660886403213
-0.62445579512338
-0.326092177173147
-0.500559471815776
-0.448565808217941
-0.401957115087747
-0.393418347751223
-0.447718310448374
-0.448403823831308
-0.265915629248475
-0.48723357759906
-0.350658206557138
-0.418698254987859
-0.300694972632925
-0.27827584065064
-0.432083043121956
-0.329760400381695
-0.280193629058733
-0.410673150993554
-0.346190260340457
-0.339062242777567
-0.257859569868143
-0.316815324251544
-0.326969280038928
-0.460300638115256
-0.435868261397304
-0.307559283494696
-0.483189215006597
-0.340471386582052
-0.410573891099457
-0.418734862936099
-0.372600272131329
-0.368785063877313
-0.373554067713897
-0.391200628294517
-0.413435152216447
-0.314376637960557
-0.437886594926577
-0.255899826586035
-0.432440139239379
-0.372789650943373
-0.438312678208647
-0.272821961743832
-0.446342483631608
-0.471880430086198
-0.280513050398715
-0.374587483944157
-0.251895265859292
-0.356907664567119
-0.456810694197717
-0.25864007391202
-0.518481881283476
-0.323271980934755
-0.189209526927209
-0.306357115995396
-0.405087771767735
-0.239450028363556
-0.316828831241667
-0.105652182850465
-0.396159432607167
-0.242672472712898
-0.341183248833229
-0.41955607089073
-0.224484640927505
-0.300591529017159
-0.292740780471798
-0.326620298097277
-0.353314411801776
-0.0706996979271554
-0.402373145712051
-0.35896625853587
-0.346404264210405
-0.235252261054834
-0.231977212934115
-0.389747388310167
-0.195140963613173
-0.36581028514119
-0.371306649810826
-0.25910452573077
-0.267024963910593
-0.353363717599908
-0.157686714367426
-0.247582695144767
-0.229035590426935
-0.233890185679514
-0.212577402987648
-0.244097672680172
-0.331310495463661
-0.311146463427395
-0.261004772007048
-0.273629633772285
-0.220323505311388
-0.327196901383508
-0.180580057581245
-0.261583083868903
-0.301662300209485
-0.284706715369412
-0.413584608773248
-0.322830114243035
-0.178094327613226
-0.134755387772714
-0.160653742443502
-0.228505754616393
-0.355100116994901
-0.300770754995679
-0.289220678181235
-0.330293998032887
-0.17848736061377
-0.254142148428851
-0.248949976755705
-0.146112757126649
-0.0904877013604184
-0.219792414368049
-0.346601998469204
-0.0504986338834356
-0.158547439774315
-0.224746836255047
-0.370169256374046
-0.266078032491436
-0.264757241915887
-0.125574194930461
-0.219570302263679
-0.341472651537736
-0.195010650308786
-0.194252538582996
-0.197761938330979
-0.0745673154486852
-0.174145231895988
-0.251636459593002
-0.148546925704212
-0.182828599885987
-0.138823021998433
-0.281283644172194
-0.307283464908088
-0.0629832794136003
-0.243782267355063
-0.163239350838227
-0.192909641862028
-0.285925434058893
-0.124895599320686
-0.212517934943946
-0.227153671233443
-0.103182519010574
-0.108596985027689
-0.0600538594351891
-0.0904325063172811
-0.277698531785369
-0.126799561343243
-0.309080180901181
-0.0282098506163015
-0.104609155738326
-0.193175098105721
-0.146354023085513
-0.261606809734439
-0.198768721706029
-0.053246658628792
-0.184793461576277
-0.132429183665657
-0.185627441264895
-0.178357508744079
-0.0562862459045555
-0.0480813195377902
-0.229052746488059
-0.0921872874701167
-0.138410016859329
-0.168422089072152
-0.163157804258015
-0.27612881683318
-0.177130864919145
-0.160552278019953
0.0097996607744545
-0.0902888653805058
-0.099099794332858
-0.0693761512757177
-0.124689556877111
0.011893071272386
0.100377227871761
-0.0796842026194233
-0.0828008610176186
-0.0500717264896545
-0.199167722907469
-0.0395920280205752
-0.2383251724912
-0.0400545216589104
-0.103518368562292
-0.100794638618139
-0.0448237863532581
-0.239065521621849
-0.0159111389629208
-0.119262051186927
0.0877752872119379
-0.100291034186845
-0.0496631478623453
0.0297525293366578
-0.05967938515497
0.00928987615154689
-0.0103521658344167
-0.0421382979358845
0.0837354907314875
0.0764395860129983
-0.0316125685243622
-0.136593528511671
-0.128394527710419
0.0464914269194125
-0.0807475063392543
-0.204258951275082
-0.0992566093428949
0.0331450628710597
0.0417351490649518
-0.104066587076308
-0.0699380138317
0.0785491821423832
0.0590086305802177
0.0635233920031
-0.0749043700243296
-0.0211809080963549
0.045531539161258
-0.0121488100535652
0.0729814736102529
0.0516335572781139
-0.0212726882758409
0.0784338752752576
0.0670807063613612
0.046220835416206
-0.140167876586246
0.0309437756471039
-0.0118435156337894
-0.160932051824908
0.0477848006780515
0.203580724822076
0.0718539192613707
-0.00756735626631398
0.0755449353766601
0.159874634772919
0.103600981508913
0.00820132733466154
-0.133482473096477
0.152339239522708
-0.00564908342071488
0.110244598794789
-0.0526742764830651
0.0335798125418649
0.0736324392966887
0.00982635448343398
0.0939998901664332
0.0214879286900684
0.0737005054492264
0.104790273091597
-0.0294449358226251
0.0615431919605102
0.208557382106701
-0.101522509538339
0.124697812647424
0.160188123534734
0.0407059709735774
0.0267238152999147
0.0840172279446077
0.138727775935001
0.097363504429703
-0.0487871258926812
0.0587823091001004
0.125442814467762
0.183874401582113
-0.0868301668630115
0.195991700146913
0.0991321937528546
-0.0327321087740512
0.0887839586808568
0.143685042049065
0.201042636587236
0.132388322945041
0.0397643264941104
0.142090918907227
0.00938572305322158
0.212753110781458
0.137728293560766
0.107131859697616
0.0757292606995915
0.0695302525556301
0.0173971198776493
0.0993788282226085
0.109588224453385
0.11889853886574
-0.0755413837668878
-0.0210451842180262
0.114461967720628
-0.00340357841231845
0.0574628273023715
0.0163126551574356
0.261132858400563
0.218933450853156
0.21959571357347
0.275532320642483
0.115015251908593
0.0462458698335726
0.210158101098231
0.161057276352934
0.103584834848385
0.0497872886493823
0.260440584620666
0.0548181348344087
0.304213348649744
0.153258986777529
0.246359987271262
0.287166297307793
0.214215150067794
0.124099107666993
0.263266104429514
0.21910700591904
0.165982940088756
0.294722839928617
0.0995538472417068
0.234484145461013
0.0638143388714452
0.118757172496742
0.0759365810528118
0.320549605050564
0.343828356886828
0.291012261619099
0.182198317333007
0.172774690949466
0.273327104823633
0.0820527826843847
0.30330709220783
0.229500936203028
0.312417815804984
0.192340847819167
0.0637327757066184
0.319034341258454
0.147198453220021
0.281415760399321
0.338359548484999
0.0874817519147475
0.265506535956634
0.175910528197932
0.0176950328117292
0.106870107773354
0.453345397808055
0.333559205933501
0.231974805121209
0.151510833669274
0.251410838716264
0.418068085580331
0.29340483092915
0.127264935994195
0.125717864372269
0.164620571536354
0.388976712231488
0.246324579018897
0.365182163682075
0.1737216183174
0.22425556124056
0.208948769955815
0.26312591558876
0.158176749600737
0.353007348014951
0.410749427694662
0.408402852045639
0.162684548979999
0.303605789731864
0.340339804225572
0.380396973077967
0.253148141876499
0.258516447970662
0.359709757657674
0.250614813706052
0.307237518106758
0.227756375465027
0.227617045010259
0.462045832893869
0.385118513934863
0.243900246806279
0.269679167872644
0.323676107676342
0.283496437364542
0.374364427327613
0.241864113226468
0.367350920997128
0.426257399105914
0.41441078094551
0.313333305745466
0.421501127483726
0.442316748511708
0.207276605792873
0.266958000555642
0.358559077058369
0.287500458827462
0.0974489622939978
0.329148540134149
0.294989836880895
0.345236279447678
0.235667568766387
0.41144716927205
0.285073584575368
0.333180873250034
0.42812902150116
0.359191401268836
0.178625034688571
0.326800130496839
0.425374188405191
0.330173244213893
0.395287826102982
0.312088829261871
0.352094048925153
0.276411405435183
0.343514731756907
0.34632578250692
0.512367181491504
0.409602782805977
0.424078346491858
0.324219874904673
0.418336798963289
0.277903361085288
0.313994508104258
0.236838383935255
0.268710617096718
0.370902121443224
0.373108559844769
0.288439820033641
0.2574252351545
0.547108394463931
0.310184683763454
0.275250459466656
0.377300001906463
0.317798434407999
0.256834339359462
0.547316488637208
0.516136404376098
0.463450989212111
0.467473685474103
0.390315119955926
0.302299557035738
0.438949402397592
0.497175702625379
0.415601559939997
0.415725564583021
0.441218552453405
0.308831048185971
0.379208541346127
0.544490020444174
0.415212923755946
0.385322356311666
0.376341244746946
0.41056262918021
0.43540320582495
0.515403439411056
0.344487156656539
0.558878314222487
0.500842094228107
0.486158570293973
0.420940034394167
0.533595642133757
0.464527869937497
0.452948874430848
0.453290917012755
0.340714074042648
0.430677529369953
0.510267914713091
0.491074159389296
0.491870306703956
0.541592568501706
0.502559110586672
0.462715756010323
0.504671313712248
0.469089581775805
0.47806348703873
0.486952664766136
0.4919309236013
0.547380933409855
0.651904799259481
0.563118255181388
0.503631518973373
0.503120256389882
0.537193310521026
0.573723117405766
0.534611286681173
0.542647567812561
0.569729970089364
0.614344784056379
0.551424733592999
0.525716375874636
0.525349285157695
0.525389246280877
0.454729272194667
0.525487120436195
0.680154264951913
0.45710726662642
0.510173806305976
0.503060040753176
0.604871474188028
0.568472591148152
0.619880511143094
0.611341532038003
0.619969803721946
0.495136275241294
0.625791405073182
0.591559550242016
0.660134921917143
0.450517635368668
0.57559027845428
0.81927056206666
0.542813461637397
0.6333388344168
0.619914624845251
0.734503718510105
0.518879452471063
0.562430373987513
0.594535844787786
0.548897520628428
0.616558205548248
0.664721753290583
0.574808337355076
0.69609036369149
0.653686993097401
0.664481239787846
0.688011392404391
0.637432059365137
0.444073614519145
0.500928551590244
0.577126555586076
0.569497433342242
0.682067902479266
0.578112812139519
0.689292801111055
0.591101647936285
0.462650360420906
0.711213421987844
0.675764247984336
0.565793854192603
0.594283360867586
0.622492687774952
0.561997762166019
0.436515678593965
0.59141629954902
0.60735114237249
0.504748591961804
0.587204370567348
0.599959548285618
0.562913388451234
0.565071269274693
0.617309196871601
0.705579670888296
0.682738481524413
0.574288732120846
0.500452114495357
0.749977958540435
0.676356428611802
0.513458584658788
0.471280837593112
0.69966215233851
0.509669897208214
0.806965219463516
0.60765157641751
0.725729459801392
0.797006333613341
0.715943962222058
0.639303529092034
0.734097733532697
0.753640014625202
0.732587672887131
0.722741583023288
0.729425197158418
0.605354914330049
0.643215210023011
0.549785731246656
0.669884183315609
0.4926391832492
0.742539449313032
0.700757361580441
0.695618718023149
0.607423592459688
0.577810993967131
0.737228883344676
0.730232968522447
0.722633944911993
0.68705315214533
0.548870937635408
0.704511342674047
0.696943207593913
0.721580238292202
0.756673096923068
0.714128293382861
0.773335867601719
0.789485507503413
0.777342350486208
0.859217623876455
0.674335842672445
0.743531007986047
0.872109159112049
0.793336351680286
0.753516607411515
0.683846494325517
0.678595125221966
0.69465217290999
0.859738299264468
0.819272952952837
0.846064923299601
0.878822291531518
0.748169414995191
0.749916169077557
0.801105470730775
0.66134630040817
0.787542826746754
0.822922402324176
0.795019079475088
0.82796591423901
0.81696755164854
0.676092156040912
0.773032087286913
0.917591613808108
0.582791634495293
0.637078863856198
0.641798822318927
0.896535070834766
0.865820103864113
0.871587243631506
0.75847081773472
0.877888523257777
0.743793177597033
0.7506648788476
0.863563641173328
0.655435718891617
0.635051562844039
0.858837879864848
0.825325973190843
0.824964063509584
0.76005199559859
0.849779956807495
0.885337764096875
0.85678787823826
0.744048095335106
0.760519165966537
0.836919806116172
0.894832382561604
0.862427884551464
0.772521921182324
0.857456467155761
0.916780260501554
0.764135716656772
0.82896652237147
0.704865439162319
0.903212795244234
0.847954343191344
0.955319394446535
0.701930761730986
0.888724349026107
0.824669167923565
0.904382885560473
0.686298473999018
0.931723034811766
0.892828279474996
0.747714581675617
1.13106033666806
0.799963182817366
0.937916786455222
0.98470387468774
0.921085211333532
0.890802143484008
0.866806125474411
0.912840461411066
0.837293403780226
0.904072768341281
0.901694901734648
0.936750692602413
0.80039188131508
0.708078572922841
0.947728127571187
0.769276191396703
1.12300547602519
0.978885088724486
0.856381090363714
0.796312106558124
0.882957410362457
1.04390803640761
0.867954831864191
0.88282743831646
0.950555764032673
0.809095861791563
0.794685734758383
0.957239405028807
0.764580502035499
0.963193877007597
0.94811189788996
1.0185695726328
0.96237057954399
0.934329721205038
0.972252922219938
0.925818094367726
0.836459369568553
0.939579438203111
0.826491117793507
0.969548451572356
0.826479085104785
1.02197486400502
1.1138782894623
1.00186287303245
0.850874808434641
0.760395674281412
0.935936423103633
0.989650354387457
0.987464375865579
1.06882910546151
1.02355849508581
0.949966534852298
0.988598495648733
0.863847974681164
1.0432654857077
1.15558455780265
0.98651488486621
0.979186732966682
1.01527100410555
1.09437903074867
1.07303590976098
1.03388612579647
0.970883872203555
1.11507098206656
0.937024822656775
1.07279419104995
