-0.956574695493661
-1.00799013080233
-0.962793547281097
-1.00597735301584
-1.07819281156106
-1.10860010547282
-0.919837737437246
-0.917382579551929
-1.11331932104848
-0.806529565306805
-1.00085063537494
-1.00531913263085
-1.06258041366269
-1.01456091543143
-0.911925949284898
-0.916734001948797
-0.912813725982015
-1.0355578260209
-0.979097781747942
-0.946577002943978
-0.796284580940078
-0.95694344321681
-1.0805136173126
-0.919712400726538
-0.868154776104972
-0.875888913483972
-0.967052084739399
-0.985363051481245
-0.860274244685526
-0.889848943509601
-0.963456336345225
-1.07840647290188
-0.979949243792683
-0.971620302864092
-0.867667961558857
-0.83823544882031
-0.944216591835119
-0.778777467895031
-0.945406626735687
-0.877254538468309
-0.764597123170243
-0.842686011069881
-1.03498654200327
-0.977007305347194
-0.902009251827054
-0.87631524899535
-0.955841537379914
-0.877991184951898
-0.954047448970903
-0.793143488769309
-0.956967498697973
-0.97707044146782
-0.932333201241435
-0.892773725001171
-0.915036873332248
-0.887321327935985
-0.833495805252375
-0.829487345221759
-0.94638755408684
-1.05251648197217
-0.864509501086227
-1.00590445958467
-0.789624595272051
-0.77833993063665
-0.775227737561869
-0.792987087114689
-1.00698880967047
-0.828796708760004
-0.848692665036947
-0.777662335940098
-0.880706538007585
-0.905711406200022
-0.97136958194243
-1.18324490661593
-0.841615037286101
-0.840147659688705
-0.893717836376793
-0.981310262197916
-0.7621633163967
-0.79944301434386
-0.778077957444746
-0.891495460635301
-0.93479536306531
-0.883810864567052
-0.631542096187055
-0.767282552772128
-0.912838007496026
-0.831727850459173
-0.885593108449925
-0.93719182083136
-0.903888971585317
-0.765846703448612
-0.889173208275864
-0.73420424817427
-0.800232553024343
-0.792753396057445
-0.855594569146247
-0.716595188669635
-0.766432436651242
-0.761924615601895
-0.68180978084676
-0.742134571319156
-0.904795149545693
-0.864404385333406
-0.908891811906476
-0.627787163942289
-0.729050223454742
-0.733435548889792
-0.855945182487445
-0.656355478397537
-0.594393411551681
-0.722668195615442
-0.765040024046241
-0.953491436493484
-0.904022658922033
-0.916854891088632
-0.755168351627388
-0.723862527077375
-0.843404861233249
-0.759592442347216
-0.674582307248339
-0.924240487374339
-0.679382278585174
-0.8359448405138
-0.783075412598238
-0.714934579692268
-0.814004674346142
-0.629652655964617
-0.782561062042755
-0.769860097969269
-0.778050618891636
-0.765872436464909
-0.853330583869206
-0.673058463169821
-0.685457150857159
-0.739062095992581
-0.739797052926775
-0.722204597643953
-0.767957010838632
-0.763438632332309
-0.78016366223275
-0.657374783481354
-0.706643962126083
-0.670059329571367
-0.680764999955278
-0.608593756406984
-0.729435962557768
-0.649879416538526
-0.775108808416494
-0.574346852281173
-0.720097676858225
-0.793966736853006
-0.589634295368931
-0.75786781447292
-0.622755604394081
-0.649557090533221
-0.852854422240657
-0.611589496027726
-0.688332400425811
-0.574230789485817
-0.647784742359469
-0.687363438429873
-0.582890480258308
-0.707189042392521
-0.597973562155568
-0.671452301623216
-0.702360490579052
-0.620548898321119
-0.715552183205849
-0.59386040139296
-0.716579862382234
-0.661615526361899
-0.59534994949678
-0.704174513243504
-0.576214839396594
-0.527770059275348
-0.633275045202049
-0.734920524841063
-0.776345510473172
-0.6921222743062
-0.644736452060354
-0.559479676432405
-0.551369663998752
-0.540698099641571
-0.606881648647323
-0.609371243287256
-0.668349216324143
-0.526728975809699
-0.581769539072374
-0.77161950992962
-0.547296851188934
-0.608683521706021
-0.650359396634662
-0.624512096028425
-0.451222648546318
-0.757090601983402
-0.582951952704054
-0.571724862619134
-0.741608283596246
-0.569311338493949
-0.487427302219581
-0.669398832627461
-0.442154951992948
-0.674110712180862
-0.558821128978274
-0.617060605831567
-0.438990689554942
-0.588149203316066
-0.630077635243228
-0.601882554753606
-0.597374165261575
-0.723144998176856
-0.53266352924523
-0.550593505118012
-0.589789426343036
-0.529394379684636
-0.583790490513837
-0.540787902598766
-0.586693425177948
-0.595414474180592
-0.750426200027016
-0.642311143826955
-0.582605460538554
-0.499837207879009
-0.593416099555244
-0.59406358709525
-0.510921213540421
-0.55538397608033
-0.625563399922324
-0.609603669663977
-0.476295528876134
-0.549008387554997
-0.602614248829945
-0.617921307712323
-0.581100242243422
-0.537393510934972
-0.475287230834031
-0.610888371158504
-0.394048943217199
-0.502013957524304
-0.496837311359245
-0.518441713531806
-0.583475328626757
-0.552827231798437
-0.571623210169086
-0.582392894985801
-0.501958819716904
-0.601771990531149
-0.534374570949936
-0.477975796669389
-0.434941105222641
-0.521348181493666
-0.436905173978163
-0.42655094616796
-0.411339657292032
-0.436343088215973
-0.501992755862349
-0.430396078445636
-0.511819059516999
-0.594945408386944
-0.431618030410344
-0.531058156222597
-0.518816325816667
-0.5391246944676
-0.394842055915228
-0.238835966378784
-0.394851376077967
-0.464492980131131
-0.565158911409074
-0.464545706509304
-0.619563592829249
-0.463980848445421
-0.450653288992906
-0.432192587510721
-0.407716057091122
-0.402284228926864
-0.59638776888687
-0.459293788981172
-0.392060589884529
-0.352205910091731
-0.477057137083047
-0.36719706755542
-0.481761126571966
-0.642618720090178
-0.347865539592353
-0.488119001635654
-0.460480398030726
-0.447096065763399
-0.395262221244279
-0.438154117582596
-0.436053844205672
-0.261451170484451
-0.466272774166393
-0.360534245292738
-0.446582372648106
-0.289883199657179
-0.288318591399106
-0.434626755341326
-0.334095690183501
-0.264758929997657
-0.426301533762288
-0.34241488886355
-0.357872849841517
-0.260376861264529
-0.304532252303298
-0.301714884198274
-0.460001019234786
-0.434880343666677
-0.303529929673669
-0.461310703475054
-0.335385454716042
-0.413472957160796
-0.418831428267034
-0.392290243897486
-0.347312354931794
-0.384585017966619
-0.397013306319514
-0.393660903454786
-0.316591269800408
-0.429919706607964
-0.258989835671478
-0.442272573917527
-0.389170855668126
-0.443920053252554
-0.288376282682721
-0.45760081113112
-0.474787881387
-0.258800822924559
-0.403575882147521
-0.260157886010408
-0.365457595690804
-0.438156984539906
-0.255692753967179
-0.505912702564575
-0.327613401972111
-0.185023845197273
-0.28532548798978
-0.397180840868692
-0.258464428612146
-0.319761033673348
-0.109041602526124
-0.378647465065515
-0.222780969964763
-0.327351816720622
-0.425064667639241
-0.237627465156815
-0.295343481929595
-0.288101791965897
-0.341170182025287
-0.353953042660747
-0.0533786088446369
-0.396114124929103
-0.348980945097163
-0.342319629491157
-0.225126303360231
-0.235508250240879
-0.371525276920568
-0.20254129685558
-0.370639882065417
-0.373007282122161
-0.245538495162427
-0.295050329487938
-0.359095771989217
-0.150089627937808
-0.233445447146391
-0.239516711272555
-0.234268016869671
-0.22905854687295
-0.220273303770516
-0.333795510710794
-0.29802621143493
-0.274660801333024
-0.277336312824596
-0.223998841311493
-0.331119901518898
-0.167967206976773
-0.27539054225136
-0.303514638245897
-0.300548656983873
-0.399755603836341
-0.309896555052708
-0.162214296282406
-0.164060654469166
-0.190959809102547
-0.244370967315575
-0.373353814874217
-0.294308647560906
-0.271755755351843
-0.312277839510893
-0.168542173687671
-0.249857575408532
-0.274172550598687
-0.126778163198629
-0.0972422476036706
-0.201934589191788
-0.358494252618291
-0.0386157678540598
-0.152580915513629
-0.240729014456298
-0.377161573321657
-0.254494599801012
-0.274056614092184
-0.112602766672683
-0.226739915240066
-0.324318039754648
-0.200190245897732
-0.200972959945963
-0.205125865898299
-0.0768215584384575
-0.175946283523809
-0.240240171854173
-0.151237945240288
-0.18044257192459
-0.13014507776144
-0.266892561582675
-0.317887087596795
-0.0750286100668223
-0.233056153332325
-0.147666686953809
-0.163820081263869
-0.306380054850193
-0.134515850760666
-0.214746863129205
-0.242245190685044
-0.0969759831931522
-0.11176590865581
-0.0528573928487586
-0.111121320370694
-0.291707655112212
-0.0912027714411588
-0.284618293016292
-0.029386144287009
-0.094753759911319
-0.203896137644053
-0.151742759285194
-0.24572571984286
-0.195633911095913
-0.0706978785264599
-0.190984623683588
-0.135041103682889
-0.181584058892203
-0.175499027114141
-0.0645356972647437
-0.0486935728755966
-0.261848149958366
-0.0917211342714379
-0.127855353222703
-0.160505561887765
-0.187989157441259
-0.291388095139451
-0.149576817636204
-0.182736558640142
-0.00719221734318461
-0.106374579829425
-0.088079486512984
-0.0673052132907037
-0.14159329321127
-0.0105985861751048
0.0867397412653186
-0.0986587179601223
-0.0859637844280663
-0.0446828771893862
-0.219205687848442
-0.0297774096099669
-0.239136541777735
-0.0429643826186741
-0.118871265749031
-0.0956276808309624
-0.0465151280487848
-0.207403219613635
-0.00125176225264022
-0.138624254106379
0.0925936818677836
-0.0986123608907317
-0.0243587424941673
0.061868286708508
-0.0599901528431453
0.0239700668290741
0.000827905602124449
-0.0459456866532775
0.0814920250557821
0.0824612276823466
-0.0502691593557835
-0.14680690881998
-0.129886024071529
0.0651047635455948
-0.0971676878165171
-0.217350347098914
-0.113855751469041
0.0441464047534768
0.0426426057790062
-0.0783326451556665
-0.0600199671209603
0.071906966076223
0.0710538764499971
0.0551514834791744
-0.113214129727272
-0.0100730059447041
0.0457704897912293
-0.012691941215905
0.076295078817858
0.0583364378386994
-0.0249674313660035
0.0706628494992046
0.0626552391535729
0.0490115077897932
-0.132072527579609
0.0437387927334569
-0.000961475164467693
-0.160142710296778
0.0604669930040362
0.216448618434934
0.0798380986250412
-0.0239121173883015
0.0883484566744297
0.160622615297684
0.0939631014191223
-0.0237229079430797
-0.133849108004511
0.139286746548575
-0.0232561408100907
0.126888889628017
-0.0521409378231438
0.00531529150787948
0.0748486678502103
-0.0206699362214261
0.0936908193821522
0.0258516564400327
0.0630031608200451
0.0912286846555518
-0.0123364272232131
0.0754364916513966
0.172313480596835
-0.098333102746759
0.105367092600193
0.158107312543649
0.0378478775788222
0.0186230924508192
0.099533683830024
0.141471042393442
0.105194974035594
-0.0497775064648196
0.0615647946478884
0.108047062730741
0.169106138311193
-0.0564562108906565
0.205584376239771
0.0921010159768923
-0.0524063602107755
0.101416386249399
0.12705484856953
0.207511018635421
0.148100263827849
0.0426167917921386
0.153970874972496
-0.0136916242699442
0.184343095525418
0.138036944639491
0.122961848187413
0.0614046726782147
0.0761991981237697
0.0268343183015924
0.0689805375813981
0.10367680209816
0.111608335622144
-0.0792610036217006
-0.020572878153032
0.0866608495575241
-0.00284068789466174
0.0619083724588035
0.0529843298514673
0.263248740670065
0.218943692219259
0.232816578621235
0.283200505536303
0.116717310723071
0.0482770773252089
0.20652365595211
0.168399791440853
0.103323009951295
0.0661327095910367
0.258283850474203
0.0434585433489057
0.30028939021506
0.174232225643198
0.226812751140565
0.28128970928388
0.21806602700964
0.138351312687777
0.280131628232947
0.22868731316647
0.181985754646577
0.314922934949964
0.0825733981135122
0.227576276873266
0.0721842827870335
0.107265142913008
0.0798917161367604
0.309940658919009
0.325278855438112
0.298502400576254
0.165861850996644
0.160304133473469
0.274530066091754
0.0801844062759329
0.317268549531508
0.222753490994209
0.297404755044991
0.17894653869952
0.0726080398558811
0.330927100507847
0.144688110842862
0.266090049749238
0.33029963940897
0.0828713419345138
0.243950916199055
0.200568525996061
0.0104582008070753
0.110032360728701
0.454774659135469
0.358068683458091
0.236846396362924
0.163653187089066
0.248767694470518
0.395108754960703
0.286790356497662
0.117702164630489
0.128940759344664
0.174404784265564
0.395185690967057
0.250838803151137
0.365859513133134
0.161485898771601
0.225846132143435
0.201215493824855
0.248323982773879
0.153241542060203
0.353595109634572
0.402577825495501
0.392325189750333
0.16781178803843
0.276758581796011
0.343270621702198
0.404506127861376
0.262943036539357
0.248687841285233
0.341250096249845
0.256952439642152
0.308468645014137
0.232521561292572
0.210546915367819
0.454131489822761
0.390364866723837
0.253254555238175
0.26681360507179
0.343822237012878
0.30261954692902
0.380016699856834
0.230456662367615
0.377217196298644
0.430915482638227
0.408678039729368
0.308414378111809
0.416876743687482
0.437518433648963
0.203441890845642
0.274844470839022
0.364171723974816
0.28054151365535
0.0990938285071772
0.308381232037715
0.314393720107617
0.328708562717807
0.234437344718445
0.40640528498219
0.304543619432449
0.30553949108216
0.42939496591692
0.350884126208817
0.163245331771973
0.339554472637362
0.434715891725459
0.330959079580486
0.417960903060926
0.309916164453448
0.335684438572712
0.268790280774806
0.325490541521061
0.337065517134332
0.496163966696419
0.401085189581499
0.413751313110974
0.342547336362101
0.420477356207478
0.288212701881476
0.317182668801002
0.236926839480497
0.285592061884248
0.347323356320839
0.357440948417179
0.319150951987504
0.255458195132248
0.537022013397317
0.320593760030157
0.278711800141339
0.392250882679233
0.297013352445562
0.242572337539474
0.548816612797254
0.509000853929236
0.470337117330409
0.473174688298872
0.395068872037045
0.265139330998838
0.426912084849699
0.512736834487471
0.433839869601871
0.411252528010349
0.45800810241317
0.338842388800558
0.386747571315029
0.529632078695234
0.427282819428537
0.38447671430619
0.373502861731219
0.398413161633146
0.46021155667045
0.503533951077272
0.350900085180187
0.561432837895099
0.507631454472763
0.494419857920603
0.442506309972092
0.529907405739787
0.47029113020893
0.457707184450562
0.452804974054377
0.348460226083296
0.454647963797248
0.493963708953434
0.463073177631772
0.489381406590055
0.536594222070325
0.506625104004163
0.48753101743233
0.472787269290995
0.450136310615816
0.493493857852836
0.492434191682034
0.514714355508523
0.54020390937377
0.626420767945567
0.565285665295294
0.498647485865992
0.500594593872456
0.527447270221231
0.568298997892678
0.515451584743092
0.570093410220346
0.531021507580481
0.609179686745532
0.536227934108973
0.568833283633244
0.522922758551639
0.524189078080557
0.428211975458088
0.526909290642896
0.677307034571871
0.460153047639517
0.50112040028273
0.513825001587973
0.620690659600955
0.587605170642545
0.615201303594299
0.601818890861621
0.641700158087836
0.492498808318033
0.622453676748876
0.592430763340387
0.663971236341397
0.431377393067432
0.587588494714585
0.817187707806459
0.510821468206589
0.624475142531766
0.609929348238184
0.749544436837676
0.529869569970083
0.564841780720202
0.596938313368284
0.524058304129803
0.617810013515836
0.660394222526197
0.587987357058004
0.702827682290421
0.636909802455887
0.646409360061136
0.685507757779825
0.651075479400965
0.446481957368964
0.50111797076017
0.548642507109152
0.578097590618423
0.68842299084298
0.566983683237699
0.695054975587907
0.599288674721943
0.469622558787471
0.690676119101324
0.636891812426355
0.5715641705587
0.601418621755163
0.625999092124228
0.553335323299991
0.422365896190924
0.607651232759706
0.589792297650678
0.481845414779709
0.598234630760291
0.615011762360153
0.582991335234637
0.546237151915048
0.630573466126181
0.712354899322097
0.676343035865333
0.578958300309349
0.517212656208964
0.741764166792951
0.66884313418917
0.538295842746837
0.485841436769461
0.717856676887531
0.496063608706308
0.808271888297085
0.598463753416606
0.749668129381823
0.797851895410178
0.718423359406185
0.629155284791878
0.743222917278261
0.748553908196814
0.746217095387434
0.729975605596786
0.740875602258128
0.612006080697176
0.652249254805665
0.533360536373723
0.672775716182146
0.49074002328438
0.722077817047133
0.68990606977505
0.697073989814965
0.595333551733858
0.565654312679144
0.702250487731924
0.729933294109442
0.726811121730188
0.667630862252284
0.571225782362231
0.690775078905066
0.717591913570783
0.730626204744884
0.750748176894389
0.712902875957238
0.796098948353255
0.780064320314822
0.777878836962315
0.826243529238366
0.711176494896845
0.768676459221989
0.877973683236614
0.807410325554738
0.779543033083651
0.686046645576893
0.675181728323463
0.71912252636809
0.847802296936171
0.803658213860214
0.837770042036578
0.865415128648232
0.738406491801762
0.741210141249024
0.806495935335996
0.673239920538654
0.784499043299549
0.831414429714066
0.793762134989411
0.809228605517005
0.806453691027174
0.686101069993353
0.774868558142505
0.932945056978535
0.591107781656187
0.636380020828421
0.638287847584182
0.898567985430528
0.899329723688217
0.858000714405663
0.772767234877934
0.858559159493528
0.744026057928926
0.761290809179951
0.872873402033597
0.68346052272188
0.61791139458165
0.843354737041252
0.833461691893112
0.810885509734972
0.757998806121448
0.844671583811445
0.888930566208563
0.85491670008725
0.734090364476856
0.719815278846544
0.825604035214788
0.901605527778783
0.867916532540827
0.766971427178697
0.855884644615192
0.888282709418335
0.738355956833688
0.819007584799989
0.70761170268252
0.882072846479928
0.854685759027678
0.969988929766081
0.703243470736517
0.866152741271622
0.824850414965057
0.906183382599362
0.686985836638722
0.928896886890241
0.891676161385167
0.757861467214805
1.13300450125493
0.786210634841127
0.937134390330822
1.00577911275036
0.909800554582857
0.877603947290411
0.854322887844115
0.884997152088359
0.850588336637875
0.876439699971355
0.913731903778233
0.939537745646093
0.782402873828338
0.718119329797277
0.935121689309496
0.752420043494676
1.09540682179628
0.988120230602476
0.84637049547476
0.80755094908167
0.88096400180709
1.02712981824033
0.861344812221667
0.872886479108955
0.946822680070753
0.793958692057179
0.798396052569375
0.9609834233191
0.738903822040704
0.939327741223269
0.965805412139911
0.993416310063175
0.951376483574846
0.950696901404667
0.972691808339881
0.941800986086165
0.839609158497081
0.970857617722928
0.812608220853925
0.972034773039796
0.843555305837888
1.01268820236459
1.11690357722127
1.00078753737848
0.855934895339191
0.780608758555289
0.922305782829542
0.998777857632243
1.01339203275818
1.05799176302695
1.01725073795912
0.962972996556643
1.01040858161128
0.872615734205876
1.03449976948882
1.13443488209841
1.00502008861669
0.98781107852615
1.02073454506743
1.08838692609603
1.09254931448991
1.04049125504603
0.988202665377737
1.10061898659223
0.926215348760299
1.06585133866878
