-0.954695723640062
-0.978069838505873
-0.978847787974379
-1.02162638729245
-1.07354504197442
-1.11438496569838
-0.912994113104749
-0.899933392463994
-1.12830247042265
-0.824338893947832
-0.997305107737532
-1.00381657438781
-1.05727308683228
-1.01118604933073
-0.906165462263136
-0.940013000851781
-0.914311998193208
-1.02308072518593
-0.991457121779771
-0.940251867179968
-0.788202801323526
-0.949127271958979
-1.07711679513511
-0.936022568006954
-0.860111185172334
-0.88772474966339
-0.988487821549222
-0.962415342937087
-0.851801820497209
-0.893063297828508
-0.943045842779433
-1.06166631949335
-0.986340922253497
-0.96343133578812
-0.851989594064884
-0.83218895528438
-0.944686064043504
-0.779127212586074
-0.946188394988544
-0.881023090786919
-0.776923825005855
-0.848224514979257
-1.04671162454612
-0.977018666465577
-0.890874896301961
-0.857119169218778
-0.964793284478177
-0.894928213258529
-0.927516394397526
-0.799994332840161
-0.948216649235996
-0.967834496842233
-0.940154532776803
-0.904514172720501
-0.938272007790576
-0.884070757239492
-0.826698805827718
-0.848202288856582
-0.964584340111019
-1.03591871213471
-0.834738373651098
-0.992240577466848
-0.790683911978011
-0.768655961689879
-0.79803457355155
-0.834417041224284
-0.99873362798265
-0.817421998421591
-0.824364026892923
-0.775397487028156
-0.859551390730183
-0.902700129264957
-0.975774164921723
-1.18128592217798
-0.839916631100011
-0.830735282365094
-0.894120243629043
-0.954905931651554
-0.740879580501966
-0.812648132763942
-0.782855855961218
-0.871382477660906
-0.930309448269953
-0.883257463189653
-0.639875788999836
-0.758113530812833
-0.919187403675913
-0.848219242286708
-0.872891656093512
-0.943655049453391
-0.912074914269504
-0.765489286115974
-0.884211050374687
-0.740837837596395
-0.810632529082789
-0.767278500211987
-0.865386929105655
-0.702674108538859
-0.790626129005316
-0.761468778290432
-0.682647164620563
-0.744531636621455
-0.916465743287258
-0.856909871075567
-0.895352172483326
-0.611592146146619
-0.751722368774885
-0.739585715753683
-0.851717525979791
-0.65616974956669
-0.584506395395075
-0.699405289541012
-0.762575915986206
-0.983093241341249
-0.885276242575394
-0.90300596648706
-0.774638063619811
-0.746763160502038
-0.837895300948194
-0.759724980403575
-0.669801891684962
-0.907098837234034
-0.679983258341421
-0.829778299414105
-0.795948404506395
-0.692424660883926
-0.844193584973584
-0.616200699304269
-0.787032147371041
-0.765511962926705
-0.745325918341296
-0.778270296056729
-0.859084592405508
-0.683499970302792
-0.683290724473301
-0.747932609873536
-0.733007512728135
-0.712424119998841
-0.739684112465256
-0.751852304903948
-0.813501393807488
-0.647734480280264
-0.727204102768578
-0.685343067233237
-0.689287243612565
-0.591056649516284
-0.735309149628997
-0.674994511422056
-0.772284943717672
-0.580175802971915
-0.715402103605934
-0.78394797556735
-0.580066451659927
-0.760412868545986
-0.615879415828378
-0.655421631606395
-0.85761643897754
-0.606170832859052
-0.708034801003613
-0.591520424066291
-0.647193003742668
-0.674059784578599
-0.585968357063212
-0.706135852715899
-0.600292319442588
-0.675143318561713
-0.686863443428105
-0.623421841545842
-0.708461452530996
-0.588462280546248
-0.701263030975688
-0.649932946984454
-0.599187973680968
-0.699857828789687
-0.582545187491483
-0.505185445086437
-0.640787877086904
-0.72873260102927
-0.75844282404582
-0.70841532138737
-0.6315153569586
-0.551055048777073
-0.538118483323445
-0.545579078973343
-0.639488008213738
-0.615893294619296
-0.678045937842642
-0.540403658176941
-0.583697576768508
-0.761674764009194
-0.550170402262999
-0.596474511566678
-0.636817272237507
-0.60333214889294
-0.457330118379509
-0.776642311257342
-0.60401149893638
-0.567883180797025
-0.737911780307957
-0.55843854793077
-0.482905995392845
-0.674568521936484
-0.424454098247706
-0.688553426414122
-0.553532088747719
-0.62299745954566
-0.427773593910817
-0.598303102131325
-0.603956768384216
-0.605715910169253
-0.588886940667962
-0.724726342027293
-0.55792575118066
-0.538787530993655
-0.601541979759171
-0.543999571623907
-0.61478851469461
-0.556830494636749
-0.567352455775423
-0.599055363328095
-0.749761928503395
-0.651504205819461
-0.575384795430587
-0.484389711606657
-0.59434278770422
-0.608926423379047
-0.499008020881297
-0.557134766195113
-0.621465636619402
-0.623501707706644
-0.486626377416678
-0.545118219949724
-0.57828239212455
-0.619285074740309
-0.563973350552317
-0.560199887203925
-0.464060697659309
-0.608495740638595
-0.39380575299319
-0.467155238906541
-0.508587612024955
-0.528612600185253
-0.564133068771603
-0.535644449172466
-0.569964336605068
-0.56931522598086
-0.519947874704479
-0.586184321552794
-0.532275203791922
-0.489543786467768
-0.44068752663894
-0.523090473737132
-0.432116626972263
-0.436745775010054
-0.387282484061632
-0.417396619863704
-0.526194213761168
-0.443607438614497
-0.502932525628128
-0.607469843614443
-0.457191186517233
-0.526114989697372
-0.523230786243515
-0.531823565030607
-0.388699249516116
-0.257518156518677
-0.411644917143663
-0.448237518525261
-0.560873950718416
-0.469014583089847
-0.621164357337739
-0.466074723810608
-0.463900902153251
-0.438326428280111
-0.40475325231934
-0.399456454837801
-0.617808596506522
-0.458557907605832
-0.403698303501056
-0.354902154014887
-0.47967052852275
-0.357199197265366
-0.492172093090668
-0.649908281058003
-0.342292230797191
-0.518217775350988
-0.456963629241117
-0.446140995173848
-0.404938443830003
-0.434637457389183
-0.456048321954059
-0.26364156579798
-0.47114995210878
-0.361230281200968
-0.444890507835667
-0.289434342858211
-0.280577632587149
-0.43264091764024
-0.304781640364837
-0.280748591487487
-0.421271310166974
-0.339559152012839
-0.337190130264284
-0.252442977635824
-0.304792856742013
-0.319111819194193
-0.464317126256525
-0.427273984725676
-0.304565096874962
-0.480872756108651
-0.336099345565557
-0.411553317268683
-0.427160126633849
-0.376057575670508
-0.342704054684024
-0.371882318537459
-0.397686435427668
-0.408057183851214
-0.309021799991648
-0.441151300156224
-0.250083741106953
-0.438935665723278
-0.373837061515465
-0.446205371898209
-0.280002230738
-0.456168967172131
-0.49096898925073
-0.273126803899937
-0.399799671994919
-0.253022270427058
-0.373225641116484
-0.445178477209327
-0.245143680940588
-0.511884567934866
-0.322807240432639
-0.189738539792816
-0.279967042406276
-0.381712281816774
-0.238660781482372
-0.346322066958731
-0.112879790074447
-0.388515641249634
-0.222104797065529
-0.315597897018172
-0.403132767043167
-0.241256962010177
-0.30562449801124
-0.282787728549422
-0.331746257522971
-0.356133778725792
-0.0548088770863776
-0.376010917767599
-0.33942887733165
-0.332329668145634
-0.223903512135204
-0.233731099551742
-0.381405780953803
-0.207254644501438
-0.383338084318384
-0.361855945477841
-0.254150149771183
-0.28937065051209
-0.357916123395567
-0.136539306883162
-0.23376579284567
-0.243549087324981
-0.247205517720486
-0.20196116967582
-0.236251718861154
-0.341010536043905
-0.309226155672104
-0.254931413024496
-0.272019097085725
-0.222299083287703
-0.337248929065121
-0.180999617829197
-0.264518816319603
-0.293241163273064
-0.293235293230215
-0.406131323195842
-0.312800142849298
-0.169949814359375
-0.172075857079406
-0.167228300484836
-0.250048766717637
-0.358469854140442
-0.274406543228462
-0.262985616725762
-0.307377278946832
-0.164941116749219
-0.250461908972582
-0.258057386022348
-0.141282695799018
-0.10528268409168
-0.204883023440398
-0.343738274770654
-0.0549780381654762
-0.162698506700133
-0.252060944851744
-0.368641182802193
-0.270088869813487
-0.283284347679497
-0.121590125137838
-0.22621643628029
-0.316065213500955
-0.211794841618303
-0.22136924137886
-0.204412913102132
-0.0852638945309412
-0.158995388545967
-0.240516632081472
-0.158441591687229
-0.168250961361611
-0.134515506550637
-0.260141015180274
-0.32211549074894
-0.0497601086972476
-0.241680668104171
-0.173228990455662
-0.194700041530446
-0.282756161639258
-0.120706264661243
-0.218655150102765
-0.215199903510364
-0.0879746940905227
-0.11019054833822
-0.0593246756805877
-0.0920038629221244
-0.285602901203232
-0.117569994205488
-0.281525040850149
-0.0294281621255694
-0.0982179298322731
-0.203434746564137
-0.153210748146518
-0.244490355746149
-0.186521081001191
-0.0633459245758412
-0.187134053295243
-0.124386313099978
-0.177257864078427
-0.162459980438415
-0.0477591184237096
-0.0439771144533044
-0.237306291602139
-0.0665201115203146
-0.125992917554271
-0.145722810539606
-0.176976765993821
-0.265388053364466
-0.163181433933591
-0.152817191996036
-0.0137942046848244
-0.0870741476482972
-0.107171828432431
-0.0531550462680545
-0.126201611107825
0.0178618787882519
0.109921079802913
-0.0764171444350152
-0.0785418423028774
-0.0546264004667968
-0.214584243516
-0.0161842893557677
-0.22689447265413
-0.0359294911230987
-0.100087541666551
-0.0929283933177151
-0.0431864128840083
-0.227378208606768
-0.00411245297261439
-0.128572547253423
0.0728691753527034
-0.0907623432946083
-0.0303849321577136
0.0477725119460764
-0.0673385761827437
0.0255266489730316
0.0160394171293942
-0.0518847714303951
0.0680288439148275
0.0988605610283404
-0.0394158193280619
-0.159865602891592
-0.122502118784894
0.0522318902637796
-0.0676706441584608
-0.204837250064586
-0.103542386342795
0.0107857928627448
0.0312041453022436
-0.0869924209934534
-0.057443162816122
0.0673321005647419
0.049884570276474
0.0774953716097034
-0.112271093429469
-0.0267705586594932
0.0599717229477917
-0.0266561206586108
0.0681965830809612
0.0476969824011731
-0.02637872590639
0.0724672714593195
0.0543037476613892
0.039873632605555
-0.155427870302932
0.035311915417234
0.00199937141031361
-0.166665446395212
0.0716394832275289
0.212269480855957
0.0524800585620476
-0.00514146467202146
0.0917360693270727
0.146566786582615
0.0876886847267804
-0.0211294753262357
-0.141991756709553
0.159186531184599
-0.033266703774812
0.122510826521823
-0.059681337408206
0.00230058782400366
0.0690163557997416
-0.000663314708826455
0.0911811283087438
0.019836947237699
0.051920362745628
0.105994393402602
-0.0230982413600947
0.0606800778354405
0.176766419806288
-0.101213032618952
0.110219541528971
0.156844037469325
0.0342871760330134
0.0102982821540598
0.104428366526905
0.151936712520671
0.10533508894483
-0.0577975850787394
0.0504955785323579
0.117537105921393
0.157510953586292
-0.0576939796437317
0.198598636800231
0.0833620044076053
-0.0476846984264622
0.111735537926331
0.153387160638102
0.203562138635975
0.142998451694265
0.0524559995537091
0.152769310436471
0.00366785360998268
0.222191613228916
0.145691148736782
0.111402445314079
0.0718810004923818
0.076274157672539
0.0297711614848391
0.109175930926221
0.117344727714196
0.105442842976768
-0.0913731878140588
-0.0233308121835756
0.12865047258788
0.00635548077765358
0.051957205829677
0.0411697257368699
0.26445189594639
0.234216452214341
0.224713914720513
0.269183009877072
0.129349823639179
0.03440782442096
0.196118711182242
0.169721830060777
0.100654389750773
0.063867026222887
0.246572481009262
0.029703537467665
0.302713811539404
0.175929075895056
0.259747149366315
0.283264986416793
0.237552016429555
0.137682918152238
0.275251328939434
0.245415500665177
0.17668802272675
0.304353727274613
0.0667355817756445
0.215745029351347
0.0762237572873985
0.120686696043352
0.0707260309129297
0.321884027894443
0.30675169526819
0.289656793199803
0.192732200761434
0.169478475576855
0.257960373830024
0.107574831626198
0.303674765388449
0.205512148612295
0.293509246620876
0.185741838288893
0.0551338737874585
0.341091287807086
0.148343060017914
0.274956783510716
0.334671843419079
0.0652397067244489
0.255500179940471
0.216067058536526
0.00974551550777458
0.119128959599991
0.461172734901058
0.351828827453501
0.219383579592843
0.162917665196018
0.240127622524452
0.399647448354566
0.270473538459528
0.114253290466766
0.109096403721001
0.173995915736249
0.38608390871033
0.262450538475205
0.360754091476607
0.152009275444128
0.212824610359313
0.20506556153231
0.258062406625857
0.156845587670899
0.362816246492072
0.399804798656728
0.389338613884543
0.166616706853773
0.300066172615893
0.332759033967778
0.384539986789003
0.261651332187532
0.255962564436683
0.344654115849298
0.276428391129805
0.331049857264132
0.22386348523246
0.221683755124084
0.482564388286438
0.379471512439499
0.249979670471103
0.267323195101847
0.333601875091656
0.286194872984532
0.406949887964636
0.248171306058163
0.388530353789903
0.424808936190456
0.398970506368099
0.288868153818085
0.42413745618164
0.420176142621685
0.184355221809821
0.281195138763324
0.373677408181152
0.283625906720419
0.119222080761955
0.346978280562497
0.290606435889086
0.34301197389777
0.230415085867559
0.400253064973274
0.288117476941858
0.321213425728377
0.438292308901
0.359096901349203
0.181117249716497
0.338147629536195
0.437686597196036
0.354732265993725
0.394205493028567
0.317914707550719
0.356769839207004
0.284288552697565
0.33161896477021
0.341053278751175
0.499841330366055
0.387779241155495
0.404095615326801
0.318901954435569
0.41273435768318
0.293372582947299
0.315718828009799
0.237019278058241
0.279006370249367
0.360866611010533
0.362858322121635
0.313035589382105
0.262159529142047
0.541978757293298
0.327235176512217
0.289588681783783
0.400201688822061
0.306314905781739
0.245831279343175
0.540426908813314
0.492316927821662
0.461110678444238
0.472505375409504
0.401894334592492
0.276884735713528
0.425542883492397
0.501716641966522
0.409543137596014
0.423422110294109
0.435142497334974
0.310894958838645
0.365965043014754
0.529265883862826
0.433615303182942
0.394465496419408
0.36673499739317
0.398944449093818
0.448799788378743
0.505405939229456
0.349377008549954
0.541843717939343
0.492760286933159
0.494231476923346
0.437100432623439
0.517853927501512
0.467648673681418
0.437214090012004
0.464654408531354
0.349215795323779
0.452928772134531
0.502165896898504
0.459787647656254
0.501131815821063
0.529899104127262
0.500697940927414
0.484234915939578
0.488424281525249
0.458072097834646
0.484445354397976
0.508184745184959
0.509679152748631
0.534478812049089
0.645467142932204
0.593299788650021
0.495819259859101
0.504597466029692
0.539504629269093
0.571474389612704
0.553133025167335
0.536896422660383
0.556924972200294
0.624192879662512
0.539342945514841
0.559082734267135
0.523547965260884
0.514502388653657
0.453189188798836
0.530842166732633
0.654913325158394
0.463676488667084
0.503029677799144
0.516737777849249
0.60733850340252
0.571211411006137
0.592312431616122
0.58509534065336
0.619536937230387
0.497742351311833
0.638577925769827
0.580641519510209
0.670496273460321
0.442101660666377
0.561319103139455
0.824936461567926
0.526981778642319
0.622523108540059
0.606955566157534
0.75367965152755
0.52919890118678
0.577572361300874
0.586862594141021
0.550387983847658
0.628203018618796
0.663632444045047
0.574332616706893
0.684655540443782
0.651378208852245
0.673947344422428
0.673654752102988
0.632583488809919
0.453029019012931
0.5107405422058
0.555207398338116
0.575201931331857
0.684210921047853
0.566949346053181
0.685950407033271
0.578424369921618
0.463472778837891
0.710427537630013
0.667483875266849
0.577536829691263
0.58246072154452
0.610816904196509
0.546165008063121
0.42396818971662
0.578917718933465
0.601380667919536
0.506555241652312
0.569347010654411
0.611824384592175
0.57434156996853
0.53322716300512
0.628707712425122
0.713018296093916
0.677742764478205
0.555766344698128
0.507070160708435
0.727275797441464
0.669565545860002
0.52217648726497
0.47441896298628
0.709166915114062
0.493066222782658
0.814315481428128
0.596416457554014
0.728124426660709
0.791587035627594
0.713207080559596
0.634535726884345
0.741184452443184
0.732279948035291
0.741873635590654
0.740035468902816
0.740402741108561
0.61880744969527
0.643615539597817
0.550949861428213
0.676332266561749
0.512481564330884
0.748130459163331
0.675358389762158
0.711042200992154
0.591642492047843
0.557540422385007
0.72672302813192
0.739715674441714
0.715401337264869
0.673306264023955
0.559091992355176
0.693497554792221
0.680048957648487
0.722171987067176
0.765570572423206
0.725140275860246
0.7815610710378
0.800940640073326
0.754036879469177
0.836044361028708
0.684750237726578
0.738559972469781
0.85693920065607
0.821941625711649
0.749784541287873
0.688856157446936
0.689374381202052
0.70732388391756
0.873993879798942
0.810446304405106
0.829662811824656
0.873018016477177
0.743442173305963
0.742879113420328
0.808879576437459
0.636384319481392
0.795408200261549
0.82065283190835
0.801519224893744
0.823519708250351
0.789311414891344
0.673836798634437
0.770854044512421
0.9562512552596
0.578328118401145
0.648312964210834
0.653240442901962
0.909298726743963
0.885115206150105
0.867606896863997
0.775048369022998
0.869396620904706
0.742829475913192
0.747116874670088
0.85463052192182
0.674454942870573
0.61937081369671
0.830332153800293
0.821138050000245
0.814414939479807
0.750884719626714
0.826909525415308
0.88853084749923
0.866502685277709
0.74715480560112
0.732642148036483
0.83667534838416
0.910943419999081
0.872920976361387
0.778742523597884
0.842333198426801
0.907391443260585
0.731236371452979
0.840583896324351
0.714342988697092
0.891055070945371
0.847959653134276
0.9815109950103
0.704253275398761
0.879832035356644
0.806325153061912
0.914143173278036
0.679694932968858
0.937816331681251
0.892978738343711
0.74413604367895
1.12721382756857
0.806036172411617
0.910170853517871
0.990834096173206
0.930579631397135
0.886834484782303
0.863877274013643
0.887699208484241
0.823326045938591
0.885563705477985
0.904538267620071
0.930900717555198
0.807345788533358
0.718716229934444
0.94297901615541
0.746691124301086
1.11923360306774
0.981851410839439
0.854024106225423
0.808836673576718
0.892441619292856
1.03827327450924
0.865504497602722
0.885636566549783
0.966658774305837
0.81317344530779
0.788212708474031
0.964557282894917
0.764006953389086
0.948099461439543
0.946372013418494
1.02330561773963
0.953268803842531
0.952186481124584
0.966735713259866
0.939288128978901
0.823278529591482
0.971817578146405
0.819526291706053
0.982734512781136
0.833575839748961
1.02698294373068
1.13152355788642
1.01539617422154
0.885077136906881
0.771265038177072
0.909414933677781
1.01109116084248
0.987704961183822
1.05874392467631
1.01710868659872
0.947287650815425
1.00738324829949
0.896750616304685
1.04123307545496
1.12672481941545
0.998708427918189
0.992515284574287
1.0276182819782
1.0848525155211
1.09606794219853
1.02495133361879
0.970333749609505
1.10474900923644
0.919647729522282
1.06400790739474
