-0.957808332294512
-1.00519240634788
-0.968088918800808
-1.023875409686
-1.07240973373544
-1.10093862932358
-0.925114289137061
-0.90057903958329
-1.10843632157345
-0.806130358126129
-0.976102974815851
-1.01147435275761
-1.06114119806741
-1.00144411997879
-0.89651287207904
-0.919514239823521
-0.919505317736533
-1.01825830819863
-0.987327518087105
-0.926020077782873
-0.791587964048752
-0.935401594072458
-1.08674502027999
-0.927845094152765
-0.874267655127679
-0.896042270669591
-0.980678060688099
-0.97738294302731
-0.839333060302555
-0.896237801953568
-0.979977134986558
-1.06752208297459
-0.997344755829404
-0.964128894009815
-0.860283964491104
-0.836499267808013
-0.937397638131318
-0.7568738449173
-0.940472624270824
-0.889279111100939
-0.761527210560244
-0.84327802200678
-1.04972046884185
-0.959243601676227
-0.896775246193938
-0.888355501317238
-0.96439250553373
-0.886583037737534
-0.938701780124382
-0.791078211494074
-0.953278051853057
-0.977458514555831
-0.932975552993148
-0.90285926171674
-0.945284042141683
-0.895791918373014
-0.820648916833913
-0.828983260960504
-0.960398661381061
-1.04669989607546
-0.852109047010455
-0.978551552270821
-0.802232175556412
-0.761397720252584
-0.790885558437778
-0.821357357037814
-1.01287547549294
-0.831485030381237
-0.838501573922389
-0.782167264333281
-0.865220806866987
-0.910252697299065
-0.964232809802528
-1.18204677885099
-0.848337485399975
-0.829878644799003
-0.890088069725959
-0.985446396665215
-0.747782427476748
-0.803750625336713
-0.776357024968825
-0.85789454391885
-0.958317685058969
-0.88289495458792
-0.6351678631178
-0.758981874687288
-0.915170106820189
-0.821541528661166
-0.886300920950936
-0.929375477407261
-0.916835213301311
-0.763454469887581
-0.857015658097803
-0.74490400749871
-0.795408258094408
-0.758226024513971
-0.848711561266015
-0.710569785714939
-0.783769855482596
-0.751707125622504
-0.677159331161066
-0.732147992629642
-0.91948597507048
-0.842090551582937
-0.888305185984728
-0.610041967010617
-0.747224690044255
-0.733221366432614
-0.831001831801373
-0.655284764510726
-0.596339470755445
-0.710816598897926
-0.739867753951307
-0.955965493619549
-0.893555571384789
-0.905239603431696
-0.763404125957295
-0.742098437337964
-0.847230297814216
-0.766506097348732
-0.666124739338477
-0.892581947209827
-0.687195976567561
-0.814403086881598
-0.785113502542527
-0.70923903103636
-0.831257645805473
-0.614839870969094
-0.781703390878927
-0.774715505906943
-0.757313688976126
-0.773737696789784
-0.864588243835879
-0.688429546860004
-0.669595616910225
-0.743456106403609
-0.717719242172436
-0.711176657776791
-0.760301200511178
-0.750538334638108
-0.783478126457687
-0.661267653994055
-0.726974044722506
-0.67395688266562
-0.653638311722527
-0.573722148534878
-0.730578257891318
-0.658283913692199
-0.78377486672117
-0.577192687228762
-0.732491516093161
-0.792449261785899
-0.550198941510038
-0.753108014111459
-0.614593471672592
-0.646001973961578
-0.852120293718766
-0.606967689624663
-0.708933095566995
-0.576390984601825
-0.67585058417592
-0.678269447323013
-0.586594737460585
-0.70988102452717
-0.570635711991714
-0.689315285522302
-0.687210364536731
-0.635787958896489
-0.703364815450324
-0.598392248321646
-0.696115706467212
-0.633121519763215
-0.591043719400958
-0.70648368068586
-0.580384642613277
-0.525826000945514
-0.628667905568155
-0.735730466253318
-0.7638351833276
-0.715346108807661
-0.665138495957598
-0.541338237116746
-0.555878625515562
-0.548933589248745
-0.640679534875285
-0.582243562174253
-0.655661557398218
-0.545167274045632
-0.590193807652168
-0.766942619558645
-0.550977851288946
-0.601831041636586
-0.629457425982199
-0.628214986414945
-0.441173547201538
-0.762668748102722
-0.58095803372014
-0.595622403457428
-0.741426233148587
-0.574014715112694
-0.495948891174972
-0.665208207239997
-0.459264506211205
-0.68757522383603
-0.558746150617062
-0.597253978380857
-0.421097947122436
-0.608663327548822
-0.583631571780113
-0.627095211097313
-0.584435903630504
-0.70431850729777
-0.55985631508639
-0.554693733045563
-0.588357305404251
-0.529937517485357
-0.613861572468854
-0.533609765896702
-0.580996509329722
-0.583147141378895
-0.739901184276606
-0.657214933790788
-0.594173727763306
-0.473843198178446
-0.600683376851352
-0.612667871401187
-0.509366560883851
-0.554658787887084
-0.613039230563914
-0.625748153129974
-0.489480802501849
-0.542134052516314
-0.597003794333132
-0.607584240082863
-0.575865937162231
-0.538880226062607
-0.500750180307222
-0.622557379584029
-0.405035371525954
-0.480391320797638
-0.506782925394772
-0.512483769157499
-0.557261332833536
-0.533160275113344
-0.564515132430827
-0.570702374076195
-0.520627376438426
-0.588293451932167
-0.531397104618659
-0.466043670791135
-0.436976077945168
-0.519784869831277
-0.42094049321856
-0.431668671763803
-0.409280232855872
-0.424580003373732
-0.519872426571724
-0.418671406303118
-0.513922476984119
-0.59059418621618
-0.451002167657492
-0.541740126635048
-0.523055218250693
-0.546401884683481
-0.392724829134631
-0.247225200931367
-0.420363031036276
-0.447488052791932
-0.55816909303714
-0.460746981773336
-0.616965040253786
-0.45899159372046
-0.458054131447671
-0.427720220760206
-0.411262021537857
-0.405438259941283
-0.617630199452347
-0.468617336421532
-0.401311732035324
-0.356220877180768
-0.481121512373095
-0.350838484490814
-0.483086865863599
-0.65093068023532
-0.358694814492482
-0.503147089462194
-0.447722647090184
-0.451959841166743
-0.389666881459634
-0.441288422289272
-0.441193552060069
-0.275316416209662
-0.467803586287488
-0.355786040456524
-0.430421327520695
-0.281601484861328
-0.279781317477477
-0.438830497250507
-0.315300575910579
-0.283973708490612
-0.418809429030769
-0.331526469404864
-0.355104170271406
-0.25445883591693
-0.310697495686135
-0.310185533730731
-0.44934559383987
-0.439437412673402
-0.288784397688449
-0.480912350672493
-0.338891263855828
-0.434362652873603
-0.413002697937401
-0.39055018879074
-0.346175728873548
-0.388630221541284
-0.401691863572475
-0.401612020630575
-0.338109732632754
-0.420784976498097
-0.272049675310408
-0.450450299921274
-0.397729811291332
-0.455374297909791
-0.28038021887898
-0.475625137673239
-0.478546227020501
-0.264243083008626
-0.384692085520677
-0.247436469627335
-0.387095963920213
-0.441250080225211
-0.250964860580617
-0.527305831587132
-0.342077594977395
-0.174255663145506
-0.281332100171672
-0.386721432954466
-0.231682994573207
-0.336151695325323
-0.102648272244787
-0.392618842431684
-0.245300643745922
-0.316154913363352
-0.401264648350343
-0.217773313513322
-0.287558955042855
-0.282844944466358
-0.326582340091873
-0.365961331553481
-0.0468992953556908
-0.385274540036781
-0.331338883339653
-0.360768657726266
-0.224746887251414
-0.251189273436302
-0.372697931018164
-0.219317120835502
-0.37944748644164
-0.362759770760794
-0.260460848413285
-0.291083188541243
-0.370465517370523
-0.146389852276845
-0.220787378429762
-0.242174218090685
-0.231423148033796
-0.235768126821733
-0.241296499921318
-0.337894838659482
-0.323563746314438
-0.244887301319557
-0.281329617625018
-0.216129802745678
-0.313154403495024
-0.179444017577665
-0.273183033488946
-0.304233078974851
-0.288243712227935
-0.401738908341207
-0.333391194812073
-0.15551242021489
-0.164461739653053
-0.174263604965714
-0.256622583901887
-0.376866291987368
-0.280762976932005
-0.276047225164365
-0.30859018498979
-0.166325997204217
-0.272906531307145
-0.249497364447035
-0.122129187641468
-0.109335966662584
-0.221909352347413
-0.354864834599365
-0.0424158040208683
-0.159680707877143
-0.252985658148132
-0.388823638313616
-0.263150933745438
-0.266678368153426
-0.0982633058179778
-0.21766122727882
-0.339669781173069
-0.183732889890655
-0.190096595610914
-0.192815846253225
-0.0862593822034914
-0.138276415237269
-0.241666578309122
-0.153677005029924
-0.194983953775457
-0.107355344786234
-0.26503032943023
-0.323394534380839
-0.048268741681834
-0.239217459202118
-0.160009263866739
-0.187488353171028
-0.264460199056016
-0.123873486333141
-0.215926835531767
-0.210192681625532
-0.0851669203746009
-0.11855317894506
-0.0732711383346596
-0.132223961011548
-0.307128918331501
-0.109750824765467
-0.309169150713641
-0.0353039030248015
-0.0962008139261621
-0.196561754105868
-0.156164256166397
-0.243348090184383
-0.178718772828077
-0.0641977364821754
-0.187912422410383
-0.127345941344945
-0.180325397466893
-0.165271927824006
-0.0461009950245575
-0.0653975232289126
-0.259829702322025
-0.087266853028488
-0.140607323450561
-0.151308423724514
-0.192306753080223
-0.283356668104363
-0.151815093991706
-0.164925951762541
0.0278264130354327
-0.0850642720302479
-0.106799041154853
-0.0625246823042943
-0.120300618107336
0.00810662671013841
0.102899824250605
-0.0799554088381462
-0.0940379207255618
-0.0441317988360535
-0.214010161400131
-0.0104475112114324
-0.216799422233251
-0.0509410712861555
-0.100616449655381
-0.0790029907525623
-0.0361837391684607
-0.229596646885217
-0.0124068674845962
-0.133385933442192
0.0827231373320029
-0.107145185931051
-0.0111649525582208
0.0383976012937309
-0.0749197835602403
0.0178860789605395
-0.0165386609020493
-0.0499802707656556
0.098118135949779
0.0841137118664791
-0.0436919638491003
-0.146754714055968
-0.114186345491921
0.0786246853156448
-0.0746590368572223
-0.201824035514827
-0.105072421466679
0.0408408405296414
0.0355384239634107
-0.0882326550798309
-0.0558646932032379
0.0730397502223193
0.0407761098622632
0.0508798827063824
-0.0948265296929948
-0.0150675687385839
0.0355529232432843
-0.0315023798365042
0.0592491444879186
0.0487550252227846
0.000862008836365332
0.0748785078733919
0.0500551397896389
0.037050587850254
-0.141523284558276
0.0420800029320156
0.0113768301342926
-0.168478726717786
0.079790202613053
0.205970921395818
0.0736771846707106
-0.0122518581051217
0.0798773099570392
0.143403045267324
0.0812133064360183
-0.00881935765841605
-0.129031605645025
0.12585386042986
-0.00249573129997078
0.119269240075611
-0.0447477034896905
0.0366870571579502
0.0913535414655829
0.00398818075027914
0.0793686413653115
0.0371914962632902
0.0719618214516703
0.10011927964971
-0.0169819142018523
0.0799213055109251
0.172989887025389
-0.0824300152297496
0.131152345908705
0.166321738431308
0.0280418606509832
0.0397479660886754
0.087776310939479
0.133547413600213
0.108311714386124
-0.0380829406188908
0.0570553949790448
0.120319806987126
0.157276895196359
-0.0697748333849868
0.190058705349031
0.0867005012779697
-0.0707390334309911
0.107256962075089
0.152798639961365
0.189915690325893
0.142553870924179
0.0407962370526622
0.161881798459844
0.0113224215451565
0.216394314062572
0.128610184671103
0.0919052593717428
0.0591148053016687
0.0891160524153298
0.0202579536511344
0.106151592964535
0.102628213593192
0.112131343646378
-0.0727553626538103
-0.0148285561744676
0.112583369888977
0.00555086220244983
0.0620437730372613
0.0386776251512094
0.262697941293722
0.227010551730814
0.217568795057889
0.278877286943011
0.126273129138422
0.0468073814172524
0.181828383160007
0.177492073993434
0.12973997568839
0.0602452357690989
0.251553480614601
0.0462321758988136
0.294719297986172
0.142971571433584
0.236649407153961
0.302358865143712
0.237696501768676
0.145223119293983
0.286175007041341
0.241272992341465
0.178388618182552
0.300549641811105
0.0604831471185009
0.240719158123654
0.0802761559812508
0.116966535085379
0.0771759968823387
0.316433429084919
0.319777405017831
0.302439607211026
0.17965390743717
0.177987818822869
0.26470630169737
0.0982446939432186
0.297898701641485
0.216876410240848
0.29207188650057
0.171198279786578
0.0674030163350328
0.329755760602466
0.155585119791596
0.256515584151472
0.33574622202132
0.0724546792272858
0.2451422419994
0.212571564256659
0.0242106076666971
0.129794785291219
0.461544748746115
0.364400422051899
0.229989976419324
0.154759977878311
0.256993372653577
0.395581467800834
0.264890240129294
0.112218965371121
0.126810216844101
0.144541605496217
0.377238367199546
0.256516432476352
0.360946149542954
0.17408292050198
0.226146690744042
0.208379339517276
0.2653991670178
0.159962590795048
0.344858216861735
0.388673746903288
0.401987819587473
0.155293633142603
0.292381132297089
0.332956291742526
0.386569238497835
0.248024705668765
0.254831231392845
0.331931579073109
0.249208597310198
0.325889338327824
0.231831383989046
0.226274476081463
0.477700431173174
0.385804644088377
0.238661856231735
0.284378356607624
0.34419416484227
0.302090363865249
0.390184496933456
0.217393630119863
0.378310291712651
0.410046253736062
0.409470115198666
0.316853043623015
0.414821541549256
0.44895112320267
0.202210191115666
0.280705544146789
0.370542330783373
0.293089688382717
0.0991956730718465
0.328175334982098
0.299974362947225
0.342377149299808
0.22505841578123
0.423504987448855
0.264333591599401
0.309353402698727
0.452156193821602
0.35353252616194
0.185038820567312
0.334270510918594
0.44900597328792
0.336205796773054
0.412579872671803
0.30252174123941
0.329973933634584
0.293463601951999
0.32811674352745
0.346161199760211
0.496430415997848
0.396166122016612
0.390923132145174
0.33979269252571
0.41788208038641
0.264381068865886
0.309392840704397
0.250129468998786
0.265885595316723
0.364867710821139
0.366766516644748
0.273665981143075
0.259266183450318
0.551772255893895
0.33900741124366
0.270585936396609
0.398083998609071
0.301437196836709
0.239493373009951
0.542747567893191
0.533740980836724
0.464154479883088
0.480033122022696
0.390753547985462
0.282664556753334
0.442199892906963
0.515266884632298
0.407581906784438
0.420029916906215
0.444638530152741
0.312334790603864
0.379687817108953
0.545257032985508
0.423111070963947
0.371682858545102
0.372361420684214
0.412545242173099
0.427666220156154
0.491003579083947
0.346651938022329
0.55000022059065
0.507793672150791
0.489407293176318
0.443235541261025
0.522050324230243
0.460096038870723
0.442359477917828
0.473585643586145
0.349517937599837
0.409414481965631
0.482532478062153
0.458242727134469
0.492497483151264
0.540160817247711
0.501173794544397
0.477769183304987
0.496500836420473
0.457371199651555
0.493683205292989
0.492759404621015
0.503881500681838
0.526699543102916
0.640153615582863
0.60185628690004
0.512897976234341
0.491428291019376
0.528214456561205
0.545193144417447
0.543922928015977
0.528640091352066
0.541237968582698
0.592974461130844
0.544252939060581
0.556105494918991
0.498972298504153
0.561666812135952
0.446545904621461
0.495432259144953
0.668383617423235
0.471916143057865
0.492234404691249
0.514078644263369
0.61590183500574
0.583912653389175
0.588443413829153
0.604503407925651
0.627900078468477
0.504864365126734
0.636395496751511
0.571738284439108
0.651903467155887
0.432926767505693
0.580646265570735
0.824500908172987
0.52215570741662
0.625272130004145
0.610177986587163
0.755773466984181
0.511109195653813
0.578704903369016
0.590562045033646
0.529140687242923
0.608726475227926
0.672531379919092
0.583239125324353
0.700926431824605
0.635095167214466
0.655636943350127
0.679880580495765
0.625611045950865
0.45162619325645
0.499339619651773
0.551771659149697
0.575829157422003
0.66913772411433
0.572578059159553
0.684782858967077
0.583685785062432
0.455415683964017
0.685087177803649
0.649940524799611
0.588982100898016
0.601888839902161
0.618200820633586
0.539640687750853
0.423715718393726
0.608908379259583
0.5937215136481
0.48565469583208
0.577063121136125
0.608954776595503
0.554083545950164
0.549876494529139
0.630599335891875
0.693300297510271
0.685748123747755
0.575301822381284
0.498983775215743
0.731590053364334
0.668041962055528
0.537584010266051
0.475446749867303
0.712038722957624
0.49133182119074
0.80449740692489
0.586078113355048
0.724823559108315
0.794399583129532
0.732563237375365
0.643447079354712
0.721145397284219
0.747382543411541
0.732688955862539
0.728942287440507
0.721067891442962
0.614890217604225
0.6415997775547
0.549295637688072
0.658961160165283
0.506709625110378
0.745185000440437
0.678797567774741
0.693676236114092
0.615190141861303
0.571336894280005
0.708296049084359
0.711931392601844
0.734364973990686
0.668021789364065
0.550417354117619
0.699743212612161
0.693095445181975
0.722267096600929
0.75346089625842
0.720071406484123
0.768666784291913
0.785868083918442
0.775568515858773
0.85037759194888
0.690622238771263
0.738835083011899
0.866759538272386
0.774954131742195
0.780461346336988
0.663809916017692
0.680958784411811
0.704820152457846
0.862734723425932
0.813547915051725
0.832540276597784
0.864626997565964
0.752977040132977
0.749524592534604
0.799749207723814
0.669108073813137
0.795518947695271
0.815831012516092
0.794669434414328
0.819351762773261
0.817504364252977
0.685555996129838
0.78762026837212
0.93466484262385
0.602608160494115
0.64789096819207
0.638994500598965
0.897174525210391
0.886316581341159
0.881650188589118
0.783013456028443
0.868909281864327
0.749159958338223
0.739675198591199
0.873754702390665
0.666643913792195
0.630001686321962
0.846217780829014
0.838962462400459
0.835146067114279
0.745799625254561
0.845897941245555
0.867263823647609
0.853979872893944
0.753149079548228
0.749646822059589
0.847194634227677
0.901685982379297
0.874479772390644
0.759740332357603
0.852842552338993
0.90107676989637
0.734523060099106
0.824480628582224
0.731470336949511
0.889154714636272
0.851353689114531
0.948598834033253
0.69876844208913
0.874801399366168
0.823118462428244
0.911170516787677
0.69951045545077
0.92482072543896
0.89795985090719
0.736314567111127
1.11549765763292
0.822275450125064
0.955721608227946
0.990487366966876
0.92704595986753
0.877164157424014
0.865600126763865
0.892675926662466
0.826704316679943
0.919551741125434
0.907603681456578
0.947293173921801
0.791265254610795
0.726838640280619
0.953759326979244
0.741543416796527
1.09695885289788
1.0023030177817
0.844701089216895
0.811954948575593
0.890692970378102
1.03360668964875
0.849651024061543
0.853489601827221
0.938110616854045
0.804877432548022
0.795262376241138
0.971675280494604
0.755500079255138
0.94342811592867
0.941693753786794
1.02626696053712
0.955851583193678
0.959211825798659
0.970097211822938
0.943631256206177
0.828848855505941
0.977756166415437
0.831718811980366
0.971907900968883
0.810397117803212
1.02147801921209
1.12940376798542
1.00802371521514
0.882061350143031
0.763081048752266
0.918565432850854
0.989892229912347
0.9842699285466
1.06476757260405
1.01942540332277
0.966839159696697
1.00516806048421
0.879973317422991
1.03094501882597
1.13108755729199
0.978719429411603
0.994740759773661
1.04808763026336
1.09131657053534
1.08573020213912
1.02218847756031
0.986905221921514
1.11819570774778
0.912073530002618
1.06900130841667
