-0.890122724921168
-0.974904475617995
-1.02875747883298
-0.915071366303616
-0.803998310524726
-1.00318972196035
-0.938147108454158
-0.994380994187117
-0.972055176547797
-1.16701113427884
-1.03970886938909
-1.13517703190046
-1.07041635649132
-0.935506705202153
-0.870532427957555
-1.00982725666702
-0.958449727733757
-0.902781105445408
-0.926209849853719
-0.85255681167691
-0.852204565574203
-0.942729537864936
-0.906556578228094
-0.920524247355478
-0.929080895644841
-1.06834265986328
-0.985999757695032
-0.886433678961075
-1.03383582185733
-0.885529064037022
-0.872425466338688
-0.882066845125569
-0.9113592335914
-1.0165899573326
-0.801327778739063
-0.939344013242801
-0.828580870761797
-0.950332512797952
-1.07271929774669
-0.793022746341344
-0.745454733532754
-0.788822976185235
-0.868342796837442
-0.936689109827496
-0.939378097424901
-0.854049560601619
-0.892068898985997
-0.879293147516434
-0.830050577951091
-0.944575534647801
-0.998525538673749
-0.912577848256598
-0.885375553036458
-0.918644809967371
-0.857991320837555
-0.941278707007727
-1.07130587828994
-0.927247402006865
-1.07327386365101
-0.993102118838901
-0.776275928177577
-0.867643664412693
-0.90367176997791
-0.887657691613654
-0.77159093585253
-0.920201226554995
-0.825918080640031
-0.861019182809566
-0.775016340758881
-0.899657894894426
-0.751394248866491
-0.810422973778024
-0.76151273598395
-0.855208460681218
-0.808927881864972
-0.815226245270443
-0.990716887745565
-0.85708916890847
-0.846539219631786
-0.807265880243997
-0.794575511046359
-0.753049649815427
-0.909445059245993
-0.721482217392881
-0.879445811063635
-0.94252950033296
-0.760250494809497
-0.867726128154351
-0.763861789855458
-0.807847954450194
-0.886716057022356
-0.63069662771715
-0.787503029524282
-1.0642681108778
-0.857545504498043
-0.64870277059393
-0.828119336655575
-0.946553872417431
-0.778874877228321
-0.787205943770559
-0.743711294984047
-0.732641669665931
-0.817314467364787
-0.881938834231276
-0.657859555489285
-0.76936986399025
-0.809011725181502
-0.835402322674258
-0.824691866685725
-0.872223777453271
-0.761547120934731
-0.745021747707952
-0.756606043258056
-0.701930719427233
-0.858323582234759
-0.761380092555422
-0.750088712958944
-0.820051843285899
-0.7389969095135
-0.852193830072797
-0.915911433881172
-0.749127528648253
-0.652147535686277
-0.625756201920869
-0.566760067823592
-0.675799674364181
-0.798356112095004
-0.77334308513112
-0.846163686393276
-0.608841422682394
-0.63501152756439
-0.70222913740232
-0.74881459600702
-0.765201441993611
-0.782338754028918
-0.773361278983769
-0.730250193634124
-0.573478621098411
-0.725697287811027
-0.610032510300237
-0.684664456643626
-0.786016360292089
-0.655574080681716
-0.902670127586625
-0.746252557571487
-0.607036443829076
-0.632817829322268
-0.707359422306097
-0.733793153177775
-0.532631510691566
-0.637715464370015
-0.688912944136913
-0.625895823299968
-0.659440934618986
-0.675453412498521
-0.748542004336829
-0.659842486780378
-0.880794106101987
-0.699700611596586
-0.848968143354801
-0.657946339688569
-0.571493034458293
-0.655999340877351
-0.760533050873893
-0.771785158206262
-0.730681378485277
-0.724148579880602
-0.676986140954912
-0.617596822391266
-0.656166536227681
-0.726121150059537
-0.733488256828912
-0.609500981694829
-0.657690887792008
-0.563933464159012
-0.468602792066592
-0.628329846464847
-0.643050920451416
-0.596437713841042
-0.68081268816448
-0.847364545214568
-0.69825939510269
-0.684865387076765
-0.815704738688698
-0.693839358418676
-0.711197174095681
-0.628964334448604
-0.667749431653791
-0.649392697161595
-0.52505652089997
-0.671429289222261
-0.618714817097851
-0.617424555803913
-0.683093087565796
-0.62047984573042
-0.589638997639174
-0.41760239649088
-0.684105326657636
-0.669752927174198
-0.631089665914053
-0.554986745624558
-0.541988791634474
-0.438970479593881
-0.577227612202946
-0.555582168804598
-0.397456021505984
-0.534556730849292
-0.51593481276224
-0.477650460661693
-0.567143223789598
-0.560506924695149
-0.453207386754787
-0.600449637771747
-0.480600972632058
-0.443942268236213
-0.541255523817234
-0.572538466049519
-0.408560682494132
-0.75273502645419
-0.447353883625505
-0.521481728350502
-0.434591341154252
-0.627663564556376
-0.634535912132894
-0.563791300511771
-0.618582757625196
-0.570901807948849
-0.533703758696208
-0.483166657415184
-0.531775195594136
-0.526318981150073
-0.629035762690333
-0.451900351036166
-0.481562604946643
-0.546017113712256
-0.498973558045419
-0.544880630079594
-0.530365462502924
-0.609399731038169
-0.50032141224668
-0.528481099281773
-0.659890727678514
-0.420007100939973
-0.660252689177204
-0.594167244463462
-0.573417916983707
-0.443377345278405
-0.475663073780562
-0.45095427913339
-0.526401397943563
-0.302087110027163
-0.460044695619344
-0.413737614510023
-0.501977832018218
-0.500786917517877
-0.50306336580987
-0.532821171221178
-0.621566298180445
-0.491597298899963
-0.475028676481726
-0.588449605041652
-0.513975774877614
-0.369245407870904
-0.533083762886315
-0.533915137372957
-0.346825093703124
-0.443107169159795
-0.402915341520198
-0.562625095883169
-0.422059872981369
-0.405696748868988
-0.546775813453785
-0.56050606576533
-0.585276680303494
-0.429797978928646
-0.394403538284291
-0.332735223873484
-0.379844131763905
-0.603516701228832
-0.336187006142494
-0.469728904135167
-0.593044937639262
-0.423379566587954
-0.471353496312223
-0.489042279482452
-0.455879733225332
-0.424927433961065
-0.468305638105006
-0.418765622017363
-0.460880167749557
-0.537440492503688
-0.45065571139895
-0.334924030938089
-0.386300226975573
-0.455420521927404
-0.307992529413391
-0.223378552461795
-0.379421761157245
-0.295184155185831
-0.465855427128894
-0.526294034463111
-0.290778525841417
-0.382041023936235
-0.416943184136521
-0.311563407363452
-0.279463542634817
-0.319583689644124
-0.383285182313634
-0.365524080412279
-0.302461122964253
-0.413050943814101
-0.249247573714867
-0.503015095457598
-0.239838800705488
-0.343286310285579
-0.429287872638814
-0.387678542690247
-0.492468913845643
-0.273279299349909
-0.305059169445789
-0.351816784302508
-0.351948302190263
-0.393089510135752
-0.259772925572831
-0.377885107179789
-0.233973734991976
-0.316226943141122
-0.352955387866607
-0.403295322603506
-0.386607988055472
-0.371217499953793
-0.274988610669373
-0.215362704153525
-0.400511432911385
-0.428804735936618
-0.191151553189224
-0.261450625070732
-0.344583140536363
-0.321357643608417
-0.235398298797702
-0.333813935729639
-0.286071146267497
-0.231096812551062
-0.305989390248982
-0.430104790491451
-0.282724878902107
-0.281148224062701
-0.222673656147728
-0.272676313359844
-0.354410256885041
-0.277968164231963
-0.340489177058265
-0.327784331453789
-0.218435816020673
-0.436603836036858
-0.199204809760754
-0.189808758918655
-0.32204456757475
-0.234499202455198
-0.340740623953129
-0.266509406135129
-0.338992428120931
-0.250058260556735
-0.14410886922173
-0.29471691035845
-0.487478704152743
-0.439413889242254
-0.277288012431825
-0.174552591618092
-0.318338703573935
-0.16851164293094
-0.272574086292907
-0.3785861388627
-0.283321754434556
-0.254014866062517
-0.375535747817571
-0.156567383011232
-0.341670426271471
-0.248933907504813
-0.361061556276035
-0.263553444910062
-0.264458590252385
-0.350302867628262
-0.320468467184063
-0.109734023661452
-0.224693387075756
-0.271475871503959
-0.20209234229651
-0.316281796676488
-0.257345982018555
-0.254777681448763
-0.1653697619153
-0.114529765369259
-0.0947929229117063
-0.263745164803203
-0.306455780245709
-0.30641262615577
-0.227263680779058
-0.123812727192982
-0.174111392752929
-0.143394202701421
-0.256770969291232
-0.130054559601118
-0.111865961471101
-0.199803387046869
-0.153571696342113
-0.100629581103174
-0.219801275359626
-0.335230714705489
-0.116379878355616
-0.102584855402134
-0.109586919714274
-0.23809028130707
-0.328841074137219
-0.0762701870481893
-0.122396688687156
-0.230035462115555
-0.0319872357708183
-0.322952655189971
-0.125538049221114
-0.0164383199152854
-0.199729190438257
-0.146586096281779
-0.0923793720542858
-0.190573310099592
-0.114895069595103
-0.0964303748508609
-0.196775030666702
0.0225156572103574
-0.20738268868514
-0.205687361865191
-0.0261220388503945
-0.219162215787711
-0.180653829003967
-0.198293723470725
-0.0701507684051691
-0.053774994316416
-0.13355951384149
-0.198268771157231
-0.131089749816775
-0.161592964149169
-0.0645893176448321
-0.104467189107026
0.00179708689102666
0.0210622399573451
-0.235346719665248
-0.0477550795219418
-0.183988954706966
-0.195777090672685
-0.0942080511450245
-0.282799231922218
-0.0455604632576079
-0.0331369617465433
-0.144516291489767
-0.16896273673774
-0.0276717253827687
0.0100120049113745
-0.105547644616135
-0.0865231150530726
-0.137550579926436
0.0323177960339298
-0.0163531189485961
-0.0958919341982147
-0.0446310452621018
-0.14543909574192
-0.0725909158786446
-0.0906754370917366
-0.0583984176175993
0.162879770111987
-0.088286551805809
-0.0744690836846366
-0.104077757014118
-0.118737565891423
-0.0270919126023399
-0.00244444707274375
-0.122734973345022
-0.0812516317664628
0.0615273890584733
-0.126678846226536
-0.0357003123749154
-0.120312102479975
-0.0631380667861967
0.0148702597588944
-0.201611179950717
-0.103940309852902
-0.10139192610195
0.00770053984140509
0.0500963291937431
-0.0153796382764744
-0.118223804227284
-0.0420577984636092
0.16090981471733
0.0431418755205725
-0.0979735635666376
-0.00215410572102669
-0.0340902397147074
-0.116396022333136
-0.0314745357190038
-0.137017221471969
-0.0838144807556752
0.0580290230553732
-0.0386067604678313
0.0305866424681202
-0.0531474018905575
-0.0141742856457668
-0.0343502003164408
0.151756674518375
0.0274449605933521
-0.0731606271788273
0.0986360007028255
0.104708561751065
0.101042267600065
0.0773571474830253
-0.0203053325358241
0.226126887511723
0.0170589060103926
-0.0221793813125107
0.0280771569463614
0.0820852342776859
0.125911871587395
-0.121771229639796
0.0901370600177117
0.0259386479273876
0.0420435301863262
0.0187821368670794
0.0360638136977712
-0.0344730794688311
0.0979388346323837
0.121329424639748
0.0982927743646667
0.0269529483804998
0.156358198458583
0.158402707967256
-0.0427942487501575
-0.0152087826163019
0.0522856879556122
0.273303252906863
0.0833071475102906
0.00540383203947096
0.0368083443150498
0.118162636301495
0.103604825031337
0.112810064145299
0.0576691790417479
0.0793477574123093
0.0171287757395132
-0.0306099331963454
-0.0450909287121822
0.00403032019374372
0.0246583627183268
0.133253281580086
0.127881837971428
0.125614424051932
0.189853268443861
0.209054318048245
0.121604945805552
0.112896088542548
0.161890073401163
0.366472384539808
0.0644279520996607
0.149510979937642
0.183646176058556
0.3046516861016
0.0924905443465747
0.283461324409458
0.0841459740395283
0.167436248793437
0.2641127520762
0.117791107806072
-0.0153328833564377
0.205215048142485
0.260639899369754
0.213366198490347
0.0732678372004261
0.211386289819811
0.111882233017698
0.00514333008642067
0.0572168396761439
0.21050161641037
0.0964525560766887
0.0429263446450588
0.178886172556773
0.107178690432643
0.291922937190264
0.113670864025887
0.0584058330861199
0.0872938212368344
0.150184700625924
0.0498902529117554
0.313321459087049
0.0453051567134407
0.190962706654016
0.190273908568288
0.178684644278317
0.26948912988385
0.32565968935695
0.22128068855331
0.125458047326128
0.204991678834361
0.146027100260602
0.303961977697908
0.151952199315086
0.273647051317928
0.182674910697464
0.118026472474489
0.170068495105549
0.221384145543172
0.228478507442376
0.00280905103988315
0.264735017692304
0.217117801109126
0.197082249115077
0.0805110669320827
0.155612437469261
0.147537030742754
0.112803819110573
-0.0542569600386154
0.408134412322277
0.0744816395165165
0.236212448848061
0.294943612006844
0.29281582414328
0.169953634888825
0.228591033303372
0.259994106608593
0.214473997334363
0.271623741790151
0.124450281342487
0.264311504298986
0.26391154390228
0.259158619391932
0.231367742567085
0.314996220405326
0.231567708694211
0.267347296406723
0.144813797048662
0.251446675008112
0.201128541909449
0.273664335404374
0.331844042948219
0.24934538748781
0.307935048279399
0.10637484768565
0.341002129760435
0.353650320388455
0.344453142338626
0.262534388025987
0.299957808369733
0.447067621794874
0.252573212939195
0.280845093457852
0.432117913045981
0.258941141363016
0.290487598769879
0.372223619969244
0.318426397813708
0.360731642159854
0.244858837390304
0.392820903877176
0.18192148771973
0.447567963407409
0.472725235476013
0.383986378398002
0.424540390439115
0.42393307898682
0.404295973423626
0.378286520788741
0.336739696399674
0.371788145834311
0.286222250694589
0.454447249237614
0.285526250925194
0.326479012484504
0.130879824048537
0.310740102900823
0.254392716027309
0.327437394899451
0.363576631258702
0.377753712017341
0.354834264944379
0.367171024489596
0.312588340566808
0.380424381105826
0.387284438778428
0.435154854512759
0.459411195246784
0.101869420628132
0.248058734160803
0.417802239223739
0.532077290715032
0.46623359393055
0.36133534724043
0.299176510073551
0.261545506369114
0.219992583714029
0.471784389273155
0.338946259550906
0.577866782888298
0.48551767638696
0.317299574311666
0.455113762830128
0.359556804480118
0.366302281731943
0.372752270523729
0.429800580449296
0.240923810813613
0.355961299226272
0.418812129531019
0.438920126405016
0.458579301409241
0.472685742050615
0.412544398960286
0.538769422425095
0.383564015451581
0.368051304152695
0.521617340279289
0.483288437066921
0.55249272624272
0.535873165062227
0.371740090916526
0.596817963122881
0.345097658155258
0.620517728001954
0.509300321411373
0.533976963348178
0.412242933674525
0.467914334867449
0.397836320939301
0.398121867984564
0.612694433455317
0.474035226884856
0.325628034517007
0.379184063976408
0.311790037024537
0.377303680137195
0.458445311385654
0.479425994331623
0.438368150033787
0.51097020427949
0.376317789845356
0.55412938329462
0.468994175505435
0.513854960765403
0.348240955470137
0.389838634865047
0.535214407581756
0.528650858155515
0.429368863815913
0.407265739247692
0.468625064401348
0.525665390980325
0.531056163121021
0.55042614561927
0.38733853664311
0.457248438804394
0.518337727803167
0.570544780810299
0.520201740719146
0.533311758478355
0.631439334010827
0.420366872768855
0.596544461336715
0.58324162478989
0.454648185472963
0.560063468564984
0.670462518395547
0.452549686596079
0.501165851519486
0.413132435068172
0.546287043538977
0.54186915727826
0.638051751806845
0.498085986268215
0.660217761996555
0.513340922809943
0.415660521064957
0.509543624808677
0.537676912431326
0.585856980011871
0.538784839671866
0.549794472015789
0.65685913730514
0.547505411015043
0.532851004984556
0.537300617396363
0.673290508558479
0.614449242215646
0.589420974123605
0.594310684114661
0.574884863912123
0.572345732166115
0.562266123458738
0.53964901140574
0.57704675033464
0.699126781212487
0.525942055930419
0.681147398265701
0.504512648568653
0.559602321099453
0.507749495386149
0.662566497512913
0.631679135830897
0.446766802278629
0.758406237838016
0.787138678784785
0.752499035056179
0.638830124798941
0.568138208268984
0.6830913911473
0.689980725089966
0.500280387047611
0.674138702796061
0.635689006444907
0.663220430200002
0.707976623770382
0.518801730827843
0.685367585173375
0.554968686084672
0.60454519547557
0.725121959066399
0.656432636253789
0.754057865448424
0.534932439500121
0.596220460828737
0.699397333520618
0.538942709106599
0.638798523376617
0.721321275055864
0.660324155501678
0.617043016519921
0.745452231589487
0.774402257682759
0.737909160378863
0.666524822782163
0.731776900262349
0.756914053995631
0.506643110753486
0.805400238770042
0.635805402286422
0.824884292704904
0.63905614115942
0.799834446637981
0.624127155059322
0.653268689883796
0.657743706257657
0.626292449838821
0.70437371959211
0.673084992281845
0.831259113998857
0.675736247502456
0.615869782628037
0.682991498588743
0.759790739393655
0.597510119234895
0.612128976425453
0.880643458679558
0.653405983502264
0.670649321050243
0.763543835918869
0.861478152192291
0.575273538057808
0.623377706238554
0.562268152767137
0.851382527060127
0.592428324846186
0.713741392084962
0.645369078856663
0.732076417842864
0.759183289245719
0.870715617176128
0.643402126528676
0.688644618343621
0.71990704561246
0.851466904009417
0.779728652342958
0.674717239589155
0.789559206262511
0.800852257372033
0.666338757131635
0.655043314304521
0.798639400622472
0.749310835528822
0.749523153015789
0.733590800882873
0.803442587309649
0.850355447318893
0.80651380289481
0.635878770430502
0.678059068961383
0.718437390816112
0.662321438936662
0.752076568839092
0.847933717665474
0.70583803170715
0.949735588864875
0.730504363116273
0.696072216967456
0.838302030127586
0.761825828717212
0.767776873392158
0.828105445414915
0.742344164428623
0.894456600891463
0.854543308139028
0.745094678846897
0.803568499517261
0.873832100894832
0.730108613438281
0.950555379362897
0.824308326059671
0.94335492578183
0.851325473921153
0.795956942521281
0.807218212989571
0.710086347744969
0.794609771922546
0.786138946103567
0.796790052792055
0.759774593647408
0.915622094335189
0.981527041748058
0.891737934208573
0.808559277664532
0.882920867085996
0.8332035376401
0.827549770026918
0.767614257508514
0.777358151467322
1.06948760839374
0.847133084694854
0.714364259468626
0.964877075785573
0.90061876240224
0.918986554053523
0.833781302058841
0.90994443330048
0.883935470463042
0.87333303942437
0.816484969281856
0.734373909426358
0.89339165262054
0.961697624742942
1.01488064654833
0.964005624690025
0.851662079999511
0.828000517393729
1.00252152750021
0.882276319647876
0.8826168420414
0.791268267964677
0.885429271230882
0.676569777748909
0.784643542118818
0.940013831078405
0.831410039340951
0.91563544855426
0.784133333806776
0.940976637239191
0.964730379799104
0.93282679407251
0.95367315785184
1.01925234281373
0.903880693724765
0.795974765579997
0.986314052074577
1.07232958075271
1.01879486667634
0.827760226742619
1.01021091473801
0.977853210846279
0.805201228743776
0.804180218562175
1.01497109521128
0.92051778619944
0.948408493466826
1.00125383619128
1.07889645330746
0.924801493047294
1.13716245405377
0.841661270007803
0.978264587281902
1.00336288600398
0.950765963227369
1.13957502684623
0.844505155190772
0.914011611603167
1.05974198107487
1.0223890930779
0.90115751220296
0.978586213995751
0.932375105053048
0.964791967470677
0.996105758433291
0.893508716777799
0.856449775887456
1.04906902842577
0.939610128042208
0.951842251212707
1.11779422201226
0.998284503327245
