-0.973463942703147
-1.00498937195851
-0.976340735888415
-1.02943612493686
-1.05681152379611
-1.12005643979685
-0.921189765113523
-0.893930071929595
-1.12815940652945
-0.806743699986062
-0.990217512223008
-1.02870440409167
-1.04288642378529
-0.996776977892585
-0.908135885598899
-0.915654622306058
-0.910502550206608
-1.01181832649041
-1.00305436105074
-0.960373134988991
-0.781196498637178
-0.950330992414911
-1.07580672185489
-0.92641306874095
-0.843872581296664
-0.880634643701977
-0.984500290391704
-0.958491154045593
-0.848335799464653
-0.892249020938006
-0.939860534464931
-1.08289217819672
-0.982732729089997
-0.97894062248303
-0.847120216088533
-0.830310809393057
-0.926956737477452
-0.768981533209937
-0.952861493829442
-0.887192307016402
-0.774648625575691
-0.84048676764282
-1.05126470761043
-0.97754993241941
-0.891552966037573
-0.874813445890166
-0.94251842991732
-0.903163289222999
-0.933036740393149
-0.812466938026035
-0.933113237349395
-0.977147963930999
-0.932822001082478
-0.884400443904976
-0.914078085965018
-0.879243739976183
-0.825210063865351
-0.840274755669088
-0.952653610616036
-1.03385153932378
-0.856654227361844
-0.977466052757079
-0.803256688794535
-0.742071173370139
-0.783796380064966
-0.817185379037639
-1.03091576941194
-0.843768406907452
-0.830718799167611
-0.774353706358091
-0.878837348147162
-0.902312328957587
-0.984043480453281
-1.15049775881299
-0.857776425044901
-0.842879990529206
-0.905103760871533
-0.962585786332707
-0.756416798052835
-0.811481651372701
-0.776412658371336
-0.881038247193114
-0.953169873967518
-0.893041572957725
-0.647052597047156
-0.765953780345058
-0.927332191820002
-0.823284945109763
-0.889026720808728
-0.924328865299462
-0.900510840990746
-0.767804463000371
-0.865275751902817
-0.748526408552302
-0.802249988475189
-0.789096521474286
-0.866147558729642
-0.713114008091946
-0.775093921341682
-0.749155823459281
-0.699419896320265
-0.742587329342509
-0.931007509262592
-0.848438581277203
-0.89421224077814
-0.620625257035207
-0.760612401465411
-0.741126374229878
-0.84940662391283
-0.661937119028333
-0.602630303296955
-0.694753081720123
-0.764528890157244
-0.975691931474971
-0.900633123840978
-0.912705190287612
-0.767990395050967
-0.721657129803904
-0.863564885681713
-0.743525704125166
-0.653415478550565
-0.924624389431941
-0.676285060406737
-0.807651690229629
-0.777895698030038
-0.721323145378588
-0.815925026256514
-0.615812762940913
-0.781693777284468
-0.752950008891291
-0.744457638935827
-0.768207645961725
-0.862851548744125
-0.653742528384229
-0.653426898934591
-0.735771270172473
-0.742393015516765
-0.718775864588693
-0.740476527265591
-0.754971577600326
-0.767684195811532
-0.650869838920573
-0.723560429238682
-0.675277025085286
-0.677019210395349
-0.589652090135662
-0.747219694919269
-0.653964104047177
-0.80196329707413
-0.58048601471512
-0.722609550943949
-0.802107322767321
-0.569406726841867
-0.757801692348327
-0.622261710266584
-0.653547019068565
-0.867357754642951
-0.60919172102214
-0.702031218390551
-0.577183231748262
-0.649605237809893
-0.687418741578114
-0.583338720906246
-0.698670030513238
-0.599785383396753
-0.658070375407246
-0.699857547076469
-0.623845412494255
-0.710458604569932
-0.593361148433789
-0.721413504065293
-0.646395148204985
-0.59462459206414
-0.698713547142685
-0.560458096095898
-0.536084294737006
-0.644235190950255
-0.724943668527613
-0.76931243462002
-0.691621477360553
-0.659416334081334
-0.541050335275752
-0.546722541968819
-0.557662125698308
-0.6437293473069
-0.599585060029475
-0.672327643481869
-0.543842413412998
-0.590201818759403
-0.75197499366634
-0.560099453452653
-0.60082130009597
-0.627547920158755
-0.633090452339529
-0.437375067549419
-0.766252183523308
-0.589870062028729
-0.600916336501434
-0.741739956317654
-0.586971112011945
-0.514150701710782
-0.667321793885899
-0.444548155482995
-0.666003277163701
-0.565042770141127
-0.625630130636851
-0.435149460615367
-0.583082354414116
-0.606822062741172
-0.604490001569972
-0.580605971389656
-0.711963079936026
-0.543061671511566
-0.562126248556245
-0.589823498180032
-0.536918217941875
-0.6151091543876
-0.532866798837508
-0.578828433791978
-0.59863807694835
-0.728310556196146
-0.641763155900038
-0.573812444012254
-0.483710880389919
-0.591829698322094
-0.611624416802881
-0.507439291990011
-0.552838108756973
-0.628839450816547
-0.604147316339017
-0.499788775317085
-0.53504045419336
-0.615684731780001
-0.608009451762965
-0.565803475084339
-0.531665239491262
-0.478397090788025
-0.617790927093576
-0.408059427280516
-0.48784495139561
-0.509533567145574
-0.520381233508172
-0.550940649980105
-0.542269050378994
-0.578947131805923
-0.564328074143741
-0.516412174014566
-0.61063161034007
-0.537215805563021
-0.475780956667817
-0.426001874818208
-0.528179236528775
-0.425844497614719
-0.439846845455061
-0.424966176761532
-0.448300163825431
-0.509389245877754
-0.411613195221551
-0.494908692075916
-0.584185039281959
-0.448126695348646
-0.538558665842007
-0.535175722004558
-0.564901462245283
-0.396311921900874
-0.271601831439012
-0.401378153111254
-0.435169986381016
-0.584134057574769
-0.463348747035418
-0.598528524966954
-0.470040900167333
-0.464579455954527
-0.447675350123436
-0.402595727165914
-0.413315305494898
-0.639947304519519
-0.462481459099258
-0.411182216862802
-0.334145904029539
-0.498270306402801
-0.36067903000939
-0.501471822384429
-0.658514432177061
-0.35430481124776
-0.487294377850219
-0.453232953042684
-0.449663828945041
-0.409185542826465
-0.444642000033495
-0.454248032562852
-0.261423742120211
-0.47290285303662
-0.357228184453596
-0.42956011345768
-0.30532884199335
-0.290273390394346
-0.446078171254276
-0.318897621030642
-0.277418004977337
-0.420936381739896
-0.347387573498792
-0.340879410594869
-0.263896956146707
-0.322929650760963
-0.304334075785374
-0.458677882525475
-0.445080909953985
-0.296419659497408
-0.479559931814559
-0.338561975176968
-0.420174211960149
-0.435397827465288
-0.386024034939146
-0.349962918382001
-0.361488577963741
-0.376123758963999
-0.40242859176083
-0.321548408617547
-0.413909832933025
-0.271308870834449
-0.434293140894404
-0.399033164233626
-0.441977228791519
-0.286066456914852
-0.469209704176601
-0.481325524463192
-0.270399672636975
-0.39667921960412
-0.276160539361361
-0.352824965217158
-0.461908932399469
-0.263642666679315
-0.490620105025309
-0.337784739961504
-0.183857049670496
-0.310122868697374
-0.394673010606584
-0.263615588560963
-0.313973396072536
-0.113980937862229
-0.39434725822639
-0.230590335517587
-0.323947480057922
-0.431217658116066
-0.226658229981354
-0.283008970685645
-0.263172376282296
-0.322383988614689
-0.348930351831816
-0.0503642374548684
-0.360342815977624
-0.342766359615491
-0.358547493285944
-0.244668206508253
-0.255849805507127
-0.375177911367943
-0.211121583785984
-0.393273998426761
-0.378914195024622
-0.263892338043631
-0.284211371721036
-0.360426477741752
-0.154494359347929
-0.227437641654412
-0.25467269335049
-0.252523290910417
-0.225859433797266
-0.230916789192539
-0.338822252662857
-0.308192852033697
-0.256260364697185
-0.263804195287079
-0.214095603290114
-0.33270388878009
-0.18747433814971
-0.277524102720361
-0.301103046640975
-0.299303475259837
-0.419642368662724
-0.337732135274503
-0.158032786796777
-0.161368043715267
-0.183827228059133
-0.234428800548468
-0.359140600895034
-0.284583052258319
-0.272046264255408
-0.328388478057026
-0.16700867678135
-0.259750213789446
-0.267901579132183
-0.140769161699584
-0.0900052801984522
-0.224627294632641
-0.376853219083721
-0.0321124910542484
-0.1543952837282
-0.258553683479188
-0.373669597582871
-0.279665199007252
-0.283249183989274
-0.106897768571526
-0.220603932413872
-0.330202457940364
-0.181001450884241
-0.203191570905314
-0.22141145531733
-0.0685384083831955
-0.178166592777919
-0.256959526465523
-0.149597154146632
-0.206242182104663
-0.144881105785651
-0.268622749755768
-0.322097337422801
-0.0546720211593926
-0.252052041796392
-0.156947975547473
-0.180519585139865
-0.282274342174402
-0.120394526593045
-0.238586972820259
-0.217988400847144
-0.0845437591381684
-0.106037043670148
-0.0758106611975959
-0.116816090753701
-0.29505755820778
-0.101314063028916
-0.314217178433863
-0.027082678726646
-0.106701586414402
-0.197636202283304
-0.143912329690106
-0.250701551608559
-0.2003850594946
-0.071859840333446
-0.172573448384099
-0.144368008171791
-0.180345266203628
-0.167800814973339
-0.0309529497568387
-0.0831766430931874
-0.236787981421973
-0.0977907294330736
-0.130667769119575
-0.158282447264047
-0.192252358990383
-0.257002736782289
-0.161866776694836
-0.162375388917211
0.0077312821950618
-0.101421323096198
-0.108556177087591
-0.0537242364640553
-0.124953925680314
-0.000956113127373343
0.0800114967708444
-0.0785995613239741
-0.0801769471050123
-0.0392170295784936
-0.217173971432467
-0.0195950075838367
-0.234045353633807
-0.0391329933602289
-0.111434974161399
-0.103933419160049
-0.0555278480294853
-0.240942242976449
-0.0170488960578558
-0.132971561968743
0.0743579440207646
-0.10105733132715
-0.0305424058355855
0.0535890955806275
-0.0678946141153095
0.0234381904558723
-0.0111731484846149
-0.0370006740568995
0.0788362476065865
0.0954361144588373
-0.0426019107044876
-0.148638199978935
-0.110535370537623
0.0648613025969566
-0.0834065990016361
-0.214312486291
-0.120239326915819
0.0252768461802515
0.0538891832480546
-0.0968193211763717
-0.06376761015147
0.0802705967760025
0.0456241379268966
0.0738118154145859
-0.0984261871451171
-0.0130268625318028
0.0513059311492825
-0.0288318331497721
0.0845336621261879
0.053653643586694
-0.000633033651419957
0.0597653038098714
0.0639613717301927
0.0562863533263031
-0.1317302874121
0.040601337163787
0.00576220831452178
-0.168984118748751
0.0740983344780298
0.215162210892021
0.0758115323562676
-0.0201287720990737
0.0860398023097253
0.156408423778021
0.094825775629118
-0.0204944636941553
-0.150527355057672
0.136290320768279
-0.0235553379282968
0.105769192758477
-0.0658607673283042
0.0139768939623753
0.0539642957808682
-0.00657753715488713
0.102564061183912
0.0297975347407598
0.0561144816819175
0.112919273624517
-0.0327707742295168
0.0930764659446503
0.168482978149611
-0.104006813604344
0.121939598102494
0.172070647499042
0.0555451114829061
0.0131549157671364
0.105908527505916
0.149586210336351
0.116292467194474
-0.0589462822995934
0.0665074909513785
0.121691430846276
0.182136592271465
-0.0868033345046712
0.19467328291751
0.0826825788121269
-0.0459981809037481
0.124889530839294
0.161441980139913
0.21720872671811
0.154576366160761
0.0313715887387896
0.14987057333146
-0.0098876302967162
0.21036138730374
0.139243244089533
0.113699118708701
0.0640309325119919
0.0826061590794282
0.0348816135756751
0.0925311856765389
0.112382626136892
0.0992491747540083
-0.0814550407506414
-0.0239474974005606
0.114616609109724
0.000450631583436917
0.0433789188861373
0.0441369147066724
0.266604594962055
0.237934990666955
0.235412151207431
0.276032595853918
0.124094093857739
0.0553607439277153
0.195364608675873
0.192707309322869
0.1072715904854
0.0699992908187211
0.268074669094109
0.0416948644043384
0.296529225228633
0.154367746420167
0.245182030690354
0.264014356222251
0.237898383361999
0.147290983680415
0.281338909507699
0.261017616421571
0.174661820098316
0.320171632335678
0.0693335975530631
0.235683153844816
0.0589701891635304
0.117743706136304
0.0901901803573542
0.321186595862412
0.322989969466577
0.285282674280371
0.181267061393348
0.17618736128746
0.260257640927322
0.100300600659424
0.303512241601415
0.22725218094434
0.273823753989783
0.159842756957775
0.0642651466206559
0.331709213418109
0.159790320142311
0.28266025402655
0.341323204761019
0.0784667721867517
0.239483987165754
0.192210338703927
0.015731505447559
0.102168233541272
0.472866971947964
0.35893046988879
0.219898928496853
0.166112828917363
0.243988803569456
0.392999416157433
0.289389919838117
0.119176079912543
0.1184675503273
0.157850609273161
0.413998859884647
0.250075307317281
0.357701079980546
0.161438938035115
0.198943071744896
0.209275055269919
0.256791102658762
0.151123673586821
0.345552983049652
0.389164175974666
0.392220943414434
0.178409341964301
0.305536800858304
0.332476093380765
0.4085556938972
0.250992910880504
0.24743692902309
0.349674785836608
0.270840039057166
0.328837698854231
0.242082522079914
0.200111082593848
0.489260890624161
0.372020956779229
0.251455269773327
0.279789549379437
0.334599950974957
0.288600062423425
0.392560968948916
0.241109980667303
0.385348526776855
0.411490359412844
0.387876053167771
0.282802784076589
0.40529718222259
0.447695269945467
0.192132525232988
0.280384588981958
0.374320857791773
0.302742824542287
0.115348958302527
0.324837474158289
0.299895115348643
0.33020276684811
0.203200936199451
0.413972645798398
0.28272286231089
0.317239375911766
0.442177066824664
0.361724560830345
0.18108562198197
0.329605210083969
0.416900056313835
0.335519641907868
0.401898269721459
0.316009229661163
0.328441702129402
0.292878752132485
0.316756368654897
0.345619897958215
0.512647917737524
0.395997101540062
0.414962632620593
0.331826050122739
0.412042184803822
0.280349362576687
0.31234697056948
0.239836390391622
0.279201395668085
0.369266945948604
0.356743480903428
0.316630554334651
0.274974020701457
0.546514386109529
0.316338718646269
0.271824783416985
0.413321159845696
0.300475724583518
0.253886236548633
0.54270131086152
0.534675485899399
0.464569151357075
0.471638531304501
0.39663611929273
0.294062407755926
0.428913356749026
0.517828966362995
0.400286299417499
0.424379665958729
0.470685431716887
0.324137201157524
0.34338610163677
0.532299032677034
0.423435248415119
0.375998382362881
0.380858392710331
0.433170720584183
0.451020193068636
0.501836475811458
0.348330324416794
0.571075224533139
0.520236621776459
0.474580267221332
0.427598640727267
0.530962184600543
0.457453822134064
0.453374762273614
0.466304816019171
0.358294443838579
0.438271073315565
0.525963908494789
0.466935407408272
0.498597669439306
0.548047128176737
0.486722680316251
0.492981170323357
0.496866087967661
0.478048920768839
0.478059417624491
0.504695959823164
0.496460300900526
0.516914063897778
0.648424598020561
0.585212427535834
0.512440333212539
0.49181052284226
0.516637732484909
0.569793913583995
0.538549874485455
0.540395678513624
0.54076181803456
0.618629739028753
0.531085418904495
0.554164783738857
0.518589095596542
0.531183352254708
0.447684118776674
0.496951864130273
0.668566657526846
0.465006727403396
0.526226825375566
0.506238742729152
0.609842659657566
0.58452876895441
0.595478304682257
0.598209558972759
0.622883000366264
0.482652841757951
0.615758895644556
0.57351954837632
0.66682090780777
0.424834398286473
0.602044370252353
0.813210785092718
0.533958101021045
0.620827835114713
0.600971004461292
0.754584617365093
0.502824322659799
0.57216410733488
0.60005565902561
0.534098848137431
0.630303903748384
0.665693270891021
0.572218425559609
0.68545810400475
0.616615780165343
0.642898829686402
0.689423497676232
0.63063377521707
0.449138714836763
0.510702393150549
0.560097207443874
0.585057808037204
0.66997465956789
0.581740227073833
0.678363803431959
0.581479617600119
0.461849904033179
0.695212352685657
0.662864022831376
0.559587333132572
0.599037265515425
0.588648906264461
0.534544072465678
0.426212292067322
0.56628324721788
0.607724300887891
0.487627697600363
0.591797692028568
0.599620856926712
0.553493438099571
0.545523560730195
0.64812944614172
0.700288511565939
0.659719797431801
0.569693675692754
0.515434832245385
0.745358567195006
0.683176486090883
0.518657983599285
0.480210934841433
0.723796318945829
0.49443196296238
0.819286781322119
0.599643834843992
0.727630814009376
0.795923608561965
0.737180733667837
0.621490470225653
0.725131758083315
0.739756399504352
0.732166957196176
0.703507892685858
0.733467016909892
0.601049622152685
0.647487418352762
0.540281334002736
0.672500268201933
0.493072982742118
0.734840107767479
0.703715541456132
0.71188068801162
0.590056826803769
0.545789895732041
0.73407343525819
0.730017425879116
0.729199537895976
0.694344738943042
0.560598435834166
0.692394107348413
0.699614950051042
0.734269866940161
0.758445266864771
0.710575946282714
0.777246777970889
0.794538905236226
0.759963770729513
0.852037415417735
0.684887272014749
0.739996410425055
0.855247813194502
0.778642928815233
0.758692392949895
0.670327419750293
0.67447796383352
0.708963059506469
0.870586330341729
0.805071921854875
0.838979113663664
0.880849945343916
0.743990889941339
0.747802601561635
0.797341052492182
0.65287979300604
0.79400319549524
0.827130855951292
0.790258006953135
0.816459208956606
0.800643907919059
0.695231651633725
0.781321374572309
0.929615389719327
0.577668285662691
0.630916185107677
0.640470539528991
0.872352969169464
0.883474702937921
0.885662877433606
0.782107067386817
0.867480390536309
0.745550593980769
0.739865569338062
0.861645629649252
0.66182342196871
0.613356696912713
0.842139474196492
0.834329965786597
0.808107720376074
0.747355463771559
0.835987841099445
0.886332029443394
0.86282275861201
0.726440677162187
0.727465548240537
0.846569569259123
0.912823399436413
0.869130687569196
0.770291576270027
0.862161348317696
0.896645828677037
0.736900876154883
0.817869538803547
0.726629571640453
0.88914879546012
0.844537622573351
0.978089262145198
0.696893927600804
0.885139061317493
0.799154650313225
0.916053267732048
0.688701074071769
0.940194785010943
0.88453989657269
0.752174437429735
1.12571275322483
0.787375920891154
0.932830060508982
0.987545504273617
0.930747756026555
0.888815916431336
0.867313985283156
0.890971207661703
0.822025721687959
0.90477205764321
0.910867129901954
0.944546986885837
0.800272523153347
0.715755873940376
0.95481256822663
0.739324333071445
1.10128690981539
0.984054675070601
0.852383903463215
0.807840327064027
0.903647140536249
1.02911361703693
0.858278765504926
0.868042429427561
0.93188228652243
0.807720008196947
0.799634005428746
0.95177361325367
0.760208032776391
0.943163389416293
0.959366509864199
1.01154829109121
0.951479897195153
0.944005693585675
0.963462728641319
0.938184143261397
0.835728328551908
0.967914084646745
0.83168240748632
0.975993503010938
0.843147842853309
1.02185960670583
1.12156007652607
1.01756278822992
0.858288594227904
0.778163256185712
0.92766665327149
1.00674407184641
0.991226188975134
1.04965725635269
1.03305339139148
0.957613614183172
1.00940660338035
0.868181367927105
1.01958293263169
1.12770714457655
0.975185642051992
0.9784508166372
1.03166347997752
1.08296013290509
1.09130848873669
1.03808669488299
0.987927977571221
1.13071357027374
0.924281331446083
1.06928558087812
