-0.9966509774129
-0.904206071983581
-0.946643938594106
-0.926586030774337
-1.0054146007683
-1.08344381018913
-0.966597776562358
-0.808656668791131
-0.907800749375094
-0.974989112439578
-0.985918134483114
-1.02809794943566
-0.962737108905523
-1.07307742724612
-1.05444289062413
-0.998981891117325
-1.0089732388804
-1.17142064112469
-0.992133023021248
-0.987732659777306
-0.985248401308368
-0.949547766753153
-0.859392576692663
-0.944134166039659
-0.830636631338426
-0.970252916567432
-0.896789570904044
-1.06109484315936
-0.966607890120454
-0.765400179622221
-0.918703355829761
-0.85754827530765
-1.15895621217944
-0.858627517365479
-1.06775296636114
-1.04400177444647
-0.838443542130408
-1.08000227380756
-0.942863790325372
-0.803141698957792
-0.931989187726152
-0.87626839284078
-0.696932370410273
-0.757047293868401
-1.02658718204314
-0.846969122102066
-0.989332416761177
-0.988017620769651
-1.06562056558105
-0.7864172287736
-1.11490886739115
-0.989876311035927
-0.965709635482212
-0.724313784184222
-0.956174240216681
-0.788265629997829
-1.02693069165077
-1.01330678361586
-0.74896205160002
-0.918281606092356
-0.785994781389279
-0.977468637467115
-0.841379233893081
-0.854458628833691
-0.854516419296499
-0.815522334869792
-0.816097707365305
-0.954564225363183
-0.827500746618004
-0.813097365083565
-0.918968058772832
-0.829259920153796
-0.938079608964167
-0.690400869678454
-0.751468808171702
-0.737270418988906
-0.845000247880255
-0.75410881170546
-0.835632893473267
-0.801409173841746
-0.85671696171191
-0.754875707618233
-0.904673304832495
-0.74726615306936
-0.754049103534619
-0.668583570378157
-0.748177283682848
-0.995183761299571
-0.863377190498344
-1.01655918653102
-0.825113047723706
-0.806593054062564
-0.93205361745721
-0.792352078174534
-0.819879116525009
-0.690867734252105
-0.774052384269198
-0.899774248061105
-0.707970456851932
-0.803749302856429
-0.776625950011745
-0.853605180567318
-0.859847534429345
-0.821404701420353
-0.805705614806239
-0.8528757556417
-0.779106096730352
-0.959993546928813
-0.746959816900167
-0.759703918349713
-0.770413272007717
-0.829667389398549
-0.705591513198534
-0.83640400209242
-0.733621066560084
-0.664535080261727
-0.809064677227288
-0.627192448177356
-0.753804917671822
-0.684363707815052
-0.759907516945273
-0.829722458107289
-0.735161314711618
-0.876538208736874
-0.659271872472254
-0.648855631102571
-0.796050896084611
-0.745247668460857
-0.847413945696639
-0.683335071745567
-0.558692563273226
-0.759234328849146
-0.655756304344251
-0.875916520180309
-0.486023430792618
-0.751064017998213
-0.746055043206313
-0.788449809405619
-0.668333119570126
-0.661937568315279
-0.573673248989181
-0.547144843698018
-0.671327387939457
-0.665391062358264
-0.813866319228338
-0.810620030512553
-0.739761209746638
-0.706556891627473
-0.659341670263455
-0.843612850173338
-0.693259598546321
-0.743170450624445
-0.697495348033499
-0.797717655717419
-0.658294614314208
-0.634443192479772
-0.756033350846887
-0.623732140470584
-0.646348312643905
-0.698133768777473
-0.625067667990464
-0.667858501520618
-0.76067544995273
-0.712537177561984
-0.584538108891016
-0.570454624946992
-0.858176689614254
-0.548586258766709
-0.715717925307257
-0.637458348034717
-0.680016445644588
-0.667331085603315
-0.601638629987154
-0.649847578658796
-0.587877877858842
-0.664344627013114
-0.650597871073144
-0.477529002728414
-0.78632604399437
-0.647022141885853
-0.686442720152519
-0.573555740517334
-0.648645767938124
-0.541232344188042
-0.601369166720951
-0.588124044759385
-0.645585885021219
-0.523553316799225
-0.663132284253346
-0.583452285248663
-0.491573646340497
-0.701552834126382
-0.658639829439286
-0.619853948881784
-0.606172222476553
-0.735802600369133
-0.576758532435106
-0.624201184983954
-0.645553801990965
-0.71507851280625
-0.467494502881585
-0.555459299065593
-0.729244615500976
-0.622870597175868
-0.702321285418641
-0.622423832807156
-0.765477287214359
-0.655316667735044
-0.601296409950407
-0.502321785767694
-0.639276012340293
-0.550941430535644
-0.54913445626732
-0.530963771272324
-0.560857015672022
-0.537816732223494
-0.560093917974335
-0.621378326107416
-0.616868028549836
-0.669978467407876
-0.526784294386816
-0.587700059873732
-0.608054225737743
-0.589866866456528
-0.460947686083182
-0.481695225931911
-0.651610572899041
-0.552449191218133
-0.585799954508407
-0.519389112327719
-0.331924296624185
-0.517229493393618
-0.400191426807162
-0.619144697505991
-0.430820147766463
-0.655872004838664
-0.500143584664806
-0.518883898164994
-0.547016078454318
-0.593149831782632
-0.492959016098894
-0.536898311475604
-0.649437714943274
-0.599390692390927
-0.435569733257324
-0.436066128648387
-0.426866634964005
-0.544447341397547
-0.405506189199612
-0.46578645318027
-0.51275505924212
-0.491520519460122
-0.394788811304843
-0.566537712113275
-0.607700854296963
-0.533056436557639
-0.4585649202453
-0.437632080945507
-0.440973872592491
-0.385797355262941
-0.429565045497602
-0.620572332543533
-0.362647329420796
-0.58373920209589
-0.555011490584112
-0.500199629443431
-0.421164691661839
-0.276900880824698
-0.356139729252291
-0.30580015312141
-0.387393815475562
-0.426621462981181
-0.501171996833195
-0.526124481974131
-0.37398741718697
-0.506257845204706
-0.510467222049951
-0.446194836229376
-0.437524769137864
-0.457892711897108
-0.508135967662781
-0.386454414916892
-0.543758249600174
-0.260298974459845
-0.383306003223862
-0.366522518197098
-0.451260763061913
-0.466025988526241
-0.492392967176563
-0.323953067775965
-0.411740505980542
-0.48346561360798
-0.471001760673058
-0.410486983430676
-0.521109510143323
-0.306263592129775
-0.43314141783505
-0.432010674730358
-0.617763033806889
-0.415449923875333
-0.450341080449709
-0.393755372479504
-0.259135730242696
-0.321070153787298
-0.364218248431438
-0.354970427826706
-0.321701738052432
-0.26559374973831
-0.331283255067485
-0.332152276059099
-0.521780673412865
-0.454713670107007
-0.144790959283961
-0.495884514903122
-0.330034438617251
-0.36984802369966
-0.425370675786512
-0.439112005371074
-0.440982759992852
-0.372848120266029
-0.354133109427521
-0.319229764476975
-0.248660963188205
-0.351387172545495
-0.333796158217638
-0.288532884771812
-0.114020513498712
-0.314797772437066
-0.34617979494386
-0.179888883474093
-0.5071564337293
-0.403354290063526
-0.311234161774794
-0.276554825835669
-0.301395412003084
-0.218571487875258
-0.434154646949231
-0.309546573670283
-0.331794437435458
-0.374448545520765
-0.315239816859317
-0.221514444777541
-0.264091578815336
-0.454817753594302
-0.225432390382764
-0.189231089693949
-0.221431369803303
-0.213037895607478
-0.332344202153867
-0.274996606598454
-0.189924808890819
-0.380892597857296
-0.209776236334263
-0.337142346954692
-0.284703248406999
-0.285334088575568
-0.246124205669987
-0.304095559734963
-0.238248685134947
-0.309181637941297
-0.412647951271433
-0.325798107970979
-0.340067946123507
-0.208755170082164
-0.176176076283648
-0.184001431296435
-0.34224768939135
-0.275746688320027
-0.205867833482698
-0.149518888356802
-0.328079864217383
-0.226035363262033
-0.459173562762725
-0.196424496157786
-0.317999025307387
-0.283237580049439
-0.188307517198129
-0.280339593921512
-0.207591630158239
-0.245673827234661
-0.358232157917206
-0.252908927649232
-0.252733979706009
-0.351483708507024
-0.269622734736483
-0.255431161099223
-0.347002444706148
-0.201113689890906
-0.078316593178688
-0.203936815379646
-0.153091413311545
-0.300372699694016
-0.103585361388116
-0.126240167584373
-0.278901200228662
-0.313030482389551
-0.109939527583006
-0.225558822510199
-0.365449257667528
-0.143345651524867
-0.196613044852322
-0.213815062377438
-0.204684755310315
-0.247314596575158
-0.293537278498826
-0.124578804749962
-0.050958662618021
-0.328284323036278
-0.103020271463071
-0.144117783448293
-0.133970799643596
-0.224025010308072
-0.179208971479277
-0.23900835261405
-0.247368957790514
-0.0718327026937855
-0.229232233223045
-0.320261356654084
-0.193968213963082
-0.158798500100711
-0.0408464162727225
-0.226881911820154
-0.186792899249141
-0.166601109231731
-0.274421696928664
-0.180852034168072
-0.206004345691985
-0.148720885388403
-0.114338156989195
-0.0613687633052839
-0.146203722660732
-0.126176934735651
-0.23576521894876
-0.119932721043029
-0.0790748862837605
-0.154085463854412
-0.132372527696685
-0.376307434521421
-0.0940608169033108
-0.206730207965415
-0.0241103335625712
-0.151836752011708
0.0211922616248595
-0.121222057251725
-0.0695515927708789
-0.174799778744873
-0.128873911905886
-0.161543514462424
-0.0921612872346898
-0.0522306166834747
-0.277042418157396
-0.154214631300639
0.0599839813988322
-0.0790112297966846
-0.0485963067467806
-0.102547834164454
-0.087263301723079
-0.0610527231803962
0.0270514699888847
-0.0112432089716036
-0.0494131341609767
-0.111521712720584
-0.0567833798761428
-0.0164875333796852
-0.0699573359883277
-0.115841840925479
0.0821013024087418
-0.163242887161285
-0.0213277646907322
-0.0255291523327146
-0.0840937541551471
-0.135930109283365
0.0206994405830851
0.0558052743446196
-0.0401610959296356
-0.165865349009605
-0.298446674877847
-0.069989514417426
0.0481985788548231
0.0151551898916884
-0.0124860405444202
0.020598244731218
-0.143782582559819
-0.0877884198908665
0.0572741301008806
-0.141168550949998
-0.10242033916262
0.0907411387384227
-0.242593414518699
0.0819126312478636
0.00649626110785555
0.115096827561298
-0.101150404657584
-0.058270589530424
-0.0593858238395437
0.103103358913182
0.0169653578057148
0.0444329088342094
-0.208075376749921
-0.124588116436835
-0.028434798399973
-0.0890352114080956
0.0339548280992072
0.0017917818498667
0.0617881624019455
0.0608727712547804
0.00637329622183705
0.0824549697462465
-0.171273057565528
0.0272518443944727
-0.128070959036481
0.0620206033793802
-0.06754792987712
0.101547002215056
0.0637838447064667
-0.0211871348965826
-0.0883836070185657
0.116234787480917
0.0378648314674331
-0.0147981217906175
0.0234934746130174
0.170309866064978
-0.0450213950041142
0.0674630974696293
-0.00516713821403852
0.0786923314127986
-0.0641513426095205
-0.0847790544139724
0.0784329503101148
0.0858558959199864
-0.021129957367087
-0.0832058855352878
0.153447024639239
-0.0236502435539113
0.0899110437171854
0.0184447374355658
0.269178840099168
0.0730137921030944
0.0353159352415571
0.0415288831003332
0.169118072943556
0.0329286317390811
0.055046916030103
-0.0269140581366273
0.0229923644233316
0.0646809913625704
0.0902332863820906
0.0842615482422581
0.0894223636888349
0.190749865067968
0.0860243608950435
-0.0213596008228345
-0.0782106910575124
0.0161446966707559
0.135587950730648
0.0743778774151307
-0.0345882701941467
0.164936549129984
0.187238950780958
0.0571465480157409
0.109305454087513
0.0597014804973767
0.184748864799937
0.277696570029745
-0.0410190589529277
0.255050210091063
0.166580406509893
-0.0904933946053352
0.141878149765837
0.15472975279406
0.0745630475756721
0.157719788420933
0.228929954113318
0.0819406277674114
0.0399729251010593
0.0762305539189142
0.333271303649188
0.259731643210688
0.160361782895009
0.181411617339052
-0.0258822926958321
0.242112965531906
0.207406250144239
0.0412922807121387
0.0929467394435
0.0959478341337821
0.173696249250703
0.205210249872123
0.230725346706256
0.0594189284584885
0.114512878224172
0.296525320955493
0.138928044780962
0.23281118934042
0.070562432636598
0.193118384832252
0.282006447980078
0.256292024852312
0.161429288451791
0.264453916574982
0.11422359967895
0.321577436749755
0.15560678153331
0.325499068829653
0.21340265072224
0.0316678165062388
0.170672995059462
0.287771564142724
0.280872963430774
0.346251326766791
0.179975285380344
0.183107140462996
0.372012046561806
0.3245158294686
0.294553792627935
0.154421179168299
0.104074861096744
0.287596412651665
0.259855417658979
0.00828199138924055
0.241704148197611
0.262951149201743
0.188152420399538
0.292242006703456
0.198816045182674
0.289569180587611
0.13068586276584
0.27135352462358
0.215436796048963
0.373093627503475
0.401307189345029
0.247859131698344
0.119112076794238
0.247231580714713
0.247936856669838
0.339710108142097
0.140976495494011
0.440286330367512
0.275595984463679
0.238167768517525
0.154153279542836
0.312482469769904
0.259636362334065
0.269084417897978
0.16301641442536
0.229160128383613
0.293493192402664
0.362783000436498
0.231051555576588
0.302739765349543
0.400443314892811
0.27526483407408
0.413488259571865
0.442290013664581
0.339675927986494
0.366148496894653
0.311549352073091
0.349768678584254
0.400171378108636
0.253497201517534
0.296882874407553
0.296697690321132
0.356796498623376
0.393099694862544
0.548590433322013
0.445800249568418
0.334432203455023
0.315944055968187
0.289228881524299
0.478949241646075
0.321350959361384
0.387356124508474
0.335826387489502
0.436905975444342
0.231212041513733
0.424779921421852
0.21310976742004
0.233290059871423
0.259539375950408
0.288365353366784
0.454024426205532
0.225747211082689
0.358355755576218
0.312564882602997
0.346017565264653
0.484958141944124
0.441134373953551
0.329758291559445
0.39339555928462
0.407855838845219
0.291672476776105
0.395909073345189
0.322749245919587
0.316202710930947
0.3995632043034
0.431860617254868
0.366474795119727
0.48540163401889
0.497170185768127
0.263799991685264
0.428268663811923
0.529847073772404
0.439762870783737
0.406209529467443
0.347239879542941
0.386385838403187
0.390989617175552
0.39379740040164
0.244979945181293
0.451411982246175
0.54387846516379
0.362613433265961
0.451228467001982
0.589216747698939
0.500786842801391
0.461770900913663
0.3902946436323
0.556817441377501
0.350570317551546
0.401549933238833
0.459701769784448
0.328800363256538
0.489195531022457
0.349776036367344
0.459772016857588
0.3515211157659
0.54964546922151
0.53922932274544
0.355523042166261
0.44404386773736
0.492537236117708
0.468317999048471
0.481441617499898
0.546849227776813
0.376504691052792
0.449945323709456
0.482458859776686
0.599185374734252
0.299000934013124
0.474145556266178
0.420407599812697
0.631164177279741
0.626853624201296
0.401228999811847
0.682468789648393
0.496886044803705
0.523658993925017
0.57458414998813
0.40149729312823
0.487131992905395
0.447950912063059
0.494387175283538
0.49741397051254
0.465190561083755
0.511801466418214
0.409714415314851
0.521338575354836
0.53313992614475
0.391096288060779
0.533915379431772
0.564521799498224
0.510761247900855
0.527239072476158
0.481649915112665
0.494830639314441
0.517487064286938
0.626634425503909
0.54576862869053
0.628714922842711
0.472642076810401
0.442819918713982
0.53219540089875
0.504955568961207
0.539556023654918
0.539037155053736
0.533491999759196
0.502545521472187
0.543977114592456
0.595991981555017
0.571919819810003
0.53842382878112
0.471874556860022
0.567441717064474
0.43141165940348
0.566691162357137
0.49496527302129
0.549759209754064
0.695063795499507
0.530539613192887
0.621357393683422
0.52579715944702
0.517729457169647
0.560606333726366
0.687878947007987
0.487305361780955
0.512096373598528
0.585717548519324
0.600652112819414
0.500252754307591
0.601176446290384
0.519915068986691
0.674791547972908
0.592897614001554
0.590168908845703
0.566820220863819
0.69663657413232
0.570112535546625
0.556714110131004
0.488881748413874
0.72200213811295
0.641219255091253
0.594627611727896
0.663904378945516
0.80337025846905
0.663617288061496
0.625864804814701
0.668852764363272
0.673813028526545
0.520402050776984
0.589935518116841
0.622560743331662
0.72679290912627
0.572903520552308
0.703273136008832
0.634916040313781
0.521349070059619
0.769978999972567
0.699253186263093
0.740352549178944
0.707878356555414
0.550502427296842
0.579800900474083
0.650039821225671
0.789556565525242
0.571996178049118
0.641025751493104
0.673527552965655
0.851101350570764
0.64929111102193
0.696671749291295
0.719205025427901
0.757304361928184
0.639961937003338
0.781092045118628
0.664018164384414
0.83775117721433
0.66070335769576
0.815125700873509
0.699639685130433
0.614001166794463
0.723187438208931
0.665650480594609
0.812110219781496
0.667725899232547
0.746680377999865
0.971616000009565
0.810331616443297
0.60249901008013
0.706749589051457
0.773705068333894
0.667331343642941
0.631710555271737
0.655197860217119
0.907415728150315
0.744101545786466
0.696104527567092
0.639914728992688
0.833397412473511
0.734987269019254
0.694759721873234
0.698345203739181
0.782000854939728
0.703762133307701
0.700019644663328
0.804182057164973
0.650472912883851
0.822623642023063
0.745706839380218
0.97137370677684
0.707378503631934
0.617369310010195
0.803290261151966
0.745537265496303
0.705147780215301
0.841563883666784
0.891349059946854
0.7718692820985
0.584589685994768
0.860150036202998
0.719475691333558
0.759952554570736
0.716499741822267
0.891511496542497
0.698272308580307
0.828531297731733
0.825570894738944
0.725498635493024
0.818485973025408
0.646075953700237
0.90489425715058
0.865666351272695
0.716118165856809
0.730889665153963
0.795527493068653
0.753069769675626
0.666405692535599
0.806420277058971
0.85776549442716
0.811858312990705
0.84610423467601
0.892469296009569
0.863582829858206
0.859332347923031
0.867815742561687
0.839844536251927
0.696915298929903
0.821997880274133
0.879259661903968
0.884086458159217
0.82572330368886
0.890034618174007
0.946088294487241
0.800741822712328
0.830748401612393
0.85865281458366
1.00286427033523
0.789325804602586
0.834889083885804
0.780422646848908
0.809293510194152
0.859070434879417
0.744675941769956
0.839969339374754
0.853053176960321
0.81245643939401
0.690378540090408
0.77378850521672
0.822193364507524
0.825521636813033
0.804307972832486
1.02003331780408
1.01538721992469
0.917087864615777
0.84627668126573
0.752720530062606
1.01897712828171
0.798038892189598
1.00154056083784
0.939177258280321
0.749474849334755
0.955243726793806
0.863938423293704
0.817307672927811
1.14686061054413
0.728573540865242
0.866201743229703
0.867993362590356
0.929847514626292
0.906599071527112
0.892775372080352
0.967085965632826
1.00882319037012
0.916614449787755
0.802814690285485
0.941724230815859
0.825100739799067
0.760073313996001
0.95500403658701
0.876748730408419
1.07332556741636
1.03576525246931
1.06581209574196
0.973348977536297
0.822190252331051
0.918890377697214
0.935309029190147
1.05057172773246
0.780256551697726
0.89746401806504
0.905676987867045
0.90713337605066
0.867977432195278
0.897477037357922
1.07195767392582
0.989240257819651
0.939201730199333
1.01251146411476
0.990775502077622
0.857857214092512
0.944449900032265
1.03488770720607
0.904680774781814
0.944869811434589
0.926605839566821
1.04273308871376
1.06883899104287
1.02330906532399
0.966672961883763
0.946397177309304
1.23549750771956
