-0.940511062852461
-1.00535950990255
-0.994994669899598
-1.02061695663518
-1.06315784225593
-1.10558453430582
-0.923338172545236
-0.914245989609876
-1.13123110553051
-0.792712195549715
-0.977433661018399
-1.01585935023304
-1.05619585233534
-1.01071434997849
-0.900981738765322
-0.937857344790544
-0.916225124013615
-1.01846547435568
-0.987093808999641
-0.938851970987903
-0.790031007262789
-0.944981904208485
-1.0566305466472
-0.918118506149004
-0.86420450549183
-0.899973015602374
-0.963432983225276
-1.00053273866134
-0.840205358450945
-0.873993621416435
-0.984822991954503
-1.0597452001813
-0.979996854012802
-0.978024714345573
-0.857245288064513
-0.827751842004315
-0.928469069921871
-0.772342779518139
-0.950020329279702
-0.877841571068953
-0.755908458613006
-0.851424266319655
-1.04543435277935
-0.958455149765683
-0.898715663956957
-0.872781690595477
-0.964295371713458
-0.902276991777655
-0.929332795073077
-0.801803062165558
-0.961254188543095
-1.00095819963089
-0.943182268917262
-0.89509011237541
-0.939384750991575
-0.891285037352193
-0.835037423899273
-0.822490271378364
-0.950674532726867
-1.04296301367352
-0.83450442014885
-0.981631752956851
-0.792584291618838
-0.76554553976535
-0.780262412498087
-0.81673278378274
-1.01839838734078
-0.824814418926125
-0.824381801891743
-0.768252620876744
-0.877696868895658
-0.907858112547255
-0.998640098122137
-1.18448556436898
-0.840468962136146
-0.819459709420959
-0.892353069815017
-0.993750631527063
-0.762698290112207
-0.813717033109573
-0.779955633942575
-0.87657409516147
-0.942751068249595
-0.88895655191137
-0.638482610080641
-0.784652681028599
-0.914657303197166
-0.843084642935412
-0.888208405128294
-0.953677831470311
-0.902991155553172
-0.754021449145294
-0.870289944848322
-0.732650430753799
-0.823826438833166
-0.775915630478841
-0.840990719264792
-0.713007570106454
-0.769763829921929
-0.749301059702582
-0.685266624046465
-0.750434938012573
-0.932889445362079
-0.851647117859456
-0.885209759793903
-0.614928844520319
-0.749203977265687
-0.736894746868526
-0.843434557444928
-0.657952963501977
-0.599135228414607
-0.718732167954489
-0.752378920629883
-0.965900497546523
-0.897474427162795
-0.910578774595649
-0.760870316252426
-0.748993033233184
-0.841847029309291
-0.748679522644534
-0.676987294882249
-0.88662484501854
-0.685450561808789
-0.844770110277405
-0.795143875189168
-0.691987316193452
-0.82590128070481
-0.622473583736074
-0.783875613134314
-0.763809086054287
-0.759446052478511
-0.772185279964749
-0.860088835358831
-0.682593381240726
-0.660074038822767
-0.748873313761327
-0.732260424458401
-0.723405317964335
-0.751160297840948
-0.763102483750292
-0.771527592721302
-0.664434014330281
-0.723948966270466
-0.682277068981099
-0.672580947333475
-0.600765552574737
-0.726932609840862
-0.655796694436957
-0.777451786650429
-0.585590820035441
-0.714267614230425
-0.782117146834227
-0.586393467846257
-0.751885232052668
-0.636492759824302
-0.649065475421484
-0.865449221073651
-0.642848956490187
-0.708187974523896
-0.582539838658011
-0.647584643257274
-0.668960773451598
-0.580286007866504
-0.702074817041441
-0.583392648167246
-0.676129085812213
-0.702994821474509
-0.610560334845841
-0.718343273242267
-0.588535272460782
-0.735732453742241
-0.634828884529369
-0.589008125160961
-0.675188402470852
-0.575781628297808
-0.518497007321025
-0.633751343889426
-0.75193644951971
-0.763149179826885
-0.703104516492075
-0.650527922216172
-0.537202599188513
-0.550828807630103
-0.565203866351032
-0.633484532218647
-0.617527243680873
-0.674659071924054
-0.530367832464794
-0.603425895468254
-0.75404308684861
-0.54066377295249
-0.601293758055695
-0.62234653716952
-0.622210186011398
-0.461381250201693
-0.783956384423011
-0.575864395795162
-0.599952957012427
-0.736198573268201
-0.572373193867492
-0.477663367733631
-0.684164770883423
-0.431245213453749
-0.679257774469498
-0.557901082193189
-0.614475336882459
-0.430509561470908
-0.59569447243126
-0.604701851056094
-0.608576874939427
-0.615657757142241
-0.724103022630597
-0.541424148101858
-0.552312580471818
-0.591311124946396
-0.545999607080554
-0.603347154965906
-0.539213090502531
-0.569879353132165
-0.594451764410496
-0.753608836797713
-0.660011076141373
-0.567608690900573
-0.460979488481432
-0.586507192972848
-0.629892616783063
-0.492930624812867
-0.561359192750493
-0.614537757283527
-0.592422325140566
-0.513807028018783
-0.529473077306892
-0.598554248115542
-0.611174424543211
-0.566251179049989
-0.539546586374576
-0.487558288870691
-0.616116969902706
-0.386102507006064
-0.509031386804649
-0.507416930394178
-0.522409666290313
-0.556467684974954
-0.53196110314751
-0.56954939338487
-0.57091264078994
-0.51830428234956
-0.598602049423772
-0.534699211647011
-0.482008173870554
-0.438523260444774
-0.513828884613442
-0.432354852069994
-0.440838894613975
-0.437019256049661
-0.429988983472658
-0.52264662022253
-0.430264615829137
-0.504819122638778
-0.589471003099764
-0.441061412928849
-0.53386545617762
-0.506889015172063
-0.537361775167914
-0.402235811133301
-0.238028611931708
-0.387256036128298
-0.443494133975001
-0.576718835937954
-0.450627150565081
-0.632060318043878
-0.45728617834345
-0.469910462706432
-0.448973498346058
-0.41099628696601
-0.40518389472217
-0.624563067623143
-0.464829168893568
-0.405036584252112
-0.352838410805245
-0.461148104194983
-0.335006331399947
-0.500155106681878
-0.644456995479851
-0.336755001292066
-0.503843028445316
-0.445730302855551
-0.423943213385218
-0.386580652190283
-0.44789845548573
-0.452812716070541
-0.27721850147682
-0.458096838511282
-0.351378327377163
-0.435960244047985
-0.300004127208891
-0.294578589283677
-0.4338956260343
-0.308120912496068
-0.262249742637037
-0.421423477191259
-0.351314848147192
-0.33574856399197
-0.261954593999671
-0.334121198907846
-0.29768791821217
-0.459190046448438
-0.425314379861343
-0.30357748190769
-0.46409885532083
-0.330255463800277
-0.397080684714696
-0.424714200680317
-0.383002922560131
-0.344690264447684
-0.366280476631141
-0.390844602327544
-0.401972770629031
-0.326124577014322
-0.44934328673613
-0.268308881924425
-0.429787537049278
-0.383633397364089
-0.453489415881009
-0.281324467891736
-0.459288220070427
-0.488579393461506
-0.261991109925004
-0.393453824858598
-0.251183712176012
-0.391840874995165
-0.446160041638454
-0.252560842342209
-0.509858029710016
-0.331491145002056
-0.17290038963621
-0.289930336087763
-0.378963147108594
-0.249643138119137
-0.333021140276536
-0.101944038645004
-0.38705404612816
-0.244735959167298
-0.330351852273953
-0.407754105530036
-0.228227928886623
-0.294467357669353
-0.273559026676447
-0.323220754382055
-0.352296960554865
-0.0631727998257682
-0.389212191702379
-0.365878255791795
-0.349461701505731
-0.226227471689996
-0.234186043187734
-0.385399501075164
-0.197130004308169
-0.367365173728417
-0.378774157080247
-0.257582656767451
-0.263075071300881
-0.357340600341851
-0.152980125096041
-0.224236924437831
-0.258625422270932
-0.235889758371868
-0.233611647586625
-0.24108013034767
-0.331394417209631
-0.303515068548023
-0.253101315310462
-0.271353311049279
-0.218418053228071
-0.339451494673606
-0.1820646038647
-0.250013390704813
-0.311953375843989
-0.310640922695106
-0.404140716151161
-0.310586946164374
-0.173235441635573
-0.15346624978632
-0.15241520913765
-0.22833959446922
-0.357181226674328
-0.295254030987282
-0.271691682405326
-0.309533686742126
-0.165417076813812
-0.262994316960882
-0.278025910078955
-0.157719418252479
-0.101077591044209
-0.206281622106914
-0.342333047506528
-0.0521671541332729
-0.175546460772476
-0.240359165095524
-0.367901179697576
-0.279143737113806
-0.248251282369929
-0.130279418413474
-0.224859864497589
-0.321734874255822
-0.205341928860129
-0.217495897317278
-0.19550498183871
-0.0815802564590009
-0.144176599137383
-0.243358455004684
-0.143240772997919
-0.189845911187052
-0.117120042775155
-0.260787206747719
-0.322563576059499
-0.0584819815622814
-0.233346824699406
-0.145519195681177
-0.176404596104633
-0.262111250480854
-0.11635635954266
-0.207785757388956
-0.221809505309097
-0.0932492005295873
-0.11792910433718
-0.07003040871097
-0.104671148531371
-0.271382023902293
-0.123056022352653
-0.312382024062767
-0.0198527816185692
-0.0977294579054975
-0.191496282538767
-0.144107800682911
-0.240610294522095
-0.192533889650328
-0.0388628961777481
-0.175397434936632
-0.154180088164342
-0.192623058810271
-0.17591829952069
-0.0302370219029868
-0.0693566582291743
-0.249364610623204
-0.0905521451644367
-0.133953350292931
-0.14880534884407
-0.166855857035171
-0.278804002474143
-0.169468444669308
-0.165252920607203
-0.00307111773449269
-0.0859565561047855
-0.102373274256608
-0.0475320216367619
-0.124271470807293
0.00878736442255553
0.0801693329317864
-0.0676295044570527
-0.0679676790756872
-0.0600685578866294
-0.209449729168894
-0.0290871490860742
-0.240779091756523
-0.0395232678619267
-0.108815827183483
-0.102066349709401
-0.0253739931466914
-0.225738618079209
0.0112762406643572
-0.115134587929746
0.0744903940796796
-0.0942982180014769
-0.0252596316821141
0.0483805429150611
-0.0504199756311704
0.018858990152852
0.00235398225616861
-0.04485795609131
0.0869357088571869
0.0861151819749613
-0.0390519773032654
-0.142858052649459
-0.123780700807425
0.0621391986979356
-0.0847318172863248
-0.204193398435961
-0.113163728007596
0.0306966380176512
0.046930744676178
-0.10549291128628
-0.0703602834153389
0.084803862547568
0.0257424755411672
0.0763588430656987
-0.0970724820122698
-0.0127240080312949
0.0534217101544009
-0.0218380032962461
0.059245070294707
0.0607847803584046
-0.00996191546860746
0.0767017248922878
0.0659237525748169
0.0509778363322857
-0.173124663806882
0.0233249309805852
0.0197671680373753
-0.171904043551191
0.0581528110424412
0.21515550316301
0.0532833368828401
-0.0254040519101858
0.0921162566064615
0.134380691269182
0.0838206032935555
-0.00125240657470776
-0.131457678023449
0.138022742726806
-0.0132519890238569
0.124385614859338
-0.0663752025428981
0.00242040251813615
0.0972114462465811
-0.00933254607707048
0.0916293530826092
0.0260495362189074
0.0579542494898185
0.115450246835967
-0.028797747884181
0.0839573584061698
0.154619496493096
-0.0972827227637733
0.10354907912626
0.180852262706379
0.0447173709701643
0.0230640783776052
0.0836815112193984
0.138193934383213
0.112883872587501
-0.0680467229579915
0.0755778429701415
0.121775639409102
0.170075149012098
-0.0788914710954061
0.171540652377839
0.0735781040628778
-0.0495274979324589
0.115012148103663
0.144334221554619
0.219066194317921
0.149547930208039
0.0461481451806914
0.164180938478108
-0.0111193183571058
0.204050802792988
0.123859326177896
0.11074577653664
0.0572804167883062
0.080860912716359
0.0282441982224406
0.0882407089702534
0.128314162284864
0.115550093697709
-0.0736866684233199
-0.0289471215867568
0.107799052053774
-0.0101485835827737
0.0520420074275451
0.0360704915588643
0.257844636128013
0.235116042024878
0.229376213199679
0.252365052336322
0.123703134684627
0.0702120611477259
0.20335264846319
0.160218510685611
0.104533410236938
0.0592915472690784
0.268204155625715
0.0354285426481689
0.3007194863383
0.175594284259866
0.24299883997693
0.26434383740187
0.221294113606302
0.14220711472081
0.262809409265365
0.258866337378667
0.177361371601091
0.317486414461804
0.0699587821312831
0.243487588574966
0.0779867563766191
0.117337497458917
0.0982352007132862
0.306885600489633
0.305548572376734
0.281078441227329
0.18242351448947
0.16306114774921
0.267103817666674
0.0770619648997106
0.314413084161958
0.201435024968928
0.297167007110743
0.167197328443075
0.0521929398807905
0.328264801953435
0.147195365679231
0.271048609216908
0.332592401288815
0.0833636845074369
0.252496057897952
0.212914195809922
0.0129000276854688
0.127846865983028
0.448438405815367
0.346431919225127
0.2231719405426
0.163138542390082
0.248791929851704
0.387593557765707
0.290165725436378
0.118234988650389
0.119114687406262
0.168903662416665
0.358796635641545
0.257841698574471
0.375999488512258
0.16390138828878
0.238100409790158
0.187008166363511
0.25430850794989
0.169750699486795
0.352853577299471
0.403444930590287
0.376623670463541
0.193787930608304
0.308205368544325
0.330889887085754
0.401826834160625
0.248443583006197
0.262796595248698
0.338540237409531
0.265657958867846
0.306376556784193
0.229369587061015
0.199346158036333
0.462955038080174
0.381415673037605
0.238294586552625
0.276227639716563
0.320760989838299
0.29602081300963
0.393533300653749
0.245594612217669
0.385594078633571
0.41477263203954
0.400045507237926
0.303603296918054
0.428260183574174
0.422560976323807
0.197040980091371
0.292388366106856
0.371858024005615
0.29111062398422
0.0944687728064238
0.328433545729016
0.315207991864754
0.313739271110006
0.24122940373734
0.412316399959368
0.277965061919469
0.318455221911758
0.433391156487619
0.34682362980805
0.162827285268605
0.335778419747169
0.419109366814736
0.348544682425822
0.39913580716735
0.313754847458001
0.346375466740767
0.278395571400234
0.334633058784633
0.347310910798066
0.508748381069645
0.39695039629938
0.404361213172474
0.350022943453027
0.397862393715885
0.288929056363853
0.328229781537279
0.239430055859601
0.271864967412485
0.363354059694014
0.368791163610748
0.30383842352278
0.244904397072453
0.539366286327981
0.326301312102319
0.283136736131872
0.396157196949192
0.304778891756808
0.253799822496721
0.524985302956615
0.497869023836603
0.457576004385766
0.481721878644813
0.409624256046296
0.277897472812497
0.436987973281241
0.508261675645723
0.408501741911203
0.424150274646672
0.453946768915102
0.302724804047344
0.410114134939336
0.548291928508605
0.420122588684671
0.386593081783833
0.388761820083105
0.407089200526291
0.465332029590491
0.489721732540074
0.335270529034348
0.563337851022999
0.498762897378338
0.500212462393211
0.434948319360935
0.525632599078488
0.467267045748049
0.435469406617944
0.47786605025251
0.358010790977389
0.452818800146483
0.511893987208417
0.467117854236858
0.482897116659217
0.54701311817237
0.489203531633358
0.475206889805883
0.493998415520732
0.453351367836545
0.475045204266303
0.505137949063412
0.496397332099415
0.544643529711369
0.646170517722757
0.567646281297103
0.499842926987224
0.49280573148956
0.537904040466313
0.579531196658183
0.523700346094742
0.553683389366921
0.556746572786937
0.615669124496372
0.535980836547758
0.551481686686514
0.514410338302594
0.510892786148734
0.453880198677127
0.522451208415873
0.660696434953784
0.471329553402769
0.506722711343983
0.486170548395214
0.604409453166279
0.581725531813683
0.595589876305473
0.601716330315002
0.636562856802945
0.486920336684871
0.611538131781385
0.606107842381209
0.653877439542292
0.42920400419473
0.57029480841071
0.811392740729944
0.520266832712559
0.623398555354045
0.593388251209103
0.752258883759288
0.508156397307283
0.582517533277804
0.617356822459647
0.557377556692588
0.622888211852331
0.664205452822458
0.585655751142754
0.71342445682265
0.640365131051941
0.65654905527119
0.669663701697562
0.636671255352685
0.455076901166642
0.491360814078878
0.556424921925821
0.558672402693164
0.698630333917547
0.56419092496327
0.683676435669367
0.583606204913971
0.46634535782692
0.710503287067087
0.655225567277714
0.579720209861893
0.5971334156887
0.608199661235105
0.547893920978078
0.409661870555641
0.590851472351504
0.605702216810275
0.495701115558899
0.57821422249899
0.62395361036494
0.565281645804673
0.538766874520059
0.611160978170602
0.712906643694971
0.681924916326871
0.587592854957516
0.500199035618703
0.730884304984202
0.662120079227906
0.523099379616195
0.481686101342415
0.703816405035081
0.492160260855444
0.816068777400621
0.606833645994323
0.750601597117966
0.794964111808256
0.729087440673611
0.632817378502118
0.733240339947776
0.740468952238384
0.733232462643847
0.731162127532757
0.73515788475854
0.617471447698686
0.638832152941855
0.534908061749764
0.648637803131357
0.502822446781667
0.744095883333014
0.695760653251151
0.688089329528992
0.596700126997866
0.57498079562878
0.712796741670144
0.74095031537781
0.73313181221515
0.665601869631335
0.56403338563392
0.712748394036983
0.692002150740539
0.726888792724858
0.773894664591404
0.722084858846072
0.776982674319976
0.783049603197345
0.750998934551907
0.831801761769465
0.693335515945707
0.736372802640773
0.862820756675454
0.784185240320686
0.765659637140543
0.687068800164156
0.688724244478345
0.684634753015061
0.871612395287354
0.801548260662019
0.844579114889503
0.867875534718817
0.739274232842099
0.757636206704323
0.783900103859939
0.662868200646988
0.794438716313355
0.824912009829245
0.795471640254474
0.839357634667782
0.822058613678118
0.672989170224502
0.775538185975891
0.928828699016636
0.580752172653495
0.642675570080597
0.643506147706206
0.878677416960841
0.896370972254266
0.88520483831105
0.802098401014532
0.859505037491156
0.74707780560668
0.756346447013829
0.863450433185584
0.656589022033264
0.611011162827212
0.83835056337438
0.831051775306679
0.827227430241639
0.756754469657728
0.838878882258968
0.873124060861141
0.870928015050403
0.729736853298563
0.757592871536526
0.832456946694983
0.906460357281795
0.884708330604165
0.761559284922305
0.866011740087796
0.89697905849741
0.730473266998552
0.82235618116657
0.705303937475294
0.884401452222072
0.852423872819042
0.965142134583255
0.690367302464702
0.871730286339764
0.806764476423006
0.924835960633387
0.690400915981491
0.925245102559402
0.908270164015774
0.73926713189038
1.13632378813613
0.809257407723292
0.932414205071884
1.01765521501463
0.904594558027925
0.890379687602649
0.869663826236479
0.91138464423199
0.835477965929738
0.893987419307575
0.910252391473787
0.931932114670013
0.779584173815495
0.732159413490502
0.942974716078615
0.747383522879078
1.09217997449896
0.984540636546148
0.830468236997656
0.804845255585649
0.88209613239114
1.04799695904422
0.853236560662187
0.872365034514806
0.955080552982543
0.8016199717024
0.806052545636166
0.966480887497333
0.772110726284626
0.9611544505961
0.954866648942705
1.0072563960872
0.951675918188306
0.940805424283684
0.962584695218741
0.951714064271477
0.815860251310327
0.991629027325885
0.798076299043765
0.979387472653327
0.815228533070257
1.01312965911744
1.12699913945861
1.01568565572819
0.879447576740331
0.777261656469946
0.941524364863838
0.978826630060662
1.0037017893946
1.05938142872066
1.01845975730742
0.948799273356351
1.00452480058045
0.868880365591654
1.04864864301132
1.13776789027449
1.00800141306319
0.989172892896822
1.02274305986958
1.06841886868067
1.08919577071286
1.03518386052292
0.981667793925736
1.09941975645897
0.932191466838367
1.09162695116638
