-0.960672779322819
-1.01331674298334
-0.989513297019962
-1.01763228199746
-1.06031639699551
-1.1004663843305
-0.896444881606211
-0.908194851347355
-1.10374127769288
-0.815485836619031
-1.01082130828558
-1.01331145376297
-1.05359579556064
-0.989058662499297
-0.916243810432313
-0.91402766821944
-0.9319656643196
-1.02816536356465
-1.00406992515807
-0.950300190986041
-0.790604544156839
-0.965629909313889
-1.08500834667251
-0.93274437288689
-0.873396286673269
-0.899976409042557
-0.988814670657811
-0.976903295794652
-0.850869001855759
-0.885915658963682
-0.975437690651403
-1.07019103276463
-0.994910515774784
-0.962064587379177
-0.856205977425494
-0.835212068596556
-0.934972662541554
-0.777671285335792
-0.958208195705657
-0.874882989902118
-0.772745109016856
-0.849444116303721
-1.07287668101939
-0.960982071531164
-0.915328572036113
-0.848320571476792
-0.96284154500897
-0.906500917174297
-0.933243566039203
-0.794228457344309
-0.956570648978112
-0.981657731244127
-0.934729505996545
-0.893306624006213
-0.917933094018213
-0.899449757309765
-0.83720494892414
-0.844214503680991
-0.956517129397782
-1.04364804913604
-0.840876954819884
-0.983197730454053
-0.764179891747783
-0.780352104146499
-0.799972289687401
-0.817268864289229
-1.0117400093561
-0.857004319058317
-0.829470262612407
-0.774897169275942
-0.851893765963439
-0.914139745560783
-0.967369168491541
-1.17829524369252
-0.844279463914463
-0.826794763757039
-0.89427640661936
-0.967386021564576
-0.74679039493614
-0.812341505762909
-0.77398341903009
-0.863254785018476
-0.952585206313476
-0.892870559615394
-0.644438514264571
-0.761096561988634
-0.902958967402708
-0.841074853134224
-0.900969897421348
-0.925513202310452
-0.908053840913393
-0.76317966932788
-0.873323464356214
-0.72884597238173
-0.805616048328383
-0.77521820265025
-0.853667587402205
-0.712946378026705
-0.788485704019678
-0.762309731600411
-0.667175501521074
-0.751371052388767
-0.931222131808407
-0.8559488721018
-0.890629483566964
-0.626015173402161
-0.749793833630726
-0.746379990281489
-0.846112195996722
-0.631861510858415
-0.597037800444109
-0.706560728600678
-0.759923286126665
-0.954324788237888
-0.896501685496311
-0.924079927449124
-0.778436331435956
-0.739660522612648
-0.841537852618609
-0.76546439679476
-0.658797174847128
-0.898633904307304
-0.665052416294099
-0.80859731802752
-0.777994710193024
-0.695143495876881
-0.82325366989725
-0.619463357758833
-0.788866424445668
-0.750700820355066
-0.780152986347626
-0.770739927247037
-0.858093509355519
-0.690120505509579
-0.671370727848621
-0.743807893600668
-0.740625473094255
-0.719197348597469
-0.762363599622882
-0.754858979189068
-0.786607871552327
-0.64403741517847
-0.712727490877459
-0.697197652623745
-0.652283285599363
-0.59553075351477
-0.73063025757667
-0.667199093262323
-0.760544113547722
-0.594887781967277
-0.700670508863058
-0.777168667137611
-0.58778804011089
-0.769447745670715
-0.641060055123474
-0.653154359209637
-0.855430909235499
-0.629732788936407
-0.706688518307962
-0.584360058809964
-0.655332799126991
-0.69244511141932
-0.57154267791186
-0.715977375037336
-0.599061197547829
-0.666523487440901
-0.698181714532491
-0.61071346340115
-0.71068752819348
-0.598549281724207
-0.724123485075648
-0.653909872376784
-0.600889525179696
-0.6846278520885
-0.572562702840171
-0.52874075874668
-0.633850964050359
-0.733451929293318
-0.752777255241371
-0.705326519080803
-0.629837336153189
-0.53121646939629
-0.530723488082572
-0.56346326900999
-0.637957317964093
-0.588000167478366
-0.680473941156779
-0.533025359325956
-0.566591546760046
-0.767253361404447
-0.552461666728731
-0.599706908433503
-0.639180016825277
-0.632230940169853
-0.46475231348633
-0.76531783309606
-0.593032289368379
-0.581287467400852
-0.734365277855077
-0.588804572321395
-0.49724013542281
-0.673814460223042
-0.447662283022177
-0.690623539421385
-0.561232412004832
-0.616909140446484
-0.41822114360835
-0.58645833358401
-0.619336397627849
-0.597536996745916
-0.601870448171537
-0.709278836184795
-0.531237862103194
-0.541471396576384
-0.589190960322717
-0.535912317149648
-0.60262314953206
-0.543514072271749
-0.577455322134722
-0.592188945475498
-0.743275359426535
-0.641575025746786
-0.567445177837166
-0.484742086702128
-0.595056316540007
-0.594108894724208
-0.510600221843614
-0.573050791691955
-0.613750757080716
-0.597904012884593
-0.482182892565222
-0.538750979681297
-0.585999177618784
-0.622955775799266
-0.560429901142661
-0.55272521410839
-0.473158757861697
-0.634111297078416
-0.393664394011475
-0.485665202330955
-0.516844228336354
-0.511879152989215
-0.566842794568396
-0.543235910022678
-0.559184216426292
-0.565930310067487
-0.522521768195505
-0.592271249071748
-0.540533651893982
-0.469692696139781
-0.427773346113605
-0.507627840672257
-0.420003998661675
-0.451150390737932
-0.411894377097058
-0.447073144419727
-0.511562136017957
-0.439539150139999
-0.503823126103627
-0.594089311080997
-0.455636066697807
-0.536311761064876
-0.517930435605415
-0.547914528056936
-0.384591939344772
-0.245353046923342
-0.407131255241314
-0.44659644105369
-0.553939766481466
-0.447865299213158
-0.60662259358365
-0.46415138045931
-0.448025467362627
-0.433676204300541
-0.399301072854461
-0.388081188264393
-0.626421475807844
-0.445019380489062
-0.409996069544514
-0.349993453036115
-0.473857191018476
-0.352498138860266
-0.466961770596285
-0.650042672186034
-0.327799160192657
-0.517743352064196
-0.444990128618362
-0.450009980203067
-0.411584258750155
-0.435774639503571
-0.447298147378572
-0.260147949895187
-0.453549024528377
-0.359304641953617
-0.420757823643739
-0.297456433359504
-0.28433873838115
-0.448764887549988
-0.322258148249916
-0.269285438628529
-0.403114316563514
-0.322448579949187
-0.355659051797716
-0.25922289853417
-0.305685742784528
-0.304407028897371
-0.458329392223428
-0.435537909064428
-0.283761180575732
-0.472177479237078
-0.32615306309695
-0.400789403322669
-0.425716490329916
-0.379433778507524
-0.351364109257551
-0.369533232490447
-0.382028065988415
-0.39734579457843
-0.324284434636959
-0.433220518023644
-0.253867585192764
-0.447838835348846
-0.387068600504014
-0.427232200271752
-0.274207083184689
-0.441418070377092
-0.483708211642158
-0.2711714691971
-0.38349565895104
-0.254289778117365
-0.373877279872738
-0.455171087172316
-0.26010918708409
-0.516984421273973
-0.319402395722643
-0.164121148516475
-0.284508619785957
-0.392126432023936
-0.255466570241358
-0.32417979917586
-0.113119330279671
-0.37838525288006
-0.234867348275499
-0.305271224963502
-0.43202461748217
-0.205347115734103
-0.300558525256393
-0.264514293974522
-0.325116096880885
-0.343179620004057
-0.0684063287689008
-0.383055252385693
-0.333935578760165
-0.351562259150395
-0.228723095360371
-0.23737273977306
-0.386360499451645
-0.205381390521905
-0.378202509312345
-0.36726642336153
-0.275438212099092
-0.287720170245623
-0.373961008103628
-0.149154112224701
-0.232249625905553
-0.221819214037541
-0.239536448776716
-0.235048912916722
-0.238333941401652
-0.33197080597126
-0.291767817321288
-0.246090673459602
-0.278788181518736
-0.202873346900079
-0.332273266841216
-0.200312316880851
-0.264797196043504
-0.309983044339079
-0.290085452550887
-0.422836307531817
-0.332920316568205
-0.171975771925877
-0.167154291260684
-0.163731052825896
-0.22435969057503
-0.364497573447393
-0.290811030942321
-0.266081939651559
-0.330801420410853
-0.17646421559156
-0.232662688874367
-0.268295213632288
-0.146526028328069
-0.104012046657047
-0.215770469575572
-0.365482950443634
-0.0332925745762076
-0.149871915589655
-0.268704396678097
-0.395149191653087
-0.249162386977971
-0.247272401799603
-0.116777153449703
-0.234718616725342
-0.327820353406219
-0.193443165798158
-0.198803337871698
-0.2028791666487
-0.0777414601126185
-0.165371145938784
-0.247690116173901
-0.157620322927912
-0.176918034986196
-0.131892963636706
-0.267901956291714
-0.319613099046487
-0.0663050501046729
-0.23570066218518
-0.165519888657182
-0.214437166928796
-0.275269874021876
-0.110809380248443
-0.228085631452882
-0.218606355580096
-0.0977865098246988
-0.109498815034204
-0.0659271191781081
-0.0892523201564823
-0.299212224835429
-0.102757276465846
-0.290982574652222
-0.0416427600147784
-0.0923105498985249
-0.193467130834225
-0.135602373096032
-0.232267966549476
-0.184407798008102
-0.080261729156715
-0.191036766272352
-0.143769982652096
-0.1802474692949
-0.176682954684134
-0.0520165510407401
-0.0651433871552552
-0.242217455166896
-0.0755084543331757
-0.137292360665192
-0.176414980296969
-0.17879913628362
-0.291006788703205
-0.169844348143364
-0.158669358577479
0.0126841992470626
-0.0896464990488274
-0.10316218753804
-0.0473876171847015
-0.13853481569111
0.0150643279868337
0.093882351812728
-0.0785324632380786
-0.062820997145877
-0.0545972070276769
-0.208840223851569
-0.0346001353151446
-0.233901512155777
-0.0317200031654628
-0.109173698205373
-0.0829173062108725
-0.0229587951139057
-0.212054771427967
-0.011547716847299
-0.136587251784129
0.0895373422113846
-0.0955657101345177
-0.0294336061372967
0.0459134050383253
-0.0664287536010288
0.0220410410093116
-0.00423244619801045
-0.0517332040100836
0.0863493695112176
0.0819626733085822
-0.0229329369046139
-0.15056565504663
-0.114388218422708
0.0683000102875671
-0.0770120995484226
-0.213190704618465
-0.109015020364222
0.0420522634608642
0.0452421222384084
-0.0992325282458658
-0.0702294335105875
0.087381465885838
0.0468928333740318
0.0624066592402712
-0.10118276486324
0.00215633827292956
0.0406204269656147
-0.0216637015054337
0.0762125491746206
0.0557928811879579
-0.0168480140318871
0.0394819039125688
0.0687215399569538
0.0342392896812532
-0.142250011591441
0.0310448973343327
0.0165550218514917
-0.155460404038037
0.0613577000596367
0.210207301832546
0.0694469543356643
-0.036681793502213
0.0861968303609166
0.171919617375528
0.108494095480054
-0.0153008845131893
-0.144812793534697
0.133830044329746
-0.0201034869359213
0.136272112219517
-0.0291540543336526
0.0122352186145515
0.0778161957245921
-0.000802040564400966
0.105227534082228
0.0274719467766363
0.0801780518764493
0.096454919362268
-0.0173816280179015
0.0749100718724575
0.180467010737997
-0.101710056860215
0.113489153068185
0.161035704708152
0.0442827030746374
0.0279584190737514
0.104525886703821
0.134271280328356
0.0993006756705423
-0.0584198846498006
0.0527787796652166
0.10541173819197
0.164887727866838
-0.0801209393771397
0.201025029346098
0.0979736135099294
-0.0477639961369675
0.116939720208915
0.155776491176942
0.203255702746376
0.130798719568801
0.0415872844801288
0.151908233115262
-0.0173117949822114
0.194838869385239
0.121009157341878
0.11315977337374
0.0423681819435245
0.085274517181377
0.0214190892857937
0.104320849761772
0.11699481944936
0.118130407650335
-0.0784928888585946
-0.039199284785008
0.0963874242210307
-0.00231745938020586
0.0639015827611961
0.0346554317518057
0.280427466359117
0.217895359924735
0.233928340928916
0.263026645838865
0.118196498989715
0.0534893398057645
0.194926339929938
0.155232855067022
0.104378717709573
0.0457734708256529
0.241432136529411
0.0406843564131076
0.293395744135932
0.173053523685336
0.23801711748152
0.262394928780186
0.242564249150319
0.127311166173993
0.28033380835357
0.243079722366201
0.165943175342445
0.321940859117483
0.0747861855808897
0.229956316919244
0.0831820933964108
0.111989977467095
0.0830125689583604
0.324045382727295
0.307342656935611
0.29005668943482
0.18277570122666
0.163778957487276
0.248173931223398
0.0753904532487641
0.284415830426322
0.210933342989014
0.312028115623936
0.170393975771337
0.0442830506444216
0.33105927824706
0.156359074165277
0.285611804798365
0.339466261731822
0.0845111943856527
0.242413791452203
0.228372936974663
0.0195750518171539
0.125563761757594
0.447138819485172
0.349479855103409
0.208832814250098
0.162756066195173
0.232475415958164
0.38609612508345
0.30338535196936
0.126135903366047
0.120602185291226
0.162851746842546
0.382610610286134
0.24270934891144
0.359390968107201
0.163046915184554
0.232038878777336
0.190145771895451
0.268555861332505
0.142570816016649
0.334373241477746
0.40496179971013
0.381766668736829
0.155380239962513
0.305962892513983
0.333594772523982
0.391329617015516
0.267573369290651
0.251074291822371
0.356168571228614
0.270441145825171
0.312054447807377
0.244209585358155
0.194503838434499
0.468451662998831
0.374783428586761
0.251711781657575
0.292553374184075
0.327198119479626
0.308525405145347
0.378475533293842
0.260802602976695
0.39511211494707
0.418945469385846
0.40129689334039
0.315297427096721
0.427070639375535
0.433667926564457
0.196802420136598
0.285626843797015
0.376510468993924
0.291109614447594
0.112587998730393
0.323166246462689
0.300312262467312
0.330371140554731
0.23604047004242
0.397615431312162
0.287799594572913
0.309283825360089
0.445258041395018
0.373082183983464
0.164138298161677
0.331702634640163
0.429201581643588
0.360314179396667
0.405319403104697
0.327720598366836
0.343519737509499
0.287747286787938
0.315810728056761
0.33648799939422
0.50490662206899
0.391776977074971
0.406554603221414
0.316245076716648
0.397289159221408
0.268356364591292
0.339728044105559
0.234298292284139
0.280654489631041
0.358671681096582
0.366830122285446
0.306747105823171
0.258736083474929
0.547168966125039
0.326504158509035
0.272962931719339
0.396556593427814
0.296945006245625
0.239659244717462
0.55545824454074
0.523020098320608
0.475715604190835
0.486355742433012
0.393880737568501
0.290642831442462
0.427197358530227
0.502893574253232
0.392406886070674
0.439818831744965
0.434299352698673
0.323267158944266
0.361535005279922
0.533010919913134
0.419542387838451
0.383380964067313
0.391512074114438
0.409980054451848
0.437203114295369
0.511205277329789
0.362786872915769
0.55523734189982
0.510724442380375
0.493240595681858
0.447299615227732
0.530160548448096
0.484079759614853
0.438506625892919
0.469403347186283
0.363160650660337
0.43649816867717
0.517805179819733
0.47486723650361
0.502958296072753
0.540617690243657
0.479964347993606
0.478720640252143
0.495709779563547
0.439248684223265
0.503096813815544
0.477758423733294
0.484782948382158
0.530508209656859
0.65167183322944
0.591433805751218
0.510472511626045
0.492674930163108
0.515934760648347
0.56983212152468
0.531321604308346
0.551894587488395
0.524799556481927
0.611376632976484
0.538377372505482
0.547376853136535
0.509145621374578
0.557173506879095
0.446685432441992
0.514164861719125
0.652357187458323
0.429424739964286
0.5027814826856
0.510502816281683
0.612877730398084
0.58562959438882
0.603154470236755
0.59936491996954
0.623287197755591
0.498670189445211
0.614182629801171
0.592359872736671
0.665328503316715
0.433757082461148
0.564758042657359
0.830109072235652
0.528890293495136
0.64011218163963
0.621899212140607
0.75478031142219
0.523237460879798
0.575466484113907
0.601814083317674
0.560169136373714
0.612585421746636
0.652779745896148
0.584096498075699
0.681823121236742
0.621436382868756
0.654538295302987
0.667062370135682
0.642705722679108
0.467377124578926
0.493918348986742
0.554014091778066
0.568942616835965
0.68326284574061
0.560663499154684
0.703349891400893
0.577471695866343
0.460046521302187
0.705648835334018
0.638633990372795
0.606376576969639
0.583860155530751
0.617468311717101
0.541228697690867
0.427279033773601
0.582464427353997
0.593490122291867
0.496251515678433
0.593187331430659
0.61692832972305
0.571864660844465
0.550491441988803
0.62809679709091
0.701390612311578
0.671521146894346
0.543917660999797
0.505007107525255
0.729284008740343
0.661942932854713
0.527714145399039
0.465694816574291
0.704045020090473
0.488399753246868
0.795537319015129
0.58309187774148
0.727500264837319
0.804225440178493
0.733298490493667
0.618209056185755
0.734266866563043
0.735076974829848
0.723910967169293
0.743920546262264
0.739065557432966
0.616278887487822
0.641398478975437
0.551610117060086
0.670083652646023
0.518779999821646
0.744982366353093
0.68698808892202
0.715290512189999
0.605917874891918
0.565126145198457
0.689520144143021
0.72566027038283
0.708004484176594
0.670737648739364
0.5380166527217
0.701022122861249
0.674143014919744
0.721009050600196
0.773848586407506
0.707606924787481
0.792065164652986
0.801869159196882
0.783438555769828
0.824740236508734
0.694266422939996
0.733321850411197
0.863808240477144
0.792406879164567
0.762606028428512
0.658398372397969
0.685481188818395
0.705598019646765
0.859450458795795
0.814008928386197
0.850814027971134
0.867536459661191
0.752786172897942
0.740275722345975
0.796513092990377
0.641914344679994
0.798054940303547
0.823995003685161
0.799054744904274
0.808956979959904
0.826686070413945
0.67747148912224
0.763862885528075
0.906520774171685
0.600037137452016
0.629736128824248
0.653705283229024
0.899581609552292
0.87065653705946
0.876160978415763
0.77365239656623
0.868250927943855
0.743092810425901
0.726899989005714
0.872087115145011
0.669284234978508
0.622309466599591
0.841446810805721
0.817955687912583
0.817840346852952
0.762422309759021
0.856236210182414
0.898235565520942
0.857071411164811
0.736364719467509
0.726068211005368
0.856818417050349
0.918525088956226
0.868860339329747
0.758726652879785
0.842795347842271
0.888092918234285
0.734271544932095
0.809726799243206
0.706513110971194
0.899348655677217
0.850322543112567
0.976554925661356
0.705903914067613
0.864881089308343
0.803556823339424
0.889575736333819
0.688624317989272
0.922695582780023
0.892257403911752
0.755168684285782
1.13378678603896
0.786979201445189
0.925547516469048
0.995577815535002
0.892138421357999
0.879211318304674
0.850470953704183
0.890922820654587
0.844273193500271
0.882691250270664
0.894655762856231
0.924643522822316
0.796084725558097
0.71796690697143
0.9576517271605
0.737795146398007
1.10087957815152
0.969455217965264
0.857525542307314
0.79481058787854
0.875892160957447
1.03948659690338
0.853773393973632
0.865651546377778
0.939560730664379
0.791282515160491
0.777803516440566
0.953263633275296
0.777897481377161
0.937712248974841
0.950764692625415
1.00998183279254
0.952511758239982
0.954712624934284
0.984239329187823
0.946940175367203
0.827342433633056
0.970123455762044
0.815286796609609
0.985410767139004
0.824641029423438
1.02635906615755
1.11135961304131
1.01394734021872
0.852916532874444
0.740734152928408
0.919662614363474
0.99940505120039
1.00289638285363
1.0494613180259
1.02746458881248
0.961673948498758
0.989549359765196
0.862989221648691
1.0258060151169
1.13575435020081
0.997988107422078
0.991673531890368
1.02348911476815
1.07553605523785
1.09236818251392
1.02975778434167
0.995260206049202
1.10677433059674
0.925863630543309
1.0639294828617
