-0.861179267150847
-0.963529205324481
-1.03251672981111
-0.930029795059039
-0.812773353276006
-1.01252325885622
-0.919004000468092
-0.967182248578607
-0.965025835472093
-1.13644450796988
-1.02673956767168
-1.14559468146693
-1.06287959712694
-0.952834125790669
-0.882794276687555
-0.989503149764646
-0.944152210328722
-0.898799756991395
-0.934708635666083
-0.838751009914076
-0.84874266081236
-0.956045441569719
-0.900232312065946
-0.893966816322818
-0.92904785671604
-1.06825376938081
-0.965499816805624
-0.874440595339222
-1.03756160415222
-0.895404236466708
-0.891345605357729
-0.874261828886377
-0.88770689568131
-1.00844774836945
-0.776746341850012
-0.945260187663787
-0.844810896843701
-0.935174524428229
-1.07718749214253
-0.78683747116524
-0.745864691716857
-0.773277909515341
-0.883082857387642
-0.947453185470127
-0.918812032800836
-0.831304994016043
-0.899642001821557
-0.869304297424881
-0.83114746350958
-0.948276277179326
-0.977450528620291
-0.944769137219584
-0.904736696995202
-0.923474518366331
-0.835418545743031
-0.939772897357401
-1.08383951885709
-0.952707491260377
-1.05785109547709
-1.0001794476681
-0.79109058119029
-0.877131483723274
-0.893368321491922
-0.873425117620898
-0.737824708062934
-0.931792819684236
-0.799630469396463
-0.846516328363799
-0.776110803606873
-0.912499079138253
-0.76246111255769
-0.824509687704935
-0.760079981624962
-0.870154414815149
-0.822760646619826
-0.822721029037237
-0.984854482684564
-0.866775471016572
-0.840103237782187
-0.81227396436089
-0.812644223603152
-0.765820937737931
-0.891690246725636
-0.732816140788413
-0.858661222143011
-0.936026418700171
-0.744911955166279
-0.860835869060195
-0.774892565436505
-0.815910933012169
-0.896274124929435
-0.633810742846433
-0.793225428974132
-1.04760222666142
-0.840239802186627
-0.612799827428616
-0.815823802910798
-0.941321514856404
-0.757452786449343
-0.776703549524874
-0.747891488867731
-0.738898172232088
-0.825483177895035
-0.874853225580213
-0.644774241181659
-0.78926861836065
-0.813432150042427
-0.847540252240062
-0.792898304872073
-0.892912372683709
-0.759703325086784
-0.738305271749132
-0.754084987219168
-0.688689558363573
-0.86012612322168
-0.727367067840731
-0.74503599383608
-0.849907178585922
-0.725277118768954
-0.833857536182205
-0.918716615637208
-0.75739793965664
-0.643365127987603
-0.612634080404557
-0.556016005619109
-0.667977076971896
-0.798268965267676
-0.750323045877447
-0.837004583859881
-0.621565292648612
-0.644462846285966
-0.715203421855134
-0.742066895823154
-0.77015039614694
-0.796769465602362
-0.753888051303573
-0.714308357246701
-0.568264420063814
-0.727950289204283
-0.60407205734252
-0.689852047499268
-0.789886356047997
-0.65852653249535
-0.903267701604236
-0.736343847083873
-0.62025594524407
-0.612175704807742
-0.702648095658725
-0.753490219020812
-0.554763297066649
-0.64851520915959
-0.70135733577461
-0.645650273811936
-0.666349365226809
-0.653180217215104
-0.735787304883751
-0.673087012893142
-0.860553030583805
-0.679843244421641
-0.846754307561433
-0.669388098592944
-0.572342866273695
-0.671045296635041
-0.747791538015057
-0.770547899515145
-0.74612003990292
-0.731611982299266
-0.677116827659395
-0.620007137025548
-0.657559762245477
-0.748860781269022
-0.721250441136396
-0.614034531389677
-0.673710327523047
-0.558463484431567
-0.474795908935461
-0.64149339409465
-0.629537999794178
-0.597816915249607
-0.670806928880281
-0.840070646104209
-0.6859945204711
-0.682608857656343
-0.812965398584996
-0.697356088855726
-0.732527801475689
-0.652884452702662
-0.667106363197587
-0.647842339878674
-0.521836782641627
-0.660768902867176
-0.606725142630266
-0.619380593793644
-0.674133693184718
-0.610556041701322
-0.597628619449422
-0.444539037873972
-0.677403448033511
-0.669929790077394
-0.630515963297472
-0.543999348982895
-0.537189823576051
-0.433946402825754
-0.589326592548666
-0.554785581921353
-0.407552925761072
-0.538787220946281
-0.496324631516593
-0.479614079608743
-0.563427761009345
-0.570724594757761
-0.452148296700366
-0.589457758416042
-0.489422737443577
-0.411109053252979
-0.521311744493201
-0.5962419958023
-0.391454567354746
-0.746834707987059
-0.447261638707323
-0.508192341883727
-0.450841906498927
-0.659719126942236
-0.664076449482076
-0.581094168566622
-0.610883494321231
-0.549005125632886
-0.514570488394636
-0.468926050756508
-0.521210272128183
-0.508913088546025
-0.614062377503831
-0.432530027158694
-0.488317394266601
-0.544758749724962
-0.495656344190562
-0.542001656125955
-0.501342218151784
-0.615384784506589
-0.482341753599407
-0.527036070637995
-0.648522221225183
-0.402069138115319
-0.651813048192484
-0.58628678680322
-0.580956837236954
-0.440110314789862
-0.488458427171682
-0.440188047256759
-0.540677641788863
-0.305630819985333
-0.455458375116131
-0.429876061840448
-0.52094929149393
-0.52731072385602
-0.48953728255438
-0.523611953573574
-0.635491236947879
-0.500574862106012
-0.489004020909416
-0.571366836705888
-0.527523730073479
-0.367553842784335
-0.500869059653924
-0.544330707050446
-0.341472035334827
-0.439484650786935
-0.395272557537217
-0.572431747700668
-0.435636597521541
-0.404805177483973
-0.541709307217535
-0.57182751053728
-0.571708653809371
-0.408198544826529
-0.399958475037604
-0.313989951295803
-0.381172448557648
-0.619415874793128
-0.35160865705931
-0.460290004680023
-0.604977614015852
-0.446853795068466
-0.486440643731649
-0.487164504516853
-0.432920974929173
-0.417949318404302
-0.468169694870632
-0.418647985479284
-0.471319768447656
-0.530174213596162
-0.445003168538313
-0.339189874082973
-0.391294280749455
-0.456674575052734
-0.316868454764155
-0.244741481938183
-0.363625947260096
-0.30675115258932
-0.458939408885737
-0.511983921548342
-0.294219336401576
-0.379375030040829
-0.400106556715134
-0.305953871361586
-0.265229255473877
-0.311481036206313
-0.377139724759488
-0.347591769636767
-0.292675246738688
-0.391486858908442
-0.256862745761897
-0.487823790383873
-0.254512904779668
-0.335684310648311
-0.424055818388369
-0.382245677158218
-0.490727705619216
-0.270142446097259
-0.280405451375863
-0.361691990832292
-0.346021003793603
-0.388522462806849
-0.299226329098311
-0.378334140177104
-0.226528732092919
-0.311943897689029
-0.355001162290828
-0.372676143099425
-0.38392338462507
-0.386604929453664
-0.300743593558055
-0.208633745189038
-0.398973547508918
-0.416029557970464
-0.176676629956913
-0.26000686711561
-0.366904568520824
-0.306286511395491
-0.232494360746825
-0.350312186225857
-0.269422857356112
-0.230779225066118
-0.30239966410644
-0.436075139556489
-0.305693833372164
-0.281289510192771
-0.244518748377612
-0.28179668198289
-0.349435464163567
-0.293074673657659
-0.358084030811004
-0.328615095194833
-0.226256987400907
-0.436424245779478
-0.202703696558239
-0.183739315232445
-0.306908674904898
-0.23145989584184
-0.340617890711285
-0.277425107852174
-0.343520493908781
-0.270138020343695
-0.134618289548187
-0.314732562350976
-0.4846493144034
-0.39868335718405
-0.271908741847375
-0.152417333648412
-0.307057401228822
-0.159945843497027
-0.276237823669836
-0.372745711273372
-0.299576029127666
-0.239791418805808
-0.375947403615651
-0.148039420576962
-0.326918204828241
-0.271808853316217
-0.358355596130747
-0.242802010260634
-0.273252402306104
-0.375326190672204
-0.298808805491435
-0.124633867153937
-0.229906072112709
-0.277506217974324
-0.183316393663447
-0.316383440432162
-0.243540467602729
-0.220604142079131
-0.185065960758944
-0.112685261994338
-0.114277981165777
-0.251313231395793
-0.303055106040197
-0.332287725240982
-0.245155180007523
-0.136817475810429
-0.181423196105284
-0.130958262669966
-0.27971858159448
-0.160089287855916
-0.111360078876525
-0.220115689366339
-0.113674945782416
-0.0857688045846282
-0.202447835013197
-0.346110056620201
-0.093735277341888
-0.109316833865532
-0.113239017901756
-0.229360821260513
-0.343135262823254
-0.0710719829228934
-0.13655003299626
-0.21995860335229
-0.0163277369664701
-0.324196064825096
-0.125217359899595
-0.0230050054053456
-0.218647409867552
-0.148808057642321
-0.0795377359072377
-0.217959789498754
-0.155967583427007
-0.110262871551244
-0.190171817102239
0.0348438433013915
-0.189376956922731
-0.201523309992619
-0.0262449824660897
-0.189161532325073
-0.177262876157575
-0.188828516465185
-0.0782811604581878
-0.0526635890069092
-0.144386467228352
-0.195579765998929
-0.11277952409807
-0.143728155318059
-0.0773288938381325
-0.104380448656283
0.0242838996197145
0.0218020040348569
-0.218564546143434
-0.049233002023473
-0.166469114122181
-0.206281776298357
-0.0910369828514831
-0.294005982161594
-0.0769310203588747
-0.0400126593336846
-0.161535588634475
-0.166539269979153
-0.00525541837610551
-0.00472573164415581
-0.11599158440078
-0.0723395940690998
-0.157367495966234
-0.001679376630912
0.0182867403847506
-0.0955482280288484
-0.0245849141184255
-0.155460432460185
-0.0735070848730218
-0.0718966998067685
-0.0442635355620643
0.160279561402973
-0.063442426627031
-0.063215292170512
-0.100476646107837
-0.114880980203111
-0.0291779658053763
-0.00324745976877721
-0.130488665076449
-0.0719403662782229
0.0457506126515151
-0.123117155421439
-0.0106979236866613
-0.111223609198894
-0.0547099933269042
-0.00369080656785496
-0.200761344847739
-0.0962201810799492
-0.089783885569396
0.0087436374379137
0.0523943193870639
-0.0159495451896439
-0.0952885525329142
-0.0446743960823241
0.136046549723224
0.0468592213786462
-0.106495903930771
-0.00954475254560177
-0.0262792012690322
-0.11701448909474
-0.0238802776775258
-0.138850832610602
-0.0902680738847304
0.0407347327090567
-0.0410277766498683
0.0346627806429313
-0.0477783015517098
-0.0164756836364586
-0.0336236533449928
0.149943559449747
0.0264472275256313
-0.0591433784734547
0.0998684919713013
0.118592817411468
0.111909711580255
0.0730150053419031
0.00521803142634726
0.211142116104879
0.0223346681252667
-0.0149437708736593
0.0117398321928721
0.0878080796101066
0.117981375828552
-0.120757099267998
0.084942389318761
0.0260353517916467
0.0501580031013878
0.040888527946429
0.0334790301390701
-0.0371923622016942
0.0928265046152401
0.0988573962854161
0.0914364725778665
0.046123078734135
0.167738889873688
0.156831955227228
-0.0625839158940155
0.000348263761735317
0.0544998567525062
0.273716853961298
0.0822413410812685
-0.00893061458364217
0.0487891606888158
0.13074147975876
0.126274991738074
0.118339201722484
0.0266000142709352
0.0712034338404173
-0.00737738230494304
-0.0493867910423003
-0.0483215151988329
0.0238681471856627
0.0191181548514292
0.125642505921668
0.162860132967568
0.146126594994608
0.219125146183535
0.184436891940085
0.117272788422331
0.119161854622438
0.150992438731603
0.344398705734979
0.0546556503883604
0.136293915404063
0.199671115030263
0.288513579743525
0.117810387673601
0.275915809051906
0.10639282518493
0.156996487651802
0.26070788954258
0.112452488826734
0.0076339721843345
0.203547121219711
0.243084332716102
0.202108909651212
0.0633049033925915
0.191583247085358
0.133710690391704
0.0112607303181743
0.0814284884037413
0.1884625293166
0.0817084408817909
0.052120505861962
0.154193533149129
0.113001934146461
0.295394282491573
0.106198858195753
0.0580539455439478
0.0908623839414915
0.131538572367151
0.0596979159317899
0.329074070006028
0.0402875401856229
0.184874722040848
0.174156796176416
0.187197282786349
0.279533446181355
0.320177526977294
0.182641102089002
0.122588863192585
0.218285876921013
0.162815350622448
0.322785958260543
0.187004608980771
0.266287459370567
0.18960956659203
0.122536183804673
0.161713389847257
0.231098071085009
0.247516795993657
-0.0111609966696466
0.269385413185086
0.231908509218522
0.193547075137882
0.0689914909877087
0.139557761415855
0.153248852405159
0.113200503303506
-0.0548395889763682
0.396378854414761
0.0719123242854402
0.253217756715743
0.29709482494167
0.281630608007574
0.19565365476003
0.212927696748272
0.260227027632163
0.224427053962518
0.254235039082325
0.129122170061994
0.271954882267706
0.28627508426917
0.260232446460523
0.230169373348604
0.318450583314897
0.249487740455605
0.254447245845433
0.15361227875078
0.287733534325122
0.208977627073014
0.294485499846365
0.321661844783626
0.244732196544015
0.302517377921276
0.103601156052383
0.335423128514091
0.35418551878272
0.353793590247815
0.265500913725437
0.313093175949028
0.436009524457714
0.286691032322838
0.272533426174111
0.435928099924474
0.276874154334173
0.317072202432949
0.353236190493617
0.33467931675121
0.357776880469795
0.255162282911617
0.381140563825493
0.193105579516053
0.434709699479534
0.472445436508475
0.3875854106156
0.418477613638947
0.411591449930226
0.40688090807245
0.368952146995626
0.317931121754633
0.367406871966028
0.265862374724552
0.459614768759123
0.282611711908323
0.304987103410404
0.161812368837795
0.304219401495166
0.254880613836345
0.327452918499978
0.344703367149839
0.39189201377126
0.354406896616055
0.375323686433208
0.324688552862878
0.354153243745073
0.377140214327067
0.42348157398109
0.454033642461325
0.100973575648344
0.228754203444661
0.425522120752137
0.516326566175691
0.453855650849169
0.385528360896338
0.294723035996546
0.284711536859048
0.238990911964196
0.483934813876763
0.360800869037224
0.563098424809348
0.486167577917412
0.304157584586439
0.475273728954632
0.362792681228288
0.3860567955473
0.369045784112001
0.426953475241769
0.258286813496088
0.318211315211467
0.417820211578901
0.455568524321432
0.461401652486264
0.455208991975045
0.404390482336804
0.529174808486426
0.389802861063213
0.38912950054212
0.514531549682951
0.45406019625929
0.575005919260427
0.540388856174576
0.379146120198825
0.603774597600613
0.365827945776941
0.620110637519008
0.517378312897294
0.516594605052261
0.424026213174447
0.447951614341347
0.426613159622997
0.394329675727057
0.601798507422098
0.488820439062657
0.320422353179076
0.386804775593546
0.314594795985115
0.392291588466142
0.444780007754543
0.48836532970428
0.416317257451744
0.521192099417441
0.366825574300174
0.560130128227729
0.459064790167737
0.493620488741973
0.360815070347231
0.400164694253964
0.537532167405758
0.539156966592208
0.415766951560682
0.379184773351562
0.486274764796901
0.522563864107308
0.534189520451772
0.541397654077068
0.383118912975671
0.462610832194305
0.522967610787737
0.566773706441345
0.497508488618596
0.539319819578696
0.614766391590273
0.401656772952907
0.60141685850333
0.586280990917657
0.448474900320408
0.563209682954593
0.683636869185568
0.445322591034415
0.501128041506113
0.413898898272589
0.558925480188883
0.545343316909856
0.63290304178341
0.485928363795288
0.66307639997761
0.517645736234659
0.413545777598889
0.547002174242178
0.540764430140327
0.583309568752414
0.541002354663599
0.561727491159028
0.63898636909762
0.535387414278721
0.511982540119214
0.525469671856787
0.673335725158453
0.604639256796313
0.589021378636086
0.616474051982463
0.554134909769667
0.592390043247851
0.552621497349205
0.535792340357131
0.576918514435429
0.705979550011758
0.547008977027409
0.686263587056835
0.503314692994044
0.552102920930095
0.501369171349095
0.662265604452988
0.631321268293009
0.452845231081426
0.728651053130506
0.788142284341885
0.748534944678487
0.643714321523031
0.567661770012663
0.688875150455637
0.678815679107761
0.478201990795508
0.662891408354939
0.6226389459898
0.668879426767969
0.696493008253702
0.520071487778951
0.671430705123694
0.542643312078444
0.607149472797958
0.715382148900627
0.680688586591078
0.733835766690291
0.550335558745924
0.571461923466134
0.705431074475345
0.529973970282959
0.65220420746115
0.75014699303495
0.674212688290156
0.607879486370106
0.745511333832053
0.777886621189862
0.735776651673151
0.659330662655235
0.72459354641676
0.742671160438653
0.508084464512835
0.810737003338159
0.62601214652474
0.839211852474464
0.655325993098079
0.803316837764143
0.659840146041969
0.669888493598227
0.682135761923032
0.647930638988864
0.680223259453595
0.680491908242673
0.814301028531111
0.671411903462931
0.636782504475183
0.661520816492201
0.763808945058681
0.618504873202808
0.596594770385026
0.880067008007708
0.661099260877592
0.692174629680055
0.767216184106588
0.855281304218555
0.55833220894597
0.632110901609939
0.566051081113144
0.844216043420486
0.590821399951521
0.706020436599771
0.638886809658154
0.758715099808268
0.774868721180484
0.848937109002592
0.649027608088766
0.671002283926935
0.710809926528314
0.8761535983574
0.756315244200223
0.686663192310496
0.760953726863449
0.814216241503483
0.662768933106068
0.654663225156816
0.803836008939845
0.752644098107872
0.753445920098672
0.737692269678841
0.788337098461207
0.853083058288356
0.805512633370726
0.619959735221951
0.669047206195546
0.70632288066696
0.682495164876121
0.729425896510083
0.850913465100724
0.681423783427663
0.968681621096708
0.712510273561752
0.68756392560132
0.830512977879028
0.787100364835748
0.764375904522087
0.834559556568638
0.744902014181307
0.906847780856917
0.85659313635355
0.723817546667952
0.799416209587855
0.879736649448234
0.73359880078399
0.921386780779786
0.786831758019777
0.934508373525749
0.817872956366664
0.794272773362303
0.799960954709568
0.692560531516804
0.808457112075229
0.759878289420198
0.817926026934636
0.756761315853201
0.909076439964761
1.00164663335512
0.887921630622229
0.792185702823128
0.882193796320028
0.822828514935829
0.804280704774051
0.763775166625375
0.785406996883837
1.04599571562882
0.833596119327053
0.723145543122781
0.945705712709875
0.883375068640664
0.914650451481402
0.826469593374854
0.922236578811698
0.898192651033601
0.879997775455334
0.820434968675586
0.720798587645586
0.935042558425101
0.962615032448784
0.997815224257292
0.966879667067182
0.860053853634614
0.847873933502713
1.01484532230279
0.854875195520768
0.872670238656213
0.805493582728868
0.900061554625204
0.699401902588137
0.809750720087609
0.936045158301757
0.817575306262946
0.900746833320952
0.796423317368426
0.933080657444137
0.991046504635882
0.935153293885247
0.943906859457596
1.010576413012
0.921343150231388
0.794194273803469
0.999108739080619
1.0676539690901
1.02705644723778
0.819719165313497
1.00548106320248
0.989051211278989
0.818217031208635
0.830410695261993
1.03179633002894
0.932137712809964
0.968988668909626
0.991896041045211
1.0559037616885
0.902253203021865
1.13211669645244
0.816700840876779
0.973300410610643
1.00084401508973
0.966856246646319
1.15121727666686
0.855070802929306
0.904071901029089
1.03750305010317
1.01455660458426
0.90178935295701
0.978564525014381
0.938665543372826
0.945831618343736
0.99983826808815
0.903366381076386
0.887839999283275
1.05756640657889
0.943777896957083
0.931993913458295
1.09859733413941
1.01111398267394
