-0.846077284061172
-0.96879623560239
-1.02925614072561
-0.931515055687661
-0.79976334465776
-1.00714435766289
-0.91242614550991
-0.993760424028952
-0.965761348635352
-1.15415650607705
-1.01512883174957
-1.12560398095129
-1.07725673172721
-0.954193518166916
-0.865528092666879
-1.00029555668778
-0.970710367943719
-0.901466912020094
-0.934888518984523
-0.844676333338533
-0.871118673159442
-0.952185013690092
-0.905734787894518
-0.904049813185822
-0.915610907036446
-1.0586681003416
-0.985264584108699
-0.884776644695469
-1.02397210331771
-0.898844663045169
-0.885227336257341
-0.888060725427449
-0.896687682600953
-1.01290907656941
-0.788249074870129
-0.939672702693745
-0.859356071559701
-0.951101862048426
-1.06662911012631
-0.783231677474031
-0.737788112708305
-0.787423739690182
-0.866250236709007
-0.948056713975911
-0.949340313975117
-0.862475617953103
-0.884026760375559
-0.888690477628908
-0.837222832926572
-0.947474142044811
-0.969464940328402
-0.940877558179811
-0.860631432000805
-0.905924293835726
-0.84627447334292
-0.936763111255787
-1.06512849720711
-0.9357387568817
-1.08558373522014
-1.00972763889641
-0.778088219445118
-0.849361229902179
-0.892147374438963
-0.904125664971712
-0.754960899245096
-0.913789712408934
-0.821637581430881
-0.844042755391161
-0.753183056802019
-0.917028579787403
-0.759207991722039
-0.836554614536936
-0.768255611786278
-0.871002533837723
-0.81525166972015
-0.819450031386445
-0.994916510706468
-0.89050215676213
-0.832677041555375
-0.818001807786751
-0.794506661465399
-0.774901803115875
-0.888020848809307
-0.73884583931137
-0.855949173710832
-0.96023080814583
-0.749495422703564
-0.85564313560714
-0.777024486216601
-0.82760068427338
-0.897210903150128
-0.644799592537521
-0.779179226536455
-1.04705052631867
-0.83557689380965
-0.617862473517946
-0.810574770323136
-0.945514732269572
-0.779433900068603
-0.793280402296999
-0.750140034849718
-0.713448616642265
-0.830430025484027
-0.870743575863561
-0.655323934660498
-0.763111786289157
-0.823783149740815
-0.859234837806545
-0.807853508500402
-0.88715489808644
-0.769528972816062
-0.730706409593491
-0.737134900991506
-0.664931675414746
-0.862048710971607
-0.732073555413355
-0.762884942350912
-0.851515416338852
-0.721426081783363
-0.843226611024941
-0.918441918342323
-0.733241236346246
-0.640839884503221
-0.620132290124952
-0.589208497604548
-0.654422364734368
-0.807741239982736
-0.74264219189626
-0.845441039653882
-0.611540867627695
-0.642445168606109
-0.725262712805138
-0.746908436320337
-0.759695266830985
-0.772375184917247
-0.791613330464711
-0.730572406253943
-0.575881019706899
-0.716980700964337
-0.624877967627854
-0.675776543936831
-0.789776042340554
-0.660960674627503
-0.901773207626365
-0.735741454567493
-0.599259252495612
-0.618863586182261
-0.700772828493664
-0.751570716246739
-0.542493258581067
-0.621296859083191
-0.706446640909495
-0.632226360725142
-0.661830914043447
-0.64795441316004
-0.763379624609303
-0.659881512004498
-0.85942068031758
-0.680792911126946
-0.838175966377105
-0.654565279363314
-0.555358625710642
-0.665818720978332
-0.74422111696027
-0.787258853569122
-0.744294700488175
-0.725603262614965
-0.66705881178221
-0.604347368631989
-0.668727543998748
-0.765654662489278
-0.719945353276299
-0.613852983526789
-0.668593490695104
-0.546227512913394
-0.467426665130778
-0.641571861593356
-0.651503945333796
-0.614642320885264
-0.671195768522792
-0.864844400672358
-0.692761378971462
-0.700085847821737
-0.826994891449177
-0.68633424374121
-0.709775443348043
-0.633339681597706
-0.662997933337473
-0.651142772797211
-0.537233309907344
-0.675058502116629
-0.651603388410476
-0.619140248882569
-0.709634896806951
-0.60843953139316
-0.582981029793819
-0.426508225566642
-0.686859113652813
-0.65553116957103
-0.649365578442645
-0.521246337673515
-0.537112338573983
-0.43378237095481
-0.602959666562695
-0.562043559537637
-0.39667287030436
-0.546374689909193
-0.516489795510851
-0.48225248340364
-0.567281934435913
-0.569119419005903
-0.453831774212743
-0.585547543519932
-0.48456270605465
-0.42423335899625
-0.522525154738526
-0.588668500808188
-0.426451576856517
-0.729045776454098
-0.430440504659919
-0.526270403338969
-0.435763819424509
-0.652659058205311
-0.634005316295937
-0.596028530285145
-0.610047708516333
-0.542498166092329
-0.540143875547208
-0.461386566629538
-0.539717821484775
-0.527784186367831
-0.63255337665119
-0.436555264259146
-0.490306847257814
-0.549327343533815
-0.51185065571586
-0.55399644589175
-0.517559622044244
-0.629817764797089
-0.48010040687971
-0.531102599696752
-0.652973592311608
-0.419307510110198
-0.661291466841886
-0.584144093053814
-0.567508738254899
-0.444407271432733
-0.510010540198298
-0.430745195514289
-0.562283213999986
-0.322349053523101
-0.472240396244949
-0.4115780758595
-0.513748051867462
-0.512291769208265
-0.493282746521225
-0.540502885401957
-0.658698342889401
-0.502715804106526
-0.479255543002823
-0.564613049922097
-0.520579206048477
-0.364524025809801
-0.528151313243017
-0.535927297504996
-0.347419125714888
-0.447578647750594
-0.390810493788436
-0.564149835537171
-0.438839405419836
-0.412358521989406
-0.524814142345172
-0.550660899765266
-0.579282649784067
-0.427403758077819
-0.381869876851049
-0.323235003092342
-0.377768154982215
-0.599018099787509
-0.343807054217556
-0.460038969412698
-0.61064602259608
-0.426763352099096
-0.484073085791602
-0.479415811103277
-0.446263031258053
-0.430452214034582
-0.468854602062275
-0.419527487887818
-0.475717246761872
-0.532012249637343
-0.442386638805904
-0.344945513114652
-0.385996055002203
-0.459167980674742
-0.310691039291156
-0.228967234075724
-0.368293569769011
-0.317028217677928
-0.471071420225817
-0.507338667772217
-0.300127517641901
-0.394443957010191
-0.405108696658584
-0.312439225631719
-0.283243155229374
-0.31692811663801
-0.359582659964338
-0.346499630270385
-0.280599374939987
-0.415976127148547
-0.249330861773918
-0.476737554676971
-0.277781037959504
-0.337636458032419
-0.428158737954531
-0.37397206450404
-0.461766887811529
-0.266506885521672
-0.269112824665304
-0.35450988787482
-0.354634142228482
-0.389486889064427
-0.289176177448504
-0.386395737717419
-0.231715187136309
-0.304481817567054
-0.337406939924952
-0.399934829831018
-0.385789576456267
-0.401943649308636
-0.27321851750544
-0.238680047529746
-0.385905346756147
-0.429507390838859
-0.189847363513433
-0.244020170243522
-0.356744042009998
-0.311382752352987
-0.235965823509897
-0.343796231744844
-0.288578764646248
-0.242129136580229
-0.291622746872862
-0.426644468382076
-0.279853587027572
-0.283568185754673
-0.23809336664364
-0.288391006072965
-0.359549655797787
-0.292798824410689
-0.364457970371976
-0.31787953418931
-0.223844946107082
-0.446210358582303
-0.220254605855783
-0.186904922663086
-0.295997335253921
-0.242637495989336
-0.337518381036811
-0.259320908411301
-0.336017665689498
-0.262196866848747
-0.164975136464943
-0.292424430754363
-0.501308977330787
-0.417974143441696
-0.274502522531514
-0.178779180144796
-0.310900564142723
-0.152800129377843
-0.279988254636165
-0.396185463514282
-0.29217022863598
-0.25735743787122
-0.364535862396852
-0.138152309176396
-0.325073548470164
-0.243975609146761
-0.367921418864345
-0.243314271940202
-0.273154712533036
-0.3510406486649
-0.307537448281392
-0.123078437641297
-0.230695955594328
-0.282664389412573
-0.195407692425093
-0.323920724927577
-0.243171900851114
-0.245938211976835
-0.167007603800614
-0.112721061678482
-0.119539457651777
-0.239789800042861
-0.292267755611859
-0.308094763970763
-0.231284859314026
-0.134195418428028
-0.189578905433873
-0.168051741880699
-0.257963046273228
-0.144130903930184
-0.130342818641347
-0.183382623025097
-0.127485889417686
-0.0853729390286228
-0.198692677663741
-0.34874420368898
-0.090150755536055
-0.09906673868436
-0.117496217431152
-0.232051787585125
-0.323249367567244
-0.0787221852012308
-0.141747883263258
-0.227091679306924
-0.0165403241809698
-0.331934747794058
-0.134296675543286
-0.0416887998168567
-0.19823318782269
-0.135272425928949
-0.104708075881193
-0.183773150641557
-0.146320345604022
-0.0915979339766154
-0.210141758079474
0.0475129150916251
-0.20988082546547
-0.219256518095516
-0.00921207887122136
-0.200030080760782
-0.17055024699696
-0.181438062976041
-0.0797230912455267
-0.0779648981535476
-0.12464220404593
-0.189148658376981
-0.140152741289866
-0.152763187974994
-0.0750349832406973
-0.0787285652523293
0.0229947438690486
0.0274566002001209
-0.233615300471596
-0.0596207653339982
-0.184075790702666
-0.205630208567293
-0.0809522373832871
-0.306576886512891
-0.0723277892862369
-0.0457265196266936
-0.171829322290839
-0.167939766120263
-0.0356243992353644
-0.00943919645009372
-0.139540179936099
-0.0712755935604714
-0.13637313765672
0.00731720055084265
0.0124854883040404
-0.113684726811889
-0.056902030701733
-0.146589659174607
-0.0659574974896251
-0.0709456230204301
-0.0481955527175996
0.152517365158828
-0.0870088974834168
-0.0655057342842052
-0.116446088306192
-0.124248181898755
-0.0233338113467585
0.0155821986253388
-0.133082402889298
-0.0703287255567945
0.0565624040962415
-0.114524037984998
-0.0105082011816683
-0.103691377623677
-0.0616503374904203
0.00588597867956696
-0.225709720807729
-0.0975843121370977
-0.095382786518949
0.0274039406428321
0.0733547055455468
-0.0257969277344422
-0.0902121193613568
-0.0604014786705787
0.152925379134951
0.0454496466698721
-0.0938102330678542
-0.00473313947582827
-0.0194630673391088
-0.122495533211831
-0.0117210186169528
-0.122080018154628
-0.0627657555632866
0.0598816178834441
-0.0466786243741541
0.0479849918384019
-0.0489906303263594
-0.0190507884938753
-0.0338348276901384
0.156817829472884
0.0312924171395096
-0.0681286724662871
0.107931322952454
0.125974726514027
0.100172480616961
0.0733478966950608
-0.00385248965449597
0.220139355280109
0.0233228843158965
-0.0194862290465286
0.0166090413176639
0.0932273494703543
0.121766432662282
-0.128059776955075
0.0929024342141155
0.0447748970369448
0.0225705499167451
0.0766603585411534
0.0501544149669247
-0.0415917786501925
0.0818991604142113
0.132688075651183
0.0922053746377296
0.0398082740642978
0.163376127005008
0.159029826983689
-0.0415248700045121
-0.033271690736236
0.0615263533256351
0.270752343619401
0.0834698270827475
0.00774001847638587
0.0534158923979211
0.141837647322733
0.111938880386332
0.117339992716331
0.0563954791449075
0.0780841000438919
-0.00240583745678541
-0.0411014411171704
-0.0439444029020534
0.0353220505746941
0.00606217584675486
0.126780936487978
0.154199816999372
0.132551518732579
0.208194269760284
0.208524928194142
0.128540771748912
0.118722749158673
0.162370068368811
0.356370521096896
0.0619799283526018
0.133251514056669
0.210870964656902
0.309515645941821
0.111423293730022
0.270122604405937
0.100682383428208
0.171650156834523
0.290148634034577
0.0953495641961857
-0.0165099478549373
0.194141297279553
0.244233601983398
0.212925970636771
0.0694372875970565
0.190710725289071
0.12005263108914
-0.0240464453150979
0.0756934193273512
0.184588767529926
0.0987978134400341
0.0379193381342883
0.172456245706675
0.0954488877217253
0.298904370260588
0.114261124843991
0.0633275480198688
0.112151002914234
0.134948384650345
0.0481921527818672
0.30418362378583
0.0388912486298534
0.190416163927093
0.197078379688516
0.166703841137873
0.278655426766936
0.334277149553819
0.197439316621287
0.13689570330559
0.197559630534935
0.172611977008067
0.315744078124019
0.149750827771207
0.261111425876308
0.193681042866621
0.142411293461392
0.195489819900025
0.210528932639004
0.238937144273324
-0.0249163065533698
0.24735081273933
0.220707722603828
0.197865362619853
0.0521633271668442
0.15255836421057
0.152810300163053
0.129489900225104
-0.0364546130738413
0.39597864596158
0.0862449413270572
0.279968547106599
0.294145090134243
0.299571617695118
0.183721729653309
0.231140938306977
0.249766771485018
0.220524933119498
0.265137919107701
0.11558071169885
0.261540032935875
0.273650429723328
0.246086619915313
0.21607223757111
0.283995642423904
0.23173166948108
0.256937371161657
0.139292889780488
0.262709892211413
0.215123213866135
0.268013437315504
0.328862119786719
0.261845433272448
0.31406302305411
0.11978088840231
0.34739008807313
0.340282504299442
0.332207392723839
0.277003625697524
0.32446564207448
0.468393870376108
0.268544201924888
0.288445763020413
0.433111997089687
0.282881358834253
0.289648309828057
0.35534740219459
0.324420279162359
0.384359861757093
0.247190860585327
0.389793751584099
0.184725369111803
0.444755725587013
0.476087398939283
0.410857795795624
0.418274178797047
0.433283857454567
0.408299711467237
0.374658933114318
0.336803254350345
0.366660248143462
0.282514817298217
0.475188559533754
0.303267180135465
0.317311985593351
0.128627092767277
0.308177636634678
0.258981510737761
0.332430620960287
0.36047808863992
0.376138860985681
0.367854437275086
0.375739604968886
0.311246056922968
0.3574996056924
0.390561451928087
0.414596064026911
0.450885592591171
0.0817423566776398
0.229424084680451
0.41848417369324
0.543569106407686
0.436323077292094
0.358304825857405
0.289825637994693
0.280200629141175
0.22965973629424
0.484949302605912
0.353246890554947
0.569087756938112
0.481328642647415
0.320187830038165
0.453852024240197
0.358121528085164
0.370857009110211
0.369514446781167
0.440788554098764
0.237681867587388
0.330042404754943
0.418510312136222
0.429221834146852
0.457364634660004
0.483629935271909
0.386184813216752
0.509424223803541
0.385207512276301
0.379549662016483
0.50430837046274
0.473481808964053
0.568954751582775
0.514935251343306
0.392112528573051
0.579903738282808
0.345723147137437
0.624606149084682
0.49964306759078
0.517740501649354
0.40714785899105
0.452197813843465
0.3977067156671
0.391627547886009
0.611506417132047
0.478251984249122
0.31731903253773
0.379601176274425
0.308750858789536
0.402054360388899
0.463313735255266
0.464445512093325
0.425724276348877
0.514486837857124
0.370617495446413
0.545295163607715
0.475668520425309
0.513786912460982
0.34791444143388
0.392186155564701
0.537229675624214
0.534287992754978
0.418055194316544
0.41642690696432
0.469210491467931
0.516127591091633
0.53345698088345
0.548572970776211
0.399885669533336
0.468667126351622
0.524198900012434
0.56361012207244
0.512411369775624
0.534855426107092
0.606485930313922
0.418514675242825
0.587834759386692
0.56990495836057
0.433801872049083
0.562658148486666
0.698985799597473
0.448477152281978
0.504821225892976
0.402843712359523
0.546189994464322
0.532182157646539
0.634338716298813
0.51440500430126
0.676236989371512
0.517175662949364
0.406465105307285
0.538858568991154
0.520508406253139
0.586064286215149
0.529043080943796
0.562356866549253
0.656799584373955
0.528494000343869
0.526600375217889
0.536400982868255
0.664806039881651
0.602409696049322
0.577316352507506
0.614713775554635
0.565441285789819
0.584141157689496
0.54837852311455
0.517799428581593
0.57460184377308
0.710358597616008
0.539221314781178
0.682475751060523
0.516201294712585
0.563671325398732
0.502538423456643
0.646040464259932
0.5947866760142
0.449372772003812
0.745746635056981
0.784164288274817
0.746366068451691
0.63374147400862
0.555278745995018
0.723123388367985
0.690476096965209
0.478580074813889
0.66266090327904
0.611198183406156
0.660855261732861
0.714521240103067
0.517228559796204
0.680151386865571
0.53409903969025
0.614306139212606
0.704910914704194
0.674831875811139
0.748100830150987
0.553591243278519
0.595183635601538
0.708480913922344
0.543050282078882
0.647067516152432
0.734934949192028
0.663471109839333
0.599079540228927
0.739564401230626
0.771835108167013
0.734667395725971
0.652977407610075
0.724354441121054
0.760269961069429
0.520007369901475
0.815818983156662
0.643135936821682
0.813602846919975
0.634634175803291
0.80584324500222
0.658264600579148
0.667259788508415
0.652764026708555
0.625755871788552
0.670634290328279
0.668523275808616
0.823500895625206
0.695665267092745
0.639515525083842
0.651900886730292
0.762850251982107
0.612757043756797
0.598964619618416
0.882737001280288
0.675875635277246
0.679057163494888
0.779355748606374
0.846899993945622
0.565881685198401
0.646613159946326
0.561540417006843
0.84379937562015
0.60951143410471
0.70498679981982
0.624855253148518
0.743178553625069
0.760364097409216
0.875381791707519
0.645184095826124
0.700489811187539
0.712602790743773
0.869242061082157
0.772323024502236
0.693949575798919
0.757874007156613
0.80289269820305
0.667541813627568
0.656012789098788
0.781683840398237
0.746275143927784
0.767745957735838
0.720881294396941
0.800422215711166
0.839952466357102
0.810291088016356
0.642595480637313
0.677243764624707
0.714143943112084
0.675795482269933
0.734958334437721
0.856214340148774
0.699682451524341
0.924236768107345
0.722240475777427
0.696802149155338
0.842620190565297
0.769310518973517
0.74421128863007
0.832035881591612
0.724553156211616
0.889444004076155
0.865495597382231
0.740169533364347
0.79450486629548
0.865816382553529
0.719711546282002
0.929237506548342
0.79590215181191
0.931310103699671
0.814609489806453
0.78244581403031
0.801058985123958
0.685835574044429
0.807264194302102
0.758271264586024
0.824105151648819
0.770598257927361
0.897900401103435
0.989142879097733
0.894903800816442
0.778993678991612
0.881089845364343
0.82717070162278
0.802302152686912
0.751212180572274
0.766608354319276
1.05778772210337
0.85023658659213
0.717372668056254
0.944625183946142
0.887824487263776
0.922191716439867
0.841621826023883
0.94793600115369
0.889411525023528
0.86931117696402
0.822718657406069
0.73992689412251
0.897034925221969
0.930658970961619
0.98877128002108
0.993282272105913
0.873481131809113
0.848817668072182
0.991836966929373
0.860147930719448
0.880003243634788
0.800611296249807
0.906582479688397
0.719330661275139
0.809812687529284
0.937851658042639
0.836623011840439
0.913703582319507
0.79460510344809
0.916928765887384
0.971600994699183
0.943960657828546
0.941429710634646
1.03911902654883
0.908889108788411
0.786764536691107
0.988290188084405
1.07310572917756
1.01978456484869
0.810626490531763
1.02117954322668
1.01133802453654
0.824016879850003
0.815048065877875
1.0353034662072
0.940515656032643
0.955187715086715
0.977896689576484
1.06743410556032
0.880802639328114
1.12203419062026
0.826469687154869
0.983152296554302
1.001313373082
0.962529624260452
1.13233474777207
0.87767617908118
0.903472131793091
1.03865671987996
1.01299709421954
0.876319162525509
0.976776702171303
0.941432236836361
0.944428028686539
1.00080594338684
0.871966875010601
0.871368418390138
1.05992696183034
0.941364783944516
0.95587261430418
1.11777251060277
0.98292052692366
