-0.977836012815888
-1.00886239332132
-0.991700902408084
-1.0237130598602
-1.05085295008284
-1.08587487004907
-0.924290655197157
-0.895540938477905
-1.09673399876165
-0.822424244793159
-0.988618021211208
-1.01580261685701
-1.05674592120265
-1.01480252381337
-0.918752701676226
-0.922743717078904
-0.92089150875335
-1.0265530946334
-0.992574195119073
-0.956699818996578
-0.805393836150584
-0.942386803578023
-1.06465757445454
-0.927437303754484
-0.866326866364084
-0.886227412917573
-0.971684231643185
-0.968742833274955
-0.853301799217029
-0.888266155450123
-0.965878606006517
-1.07056238133166
-0.98509957547076
-0.9558055858431
-0.862373249707925
-0.835773745529125
-0.928040446059788
-0.773612527629151
-0.96098419583548
-0.895478302152381
-0.754568251322888
-0.837277621745202
-1.03837616434599
-0.970265505414246
-0.920299030296698
-0.867221174812544
-0.959387297747852
-0.886681088123685
-0.960860825262848
-0.814514846435005
-0.958435241214972
-0.990666149531225
-0.945346480611043
-0.87485287046383
-0.933441389094457
-0.895971122073572
-0.830361016777279
-0.841190466693451
-0.956553386251342
-1.03317620477178
-0.861029027551769
-0.991483424391649
-0.77810275185372
-0.767459696888151
-0.777917559140731
-0.813046527748184
-1.0106895926669
-0.832139301901669
-0.830353398517187
-0.789576562688434
-0.875399662075425
-0.910064752323229
-0.963142821599837
-1.1567955265259
-0.847153613388468
-0.843417196068902
-0.915659552834924
-0.966498038805529
-0.75566074313432
-0.82546809236903
-0.769306758424886
-0.870312561871571
-0.952906486158456
-0.888995734813525
-0.65167365290457
-0.767892655724485
-0.926863148937642
-0.802404359358375
-0.873771466604553
-0.938095143220753
-0.905774136042895
-0.757107094750898
-0.854847904274227
-0.73537015977417
-0.803287788887519
-0.786323768285162
-0.863733914249116
-0.715773910094606
-0.788319814478662
-0.753330852632325
-0.678631942795052
-0.72189896701516
-0.915224955871212
-0.86545189595172
-0.880958912010335
-0.615490907884428
-0.747175595806646
-0.733690064217081
-0.843718510491939
-0.649455881539269
-0.595176642449837
-0.721600445092892
-0.757854342883723
-0.972343251602709
-0.879542295302111
-0.89391023662961
-0.757800835856352
-0.744294023389279
-0.845853424471288
-0.761361146912625
-0.668231144225283
-0.911126769937533
-0.673005605936202
-0.84254937417396
-0.796210300508293
-0.700480363462979
-0.834074901960862
-0.625560317347981
-0.746013705371568
-0.774865757883136
-0.742903994734486
-0.779382664599956
-0.861351773806185
-0.668227801391856
-0.664079102628253
-0.736288924046775
-0.724274861231994
-0.712308669269491
-0.754131318099839
-0.753978637467013
-0.779091712708012
-0.63689692481225
-0.734985613146007
-0.681355611799036
-0.654490281355422
-0.582420388735447
-0.734035695371551
-0.648085390053244
-0.772356028674038
-0.580273422944379
-0.736266799018636
-0.790307959327994
-0.56499186821391
-0.734535504182819
-0.603884087065613
-0.656566827443251
-0.829124254379276
-0.603346297433573
-0.698082548854469
-0.578960129893208
-0.659634616683017
-0.692392352838071
-0.579009950299861
-0.712698468722646
-0.593265539319226
-0.69027548177065
-0.712176791498541
-0.619276908448916
-0.708393411281592
-0.588179784746047
-0.726359503030655
-0.648964913905489
-0.59046240008849
-0.676302589532325
-0.581794120482152
-0.521728451050775
-0.634618244971362
-0.746670695506425
-0.766239185185715
-0.696076302480108
-0.652226262344225
-0.555098107610507
-0.53375385702372
-0.553270943487552
-0.649696272611663
-0.612832582284918
-0.664058852196078
-0.549044576918605
-0.590151972158837
-0.742852692928977
-0.567517234696037
-0.596640083653396
-0.638104086844608
-0.643695591231655
-0.451875619556472
-0.770750149537427
-0.578957368334599
-0.587270453998903
-0.760434747315481
-0.594355628740006
-0.491940336560547
-0.665715846503966
-0.431889679571805
-0.683670862140779
-0.566196112104009
-0.623047204132932
-0.428720773242933
-0.602180715622145
-0.600989959877358
-0.615024895000537
-0.594496744528534
-0.710625703730482
-0.531366818711589
-0.527851974661305
-0.591985782822427
-0.531869883525276
-0.616090231692801
-0.539560341035369
-0.591337943465045
-0.598002778548541
-0.752053475102341
-0.658131453499391
-0.567585284645168
-0.487070414733639
-0.596329076373596
-0.605884415409153
-0.503832130800361
-0.559594298328444
-0.636062502844069
-0.60963127692778
-0.494640572419955
-0.527317023299448
-0.598096426439564
-0.599077585383735
-0.569089893225896
-0.531490397373146
-0.475646010781505
-0.613544150629716
-0.411738957145255
-0.51034102564707
-0.518434648982488
-0.538908441402486
-0.533327280100418
-0.558464292910803
-0.557516378050268
-0.560829639931721
-0.526430737452891
-0.60631474018644
-0.530559031857809
-0.487397581772531
-0.423651704637492
-0.516319952268939
-0.441483765575512
-0.434421749144483
-0.43658863456453
-0.453941976330019
-0.502224999052186
-0.430010388567775
-0.511057934906932
-0.570188449231227
-0.449423404906518
-0.537310138985442
-0.5114050469182
-0.548516980542444
-0.408591518073849
-0.258697134572238
-0.402818635007079
-0.443928794157317
-0.563563434269214
-0.458170052231998
-0.62831937639303
-0.462191493536274
-0.467015780496196
-0.436780083550398
-0.404203960020475
-0.394706475287515
-0.613086702658873
-0.458218496339561
-0.397659748193777
-0.34828178637504
-0.471687413582672
-0.347747748165357
-0.478841421397919
-0.650817749600375
-0.327127772958322
-0.50026907296472
-0.457146296436465
-0.440007095734933
-0.400631091085927
-0.431113447742662
-0.44657518936141
-0.272640427550243
-0.460843679429484
-0.355253169402046
-0.428941022930955
-0.28845976349353
-0.285840629316778
-0.44218668102059
-0.313605167675485
-0.263657238366963
-0.424852235762579
-0.32711002064052
-0.352008289869632
-0.27756322433792
-0.331671959615673
-0.311864318590664
-0.449070762303079
-0.413555369761677
-0.313446731563757
-0.483311348445608
-0.333211904494974
-0.419001518463334
-0.416649448844189
-0.385299017582256
-0.367079179321134
-0.371491538777042
-0.391385974085024
-0.407015374392634
-0.333012116101226
-0.419105044692922
-0.267737036668443
-0.439210650047664
-0.392263411334573
-0.452045088460002
-0.262559503455436
-0.457776966952284
-0.467670570068666
-0.262387157764631
-0.380907705177025
-0.269557926320442
-0.371911920519324
-0.448821529948944
-0.271539297118776
-0.500181052873304
-0.325422082781212
-0.188156992160851
-0.300154546834986
-0.397466964519739
-0.259450114092675
-0.326967716998977
-0.0976278344758432
-0.398657784968685
-0.238403432938749
-0.313371947913833
-0.410745127770647
-0.228135059416803
-0.30153356481833
-0.28641082067305
-0.326936433240966
-0.335296328377442
-0.0771433030299515
-0.392127845483197
-0.337344478437032
-0.355823624131353
-0.237275533701984
-0.223708565043262
-0.386076847140566
-0.209031849145587
-0.37736920446534
-0.359115287620795
-0.245625480123769
-0.283879966229201
-0.355355343617382
-0.144427590167669
-0.229625725017903
-0.23915429478283
-0.243882503812988
-0.223378003338926
-0.22891938675158
-0.323803963122972
-0.302368579794268
-0.257259267198584
-0.264314162682954
-0.216232991847424
-0.332039741340425
-0.180919571986333
-0.259255142999171
-0.287417709596822
-0.29224062247979
-0.418860722302546
-0.319322716908268
-0.174085419494722
-0.175229374797141
-0.169274472909151
-0.240952043968527
-0.36046391323344
-0.295419590680504
-0.301426739648677
-0.319535353368884
-0.163263291276357
-0.257354063380005
-0.249737189093918
-0.142275448203392
-0.111734303322289
-0.201998305565221
-0.371077500960717
-0.0299232692120199
-0.156286472946423
-0.243637752700614
-0.351435841352499
-0.253505972391327
-0.268681462718787
-0.123162581655043
-0.2421689809401
-0.324784112997805
-0.184627940380631
-0.195682467662626
-0.215249997300521
-0.0838670976121555
-0.164022398189557
-0.236858626164952
-0.148052436122148
-0.179344922911482
-0.134489735801162
-0.275590140897304
-0.294162990607286
-0.0316361402144252
-0.241241005699223
-0.139559591875335
-0.1849068746177
-0.270556657641743
-0.131623265002764
-0.225433845526899
-0.216853059780106
-0.0880236727236639
-0.0904832648101969
-0.0700721920868493
-0.122685195424737
-0.302306966385262
-0.103813542351942
-0.312247612089915
-0.0372787219763644
-0.0808223557990025
-0.187560066820105
-0.158360100064035
-0.235688630834311
-0.190176590091667
-0.0607872283916573
-0.173844719690335
-0.13344293718834
-0.190375256287003
-0.177637607514177
-0.0496020369561369
-0.0677702199885679
-0.248500986039433
-0.0896700521112419
-0.124397449972846
-0.144342156237589
-0.175269675514
-0.275884670599714
-0.167803798462481
-0.159902191574725
-0.00172798287844622
-0.0892606228820101
-0.108682356170567
-0.0459498646530383
-0.148184923708117
0.0102913762127244
0.089949461665622
-0.0769596046099512
-0.0939654449160497
-0.0745100656242304
-0.229397229453393
-0.0277380779791971
-0.239252891221782
-0.0423713449645842
-0.122131515595656
-0.0995808235755639
-0.0256361785661284
-0.224164443509916
-0.0247402256507044
-0.132328570668868
0.0821071285832411
-0.106744018781544
-0.0306564931124584
0.0404912615428355
-0.0581937290715297
0.0164057525162214
-0.00753722490996395
-0.0602991375197328
0.0902691241541759
0.0982086185823808
-0.0358525628371527
-0.156109326593759
-0.123795943731619
0.056427628756309
-0.0924975979483397
-0.208437630846753
-0.109681880910093
0.0497895804113855
0.0395817136825718
-0.0917771429443568
-0.0616773938640042
0.0703857252936447
0.0569496596251423
0.0605570313775122
-0.0970971625516948
-0.0166688855574958
0.0616599023002743
-0.0470149681587475
0.0609433145550547
0.0573701390306697
-0.0301007144906724
0.0637447391421299
0.0387375818936773
0.0366216296467327
-0.143654618373243
0.0382894526035527
0.00425226142351381
-0.155313460644759
0.0601848256926564
0.208875488245967
0.0692590583960755
-0.037111470434759
0.111749732024585
0.143251082386159
0.0727627765644567
0.00462892690115309
-0.142723592871725
0.131919777661254
-0.0111396352713247
0.124778588463605
-0.0603992982706086
0.0232627730246697
0.0673022461439121
-0.00864918508827315
0.0906186574789312
0.0329057635485117
0.0545761037148917
0.108943845559147
-0.0344695039823481
0.0757412900576714
0.195134427406846
-0.101922349138052
0.107459093614954
0.167169699956303
0.0418281655226333
0.0105039248900239
0.0876703201651145
0.13057995560487
0.105113038533951
-0.0297933745538187
0.0561198087802524
0.113456014434537
0.169557505270649
-0.081182284758166
0.194676422574183
0.075528317503721
-0.0270423521213916
0.116239429448944
0.139908047478362
0.19196931900761
0.143954038866432
0.0472598471778482
0.142633672159553
-0.0209682340929314
0.222146632732453
0.141256136034312
0.0973863476089789
0.061541698317676
0.067700494542687
0.0131921659187101
0.116437511765187
0.0987914910685643
0.103093838074375
-0.0672853018523179
-0.0246639111151107
0.106440614977503
0.00197823564066853
0.0615421914633462
0.0344400680867546
0.26509746182588
0.232178341239529
0.218898453817471
0.265075549872686
0.117650066472032
0.0583045532496205
0.202637639553505
0.152566008436294
0.121367532122702
0.0679988577175997
0.262251406785402
0.063840531074056
0.281379454495148
0.156199249390963
0.238604738037594
0.271360672078781
0.230354830420613
0.138343593443694
0.272229088512664
0.239545163957744
0.186047752376925
0.318002740958049
0.09477415283181
0.24373145296959
0.0807244184211357
0.117619409123942
0.0908557811013184
0.312420330092543
0.315752404175198
0.289177968947112
0.179655770083219
0.180697024792484
0.246950230602502
0.0940653334656112
0.304031393749504
0.220897824141551
0.314900892878563
0.189463452914807
0.0828869890843421
0.33293010787623
0.156031211553779
0.278187801639736
0.342696702076053
0.0699028889875047
0.249312937486646
0.206048924736286
0.013587687367504
0.121454699849662
0.457486136257895
0.36168425564538
0.253133723759691
0.158414052948976
0.23325288649812
0.40562105132596
0.297263421387557
0.115656386892488
0.132037508124613
0.169336414363556
0.378459353022665
0.253081089523349
0.347133218056239
0.155521431542267
0.22118329403628
0.214141301853762
0.267341553081051
0.169256084641269
0.346544788830223
0.417216952347589
0.383743428796211
0.162905235988252
0.282326295526317
0.336673223126641
0.401340253309328
0.253815853193213
0.255015005191266
0.359915537301906
0.250002316850734
0.310070188657859
0.242614151565035
0.2254316292501
0.469909996817252
0.398142415198794
0.250817018798314
0.280695162040068
0.323508053070109
0.291876324614038
0.388092239860574
0.240438871537381
0.367557803601107
0.428609717115479
0.400248457970504
0.299573855309713
0.410208622682426
0.429440881870736
0.200776529742801
0.274995789249905
0.36988658615464
0.288077358313279
0.106555741599691
0.322872735893533
0.289861589923757
0.32814777228298
0.228746832996337
0.421924734389096
0.288339335581111
0.308690916125742
0.434516735421453
0.358858539892125
0.170467401465671
0.316130324372763
0.422301936790242
0.342555814678493
0.417300279968165
0.290336730619596
0.333746562340288
0.29511382136586
0.339041821665075
0.33213082765735
0.51137835832261
0.399479944131675
0.415596022321673
0.343992455019921
0.435882972966714
0.261077034251182
0.319246457631714
0.256922208036729
0.280703590339344
0.369165648340957
0.36218027325404
0.303028652897379
0.247168622995151
0.514328617020333
0.320258022898642
0.270092956971219
0.387827485613289
0.311056914882874
0.258086220035365
0.57024580456825
0.52783455102387
0.462063791598186
0.46170220391616
0.393961402206764
0.268010624725358
0.440337879495335
0.496270702115497
0.409797927316307
0.41807133001688
0.466611690761278
0.313860930721757
0.361252472730095
0.530147124532088
0.430436834517591
0.371523611429133
0.409362029949632
0.404399665901205
0.452297800429563
0.500537699017203
0.347813567355639
0.56234722581936
0.491959177706765
0.470315585075556
0.438924261337449
0.534702129517695
0.468118290472097
0.451752063122972
0.472453858334815
0.35283759077489
0.442310334367077
0.517640204208108
0.454489458521928
0.495462419030168
0.531550434013286
0.508984800975364
0.463256918213281
0.510961099581509
0.461399750598701
0.480687885121492
0.500563426689562
0.48323417952629
0.531672448241176
0.654438727996782
0.581909549672034
0.483618921872478
0.502919138041411
0.52922591263099
0.5628667162244
0.532189478064469
0.543462854422213
0.52625920124666
0.596729876196003
0.53841338668865
0.560157179078318
0.515242782927663
0.545247975545383
0.444870909996047
0.527441114093593
0.685787632213797
0.474642194651934
0.503247109756845
0.498670593629912
0.614321750743288
0.573873424179668
0.63492760796469
0.591963467764605
0.627890416116126
0.497784874284301
0.621649407575102
0.586685681693597
0.648377309995333
0.421685036611708
0.569399921839649
0.817261960227274
0.536690137153045
0.622667163356409
0.615287381182129
0.756191205274093
0.507214631437746
0.568964988780486
0.602004855977697
0.533029692971205
0.607409485030515
0.677047018810479
0.584111950505322
0.689140527291639
0.629591707193948
0.648935664374636
0.686846812507343
0.647591386810089
0.459502073424324
0.493734957234863
0.578420934676476
0.576522186280909
0.690749941533236
0.582972977319951
0.674988176860606
0.586924809602748
0.476255751321489
0.703283353071718
0.65753660121141
0.566991470557498
0.607433576750406
0.611326358830533
0.553459127064533
0.420139628203562
0.59658022049308
0.585774421830829
0.494930292998149
0.600705213341657
0.604597103810263
0.571134890797274
0.547149789411678
0.616433459417503
0.689161129732104
0.673721596520137
0.584571408215977
0.510087831939754
0.734711128740512
0.675893185034603
0.526643643183014
0.484121497247712
0.712543428180238
0.471821613076797
0.823257059971532
0.597641248759893
0.730242084708741
0.803350834870303
0.731646697025506
0.621473381714226
0.728897547500554
0.741704851100944
0.75788243424876
0.732072797340147
0.731381333554237
0.601131724598836
0.640097266925297
0.543154823955602
0.689363132493914
0.504497869389597
0.735995920943261
0.690243155192281
0.707700825347413
0.569184367035066
0.573769761976605
0.740066562256068
0.728495517136925
0.713443184674072
0.693049206525511
0.552232934793592
0.704006953404066
0.702392604166238
0.735967234154208
0.750423925969069
0.71093852150127
0.808472859551897
0.786885632132706
0.767235656613953
0.844209265796392
0.675188784123046
0.741901929952282
0.868607373346987
0.791314624553393
0.775560962428964
0.669635539284774
0.684201181455624
0.711071108410982
0.881914276261576
0.805040655073345
0.83227729582651
0.859589898802293
0.756358235797396
0.749635020366746
0.804728435821787
0.659649564262607
0.776572024004219
0.82079142929652
0.799721963696279
0.814089005116775
0.82083357973684
0.673318241044456
0.79142573400712
0.930850019186956
0.600177316822761
0.61835168258513
0.64246770613706
0.902941568896795
0.867821962452823
0.863489826577826
0.788304125288909
0.874972624195509
0.775337872926868
0.76480374508633
0.86934577779219
0.660520149245146
0.606771580698874
0.836938490054703
0.821196726491251
0.830834426895889
0.739821388356455
0.832145368941097
0.883590222485777
0.866057551119847
0.736664550312391
0.749012942739829
0.821290337545421
0.902688614420822
0.868706854806335
0.781472123994962
0.857846537802863
0.893030713732198
0.743617167524599
0.835043778009766
0.700065040852138
0.891185333070653
0.867175908980007
0.968162915674858
0.719753451910085
0.892117095317655
0.830960834531748
0.902580916164636
0.682991076252743
0.934202436097823
0.898712372833099
0.751604929667883
1.11000047079439
0.791641581646594
0.918232809996156
1.00349264841612
0.931344307487085
0.884015854214192
0.845552093870815
0.879495910353955
0.827826077613428
0.891411188609333
0.919247912937055
0.945533633182169
0.80136498776281
0.731618661431072
0.944617315861396
0.746991806855042
1.11517317468478
0.964941270332478
0.852736938967534
0.805862485878997
0.88617178531265
1.02908270833133
0.875818304259946
0.892509449260299
0.943174581494302
0.782611816579844
0.8003882228084
0.967298210141677
0.746517791307655
0.935236982506185
0.937521203677312
1.00022998842237
0.960972644614653
0.941566873096355
0.958901808302069
0.933957271882005
0.844440718953503
0.983236997762154
0.822534622089045
0.993789250771569
0.809248992376656
1.03258976432295
1.13631790275419
1.02931712237652
0.881392036726642
0.754227323177397
0.931881800094358
1.00043398490714
0.994909005896264
1.07452846945257
1.03094597550308
0.96269533657846
1.01278175993166
0.856860907709758
1.02403520830495
1.13317324101764
0.99958476414294
0.993992932814218
1.04441559194431
1.07358847165007
1.09960315836362
1.03284747978236
0.974323557989055
1.10403019419556
0.910443778279317
1.07056638406289
