-1.01582796357016
-0.902245865976298
-0.968826917585405
-0.923072234356451
-1.02055536327444
-1.09605695885073
-0.971577377010329
-0.816064530462787
-0.903962264461095
-0.954504959033186
-0.998997366028902
-1.03461215620004
-0.962655917614263
-1.06408125994366
-1.07532630355714
-0.969672809696541
-0.971886577751267
-1.19053921667938
-0.993073855484764
-1.0003172426731
-0.991932611905056
-0.952435717484273
-0.840295938085387
-0.933653378792559
-0.834421552175167
-0.931783615991393
-0.894493577043016
-1.05748518160058
-0.963098614051456
-0.775709974163439
-0.896963413466744
-0.866225339520443
-1.16468825419549
-0.878550256499612
-1.09033579352565
-1.04095862984665
-0.833131020488027
-1.07066156619986
-0.942357352402032
-0.817583398814946
-0.967741963298051
-0.867824545321028
-0.694862626639086
-0.738683845018023
-1.03010078717121
-0.877890495409055
-0.976151604057942
-0.988242232937003
-1.07241539476052
-0.778908735433939
-1.11942344098691
-0.978161744637757
-0.962219197651432
-0.716668207467436
-0.942667563299531
-0.791806622128924
-1.04252587264643
-0.990487361783431
-0.75806763026783
-0.949985538014459
-0.782744338743755
-0.982033611261759
-0.82672435265684
-0.857377619879864
-0.854996727873038
-0.822452440482149
-0.828089648770792
-0.928458992640727
-0.839102991801458
-0.81927721763994
-0.90814245378516
-0.813484857062123
-0.942335930083792
-0.690430301734954
-0.766069569681364
-0.731402716058501
-0.840745494153283
-0.748750948799833
-0.84134317733334
-0.81746302495165
-0.841843859205919
-0.749100547765892
-0.888139289408725
-0.775583471797442
-0.780593835620408
-0.675582664268925
-0.748765839407721
-0.997870293080785
-0.860227838545138
-1.01260981118856
-0.824667546482878
-0.796133807172454
-0.92365041495358
-0.793649302343476
-0.812443916897427
-0.685141673333963
-0.785449060406202
-0.901952389838131
-0.729578676342146
-0.821917703704481
-0.792343444714162
-0.84979645692058
-0.845353840854791
-0.835712479990666
-0.818907369911257
-0.83072752392192
-0.803236623803692
-0.961549698459459
-0.782196632247594
-0.757410445589879
-0.790809085734631
-0.808633868575121
-0.694217369712414
-0.823665192972315
-0.749724227800323
-0.6715180271848
-0.818562622999001
-0.63567016791653
-0.748413384076604
-0.675333090069288
-0.772556787430237
-0.82877290715994
-0.717910116145616
-0.846519788062723
-0.661948999661035
-0.634168404848953
-0.807444416934095
-0.772549807796115
-0.853587961864304
-0.678639958603781
-0.558121176922226
-0.755274056521783
-0.65330436339442
-0.865124042395808
-0.499776892158239
-0.739628848612442
-0.745118194119462
-0.813684948481184
-0.675062329609056
-0.643990317953866
-0.571139592209732
-0.561842509669919
-0.665916009364516
-0.656137182208605
-0.812205636692804
-0.813512885702518
-0.74344858303187
-0.710205854967276
-0.660024097522182
-0.83869675499311
-0.710734180242491
-0.739205122575428
-0.679306366706243
-0.785467414957273
-0.65179406019875
-0.621452398030291
-0.753792391803804
-0.612665358907456
-0.655996129553546
-0.68629837591432
-0.634454374560601
-0.659940319790785
-0.765220302889126
-0.708853494567861
-0.596123848798786
-0.61258102130585
-0.864980609477151
-0.520290604558151
-0.707007985928537
-0.640471684553964
-0.69639651019325
-0.675088935312827
-0.611443982699994
-0.645841370879438
-0.579574341747348
-0.668540330281867
-0.634871594115406
-0.473576995798003
-0.786833035707464
-0.623151021429483
-0.680891959225415
-0.569233425528204
-0.632935014106805
-0.532508556614951
-0.617171708031662
-0.582978584117391
-0.649513135193597
-0.499375249097897
-0.662045526462734
-0.5720295103489
-0.493538773228594
-0.704649580093444
-0.666558376123869
-0.623403320888286
-0.610872073437061
-0.729308844998229
-0.569374902535309
-0.631279209579971
-0.669300725306027
-0.715355261131664
-0.475294045875868
-0.558530680864401
-0.699124652536084
-0.618170998306504
-0.702880264969135
-0.651747918746977
-0.760902269729642
-0.653709398799332
-0.568406721106581
-0.515319281817154
-0.632490517514178
-0.539000183880252
-0.568413162087352
-0.524733599332276
-0.592209731626798
-0.540070718164871
-0.573236937549215
-0.640209279258004
-0.592929895749349
-0.680633335435642
-0.544699989108471
-0.569666240347286
-0.578359141067462
-0.603697910869519
-0.462912980392981
-0.465598817233386
-0.657183799311828
-0.531158557521633
-0.60178357244077
-0.522202474343682
-0.335453015415601
-0.505244372914369
-0.383970065338735
-0.61530297358189
-0.456596471000287
-0.660785236629675
-0.519416914470715
-0.517006033499605
-0.526426134249137
-0.599869173061227
-0.490181724927562
-0.517100682297204
-0.630428434339565
-0.60706127401284
-0.427433787668849
-0.441900856595867
-0.437386191093153
-0.564445598113722
-0.423266455790547
-0.45007393842259
-0.520790890832494
-0.523461076406586
-0.414750999643785
-0.587653792218717
-0.61003550926652
-0.537691128706099
-0.44411601950257
-0.437892302414577
-0.451498827923477
-0.373419359464696
-0.428366684532895
-0.599231808538918
-0.35692280294509
-0.574393211810505
-0.563153357964721
-0.482439654906792
-0.414444993368651
-0.273240176886063
-0.367452556776213
-0.293628153848683
-0.383090430369028
-0.439369561124207
-0.48765234288983
-0.51957523635507
-0.369080318046892
-0.491903041959506
-0.555863296119681
-0.435217321158605
-0.435655791220028
-0.459167674775195
-0.490769267195575
-0.38019239415114
-0.532088890504537
-0.252813919518488
-0.364144622316675
-0.386721739922987
-0.452538432523944
-0.465375901868748
-0.479801955535341
-0.32789926625379
-0.412123172370448
-0.470839327968804
-0.468644336127886
-0.414940371824911
-0.507475423925672
-0.299189274374141
-0.427792198863498
-0.448209420961053
-0.589957118531839
-0.426796929775975
-0.43803352940414
-0.413340261469582
-0.271478257752316
-0.299353003329342
-0.390942586828088
-0.363146999494284
-0.313196537903433
-0.283841452830908
-0.334481875425664
-0.334829817284019
-0.497473653514677
-0.442606755476761
-0.125578098320224
-0.505337633916758
-0.325274934509799
-0.373416222306131
-0.389396582532985
-0.432851488706149
-0.431575769127633
-0.368656360120326
-0.372991087610287
-0.320440773030927
-0.260808997564635
-0.354902413467018
-0.339262827274012
-0.313689944339496
-0.111450109770465
-0.296078598460997
-0.357842406280669
-0.168657561395236
-0.485845966196549
-0.380352023685806
-0.318528120517744
-0.280593454324103
-0.288853355015952
-0.239666834981464
-0.434503738835017
-0.301205838373174
-0.329377485843813
-0.359922439261295
-0.304379269571032
-0.217222514198649
-0.268818886440648
-0.466292745719406
-0.225949648404898
-0.182480135547792
-0.228799353737173
-0.217217712670714
-0.330111092694321
-0.27844681573657
-0.187844817306854
-0.362540386121314
-0.22811216494224
-0.324492203590783
-0.283345933134785
-0.274884091633165
-0.229539073473886
-0.302904021384563
-0.260592612139204
-0.317297536393864
-0.394693619755214
-0.308815649307191
-0.335077885796407
-0.214638659680191
-0.199069170196241
-0.197540187726487
-0.320138610625026
-0.257134800816584
-0.22008433117378
-0.158624374912679
-0.306673299407781
-0.214998657570589
-0.464246356802859
-0.209853761883863
-0.30591052313017
-0.298777490041666
-0.18484407090832
-0.290389623913731
-0.220017862156516
-0.241467461621846
-0.372118203296056
-0.2746202588485
-0.260256721216193
-0.349890952293811
-0.247968069191975
-0.266749543105098
-0.375460404378067
-0.216088214908701
-0.0834015125223773
-0.229336447685258
-0.174006592775611
-0.311974034375711
-0.0864528577148214
-0.140395666370579
-0.287988728824985
-0.305570384781819
-0.119207895974416
-0.222066271770132
-0.37888209487311
-0.152623018548521
-0.194490925144748
-0.209755229908635
-0.238950733379249
-0.238119218348403
-0.303810550377716
-0.130138250175845
-0.076533296072294
-0.323657652016196
-0.115782220310535
-0.157720777116592
-0.118039615946367
-0.242870650431637
-0.159860614574371
-0.23555337487563
-0.233036419891343
-0.080486068894389
-0.231810902906865
-0.30230288786019
-0.209152668623412
-0.155191329616359
-0.0448276047333379
-0.236947538042623
-0.19280149286625
-0.208566068149172
-0.242382903506145
-0.17782993919325
-0.196753010539803
-0.177839610940541
-0.126964814467325
-0.0665049634791778
-0.130114379029757
-0.118110710188529
-0.226108236149281
-0.112250231978669
-0.0469795478010997
-0.151740122220747
-0.124937399618929
-0.378572141866069
-0.101251446107814
-0.187531704123977
-0.0562956312881679
-0.161138058580649
0.00652268750246942
-0.102440450598188
-0.0911088686838584
-0.155626201267995
-0.117133310124227
-0.15250034878076
-0.0979775849112944
-0.0306323770192469
-0.270297399211462
-0.153745930000742
0.0767496731430394
-0.0721467147659282
-0.0528152624364933
-0.0905787013315523
-0.0822545442666636
-0.0490818721965805
0.0400322156133943
-0.00514697808530329
-0.0752159645963042
-0.103923013088277
-0.066187562321513
0.0101939367294019
-0.09141266395477
-0.106311758366918
0.0775223777182762
-0.166800279630836
-0.0194444986126663
-0.0189209218530112
-0.0952476358561041
-0.128015374325664
0.00978200838776969
0.0420516424665969
-0.0654064830404768
-0.167058386006775
-0.284386268727634
-0.0718386753203015
0.0493211304159768
0.00224218786471822
0.0130492541696088
0.0237354202645795
-0.131357038765044
-0.0773184762440562
0.0449864493930658
-0.139039533834754
-0.110376034571806
0.0991845854654769
-0.256840703004379
0.0539827941856101
0.0363027913897229
0.127298124182143
-0.104892062042896
-0.053544520603596
-0.0691655082190064
0.0642751787285093
0.0135189539848815
0.0321005486165968
-0.192004102366927
-0.13174565522194
-0.0502671127618206
-0.102406819742834
0.0155091796296013
0.0159500897760281
0.0670828945380809
0.0399165227154363
0.0156546606817631
0.0752040663510831
-0.179433811538969
0.0207250089166621
-0.129640202103782
0.070233176609715
-0.0568022200817473
0.0686374329641437
0.0535088433149586
-0.0297616413400644
-0.0685465780423424
0.0880808684521551
0.0227709498882376
-0.0356393684631657
0.0240471760264792
0.173723884090198
-0.0721206342898576
0.0829285464457711
-0.00103518202595009
0.0711672631300797
-0.0742696590692146
-0.101221747129103
0.0779862503189957
0.099989215229787
-0.0252039216259274
-0.0693052155196023
0.188209239657771
-0.025054382028826
0.0606656452099168
0.0292718296476241
0.246370426028973
0.0777365758596705
0.0138683492744468
0.0439652253578454
0.157404012001292
0.0421911354097831
0.0759781991361831
-0.0232932133038369
0.0158611225746826
0.0470099959203771
0.0810505003991336
0.0799206212069752
0.101635703226784
0.203262107402729
0.0648434662572824
-0.00735604650190787
-0.0879271486733813
0.0532580368783586
0.132126137806137
0.0752276284484565
-0.0245992011590124
0.161685174949049
0.205939820681494
0.0653780201507896
0.0984780003855359
0.0761941587206336
0.186158364129454
0.254110125549071
-0.00608530527400307
0.245686346111912
0.186288415500401
-0.0919272682730651
0.166246042647279
0.136945070691581
0.0877765290649075
0.153278156101134
0.207115014846408
0.0711801505047205
0.0292423067466717
0.0782914721813559
0.326649145229107
0.253490790945905
0.156243138608156
0.17085463139926
-0.0421252683173262
0.251436040865544
0.231533033147306
0.0625988023819325
0.07961823701447
0.0683761231372222
0.176151652186127
0.197073149262647
0.218804768499882
0.0691075702498827
0.11915758484542
0.275458236711415
0.125825400630929
0.231147890842167
0.0715559264252465
0.188908566865242
0.29555390554133
0.25929027864963
0.171386377474695
0.276683261892715
0.126611988993047
0.31447897527272
0.169387328771441
0.313874627590786
0.20299979024435
0.0409629322416212
0.181210819343957
0.307091666440394
0.27273528327409
0.364744244047186
0.190498802676291
0.209659979730271
0.36147621264389
0.306929239835691
0.299406857926793
0.125075191782446
0.111346055367233
0.27292670724548
0.274664791096847
0.0252880138792923
0.245075408523263
0.254543706797118
0.171895184962957
0.286834166087047
0.191225888992132
0.275695661080516
0.124631599456503
0.265382692764854
0.22252564484015
0.378772409970365
0.410820407607985
0.250191145812236
0.116009183438948
0.252805967033226
0.236274749895944
0.323144568862748
0.118108670901681
0.411835251267531
0.276280399639577
0.216194466074494
0.154129494682428
0.290942782355685
0.261023500218335
0.291256579658867
0.158328801063173
0.260704654080699
0.272918760501524
0.379805368714251
0.245138723561709
0.313756043770505
0.389083827822755
0.267812107047405
0.424917900773801
0.445514799812956
0.323628126706887
0.359245937905972
0.313633678309065
0.324570879528277
0.404597709359334
0.270501928542244
0.306105893913418
0.292896323193266
0.350658643213907
0.401475468123728
0.540079031717433
0.430005654337592
0.322098175062703
0.330310495335081
0.283227010289149
0.465325005818581
0.308648147858694
0.407019776960172
0.322350074782887
0.449583950158043
0.236582332782714
0.403163431573762
0.217874085135126
0.230981334412693
0.270997423735908
0.284706667509609
0.424541759987958
0.230344002889434
0.379149055586547
0.293774589067508
0.343858538168798
0.461937046688288
0.448961890835171
0.337805298286978
0.401482272066468
0.436543827076132
0.301357654897964
0.369442808151266
0.335016977162236
0.333044901617433
0.422043077964034
0.431026222456988
0.363558961650929
0.492698655688599
0.490843531279312
0.257439880726379
0.419251419739661
0.50985238730337
0.454641820026706
0.412430228250314
0.351696839348138
0.385183732329823
0.374342217321882
0.403905251920298
0.242298126020804
0.423980189970089
0.55379250770467
0.361956392424
0.446720637784475
0.582451896392351
0.517849960173078
0.454860607953947
0.332730549351555
0.537518869794067
0.354451006655081
0.418943284599384
0.45724588546856
0.323728078951599
0.458288246230632
0.349092276550064
0.444479857419282
0.348671145914807
0.563856271744764
0.522391806644318
0.355493991510079
0.435021595863451
0.493811764307364
0.464178006987205
0.478467976106085
0.552116527199862
0.367929143560641
0.462050328559848
0.468981847954469
0.580786544530356
0.292927546383914
0.500981153344346
0.411376678947457
0.604926045867236
0.625756162879632
0.420111844654697
0.681760240073327
0.485913220675824
0.544431682968522
0.574556575160512
0.414807012415367
0.470002651657175
0.447905024671269
0.495761423139358
0.501531856662517
0.466604585783448
0.523128424051708
0.415113603160754
0.525141151438554
0.55618097123435
0.394380335551767
0.521189194457011
0.55596853672681
0.499044886516575
0.548722059191526
0.503291107170564
0.499849859350792
0.49772471253739
0.644737984708424
0.539010206133422
0.633917303831017
0.485196932924076
0.437499547703308
0.533402273543707
0.523162168076032
0.528427337704812
0.500406747026149
0.526284928796328
0.497993267991863
0.525962985045373
0.579632549774332
0.578895264088858
0.53998945912688
0.477655318472693
0.568363732664954
0.461959477437306
0.55375407188696
0.476195626821783
0.543962659114365
0.714349827748944
0.519652191704
0.624171674025188
0.540604389130649
0.517790520133328
0.590245517199148
0.666345578255626
0.506402537100751
0.512469538141393
0.560743138547442
0.614631006817402
0.486515851654842
0.623902854336938
0.512617080212072
0.663016244780335
0.58482398449086
0.609026492420348
0.573458305587346
0.723122359112598
0.583353316151104
0.555224318771738
0.48771009691191
0.709795419383534
0.642954592656247
0.57153103461361
0.671820730106886
0.772194581581617
0.650211128554597
0.61113130670994
0.634871239357891
0.670524474180369
0.514353083504064
0.584761625063864
0.613858764803659
0.731723569515534
0.583135742338
0.705638286087168
0.628767452541438
0.520731367506259
0.750423299556008
0.704819878776403
0.733214025727276
0.705169607977162
0.555751742404865
0.590677611603362
0.640953044472109
0.785454737902634
0.575431318307447
0.61947786746583
0.667845054422646
0.878455848492299
0.643011236004566
0.686520685878216
0.715526923756836
0.750313406248881
0.624609137962136
0.787097145563338
0.643444800071209
0.839592138651694
0.655833112306399
0.814650321006571
0.704274199591613
0.606714755129864
0.717529333716924
0.66086924768266
0.809214737995889
0.666464657827151
0.774065932546736
0.964458555223325
0.814514707720972
0.584191079493534
0.696502996446962
0.764358144118458
0.663943739714429
0.632446828757815
0.645056441760192
0.889310175079434
0.743677780738459
0.705467016684952
0.629005071250524
0.80787059222185
0.745689668714032
0.705305969969303
0.713399651194936
0.764274231573322
0.729633888508787
0.69191623836892
0.801569860535524
0.650698139813495
0.824103728248443
0.76235073169253
0.96538747303207
0.696959547291779
0.631591378516818
0.823103959877381
0.741652721087578
0.696741221715523
0.854885297155609
0.898271803227731
0.761236623260867
0.562095630664238
0.87019905069982
0.696207426448198
0.76799019442124
0.752204593328342
0.888316798999914
0.713598113384767
0.827395527418625
0.834160206967575
0.746055652067414
0.84361528336453
0.642244027134583
0.889108224973993
0.857702996335296
0.732128771443784
0.730739064050662
0.789296040370448
0.755293463482265
0.648963904480508
0.804589540739964
0.850412289269961
0.820421013919175
0.838935044219716
0.856040961690947
0.852919558204684
0.851685029084431
0.874601920087275
0.84736397777132
0.675150921826231
0.815366213356699
0.872606475531566
0.885847566962497
0.816366764527978
0.885663572082
0.974026250993245
0.792631240006811
0.830230575211277
0.870217595792598
1.01025081915954
0.78904873265579
0.815047459542054
0.797273894346782
0.824353463083395
0.848468679447677
0.732374662863671
0.812318985455318
0.874960164689822
0.785933129590493
0.691013905764442
0.756019420474311
0.818658438611952
0.80763312367727
0.786022264018874
1.03285469725944
1.03766530289776
0.920567115232432
0.845045592116962
0.740248280046497
1.02002165078915
0.789777166321108
0.996443014723165
0.93860139005851
0.750237872998338
0.966774503265097
0.889324317749068
0.821587582903206
1.13000583207141
0.750143097470014
0.884547319024862
0.881773258640331
0.925916636651795
0.906862407794245
0.886964949171261
0.963011284780753
1.01426121099088
0.933913532700037
0.791795928930445
0.924520147193445
0.83407300342681
0.751239671067974
0.989508399065767
0.868690701470701
1.0645697564611
1.03236579974084
1.05902012470216
0.962546068864561
0.824463698024911
0.913587397900834
0.934111327164114
1.05197433398562
0.791014537850057
0.916830803412662
0.930255545350788
0.918830235580653
0.870969381016591
0.901426141482096
1.06015649271552
0.983973800415571
0.916656063853032
1.03406431432387
1.00189178622846
0.840942361451954
0.943946110011226
1.02287163598155
0.895823902588306
0.95633347834808
0.943996342763963
1.04274752296875
1.0593079196352
1.02842795473552
0.976828312696727
0.951640543817907
1.23400267509931
