-0.923748673557809
-1.11312206507408
-0.980777811677898
-0.904090063025359
-0.94170789297478
-1.02039997866747
-0.982965281080257
-1.07436125050093
-0.971286698907502
-0.89632188932355
-1.06027334831053
-1.11870120961812
-0.998973332413362
-0.942886755907452
-0.938602529256823
-0.92484452304863
-0.91927125430914
-1.06472362808337
-0.994554318328943
-0.731570514469763
-1.07125125991263
-1.00411853811301
-0.851244565407165
-0.883063206906646
-1.00447283638699
-1.00733685140063
-0.891787307677045
-0.82065507291529
-0.977375251322861
-1.01923902319058
-0.834680175156149
-0.83754458579368
-0.967022806073293
-0.932503021946964
-0.959385019381264
-1.12016983911996
-0.806937323619868
-0.9969512454147
-0.795531731336139
-0.884084252359916
-0.915227085021144
-0.933050324558614
-0.962250864994066
-0.870102359625211
-0.994648580483567
-0.948002878342104
-0.829280442650723
-0.917294716359337
-1.08492904526804
-0.974881148083803
-0.894912568592679
-0.917970601451898
-0.823269747873586
-0.949983877880198
-0.768740076578038
-0.847001851760693
-0.802566989060127
-0.886733141312952
-0.905181464238716
-0.858074561451322
-0.88341563514349
-0.873941382461755
-0.881005673304994
-0.916741875780414
-0.778874781335866
-0.948768123949684
-0.848486362866972
-0.899140277937285
-0.796971241836634
-0.791589726562636
-0.773562808066442
-0.757425740479057
-0.682014333199873
-0.900950970288867
-0.856223656131319
-0.817851063016801
-0.856314040656379
-0.696604531973538
-0.949343138120244
-0.741091269911192
-0.879646956668216
-0.830008459695318
-0.814470975601435
-0.746845070473355
-0.838230019939471
-0.777880404273095
-0.942906924335517
-0.855752479237122
-0.717637414645659
-0.637814668433614
-0.842690994708739
-0.714160902622241
-0.696058000121966
-0.886996492995931
-0.813059742735109
-1.00833817971667
-0.705414724331305
-0.835193670250903
-0.741423524015778
-0.769659959315029
-0.703378493696457
-0.84097554783399
-0.688952669734903
-0.880495484840402
-0.782534217912927
-0.715199549958743
-0.662736522640621
-0.661680908276794
-0.840733229859908
-0.919723147056293
-0.66505759140678
-0.809883696031992
-0.668382150247453
-0.745836522626476
-0.827867063240748
-0.78319459476544
-0.752325094856344
-0.726877418214475
-0.612936600284742
-0.608067736251238
-0.584010141795642
-0.678598027033355
-0.769916448370436
-0.713121738922521
-0.840399492760852
-0.759170585525692
-0.565715987546498
-0.73010320597031
-0.745394598513627
-0.621954689818562
-0.721205577883236
-0.830807322075751
-0.562708786170178
-0.857717117533164
-0.709985242003061
-0.707453352980919
-0.789571279586967
-0.643670338576867
-0.797008128215012
-0.820630554403748
-0.770005134719276
-0.735424308670682
-0.768779311017806
-0.746623076527997
-0.76355519168302
-0.721940355229393
-0.716426182720941
-0.710971758328039
-0.74518717149731
-0.699419999245525
-0.569395086962045
-0.747350775897939
-0.664507694016706
-0.635980654980591
-0.582330432660544
-0.537121291003418
-0.655002210677513
-0.640470342735655
-0.551451181148355
-0.612421146090529
-0.728866735075559
-0.671447173120702
-0.70907729212243
-0.820852842865955
-0.690920380327704
-0.509721961627365
-0.751784438755025
-0.67672873382971
-0.743089484946447
-0.756657366562201
-0.657892323308225
-0.717973688466183
-0.714806459811949
-0.717812421261234
-0.72268822700072
-0.709491197283579
-0.700870984224956
-0.651309807538077
-0.744423343554338
-0.760295457623118
-0.464700599998137
-0.529440709913102
-0.5268459014212
-0.543119173411441
-0.736072044495581
-0.601843087462386
-0.494686275728781
-0.547936197709157
-0.655230748290436
-0.781799678771709
-0.654018684322367
-0.65153470266013
-0.647010249401467
-0.561137752612987
-0.595364246805589
-0.785272306744298
-0.511321622421316
-0.688571247781642
-0.565543814704589
-0.682889125802163
-0.652640192348475
-0.732796609303048
-0.57956425587183
-0.681804543919289
-0.696984363780403
-0.657473985803991
-0.567015941922935
-0.542595104132983
-0.713725478608922
-0.467563389673119
-0.620916871575936
-0.422407817373761
-0.513842904605671
-0.698112919723956
-0.511984899980837
-0.546009402483161
-0.538363889794033
-0.601408369324151
-0.645084020702387
-0.50385139977675
-0.702221123089625
-0.489315160967538
-0.600691260362607
-0.579302119385515
-0.628064889831867
-0.50198443328329
-0.474820407414859
-0.548660032256113
-0.499178070731215
-0.648719385829343
-0.455367313306995
-0.638233424981513
-0.694795314485575
-0.553062756356132
-0.504767134388228
-0.545331839403385
-0.547728691843258
-0.524215282227224
-0.55272803334753
-0.479869626399058
-0.468315109528194
-0.582340138507271
-0.625240700564562
-0.647958228159378
-0.70647032580313
-0.520729367487387
-0.478736627420385
-0.504384285296791
-0.484461126893725
-0.454951564828233
-0.375053984031703
-0.505259150314439
-0.502799609505033
-0.593733969093614
-0.384315907254014
-0.546337414627242
-0.563111216473487
-0.572331119338364
-0.481335035466056
-0.497935729162033
-0.489999050369017
-0.37434137006668
-0.446607691111953
-0.583426962037471
-0.382253497348248
-0.368329662196383
-0.372667170516919
-0.419549377252902
-0.5596617077238
-0.520476169402691
-0.525970228977632
-0.363256286155896
-0.37546728790053
-0.400119412646427
-0.540092686118202
-0.252116041229724
-0.440928949579487
-0.416548202199668
-0.419155494162567
-0.490091271140659
-0.404481031311141
-0.474001397971317
-0.377553944987006
-0.407616859550366
-0.340168140478282
-0.395031117250671
-0.37823263780467
-0.282093787874646
-0.544574075909252
-0.284659499730293
-0.41833823510937
-0.379065161893316
-0.416832125506675
-0.447280205685408
-0.304770942008462
-0.293251942601231
-0.432904194187408
-0.371709865001323
-0.344172006149493
-0.418743084917933
-0.180366570112397
-0.322947708119027
-0.452716278243234
-0.26874725914927
-0.279159469097419
-0.327055477543162
-0.419393234182888
-0.447262290884261
-0.352911584578648
-0.418226884041155
-0.478396833663647
-0.439743534197765
-0.367975743953807
-0.440468444156016
-0.394430536115637
-0.273262712187406
-0.328296898521078
-0.379731720318034
-0.285969374610649
-0.289140560828819
-0.416402383581998
-0.470977959038004
-0.455443458462079
-0.26595288987314
-0.229067224504848
-0.369265892696191
-0.311889841166732
-0.260358745740846
-0.364270926748936
-0.349730759608246
-0.338969292136429
-0.347910470639063
-0.254454047083121
-0.373066540540049
-0.35455175005287
-0.214914427421014
-0.262843284027726
-0.339426018752903
-0.300411780492363
-0.392967136941293
-0.379629491385749
-0.361617067373083
-0.22427795655189
-0.361823215426829
-0.341667876693704
-0.293045328091127
-0.198688141243525
-0.2423375177441
-0.322522168327767
-0.26149820519677
-0.255598519488001
-0.221508186066329
-0.288332332670863
-0.208923323176058
-0.237259670113542
-0.261599999541726
-0.409750924513268
-0.183075932541744
-0.302566616013231
-0.315568598861467
-0.212088647227994
-0.336817873883979
-0.234628637951784
-0.406554824306922
-0.342646040417922
-0.211573903789347
-0.33644174577337
-0.358832433991119
-0.311964311886483
-0.12070463788327
-0.20453709170536
-0.284501618118641
-0.105244753822824
-0.144879713891247
-0.34271464423481
-0.323115406910179
-0.165940548410103
-0.326637541994947
-0.290568834779577
-0.292853087220609
-0.362725389303903
-0.267900382863903
-0.284768038130825
-0.349453785775073
-0.201843975403515
-0.37492896210167
-0.169022948475983
-0.460847267699873
-0.268504229815351
-0.272856603819206
-0.235977808857704
-0.198637653545512
-0.132792374037404
-0.289019248955258
-0.290825917888249
-0.182590963180187
-0.165612829999487
-0.223181956823949
-0.137124354218623
-0.228169125251084
-0.208961096039949
-0.0467587343458991
-0.304263076387665
-0.193369216113291
-0.168690686335567
-0.242948066179647
-0.0505869252925392
-0.213429834929226
-0.27442952981285
-0.173825806533671
-0.188986081625858
-0.367477335464864
-0.193158478192187
-0.224174494220982
-0.249930118538165
-0.135979876391932
-0.222214489550555
-0.173121332992894
-0.123740120734484
-0.204154734594992
-0.177536734082143
-0.107979198641301
-0.150308385734981
-0.21714796771222
-0.242626120582078
-0.136928088751621
-0.0563973645898578
-0.0449034201811386
-0.0794965946185806
-0.239195323292128
-0.251702924210601
-0.0582031641793712
-0.196021244059332
-0.249074101064395
-0.11882918001549
0.0141298214812706
-0.275900484997378
-0.207999265260145
-0.148514037085116
-0.181420640598729
-0.19419709917819
-0.339726613656669
0.032961106838512
-0.075766926009732
-0.0923536157871504
-0.0446197069227518
-0.167386406793355
-0.153358750222152
-0.233793886791038
-0.0270703769545631
0.0457876557068742
-0.0428499182683199
-0.15814529597645
-0.218104394648198
-0.0245215332214102
-0.0942011559094264
-0.0276256661898622
-0.0735810176789666
-0.230825598899626
-0.128868538466356
-0.11049862543544
-0.15083420129075
0.0143686643845503
-0.120997146815566
-0.11307442857274
-0.151305216524023
-0.0193868291282244
-0.0110328285929598
-0.146295630876209
-0.0897193465073566
0.00113498665271364
-0.152592948222471
-0.00405056453845976
0.0302965937787603
-0.0962590617324506
-0.09354373586935
-0.00493812200235974
-0.0520591517243183
-0.203759692418622
0.0113121707394014
-0.0659529190401227
-0.103496603616921
0.116281084964541
0.0389463915860274
-0.100698360371641
-0.00458468451672303
0.105167950802371
-0.199012136342815
-0.00994462157034597
-0.0663576263374021
-0.0545058381693865
0.0583277918376757
-0.133207322909824
-0.163371711329405
0.00749884343392009
-0.139908100220076
-0.0533870317862641
-0.0533292418588043
-0.149922795882181
-0.0994804666206833
-0.0485086313802584
-0.0706173462793651
-0.0130432981537118
0.0655648950613971
0.0263824584491507
-0.0144925809155076
0.117091981697127
-0.0913320194566531
-0.0712127849615611
-0.0161658594137518
0.0788017956284513
0.0219429597672254
-0.0822335493767595
-0.00251983774804311
0.0884488602232043
0.102084388976621
0.0279814222122737
0.118243251282493
-0.0272833639502154
0.0171480185478392
-0.0736047031766326
0.0627201875337972
-0.0078803071108613
-0.0695080837069026
0.267742173342751
0.156859971629922
0.115822256466531
-0.0164289556057392
0.035660451254825
0.182587029876443
0.0609772926955807
0.00920126758813286
-0.020109075183794
0.0576730251334548
0.220281712995546
0.189071030835767
0.0166391518591702
0.0698382796695846
0.0644773822002764
0.120777254471192
0.0684088776240695
0.0537023777106543
0.204884364679133
-0.017199763813748
-0.0270975735960901
0.104176639448898
0.0890577451458614
-0.119354218355871
0.0128741655685771
0.216575838087607
0.135249356424795
0.156509083318647
0.113800866574147
0.21473652968756
0.199560067844717
0.139236250134109
0.0692343723446326
0.000150527454413162
0.125694786805055
0.0516452695376675
0.127635979355573
0.159273340047602
0.133493104390402
0.116186525141757
0.159783998957913
0.064232685580967
0.0883218308021433
0.208441928156788
0.237195772115837
0.22862770319751
0.152210683348158
0.131156020999551
0.239826253098289
0.308511641293508
0.243921027893333
0.282238728555195
0.178549769951961
0.177678809709442
0.13630515334523
0.176641085319003
0.126584332300769
0.187757059252261
0.116513535140871
0.179871995346906
0.102583760106751
0.205441041815781
0.0930742827203398
0.236885190391035
0.00514626470476984
0.342329706166246
0.0928846349675921
0.269095281939426
0.152147424287606
0.246205079304141
0.24624936484917
0.159282435671434
0.194359835275779
0.294486687750954
0.24604957798302
0.0917124096431945
0.243387116725812
0.155975160099362
0.252371956943298
0.297076838355856
0.276639768058455
0.331957423489451
0.262877806948612
0.139135670377386
0.238782051925836
0.312361198919494
0.213322665213323
0.421020583407951
0.17010139481895
0.169669600359073
0.164521726717124
0.240090661964623
0.12322489384706
0.367507135342162
0.240966731568247
0.26067677770765
0.162973953944275
0.307859521919694
0.260732844683066
0.141759927491157
0.175634119590502
0.356250056027313
0.207059101874249
0.21706228187478
0.179292019066028
0.387070457666663
0.386593761068949
0.33553677691862
0.398011421195648
0.279238945077751
0.20473449537933
0.288217175607644
0.450639515267479
0.173989563351602
0.22033210459467
0.249743065286703
0.240804905150761
0.175519390169725
0.226747865249881
0.255330335412925
0.260464987346777
0.346421796707964
0.205220834888543
0.273929246315718
0.303395952480721
0.240306736861066
0.385904387676829
0.433241401455411
0.242902463141381
0.424294793662959
0.256297422915929
0.406661462977013
0.237044236149996
0.400819277545398
0.317017328397158
0.336404439969908
0.0973096659471211
0.455159683630845
0.349290913398226
0.346431336403458
0.305046886164724
0.205350949068484
0.278065349677076
0.298894438737919
0.305165086479343
0.362690492850258
0.189655557109745
0.288999636081404
0.266221203799457
0.344003502480189
0.315159037242513
0.224824584796724
0.327603153859502
0.479946692662582
0.311359543548023
0.376310736783395
0.327214635012802
0.291120677473479
0.382329444479029
0.430790502742786
0.503380385818913
0.293576704582125
0.444872724089952
0.458415090359844
0.382665801609197
0.393623357990903
0.414129858879522
0.453814000484039
0.369571921347485
0.463518659995604
0.485896192277134
0.46807601664115
0.297537786732251
0.431254916539515
0.543869845331385
0.402515225453795
0.36239633369476
0.393817115264782
0.45572211537567
0.6486907461721
0.455980454794771
0.486811044065076
0.335136760291789
0.218768646164831
0.35807362715282
0.343876958694163
0.495851997818211
0.331937967838778
0.442750968974588
0.247956090711606
0.401125770156163
0.410563778367425
0.406818642084534
0.527836945027851
0.451389057982624
0.629861072324247
0.559355334303353
0.499291082281925
0.606061285754679
0.601485703089257
0.42523549223916
0.596111441254573
0.40785405463062
0.411077556922273
0.465881944617942
0.369081946864717
0.44782094362515
0.556857586276603
0.635821856257535
0.704644533384353
0.372121348016064
0.489853123404878
0.397691173088165
0.584460180593519
0.450319596321233
0.488901011461889
0.426214720588781
0.325899989685815
0.424670709624989
0.432749557831163
0.505302385612524
0.555946761319871
0.555329089287286
0.493211949551791
0.443104225526798
0.643522765283452
0.440783298289361
0.464377753435788
0.419657490255355
0.510865373800584
0.438136363938444
0.332299073535537
0.575369643011709
0.532514752903399
0.468803522823301
0.557054503800781
0.540182279800046
0.466156526566275
0.405518807150289
0.537656656507365
0.677881942160857
0.611594572042421
0.464771321097819
0.404526645168597
0.588445840115058
0.487168737931331
0.6295237969726
0.577941716518479
0.490343016199604
0.619287966415596
0.601557433741539
0.572978098775241
0.548920593931527
0.693808758056535
0.476815710570241
0.483684884021692
0.604502312859087
0.642991697749566
0.497720780419716
0.584006044894947
0.584793294638955
0.346998892165755
0.66268251368591
0.489456925827613
0.355111804019661
0.756639147624231
0.636826137840996
0.598663704537836
0.545262804955339
0.493067298723056
0.635898132149948
0.551979185588554
0.660578489627985
0.626104295964132
0.617578249643803
0.637393778068639
0.675339705273996
0.617096391414185
0.579234572504346
0.625785098026327
0.592977066441295
0.681392173863157
0.75547773613548
0.564695276082524
0.485760612085736
0.508743854670214
0.741527470431584
0.664831956925005
0.709189444457112
0.486425687586279
0.642900553762681
0.53867561849972
0.629859755461392
0.523575203788398
0.598001323888752
0.629430107222167
0.756704984136605
0.613539031047691
0.729174765091124
0.639341980384829
0.622675602914807
0.580103236986703
0.54572229109207
0.697014354295651
0.850076504488036
0.709659865682448
0.750605863753081
0.587280416731721
0.749514110558324
0.787514672540591
0.571431164336086
0.680600145466348
0.577906578580067
0.630536815066067
0.622843419233227
0.759751852197236
0.611381785517633
0.624671417111183
0.655147261850482
0.5271858783365
0.632876821493386
0.737580327455427
0.547801089767009
0.847285688218162
0.645809214699205
0.691242071933369
0.559201612725716
0.748450658880344
0.669195926105987
0.724503230840389
0.814185759345482
0.69865373744661
0.80465240720699
0.695107732432379
0.67292417997547
0.755162006958619
0.823502828184843
0.871237469808111
0.597561087727508
0.679365866501935
0.786845617337799
0.862142829980232
0.727027290320161
0.668801803058071
0.660876460378324
0.761549528711377
0.72211153691202
0.660343805306227
0.668151988356724
0.738985479197453
0.813411400800444
0.701150666131486
0.720298584236301
0.823784625039428
0.863980969767734
0.754455195579706
0.743419965683568
0.679990083309799
0.704514225251906
0.60441378589982
0.740963048951331
0.610817086554568
0.765285847910702
0.648428758143995
0.885791821770722
0.901904830654644
0.800169831239128
0.878718669007343
0.773499762951619
0.824983487205174
0.75931364854096
0.68373674343612
0.708550152841536
0.714697133788944
0.707084932005213
0.678211729681978
0.677574366377695
0.65542796774045
0.805424701708927
0.671605101317671
0.769775341326032
0.746713064410988
0.757440286434424
0.746936774145864
0.738139052980088
0.795235705555001
0.84007395707357
0.805670873998223
0.767827317227112
0.738963804220665
0.860273447166682
0.920619940373233
1.00350311442506
0.816084157337693
0.814057926235828
0.861930530816436
0.74378472405471
0.916486396684093
0.795431371151241
0.840618397079627
0.887934159263151
0.959363217951025
1.02692695938023
0.832905117543562
0.819997289374904
0.799801291648822
0.715165725750305
0.767936618901574
0.901377470840656
0.928539646806277
0.903388071979902
0.99209166750698
0.773099496091209
0.915414836647374
0.910212269720009
0.742462684612563
0.770375882163741
0.902639104632042
0.820158238581448
0.898892526366011
0.946434056507168
0.897360735167943
0.939792333260396
0.876809634281939
0.880762260878832
0.899260203070906
0.92604763385644
0.879331773463698
0.978754985216565
0.865894368411493
0.869739904856134
0.950092014565562
0.770104499323162
0.937990544181495
0.940830125383457
0.752832928101261
0.721675534394952
0.900919647612515
0.838501600827876
0.899742962941528
0.841361676440289
0.926552302404606
0.931666142463599
0.979656059363498
0.888326706406775
0.966645421929926
0.908863291466431
0.825839328091969
1.0738156860478
0.966536635157812
0.927217782701394
1.06624475017041
0.879146618334746
0.89980606114448
0.980425543021492
0.997758251454023
1.00330756959344
0.84392399727195
0.985258605567902
1.0188284613857
1.03609017506968
1.03018510981588
1.16353237459128
1.03898098231487
0.948313334759472
1.06362773067562
0.876790083792845
0.971495948251984
0.985398272291345
1.06194277800684
0.947240296879348
1.18684242916716
0.933632108333859
0.979085372446758
1.03115752637664
1.07835612147659
