-0.922100152560648
-1.09437121787435
-0.982802391165378
-0.880087727108595
-0.946709616021973
-1.0289712166531
-0.980231280752918
-1.05028014952495
-0.971377766601489
-0.894031266609164
-1.06195320025935
-1.12777836979431
-1.01608004859175
-0.963532197657181
-0.934023085429637
-0.917623396998387
-0.913295203217457
-1.06232533274529
-0.987731269848267
-0.742654833850379
-1.09208056276551
-1.01716032945296
-0.855457774592269
-0.890083235398657
-0.992741900887655
-1.00925338304874
-0.919692015936665
-0.794518728504003
-1.00136458651744
-1.01065773545295
-0.840992860544893
-0.845036597101365
-0.947955984704812
-0.926726668184694
-0.956020353093814
-1.0961714703946
-0.801109041888629
-1.00658962323626
-0.783466725790125
-0.88968947107644
-0.927168133360097
-0.934545311883407
-0.959406823533396
-0.865520187767592
-1.01141533607356
-0.931493113692004
-0.822068907025175
-0.910011055877191
-1.05559593578983
-0.972963809367069
-0.894038539357426
-0.917788518256445
-0.833523706810674
-0.943938588745787
-0.742438158977772
-0.848007661987491
-0.807394640587301
-0.871434803067007
-0.920836270291991
-0.857978082087117
-0.857749191918145
-0.877761854473291
-0.85754024348104
-0.893778461395084
-0.786741379620113
-0.952289932211401
-0.875285480527728
-0.910275298310286
-0.783022408581985
-0.786827833691525
-0.76372893966372
-0.756282992801034
-0.695662535997821
-0.91685924164704
-0.853725266189944
-0.815661842917728
-0.842793824369411
-0.700322329172481
-0.948587327666734
-0.743097835970411
-0.874172402501423
-0.831866779064939
-0.822289696597476
-0.766683649570103
-0.855703688300295
-0.783322997714619
-0.93181776929272
-0.84865441663465
-0.749225627940172
-0.651722924694528
-0.85914347069118
-0.70419868201791
-0.701602411903844
-0.888294265044036
-0.805032186120339
-0.980322399198186
-0.715430585201508
-0.819054121822412
-0.746640975137649
-0.778477095374105
-0.694749763356135
-0.845066601195309
-0.695279893795342
-0.899676832797698
-0.791992402264436
-0.713710106620945
-0.654900607515105
-0.661599713334708
-0.856334062959297
-0.891066414677482
-0.64714889656683
-0.832509760877152
-0.670813087692477
-0.732372040902267
-0.82620740874222
-0.786319853199653
-0.746815676279479
-0.725864767722455
-0.5953773723545
-0.622270684310471
-0.593793385503669
-0.68376337201698
-0.759150096669638
-0.728192631147093
-0.840987306427609
-0.780704710842056
-0.552281554475211
-0.740397228963675
-0.7269648448734
-0.614514202571276
-0.725602655683055
-0.812890777989052
-0.560677768075122
-0.853374950687542
-0.71152156222491
-0.725746104355855
-0.771269982833325
-0.642714965458014
-0.779872675854538
-0.815096284646453
-0.772826882493668
-0.698604049210032
-0.778436082081562
-0.754732677724344
-0.757335888752991
-0.713449324134109
-0.710735947914559
-0.703183788758596
-0.782482949068338
-0.703544391878123
-0.565872538700445
-0.744338543539983
-0.643071897386116
-0.638765358569074
-0.592419909881993
-0.52608189806828
-0.657187853180886
-0.644591150456467
-0.554234979734589
-0.62547992382484
-0.732546151144755
-0.674372191780874
-0.70991991901351
-0.791762540352591
-0.664751678582145
-0.503519460734678
-0.755042677387461
-0.679819815064967
-0.719388650179172
-0.754532122584931
-0.673916535361085
-0.706547187780682
-0.733207915744632
-0.714835283227376
-0.698807011372173
-0.700933802409595
-0.701466733333372
-0.66877112639711
-0.76113020554448
-0.762211140006001
-0.446878178087582
-0.515247637143692
-0.516326620994136
-0.539569074727027
-0.705317363979979
-0.591860363038661
-0.49756072208182
-0.556766585295995
-0.643656495657031
-0.789988791185798
-0.661546560813749
-0.654349537967109
-0.630348025028822
-0.564513749395967
-0.605301474959905
-0.804938566131647
-0.545733622033152
-0.650786604126815
-0.596945283598011
-0.688267193274432
-0.657114838567189
-0.736849440004123
-0.588639612546739
-0.667929189035376
-0.728016091494222
-0.646962982286319
-0.562084348617896
-0.539776508544869
-0.704246549401079
-0.463159945489126
-0.623364631677392
-0.443644892430598
-0.540051098423925
-0.67213502018067
-0.526569732687556
-0.534864602080757
-0.530605852539052
-0.609026708491914
-0.643699681956352
-0.520593544438853
-0.684303905976069
-0.512310100251946
-0.584286333400356
-0.577071654699491
-0.638027667266487
-0.511439290008672
-0.503399172328233
-0.547660434528404
-0.521929613202402
-0.637759827472838
-0.471587336142379
-0.625692237061286
-0.702565089988969
-0.556969252230135
-0.513196049828079
-0.528462123445713
-0.537190618794542
-0.521954195211585
-0.558273367410132
-0.467045802672876
-0.472793068640266
-0.566041469586187
-0.606200788211856
-0.632059418917763
-0.706833974580112
-0.521360693276348
-0.466469037037176
-0.499520649576057
-0.475162287199376
-0.446253186692184
-0.370283612188695
-0.505270277350719
-0.463809574509488
-0.581345653248072
-0.379381999488667
-0.557733357915732
-0.556641115060769
-0.573308319119068
-0.475156550320238
-0.493366813461839
-0.512271444626499
-0.388347914795519
-0.444984087515703
-0.579748731059107
-0.39355432249144
-0.360632050123613
-0.393130896262379
-0.420311109733097
-0.562116265607837
-0.505826987687477
-0.508797369996372
-0.372927611031426
-0.350642885325402
-0.373418433628069
-0.549574233553533
-0.23090417259508
-0.45423439422282
-0.436224608682371
-0.427860537694319
-0.48225241878383
-0.391709629526848
-0.486708440030504
-0.374603524340972
-0.397354842149409
-0.331833782752504
-0.411328361140483
-0.37130605376262
-0.271166076856015
-0.555516447108942
-0.289603844611552
-0.421847882175286
-0.377665706828318
-0.400239601864141
-0.45756133680857
-0.302404979843652
-0.323205828378962
-0.412325687698108
-0.367919194628045
-0.362630524895176
-0.408617135164474
-0.161202356452264
-0.328614280277476
-0.444755560880794
-0.280488977375853
-0.261616847884856
-0.341668346755481
-0.436996019487703
-0.448503924572121
-0.370027359120476
-0.405832803450004
-0.463167282103954
-0.437314996586029
-0.355359611137995
-0.437055197639483
-0.392789272119354
-0.282464947317357
-0.351648609387146
-0.372727675532948
-0.260848937386745
-0.289326071031401
-0.423369795321124
-0.454781198161445
-0.447186037643
-0.267095476128095
-0.245243841647955
-0.36826843218911
-0.29941293426454
-0.246663223076644
-0.348900832577282
-0.342857769295997
-0.310065987708336
-0.329518712117798
-0.252390421252884
-0.36988101575364
-0.36784978007946
-0.227030486842293
-0.275898529265036
-0.346489513363496
-0.302453781565737
-0.387935905838404
-0.364660492688897
-0.356159509891084
-0.232176144866405
-0.368489152556714
-0.345043865498933
-0.288369464926956
-0.212823765813534
-0.226229415120235
-0.351519750422242
-0.25992979807341
-0.246196137235189
-0.242155663984733
-0.322681988554107
-0.232562312084953
-0.247298554665482
-0.28187009847047
-0.385905956582347
-0.185873734055812
-0.322875429093223
-0.312530770145978
-0.241223161314518
-0.373579212310539
-0.247819711301382
-0.388792220403602
-0.330952827021919
-0.215402824072649
-0.310426813578652
-0.380266083494849
-0.301464109120592
-0.110066746156414
-0.21028249455693
-0.29751304621284
-0.108883245654634
-0.126302583892444
-0.337586127091273
-0.323965093605214
-0.160097845241546
-0.334389866359004
-0.285369621123209
-0.281319159142705
-0.346679505232009
-0.273313196877995
-0.270097861558984
-0.346102022838407
-0.187477318103929
-0.382261434625209
-0.189296797115783
-0.454063194539286
-0.263801498293155
-0.257511716008579
-0.24885014565425
-0.200087149559034
-0.127582869379588
-0.268544313149072
-0.321604486221403
-0.184498186353714
-0.15883831046334
-0.240003328168065
-0.137007744550158
-0.206136014654311
-0.197876465704586
-0.027577388957105
-0.299645846867845
-0.181647765225362
-0.169633334308545
-0.221608328935317
-0.0540789603068076
-0.210615429890135
-0.269984584204249
-0.198090817727326
-0.195199993257387
-0.359007183688846
-0.20535256613663
-0.230877646727435
-0.254429286829359
-0.141026987243696
-0.227459149250172
-0.176649281586214
-0.122301467952617
-0.175196870377784
-0.176876126972001
-0.131842411553786
-0.174967695765959
-0.230898505230066
-0.226296559421187
-0.121968121256789
-0.0701796578357208
-0.0479646134498983
-0.0800961832998944
-0.250240173989944
-0.25935183303691
-0.0720089128125414
-0.195253955263851
-0.241548846733901
-0.0875140411498871
0.00110590250026896
-0.297960173059526
-0.202863295439679
-0.17145918842651
-0.18766912652377
-0.172732053418647
-0.314862369729354
0.026396552348594
-0.0646586905284172
-0.0727478562234938
-0.0667179454938199
-0.17276350226641
-0.172360897912768
-0.216567268298743
-0.0334650498451165
0.0362783639250029
-0.0281095405092407
-0.157218257570134
-0.212689951512985
-0.0348609384310178
-0.0717206657517152
-0.0304404221307171
-0.0864044119743598
-0.234467473096515
-0.124238746915969
-0.103260995544389
-0.151325246967951
0.017404816415309
-0.135581066383535
-0.096489970661663
-0.139073361268356
-0.000900529783678011
-0.0370232656153449
-0.151714407220966
-0.0989989395224466
-0.0284996916882666
-0.167012233271589
0.0099148133762053
0.0399641796889847
-0.0937698990563706
-0.0814294299201039
-0.00887492518063365
-0.0379408938912003
-0.200680899960623
0.02036579759829
-0.0582373668892973
-0.0881777175390402
0.116739209812697
0.0176292201374269
-0.116276659793716
-0.00617599282642451
0.0981282149512804
-0.178889865934755
-0.0091239989936931
-0.0769891249198149
-0.0660203441910418
0.074874794864813
-0.139966087510847
-0.162555555117032
0.00671994990704743
-0.142148778169434
-0.0579963928511652
-0.0544898710817483
-0.164325198768632
-0.0918984523637068
-0.0511013353147299
-0.0731100509112527
-0.0150057471854624
0.0619164089252335
0.0192975705775106
-0.0192322826653624
0.132995940196548
-0.104601558915566
-0.0674078832395883
-0.0140547376098321
0.0749100281206657
0.00989464618815132
-0.0835467642783861
-0.0137109901204825
0.071189246258952
0.107707217432718
0.0513351088417887
0.0971283972460873
-0.0283684902573973
0.0118037156976732
-0.057889532948268
0.0751251096903826
-0.0231558415048215
-0.0501170381859533
0.271874744432134
0.176309635876238
0.117701062842876
0.00315462298865177
0.0440412361474118
0.170077875151258
0.0708238578351793
0.00785615531165468
-0.033774055355467
0.0363171451542279
0.240513695869426
0.180097718986065
0.00192895670999475
0.0777947479934669
0.0902202909535261
0.1158204876683
0.0800524572614203
0.0394061430250686
0.19400480048484
-0.00382778503401861
-0.0170880540888211
0.10458357990061
0.0800875155416229
-0.111312125737685
-0.00659830025912278
0.20131327645273
0.12238545871948
0.169739235078627
0.0940556028214535
0.217125283081307
0.209838940758139
0.142816221303213
0.0507480852233167
0.0121954386388635
0.139898648446518
0.0436936429294491
0.119523424653812
0.17507207333385
0.137121483969503
0.120631801049406
0.155056879505488
0.060365874007432
0.087947563438484
0.239653751558994
0.247689783812735
0.230777363044071
0.141540412371286
0.169209604898793
0.213705465079318
0.318834469655732
0.2491338617577
0.264785330299922
0.174945171074525
0.147712214609989
0.134317763682518
0.186369092438139
0.114458982369034
0.165926413175702
0.112977474540523
0.17083034060686
0.0957483499286053
0.20071685548111
0.0796032730799916
0.237931682952363
0.0352453939676212
0.334028328421894
0.104474787613349
0.24894235532226
0.139854928492374
0.234382972211615
0.26410769823117
0.162345199983048
0.161735360941546
0.296232635659046
0.246179993252669
0.0931596276758706
0.229840032660685
0.127669110119149
0.233415503086337
0.301621057318361
0.27248685829762
0.317291874752225
0.254558919990118
0.11649175117703
0.212312505331393
0.308754918299573
0.220187382216741
0.446124894511609
0.18991968889512
0.180965691389326
0.181659460080005
0.223145162507959
0.141596531254782
0.374403978988498
0.257040751275466
0.258506495196976
0.159397220926962
0.315072534594518
0.259594488752455
0.144085005066678
0.173809426930496
0.343858044857156
0.220333962643099
0.208980241041133
0.153885855966992
0.365025517511215
0.391436645961621
0.330235618467924
0.395215520458515
0.263237939080761
0.198315429847717
0.309464475287448
0.464443616313545
0.177522889217805
0.206617035280455
0.261150465258545
0.242647038721481
0.159848170693361
0.222432939648367
0.242444759865829
0.252111857360974
0.370601312050848
0.205980324124683
0.296097876515542
0.301662089132839
0.259470477459878
0.377693729342609
0.421854722124842
0.261560143066773
0.398499791867049
0.243492774706716
0.412332399250016
0.238015152156218
0.399035698510912
0.298639406439694
0.321100019453028
0.133504309994026
0.446203462180671
0.366786679057981
0.346566778654451
0.34229952910833
0.231541190576385
0.279892085742974
0.286684802444314
0.312332713879448
0.377604845642442
0.178030768714497
0.306637145764465
0.252948236592525
0.348337332094336
0.293706084864555
0.211201348801075
0.345442405111142
0.478169121591724
0.301243952229849
0.37347683010945
0.314016237896335
0.307095201933122
0.39429688353649
0.440208081751113
0.49342854823907
0.259274331499838
0.435644655922567
0.441744108716884
0.385234823381487
0.405515013752203
0.402252174350975
0.459738635140381
0.360217774831007
0.452078953258248
0.491707225316442
0.479840642480431
0.30873599020101
0.446691066194199
0.554844773510501
0.420303458212612
0.369645608078387
0.379955019893387
0.454690124601661
0.644919309317359
0.450440524164174
0.474538349189011
0.317493796292089
0.218725378577078
0.346384481921634
0.341706524758207
0.490945827659799
0.328800827729591
0.433842404597581
0.257141754375445
0.418271903319978
0.429345167244853
0.403807678142293
0.539813075439268
0.467295456778416
0.644457765089577
0.547088359152044
0.498597039451464
0.600351339403184
0.61111877861367
0.421457624945546
0.595788632458138
0.422776497297073
0.443461784144836
0.481148759127405
0.361368130479249
0.442060713888057
0.564632934003199
0.666385186299269
0.709413720018976
0.377711001108839
0.47061809180001
0.399565452036933
0.594495391430237
0.479216032842184
0.502925617964877
0.436541336923522
0.317072138101092
0.439517865006864
0.416723094263836
0.500440566147165
0.566014607018618
0.524789689752861
0.494197726119709
0.444928251347011
0.621667661362563
0.459580396672787
0.459947362669525
0.432700816422315
0.503285307173059
0.467478103927953
0.33854941942655
0.594102023436683
0.533570488109458
0.494284289025303
0.57123007823524
0.539902721626349
0.435778439311972
0.38671923442494
0.510396420240912
0.669208664351094
0.612391344607145
0.46698708837443
0.433357928209327
0.582327662194658
0.515034538086927
0.603094275247742
0.582110002212415
0.505131311776618
0.608164919463248
0.607221914042392
0.561872322547261
0.529322013985326
0.68238678118853
0.49377570167299
0.479564752037918
0.603022012319952
0.647911966925506
0.495988818396074
0.594030653255467
0.586948012778126
0.329574767954109
0.656362447706458
0.464864695767441
0.354199107819004
0.762489945720528
0.649019693951126
0.580260923314996
0.518303709839394
0.505014450571142
0.652859812943057
0.550206003582447
0.648962725248146
0.633367601993139
0.604643074302721
0.633215934091914
0.68159023475463
0.625852802753082
0.6022159644055
0.658818493560094
0.604034156346858
0.66484532606746
0.737597764935511
0.541420756067802
0.487866713331225
0.501135995935264
0.748485715325815
0.685247644361227
0.716005061120687
0.477474318521003
0.6374751185306
0.546795063910928
0.629572445612039
0.529446653906972
0.604481890212997
0.641851439547909
0.727863110993054
0.630722256410413
0.732341431606932
0.623874020816001
0.61359345504756
0.601277258945101
0.544760310713749
0.72345160830295
0.852031665786772
0.702307679553956
0.7541496673232
0.608542591249063
0.743240029049213
0.773183436147931
0.55847144281949
0.687184813661508
0.611234522227252
0.619874950916392
0.634675279667706
0.758393592695487
0.612844459225599
0.62741207613883
0.675938194260961
0.537880616961154
0.616236793686338
0.750793069865168
0.550572797374208
0.842200982662523
0.628877415112437
0.701627862153691
0.573810319452883
0.74644491279491
0.666209472783023
0.732201763416071
0.818492183621175
0.697350647466617
0.799114104544285
0.7028733818862
0.670594519127987
0.770106351753841
0.834526280730447
0.889732747237568
0.603391238823719
0.684975008103837
0.827502130035859
0.853137609796019
0.718329718988095
0.655546376351522
0.655912869372516
0.739060500239106
0.737497049640747
0.650552698115021
0.687265537782305
0.718620212883506
0.810858249730439
0.705795308840957
0.733087502517238
0.827032463387934
0.848666077635359
0.760178800100663
0.734746373812068
0.695429265718586
0.705830659154177
0.615872129332403
0.739386241419631
0.613716717833587
0.768061042584964
0.65635633299962
0.866364183541225
0.901739716890497
0.781576960014368
0.887127863765065
0.766043284598825
0.835082198563041
0.778629239706216
0.722147987266953
0.701430044798008
0.725284378283255
0.728303657830924
0.7064992558325
0.675087627791215
0.652899962957555
0.811350247369524
0.685374127546747
0.781250182197396
0.728641130198327
0.764908252087036
0.733314703853686
0.738922951228917
0.82575381534099
0.868011702248866
0.828572576943887
0.795739896897703
0.71320717509811
0.877564889828138
0.912147076807289
0.983540138950366
0.810081503653912
0.80755293201014
0.889558638704788
0.758183393613486
0.939156868836867
0.807359170113531
0.846209749451907
0.904580474565563
0.944284739136275
1.03279288148334
0.831899213617467
0.804465427238907
0.791560497332362
0.738995230552723
0.773195987143757
0.913630914431176
0.937047344652824
0.911074166094281
0.972496079481674
0.772748097725829
0.924138608694062
0.901496542606699
0.736235893867826
0.748674125437285
0.914293642703378
0.819356942244978
0.902433471938664
0.960932413481125
0.888837222833578
0.943763140470639
0.859093789340276
0.880360819622176
0.909730437282701
0.929975700716602
0.875751918488699
0.986252534430875
0.875936232944872
0.891800442989922
0.957333478138241
0.784387177198968
0.938115203191236
0.917431172164499
0.700982857176055
0.720771812020065
0.915920844544659
0.836343356939642
0.902062661669434
0.825553475996293
0.922369758237627
0.918738896649551
0.988969152518679
0.914676648320048
0.955697195521083
0.928183546509963
0.817584988365896
1.05822699552455
0.960889295098351
0.95010601643212
1.06861923826194
0.894329883343504
0.900984767557469
0.982913819682071
0.984487898783903
1.02528424204555
0.840760930664425
0.974977218832963
1.01736886867468
1.05553621984319
1.03773932731392
1.163796846905
1.07843944170322
0.947903397209423
1.07773336153889
0.866559880191542
0.958815329130383
1.00341406161467
1.0786523789113
0.926167005405763
1.18450015342935
0.93449844276129
0.968181763785154
1.03398821753603
1.09082305543019
