-0.954059720903941
-1.0140080861363
-0.969316020252169
-1.01627449268732
-1.06366023062039
-1.10391636851589
-0.93332038958755
-0.891831365002057
-1.13207361211283
-0.816100754755724
-0.975518781152206
-1.02420331647393
-1.04362137286392
-1.00592260124176
-0.885532710374244
-0.937260824623251
-0.919209452501241
-1.03438380567194
-0.998111716209858
-0.940302626049353
-0.789149246832325
-0.969918229360004
-1.06366302470993
-0.91630862755923
-0.849346393333965
-0.876489565295749
-0.99659326666506
-0.977143218116624
-0.856499390801495
-0.893671262595008
-0.98303511297813
-1.0509006124728
-0.993581851026683
-0.984312849682196
-0.853365150388593
-0.837515402192167
-0.923501773251592
-0.794065694422991
-0.938999374900358
-0.877868318214797
-0.755256150642392
-0.87112634131356
-1.0521410050897
-0.973632060692621
-0.904954962621736
-0.875439225930691
-0.956902224262875
-0.904089776258789
-0.955091936891392
-0.805635243120872
-0.963268403681625
-0.977012142562123
-0.92325781552735
-0.883307882365875
-0.950255440186619
-0.893504641646722
-0.832922267943505
-0.833627780704827
-0.946941777927539
-1.03878247307889
-0.850523298028725
-0.992181943595675
-0.794848970279851
-0.782500779177051
-0.794667312504722
-0.818595740759604
-1.01620667902988
-0.83366630681973
-0.841211533087663
-0.764079859129334
-0.847538354735824
-0.913834523819916
-0.974779022804124
-1.16856210000449
-0.85652817571915
-0.842300676871024
-0.913444425871917
-0.969900197454608
-0.765196606003674
-0.840399156548235
-0.767962827275934
-0.880806515596543
-0.934013862171091
-0.89936501503507
-0.641606041535207
-0.778801205480439
-0.907628814954564
-0.825776796137756
-0.892631388689442
-0.923159913460451
-0.908132701691162
-0.774130501975464
-0.85994599650348
-0.722770568300813
-0.800163802453607
-0.771096763611805
-0.83141055106828
-0.726613924554568
-0.777583625909076
-0.746475540365655
-0.664146318044078
-0.746539713989309
-0.945663881804495
-0.854683792623111
-0.879258307191376
-0.613897452021312
-0.754340286723343
-0.740260465587876
-0.847839934971779
-0.644228437514151
-0.599554317987213
-0.720157264171517
-0.76851930974446
-0.979140168015716
-0.895693326509808
-0.904896268469848
-0.774527035405077
-0.747046757329401
-0.848273099264242
-0.752327620122466
-0.632159377724193
-0.903175536832654
-0.679080996371097
-0.823795870294683
-0.769461322204002
-0.706642987688405
-0.849598001226274
-0.627711904482486
-0.779910376762508
-0.748138004747227
-0.752627867611143
-0.77670915193272
-0.870805028013706
-0.679314881927607
-0.660286448870885
-0.735593242114291
-0.713310354480135
-0.71777336948006
-0.747822419842091
-0.763782292317947
-0.786913688777201
-0.660867361691747
-0.739669361894417
-0.678638461950315
-0.660788633249195
-0.596543446862807
-0.748080859699911
-0.663400921147286
-0.804218637801593
-0.594959537740082
-0.743943445936802
-0.794774728939485
-0.581132973524562
-0.751840911852273
-0.602623472124169
-0.639515456850962
-0.862655750268963
-0.612034766966508
-0.714898202398041
-0.576991048798755
-0.66126586361784
-0.690630433702616
-0.585482182759952
-0.717166768669563
-0.592137310630513
-0.675828739652958
-0.684112052730578
-0.60311970038841
-0.729436645685421
-0.595876216895067
-0.71219086105073
-0.668826857617848
-0.584461116536648
-0.679593163666743
-0.576503052324781
-0.524425275021173
-0.629762838874462
-0.739510608431415
-0.783392528932276
-0.702029487304024
-0.638124017986805
-0.558521385917607
-0.533001681875814
-0.547987299992561
-0.646345912789866
-0.6057907899368
-0.660261756648246
-0.534803037777751
-0.590082186828349
-0.754240122429656
-0.537652587771007
-0.588047245030857
-0.616378409603275
-0.644921848549025
-0.450428410374271
-0.769584795900163
-0.595532269284169
-0.591068490241616
-0.745247596643696
-0.562365335618506
-0.487793174120898
-0.687477832521488
-0.447783156016883
-0.675870171995017
-0.560099546393305
-0.624784280991886
-0.430684916728866
-0.606963758534559
-0.588308822571686
-0.611603552379348
-0.589180210792459
-0.720455747904486
-0.512398943336084
-0.544692300071383
-0.579881758309799
-0.533130175716326
-0.597933750533079
-0.547732099778096
-0.569576545000257
-0.584855276548873
-0.758516834721743
-0.629897072827898
-0.572492819836806
-0.494670839053897
-0.589762070875727
-0.596654105242111
-0.504430143656313
-0.547120511805581
-0.614357039376439
-0.605323342912846
-0.508969349435305
-0.54209998215284
-0.589358218827229
-0.619751331779533
-0.555031437177625
-0.547129628127322
-0.467504067317575
-0.631695184196479
-0.403206758367485
-0.493075267852535
-0.504475498467562
-0.533894425374197
-0.567634703138847
-0.527153192165283
-0.586808940430162
-0.557148945305195
-0.510768620762978
-0.583249178978949
-0.547117311723205
-0.479387341413124
-0.448821836327832
-0.526850755636659
-0.438900045235897
-0.419435363432807
-0.41345981739456
-0.447066247374925
-0.51687061144644
-0.42721161869019
-0.503748833052661
-0.564462040829748
-0.473121448962393
-0.558483031369731
-0.540587700375342
-0.550215021349404
-0.379636597301839
-0.255842576498982
-0.409469367898844
-0.4549350116207
-0.578262424885531
-0.482717300022169
-0.636613226277545
-0.461708467754836
-0.46125138428507
-0.43667203135464
-0.39932343628725
-0.404636549662047
-0.618438520407352
-0.4592312932767
-0.408057584879425
-0.330107360904831
-0.488129447760118
-0.327928072957087
-0.481923594149929
-0.647340174551763
-0.344631663288331
-0.500107619166039
-0.461812928122225
-0.430712348608859
-0.377040455980142
-0.442000139748402
-0.453666387557308
-0.275110145666629
-0.457223117871223
-0.363865012036731
-0.440647979587276
-0.298053158898289
-0.3106328622241
-0.433159276339339
-0.322683870010095
-0.273592897455833
-0.424438185551099
-0.332781543098258
-0.345892417747199
-0.278499298431229
-0.315907726388473
-0.305707767001682
-0.432602276455759
-0.433307852182631
-0.283251962603748
-0.479658843187052
-0.34536537615596
-0.391805047900926
-0.421567009216761
-0.394060443193674
-0.354812780319929
-0.38155787857941
-0.37669643463063
-0.403772794410979
-0.310759219316593
-0.42704721202998
-0.263209907804875
-0.428586735186493
-0.376495554619152
-0.432105243347258
-0.276911209309937
-0.459910831931055
-0.478551375007393
-0.275262281206965
-0.38189952872671
-0.253602623161468
-0.35998067389842
-0.452694965151475
-0.26653356503351
-0.518274835170246
-0.326023345770058
-0.176852770071124
-0.301794131272102
-0.384604481142628
-0.242019449986456
-0.328595172038718
-0.127929996636805
-0.406405365511048
-0.228273958381561
-0.316490616658205
-0.417136133258231
-0.226208175956607
-0.283925873336593
-0.303220540062726
-0.327644440392606
-0.345659155165061
-0.0561369122645767
-0.37990045482643
-0.343464627540337
-0.335807372894295
-0.213494015292731
-0.240349749733282
-0.377572430174491
-0.207890965435176
-0.387352404905477
-0.370988883376727
-0.260703387923523
-0.272059702834449
-0.361142005314224
-0.163752055237803
-0.223951261003281
-0.248231705959954
-0.241382642522874
-0.228374054154695
-0.250127750973323
-0.33978366057762
-0.303635868500477
-0.249646553717567
-0.257894181211008
-0.205354231396943
-0.319882356789816
-0.178226998987824
-0.268481256344213
-0.314041197908592
-0.298484477519512
-0.396715278753687
-0.342569557445676
-0.179698014623759
-0.155373701063148
-0.19198695817613
-0.243078122780239
-0.353185566061821
-0.29282116533776
-0.286292975185587
-0.296769952038504
-0.185380267520099
-0.267646653716885
-0.260124733212505
-0.140552875920592
-0.104024791235219
-0.195679562766841
-0.37644492447101
-0.0469209408548968
-0.147755629015505
-0.235505986565455
-0.3440947351494
-0.255370126636896
-0.255357348429923
-0.115063465127664
-0.22761049163441
-0.342970713422592
-0.2026537044136
-0.198462754121894
-0.222664736512386
-0.0618814908646469
-0.171598985125497
-0.257674902417308
-0.153959745050203
-0.206728543303587
-0.1338484139996
-0.264541279286046
-0.309749693215103
-0.0477156306642845
-0.216688759338947
-0.141348076642168
-0.187771369531767
-0.302696351764956
-0.10590973973118
-0.245500032706182
-0.219603949154218
-0.0920044938897219
-0.121119978945266
-0.0716323068047748
-0.10713568141291
-0.302482446081919
-0.113178414087087
-0.301303138312723
-0.0288384742231346
-0.0949473544673749
-0.191944197877876
-0.142092522986537
-0.255849408898439
-0.190325664167273
-0.0623164992189996
-0.166703673782888
-0.142073235231457
-0.194613189463335
-0.18120112115453
-0.046868337995573
-0.0478847101916835
-0.258421315467617
-0.0888140441186566
-0.137514318231424
-0.153979391339814
-0.175905350751489
-0.274741853839303
-0.174703329557656
-0.173161327024277
-0.0134655716834096
-0.0840367978502788
-0.126813333695911
-0.0462378724429856
-0.144702996490272
-0.00591940128136991
0.118549376672565
-0.0634936754833687
-0.074899662909497
-0.0493148359002379
-0.203983120467736
-0.00352155600739735
-0.231737613928514
-0.00937603898963007
-0.117831203872775
-0.081774705020961
-0.0207277564164632
-0.208711776194726
-0.00995909810440143
-0.14095371404388
0.107405606136645
-0.0793062838190936
-0.0265320166304838
0.0285474710300976
-0.0620254292573716
0.0114971300947839
-0.00329969200133055
-0.0510315400817804
0.0765669746798872
0.0814546719183334
-0.0274042293944049
-0.152728603726042
-0.123643362392358
0.0417717429755177
-0.0864984115061954
-0.211565229537782
-0.10694003733196
0.0296774582317707
0.0396890889615756
-0.112753298162534
-0.062853808531705
0.0866640682905288
0.0580043526588101
0.0642217418951295
-0.117435761068616
-0.0265111005664317
0.0557427633808996
-0.0188383083100306
0.0525973552186401
0.0584077034039376
-0.0221692258957296
0.0667925739206321
0.0509189009431669
0.0504970336302547
-0.137379289423369
0.0380579144277768
0.00576610218602604
-0.163003270614119
0.0569050940624619
0.212345993847333
0.0498540806365514
-0.0230682989060286
0.0896350621760915
0.14967301377331
0.0992946599512538
-0.0156183305867881
-0.134673353001206
0.118627612615584
0.00365023331052046
0.130933081753393
-0.0406403774705536
0.0330309144117445
0.0779955718010509
0.00986136713382689
0.0966027870212876
0.0150192459486901
0.0559948396994222
0.0987700315721279
-0.0357585898170907
0.0794990666444503
0.181469721660721
-0.0907216386244964
0.119998950884096
0.188265647533799
0.0331715059825805
0.0267416537937491
0.105789436535877
0.127351570993806
0.104627610274774
-0.0451257515397702
0.0450397675402174
0.124827300348174
0.188776713726666
-0.0761008929104139
0.178515655048104
0.0783016982379258
-0.0639548603669102
0.113307811302135
0.158911654875073
0.207445969653917
0.139480643031694
0.0522165748959363
0.14463304824442
-0.0180565971331834
0.205532215236635
0.133120021013039
0.0974479788408246
0.067905335671014
0.0842720871348079
0.0209299130558217
0.0990533679802936
0.110067381961145
0.104856334066699
-0.0873235677086588
-0.0265096472366869
0.102991120127318
0.00792430016093219
0.0461785939728975
0.0459730218078637
0.287839217267325
0.226127390355813
0.226972706534615
0.266893073838921
0.142158358954105
0.05314133040977
0.199831229911082
0.182924037054636
0.0955735072035337
0.0558184363107256
0.271002829097204
0.0454982348885732
0.309212523910049
0.144853207863598
0.241389768511036
0.270641647804151
0.217660254123949
0.150180108091946
0.260969010741355
0.237092633886914
0.173416452715993
0.312212859087046
0.0831253741960691
0.244411511199722
0.0755134374663574
0.122189360341276
0.0929750626389338
0.308972261179072
0.328988038880317
0.302965251229648
0.19579816737394
0.166983618945654
0.253631642265002
0.0704048524966305
0.307693107820863
0.228095165492369
0.301341992322083
0.168787587307505
0.0763149506291769
0.338933913682605
0.166373139000199
0.274676748878098
0.342329440597459
0.0953649711776233
0.249986716449301
0.20251775396039
0.0218367022509347
0.124325173568218
0.449141143602864
0.349782095703112
0.236091731309631
0.158620667412687
0.244668853925467
0.406716000097955
0.297819908585598
0.114953232997982
0.128401185503862
0.171382698757552
0.40746453878489
0.25638456675472
0.345362902196737
0.146952500123568
0.236526111069297
0.205871016652483
0.264238190928722
0.160990464164852
0.358424735065948
0.38618254166826
0.400717085553668
0.158887284649115
0.284649556300065
0.325165235321179
0.384712397920925
0.248833282697599
0.252317897426835
0.325022020365034
0.26428619032706
0.327770153484883
0.244789418863332
0.209786253121235
0.470472968130121
0.374494856523706
0.253778630714175
0.294673297432418
0.33018127742825
0.284430291153821
0.378111388881498
0.255560384093177
0.381720776691099
0.409458115022227
0.398046684245595
0.300215292051797
0.393106668823229
0.436480824536091
0.208564187583678
0.256212612700691
0.350156217174814
0.304665502172229
0.0976153425476053
0.346775107929091
0.288924027195505
0.331739711754709
0.230076067980831
0.396325001843101
0.296140750044324
0.31719809354352
0.434816539708868
0.362924548089459
0.168668030821821
0.334603558913947
0.409023343710474
0.345167332275877
0.397854947039681
0.303809192797387
0.343326164875579
0.307547618494662
0.333060994664053
0.355815078540432
0.501877671665895
0.399392739478103
0.416351279547216
0.351234268325171
0.4153271389852
0.270585829460425
0.33593879215101
0.237151766749011
0.276908619152796
0.359112032115108
0.386730711490768
0.292211494418269
0.266514370994412
0.552389948584275
0.334146509417364
0.279116823778521
0.387988656268479
0.306627331992445
0.255505354570096
0.542895181085016
0.499497542574261
0.447583609633501
0.46262429944545
0.409539275456689
0.280245134148541
0.433777125101878
0.515722162835173
0.423655701524902
0.43213598233058
0.456414443447358
0.341740535710399
0.390786977570599
0.531344219971253
0.434151438128436
0.375715357589951
0.381516894003568
0.407372626943356
0.471005308729014
0.503995891521871
0.341398095639379
0.553231319783975
0.50404897657205
0.478171851113986
0.425144182867249
0.534059590112807
0.471783544865943
0.459310350126192
0.466269457617158
0.341998756405772
0.423375470368597
0.492412425475669
0.468015740071218
0.490291468314224
0.536478390153637
0.483299299946796
0.474042309961477
0.521986349040557
0.460111867406685
0.460571824421298
0.493747954303157
0.495626333464422
0.514174612614026
0.64138104441967
0.597977545086274
0.524783556283924
0.500426382932512
0.534068539290604
0.579776747611409
0.518589525614635
0.541320697292159
0.537795926193758
0.60531972995969
0.529317890306677
0.561818016190819
0.527029472449072
0.552664454011987
0.458258048253202
0.52438998194372
0.684059591973754
0.445644449568091
0.504544307734167
0.501561558616324
0.605938371486425
0.574403052857206
0.602952813729285
0.595936354505022
0.614671647768884
0.500210361330801
0.626977127311203
0.592150422061023
0.673495088660323
0.44285686712838
0.57179780850158
0.816454165245825
0.548653634273286
0.632423200961689
0.612665675499395
0.742453879410833
0.519551174692743
0.585706871639709
0.609458666442078
0.51595679288446
0.609433942103057
0.651170617365879
0.586591653247248
0.68677404272116
0.626260460755194
0.657388021229697
0.669525128942843
0.641476790275986
0.45318871312526
0.498478646323855
0.55450521558957
0.561555742717626
0.695857887897757
0.578603802782714
0.681611335354133
0.596676141051844
0.465185602719455
0.704342390972378
0.645026057098519
0.571189386310076
0.582911144918345
0.627758639453607
0.530610180696145
0.420023062040606
0.587154354971091
0.591276113084439
0.487654015511483
0.579145094884084
0.623985378525689
0.577476260363586
0.564794742252135
0.641020099759677
0.704928733791797
0.686853328617251
0.580595379047327
0.493196472988661
0.725252791292658
0.668538436550014
0.539589811997266
0.488005430344358
0.712889064642774
0.477636520398197
0.798783565971841
0.608790153091199
0.742066152408861
0.785274032172799
0.726246773702941
0.65223305802326
0.726109356459686
0.759990436955409
0.74114282226702
0.733380437932966
0.744510236845068
0.625149310225616
0.638049292811954
0.544746481361779
0.685127319575182
0.515587477993493
0.74181370095602
0.687360430329764
0.680163687818799
0.59646610318694
0.556105915489021
0.718396374429422
0.746390179990895
0.7228001703261
0.699949952982423
0.566464997652168
0.697328277912651
0.704636159563265
0.723281841889917
0.766814830548857
0.714365637451069
0.772697244663112
0.787100592013035
0.75746032488027
0.844430613965334
0.661583744467778
0.738736193851564
0.87057718880376
0.789310528512848
0.780184074078487
0.663215053581388
0.716618753112745
0.688548684518328
0.873952407825322
0.803056768337716
0.817681587962326
0.869137962715337
0.726710733767597
0.746786867716227
0.791180378854219
0.652571856485759
0.808258675709533
0.815506155450088
0.788659955214179
0.807714740718281
0.815757027827758
0.688840454538073
0.76358879057023
0.928043897066046
0.60747883408512
0.6349505554864
0.663219113185427
0.886536393183056
0.872070645408279
0.88058033186632
0.768044642277985
0.86685318806864
0.746437482314325
0.774432909069494
0.875475739002952
0.664469382856846
0.623216995631545
0.842717714907964
0.835369762552708
0.822569045781761
0.749144619488214
0.844110485771956
0.878949798221263
0.84042847364546
0.741672210541245
0.728066286223083
0.827526277024252
0.911421478869527
0.854533066288487
0.763705136344223
0.857451400687082
0.917014113514569
0.739104146647985
0.81545970704037
0.714223085960551
0.881752694338206
0.837544564946072
0.955592934575979
0.686806877055804
0.881411070561685
0.821871679545041
0.90986023630984
0.691305594186397
0.926578433515452
0.896359896760143
0.742239394230199
1.13055066591545
0.799854134541187
0.928625214847375
0.981963764482828
0.922868114699773
0.880955226620547
0.876858938573271
0.89314765536058
0.832329007089159
0.916571913746606
0.905504176502992
0.961240875091579
0.796774341847549
0.710760886053265
0.95172526321731
0.758474058722334
1.11194797138633
0.971784346453284
0.837275782648648
0.797015699489826
0.896147373233984
1.02849012761245
0.865843364796415
0.876318203315498
0.959384148789784
0.793138947328398
0.794565280336768
0.960200847538648
0.764117197375845
0.953087338749994
0.958177898879002
0.995132017269784
0.956337472780244
0.951790449640914
0.969241559228641
0.945098145361027
0.838943023012872
0.966780274851548
0.825376150484422
0.979594907393336
0.816345996579812
1.00591964619438
1.13009495063697
1.0242522342998
0.863004006709338
0.773405520667228
0.919312381168064
1.00069880078195
0.98463613894472
1.05615760606022
1.02376814163464
0.953768373512243
0.991524795979255
0.871755357773637
1.0618370723119
1.12934958673413
1.00034689374803
0.985695795275556
1.0349230200083
1.09527711396341
1.08984226649607
1.05993370569208
0.973527679058794
1.09566565453215
0.918302659465169
1.08130598220287
