-0.909870793779609
-1.07279195677153
-0.964906858467175
-0.910364179874248
-0.947210618149217
-1.01480389446484
-0.970955394703001
-1.06778657123305
-0.973591803062392
-0.895462553254984
-1.05773112104876
-1.13449779168583
-0.99860825352347
-0.951946627711128
-0.955542018714678
-0.926529073361213
-0.908895020262553
-1.05992979923617
-0.992316002160174
-0.731411380503711
-1.07631388700177
-1.01208280030298
-0.845907875608893
-0.892941003807061
-1.01148340817196
-1.0164467286353
-0.898161676028914
-0.809142432656395
-0.986159235693231
-0.998947461216397
-0.824280376387292
-0.859978414375271
-0.961583632811189
-0.939531754836787
-0.941654527258119
-1.10763423919631
-0.796812399579009
-1.00649903384111
-0.799876366520561
-0.887358220518753
-0.918046599722354
-0.93284451462672
-0.940878748002035
-0.848758827451668
-1.00079048284563
-0.94496081538462
-0.836741528761778
-0.918879868798337
-1.07126475579129
-0.980205684226701
-0.907289875540606
-0.914100342447429
-0.822352807382676
-0.954925090865508
-0.767579520878008
-0.841614567400811
-0.804362750398216
-0.875033575506625
-0.921773770248982
-0.869462444737665
-0.872382748291894
-0.873332497802681
-0.880629122541666
-0.919870683477402
-0.778211538752044
-0.936567037310699
-0.874764064462404
-0.884286587410028
-0.776497681392413
-0.79406849829692
-0.772371803945844
-0.755324586403264
-0.663311669237794
-0.893325345023019
-0.857367553559317
-0.828044523137476
-0.844104833554123
-0.694288925721955
-0.947297280007605
-0.714204606548457
-0.853374316629299
-0.834610947268609
-0.806722574733357
-0.772903805548123
-0.850669205740186
-0.787644430074644
-0.939509375257127
-0.859720220943488
-0.722480735038608
-0.64159111186819
-0.847875800801787
-0.724407704400798
-0.690160612155457
-0.898902998962951
-0.807496019645125
-0.982764609758307
-0.716262325940081
-0.807267659960622
-0.744670157945433
-0.772953530591551
-0.700394547932618
-0.847011977137007
-0.690508260399557
-0.884717476265962
-0.778698760210467
-0.73789620104067
-0.676016595337449
-0.661786304296418
-0.828129524008215
-0.881820176368813
-0.656045005854543
-0.819951309389207
-0.658545270379473
-0.729614306035073
-0.812601394437525
-0.795699525813009
-0.760466662833271
-0.729620049071169
-0.592387439034682
-0.631822619081184
-0.592133345883994
-0.703179595971391
-0.757178032966703
-0.724366568491799
-0.841518920773737
-0.795085096955356
-0.537571326002028
-0.749369246909909
-0.742446090748534
-0.630716144796611
-0.703132684146733
-0.833062554644139
-0.556965789218844
-0.849280528488025
-0.708414671359416
-0.714986939489235
-0.761385605310761
-0.665641857197725
-0.774325152891818
-0.818665318647904
-0.788928606203322
-0.737759219697169
-0.766575596132376
-0.754250022663281
-0.758714406926345
-0.714815012771679
-0.69421890184557
-0.70662314360372
-0.784881616779776
-0.695201138622925
-0.55667835146854
-0.746507219901217
-0.644909876456381
-0.636217599057629
-0.592769211660049
-0.545771784093868
-0.658606779802618
-0.647266031584374
-0.555387701982803
-0.622442352851235
-0.710755696282381
-0.682744829745159
-0.700912823166317
-0.821104954897177
-0.675537169386173
-0.503353591198015
-0.764660452616804
-0.705755790713067
-0.740926768375539
-0.749280062102194
-0.668395677594121
-0.72328532679412
-0.704719805970905
-0.731996898123586
-0.691803948650801
-0.695253504663628
-0.683132853523899
-0.6608552500451
-0.73746837427896
-0.74297052051255
-0.430608162968788
-0.529732664910372
-0.529485171507526
-0.51935963806853
-0.720739407877388
-0.601594046688806
-0.479842442143594
-0.55592352637852
-0.661629239089334
-0.768093877225147
-0.635517542260904
-0.654177729447529
-0.648435706867911
-0.565252375363479
-0.597879717237759
-0.80106355227319
-0.522245234665906
-0.661171306144035
-0.595921514466887
-0.684494914547279
-0.652044780320353
-0.730264859576229
-0.594045432361245
-0.684566468180073
-0.708763702564404
-0.646633255566455
-0.566198569577035
-0.551281923751269
-0.690420171828049
-0.470665453962592
-0.640815878198529
-0.417053961018632
-0.534295620654192
-0.699639665015784
-0.507124275988959
-0.506385736816743
-0.53010229333716
-0.603105372103971
-0.63081791920228
-0.523461923699838
-0.686917704177279
-0.489937260640727
-0.590515240222579
-0.593366197089754
-0.622892043957919
-0.503222012165832
-0.500270295738217
-0.537433299059557
-0.511191280441113
-0.636718580432476
-0.466504141764691
-0.635324056710109
-0.689577417218958
-0.565357628021592
-0.493338896606492
-0.531285421136742
-0.53433450011158
-0.502092185899367
-0.560349445213707
-0.464646488418133
-0.46081427516879
-0.575220070641183
-0.601431546941899
-0.636522429725422
-0.707500633300421
-0.495618871963625
-0.465492367778314
-0.502660627809962
-0.478475039705969
-0.459082692359632
-0.361654459576861
-0.512704037465356
-0.47528588345054
-0.573288590327311
-0.366929013355302
-0.536219916684896
-0.559576747616172
-0.571969357578253
-0.482495274105785
-0.511416042820736
-0.502506754966761
-0.366000226401054
-0.456544719822192
-0.577587701908048
-0.385788988942623
-0.36408685657527
-0.369687022583771
-0.424872833254536
-0.558417362369266
-0.54086651473344
-0.510664302592123
-0.373672819463283
-0.387420347758711
-0.389558547801678
-0.531339828162021
-0.250280206963308
-0.460765885382487
-0.441839943860332
-0.39202180030051
-0.482390744884635
-0.398099887210642
-0.471174074290613
-0.361800389844468
-0.393289333209805
-0.354397402543773
-0.396301137833856
-0.398548932021136
-0.285967238755667
-0.552366858305564
-0.273395584021453
-0.425608101958693
-0.383698022890561
-0.400846142675366
-0.45404714737416
-0.301313519975835
-0.309717102283193
-0.415853749654884
-0.376588380030371
-0.350469596857585
-0.407433499090531
-0.174628169002019
-0.328586319561035
-0.449213174349914
-0.281258249716801
-0.27508307558153
-0.316547555370571
-0.432006832195295
-0.444733534177945
-0.375772189376407
-0.434439493967659
-0.478752382210709
-0.424515980610442
-0.36119752182285
-0.44786040813121
-0.393865013274969
-0.285868158614274
-0.328690527320469
-0.35446668722106
-0.271008632184759
-0.296278093005695
-0.407320661230591
-0.465201572649228
-0.459609257565175
-0.266263738155121
-0.242482293581052
-0.363748470745589
-0.314029197501889
-0.263137158386614
-0.369651961039882
-0.331810481429084
-0.343915518373728
-0.325712421626559
-0.249693745541711
-0.39423183144338
-0.350149914762992
-0.224519191491643
-0.283604385103889
-0.347774955091346
-0.320718713159819
-0.381654563824897
-0.373582433124833
-0.36923361558597
-0.261033287896041
-0.360378080569561
-0.339530629132713
-0.293356710686405
-0.210906468151332
-0.236942602623888
-0.319240284186625
-0.259600620220322
-0.248299406151655
-0.232316424262028
-0.309896131044964
-0.20309517575546
-0.239507705114843
-0.26255242017144
-0.394268907138929
-0.21477450724257
-0.293658074771415
-0.316610155247313
-0.197169815720158
-0.363178285478917
-0.275689089775836
-0.403698232204273
-0.332721622133129
-0.21766063824126
-0.297151721358776
-0.37284403023983
-0.291592382117048
-0.109049398618174
-0.214043224009074
-0.312426236278416
-0.0968981132290103
-0.137631020485103
-0.350450257036089
-0.320060027597186
-0.14964538239745
-0.342460697118125
-0.275101999706794
-0.273706232899553
-0.363196088968078
-0.2720073951302
-0.278010750148939
-0.337084115883176
-0.186395600991341
-0.391711920904135
-0.183405549214554
-0.455576842590371
-0.256909793335551
-0.280806350914679
-0.219549674482989
-0.202223277442455
-0.124640312129464
-0.258463860314791
-0.295277744557801
-0.194043594875089
-0.183031597551056
-0.22453855306086
-0.141822412789891
-0.215752834134277
-0.213437440151333
-0.0364428532649191
-0.299906345036691
-0.223223312758653
-0.162850700671203
-0.246752784217725
-0.0662317453196658
-0.197802415462945
-0.264005995670159
-0.197104538723128
-0.196473371279739
-0.338081805380559
-0.188768340652719
-0.228023961780885
-0.229265140173225
-0.123688067842608
-0.214326720815277
-0.176212199816232
-0.121788562251053
-0.194500939334853
-0.165810415340414
-0.12451026881629
-0.176224656918956
-0.234296983444535
-0.226354226827974
-0.126128298197955
-0.0525786058942595
-0.044534298875325
-0.0695950582571726
-0.231442368173956
-0.270736772709369
-0.0595247814728333
-0.170937458746027
-0.227272704598645
-0.116342654894603
0.00214827081942358
-0.303959633462268
-0.191197884468485
-0.171152569176453
-0.184549147523681
-0.175924728240486
-0.334140229566869
0.0458356549886027
-0.0714704608828201
-0.0976609527618166
-0.0643375772672745
-0.159665265389546
-0.156585252243146
-0.226396613263526
-0.0559763098295603
0.0357335890486599
-0.0350199381929245
-0.153011072741369
-0.221525468734737
-0.0519713985350373
-0.0764989638799445
-0.0359651546815502
-0.0725588618778035
-0.241176455179487
-0.105814028494271
-0.106183669988748
-0.171606709284483
0.00688424596305787
-0.124355207512482
-0.0861537989794394
-0.150342957140095
0.00291054475853188
-0.0213547525442873
-0.149709623530714
-0.102846553605739
-0.0246947896856005
-0.150046424789954
-0.00180955514630985
0.0421073077963319
-0.102002500877626
-0.0961810782358063
-0.00349260678411861
-0.0672130567866538
-0.206045853770911
0.0006672959082608
-0.0579508093988583
-0.088281195220586
0.132825579130132
0.0229356851070667
-0.117859477644623
-0.0142089452828011
0.1384253627639
-0.186443767995499
0.00984058804489208
-0.0743693894885597
-0.069846806421738
0.0588482028786119
-0.164079993489833
-0.179300559104485
0.0189132932992729
-0.161651536996046
-0.0635282104853209
-0.0249129697632501
-0.156043926033163
-0.074657426272549
-0.0742934938572954
-0.0638709226568269
0.00597676047473338
0.0502666182276553
0.0263331769693358
-0.0373948787397416
0.117417730114212
-0.0884851975886514
-0.0615908182788981
-0.0233088648381785
0.0847399343404337
0.0166464217899045
-0.0921476342083241
-0.00720496447539852
0.109162061623938
0.120555053927511
0.0542774031555536
0.120817768090345
-0.0212481519514356
0.00748305154937802
-0.0659703019910189
0.0591317636366893
-0.0392038550343772
-0.0601608318269598
0.274414329406301
0.179152714913896
0.134496002864143
0.0145536255944221
0.0478266972917855
0.173992120809243
0.0445977050328498
-0.00523309281866652
-0.0268022343338584
0.0494209417793172
0.21721575618879
0.175624288108418
0.0245063069981459
0.0716689857044528
0.0443203438309261
0.121402167426367
0.0670008073511617
0.042806164022586
0.211676999957449
-0.00869094065436135
-0.0156313595213595
0.0922731533167341
0.0805365059700029
-0.106588911045664
0.014521912232044
0.188567034093206
0.113450031999048
0.148529647137407
0.105954444191094
0.206567059381463
0.203553535518808
0.155983941032011
0.0676368774926047
0.0111714104523435
0.145925316080593
0.0523067345541847
0.107616777779889
0.163544927926165
0.127825314931216
0.104329201760801
0.154776923651829
0.0618193331382488
0.0793469342753709
0.235915125053112
0.239387431458012
0.222638091333761
0.15333621274186
0.135003372471036
0.201689696174995
0.321382025385628
0.235702469355531
0.273621954906806
0.173413617436322
0.159089798142102
0.136663051233534
0.16839824529667
0.142570553377747
0.164445020927175
0.110566768947947
0.172729004133486
0.113112355790045
0.202732744111454
0.0769577093150065
0.241079376147469
0.0345290206510296
0.337420135938155
0.106056509490632
0.249422885853535
0.134684124838606
0.243686666820692
0.2602853497647
0.172126825509631
0.170409017107587
0.300109774585199
0.241911327097024
0.0978029410849603
0.239916955617791
0.166588317387428
0.253773651465582
0.306609817052929
0.268419565546832
0.314564908241719
0.261620893517349
0.140534487440781
0.21685810531857
0.317819164472173
0.228039469967457
0.421972676368045
0.17448535011334
0.18392041090613
0.173555682602757
0.213644805102042
0.145771470429173
0.368065732569584
0.251373001990138
0.271766243552554
0.169583109982179
0.323118454287512
0.257170343258239
0.149047528761425
0.155911170749698
0.350833265326198
0.220408540616563
0.212742263222294
0.155877045341251
0.375145519461654
0.385009038201158
0.340561623979496
0.389481766510277
0.249701336028848
0.203907075689369
0.297436872475667
0.448371903209365
0.159622538187281
0.227251039588067
0.238348829092451
0.253286796250408
0.147414267876707
0.236185620097041
0.276404568152652
0.263522314983604
0.355554528457578
0.195389927059525
0.262502794390931
0.304088591132932
0.259442114408699
0.38010147859487
0.432660449711804
0.24464389536548
0.41173891385645
0.262759694808212
0.410229622856752
0.236888082882583
0.408049678650987
0.320079674946277
0.347521603647619
0.111545208295481
0.449367638978365
0.352696406622957
0.352296494042991
0.327254735161305
0.216052906228686
0.281962035557433
0.307362605852522
0.311622827836547
0.35807071173453
0.167637955594735
0.288196929373143
0.262200468466849
0.363988213286698
0.312761927894886
0.230322485942303
0.34699301551247
0.49741816756918
0.30205206360438
0.395051935746703
0.334458139863401
0.286735369908662
0.403368392902843
0.442033769080234
0.492236443179251
0.26414980150402
0.43927471179152
0.475249862144803
0.371320764022698
0.393977251462468
0.422519920742336
0.466872702298534
0.365050906642152
0.446838815123876
0.499445860128516
0.461531209185114
0.308073245014984
0.451153951821319
0.542206788739098
0.420979756369563
0.366810776085306
0.384928612469944
0.461546558011946
0.63309091774844
0.450258706911794
0.509890280891815
0.332754746136057
0.216140920025013
0.338283795203429
0.355759015165069
0.505480405005675
0.317748508674558
0.461049820126364
0.245105656181951
0.421862063489306
0.42917676211315
0.396329275863645
0.532908222714955
0.466586596172128
0.646798458124667
0.557668687707493
0.494607171325842
0.60752941356437
0.595335205739317
0.416635740055611
0.609685279159901
0.413502498596999
0.450863609628541
0.462270594605651
0.355221596088781
0.420699378632837
0.54046345187866
0.66655870602058
0.722089410202488
0.378481078734889
0.486843414527354
0.410539940898383
0.594247735271661
0.474363814386693
0.495489441252791
0.421459966235784
0.305557515870453
0.433397156368263
0.414805213095781
0.491101357592591
0.562286916837159
0.531730935482381
0.492368082415223
0.436509896325385
0.639076527320349
0.448624064077463
0.454598216394757
0.406259516459737
0.504391273330707
0.461512668787474
0.332537096259509
0.579387023091152
0.555594254656161
0.517393023289246
0.57114676258261
0.545912545901865
0.467599922513939
0.401978606635406
0.52414102333936
0.67815001340896
0.60336751074323
0.461480606292308
0.4285648219705
0.578019190608798
0.509001285708457
0.586558968599174
0.566547985290551
0.490526698904509
0.618215203590542
0.587487140620057
0.552261671448887
0.537374099894008
0.696584992485592
0.478210603428105
0.491177085610112
0.596791341642672
0.623610655606024
0.501560265021834
0.585683482600542
0.569276876994759
0.323020986786517
0.655869089631521
0.487701957149294
0.352147461294636
0.776382793245079
0.648040828691745
0.586698319296591
0.524239878245632
0.469675838885454
0.638511730094459
0.574181436308913
0.66222211141047
0.631407801800413
0.629247822973138
0.620911253986497
0.676810469211159
0.636844751419955
0.606434220135704
0.643642936945649
0.565066868704112
0.681409736086195
0.752039646381419
0.561878077081235
0.474198960612893
0.510895016538944
0.745896134779695
0.671954091585601
0.709668710101791
0.49672336211471
0.623366070483687
0.550975921150241
0.613387586295028
0.565824500335302
0.591151006151527
0.624952895170584
0.738415248004486
0.636798983613269
0.746218156873612
0.643953530005332
0.624944644445943
0.576002060655156
0.542894011522428
0.707406477288016
0.860068899391104
0.703166735151026
0.746714932434389
0.601433932330688
0.750735390467672
0.796555627400463
0.562301872966295
0.695245739243911
0.612323301825816
0.629990194029669
0.634499843388962
0.754823622123789
0.633374456868319
0.62921695331959
0.672700512485064
0.544641988414596
0.614693871579696
0.735233322570606
0.543705993190854
0.84332645304599
0.646048466064106
0.69209266633663
0.5777464494129
0.789503221388922
0.676185755461067
0.735290934422031
0.813414608534235
0.686296533535606
0.795589939723278
0.692453474268435
0.675675187920305
0.765259399410623
0.836424616472459
0.883871275778732
0.613128758925743
0.685556217721225
0.802412421867109
0.875940716437214
0.72714423351468
0.658898143428671
0.663212179321949
0.72453342585186
0.718270665708366
0.64893182425588
0.708706954584611
0.720277386314601
0.823810643023631
0.711119336261223
0.726867693417248
0.814692602154867
0.850211871876713
0.761591112854208
0.752746193661092
0.704326379988478
0.703707716045533
0.598531403297436
0.745633897751526
0.623978889171588
0.755855832420809
0.675829358682596
0.880627711658353
0.911617749587827
0.796794736301331
0.899207630263183
0.774313471645329
0.823761609648564
0.759594157818317
0.728520559596774
0.710419303548782
0.713272296575868
0.715548273094881
0.693967985580617
0.660122069356706
0.662542524494783
0.790614765460787
0.687706584360909
0.78308119125702
0.729581121713179
0.769449643275452
0.754371098810373
0.728623092564041
0.840660598530008
0.864080921828269
0.817393821438781
0.778394091234683
0.731072078083047
0.868684070104389
0.911048509875641
0.980649531842042
0.824806877614645
0.802420274802545
0.866149122023985
0.77231540035343
0.951781109535962
0.794950650219262
0.844734065654131
0.883272948645015
0.940999673667939
1.01791488119593
0.828560857999432
0.830093162648663
0.793744482202699
0.716714810277682
0.778503177823511
0.909717458279198
0.948542761669757
0.910580315858982
0.998815811504252
0.77085082146568
0.929092488420223
0.899656126991489
0.709253917604581
0.764015879773937
0.903382483562365
0.824560196508623
0.892276745557649
0.990807063388117
0.897499892034241
0.943882223320347
0.861689995655202
0.893647419340605
0.916033607302478
0.95291015389238
0.883516740132272
0.973348311226331
0.861405361305661
0.873367941226813
0.96884995834754
0.789825622704786
0.959753664775924
0.898943567714178
0.738802407827825
0.714214733326409
0.926082453193761
0.823409820813852
0.897823657090929
0.81258224126506
0.928325205587002
0.920885414581549
0.987322557153536
0.919741781971781
0.958887575738807
0.921086224651086
0.821051573652342
1.05681516338752
0.955688212410393
0.942774492455719
1.07058934866527
0.900271409593728
0.914222351779762
0.981744355057464
0.993255987750593
1.01557738900903
0.854777836479508
0.958553103130588
1.01482600949846
1.06301644006562
1.04200978716085
1.16587847027098
1.0552158937982
0.939431440705219
1.07119946278069
0.886207177576631
0.94925621139483
0.990655241114475
1.05716438453206
0.957866530815124
1.16753353666626
0.935797523276085
0.979415306739881
1.02268179300848
1.1065272134714
