-1.02088096677896
-0.890762057505494
-0.95496416502896
-0.933700832971399
-1.02230502924721
-1.10335920419416
-0.96886068337784
-0.811711862518816
-0.913198753570004
-0.937040156565981
-0.999411081974628
-1.00211480759812
-0.962516510311105
-1.07614447030937
-1.06077244685394
-0.972496161591656
-1.01101061896087
-1.19722793221174
-0.983717246329005
-1.01539656917905
-0.990641501476888
-0.95236385372551
-0.846987556258917
-0.960390253992865
-0.852809279562547
-0.947878581732285
-0.880313083629537
-1.0713397436751
-0.960622434026358
-0.770579276239509
-0.884484135138983
-0.849442466017243
-1.16446945305782
-0.86567721977487
-1.09717441959871
-1.05081673045109
-0.850127983994921
-1.09404674986959
-0.936990323740531
-0.806823854913664
-0.960724566947145
-0.874975333100955
-0.701902488571439
-0.743996956515853
-1.02882233807709
-0.85824210140025
-0.970625592667783
-0.985221304201212
-1.07851937068802
-0.782379296678204
-1.12724538698353
-0.988237016321785
-0.95974552082066
-0.725875732210141
-0.926907836677175
-0.794814848087724
-1.02149186689059
-1.00367694832444
-0.754206538808534
-0.926667013846335
-0.80304648449518
-0.983135329827546
-0.844097094808643
-0.860048820440475
-0.854991411113955
-0.795769931534001
-0.831967748580762
-0.940615291143958
-0.823699606620133
-0.798390928670979
-0.922549810944222
-0.825453101591991
-0.935260827543456
-0.689934723661002
-0.750464740501756
-0.743926295422656
-0.862921856824241
-0.755029089281641
-0.848552678862539
-0.80709056760424
-0.83686565054813
-0.759086983131999
-0.90602837962262
-0.75827889599415
-0.769574470590387
-0.676990588838445
-0.749974830917047
-1.00749031858436
-0.870607541607331
-1.02079086211382
-0.812240613501518
-0.816556790698304
-0.924170272576838
-0.77930929191871
-0.810225371493252
-0.656566308317706
-0.766436614097534
-0.905048906919769
-0.719333401268523
-0.809380163465725
-0.786295131699118
-0.854517915404598
-0.86550545407295
-0.801304813688258
-0.818582976952951
-0.838094882049941
-0.811861107205895
-0.961619700131542
-0.753808479996189
-0.772356956029986
-0.774328728085107
-0.812258930392737
-0.726638430616917
-0.815091609457911
-0.750927051077788
-0.660133067000673
-0.794570566823179
-0.614980927902985
-0.764306464882697
-0.698045255285207
-0.7622116823878
-0.852242893904095
-0.729663487890066
-0.85331354215202
-0.643099455477069
-0.646675243865594
-0.802467187875525
-0.761423718759608
-0.852989396685285
-0.670088167257937
-0.560261279866084
-0.757278173015614
-0.648157183521662
-0.872512662382495
-0.501278482825826
-0.743040110961192
-0.757237514082243
-0.769095782562087
-0.674058648902201
-0.641274681445727
-0.574380914789396
-0.574793530147981
-0.664751171523714
-0.652440248016755
-0.818625444767394
-0.79044781575819
-0.742252475621427
-0.712184480686665
-0.652038049277036
-0.823083654061277
-0.706701727550101
-0.746618123673701
-0.687689732622298
-0.789554692400651
-0.661038151077736
-0.606384847920157
-0.764567971597332
-0.603706271807154
-0.668293730754193
-0.682925741756388
-0.620740345885263
-0.665855017593251
-0.736749048362786
-0.701762253885118
-0.596962874075674
-0.59671807490651
-0.852841239383118
-0.532157503579116
-0.716512691362385
-0.619120176666301
-0.664396139709308
-0.697207355201109
-0.587003411882805
-0.638101189710936
-0.587775862646192
-0.640163183790334
-0.639129881845105
-0.513200618436942
-0.798476563465922
-0.642332474455738
-0.675696977293079
-0.584786862207255
-0.645368895243022
-0.524497127168249
-0.600799740137939
-0.571717904277609
-0.652567743281527
-0.533269320791608
-0.658600403738546
-0.600719855812973
-0.501344150483748
-0.700764965574369
-0.661237387466338
-0.619359132510315
-0.601618196201797
-0.732046145859026
-0.575025031229868
-0.60431671098673
-0.683982917278037
-0.70904887089983
-0.471777686341093
-0.547779811737569
-0.714272663915743
-0.616135842827515
-0.682020436942595
-0.638898512215858
-0.759739825407678
-0.648045515984454
-0.57991753733085
-0.512575494304714
-0.64104792097272
-0.534805796403274
-0.558924414342588
-0.521574816453301
-0.558958366477781
-0.559086830754373
-0.57553595588145
-0.624051791313934
-0.59099673244627
-0.687658239263976
-0.536453343384031
-0.569028935448583
-0.595888431107209
-0.590525579297089
-0.462992844362511
-0.465347667883255
-0.634410851287658
-0.546085833881953
-0.586961631888459
-0.525494262619307
-0.330743734944046
-0.519832809412506
-0.382948001206654
-0.626135467386622
-0.438918824343967
-0.6539655362709
-0.51785017677722
-0.530859785405939
-0.539779974551939
-0.58983709319755
-0.47566273370961
-0.530820589885615
-0.659276199035393
-0.621928381028576
-0.426131164304437
-0.449089982178398
-0.43381775936483
-0.572463323345741
-0.449123031735809
-0.471428873356076
-0.517825225321529
-0.517252904083919
-0.439277546972408
-0.572412819102365
-0.611399310448096
-0.531059387597132
-0.468143782174658
-0.431305123718799
-0.447215826189461
-0.37052714946314
-0.416988453469203
-0.59473053124223
-0.344020301364576
-0.589682514129275
-0.572802615019611
-0.477219159354528
-0.404342903372746
-0.275033384481356
-0.333096913211367
-0.307418693732499
-0.403340833284621
-0.4034720548536
-0.510723771047654
-0.531999863740946
-0.373655862668312
-0.484138114181423
-0.530004330142871
-0.460674548984821
-0.435202266204328
-0.456547930638486
-0.476709071607304
-0.380603145368623
-0.525764317428224
-0.266041819098378
-0.383470585864787
-0.373860303504439
-0.44555240171789
-0.457844847185719
-0.489163273731969
-0.339620474150509
-0.404859543626943
-0.467426336586235
-0.460013862871446
-0.412332018524138
-0.495244321792351
-0.28408545583918
-0.419953025714409
-0.448350288812261
-0.598347170696704
-0.407294784177367
-0.431678544861972
-0.403076475038092
-0.275969532128261
-0.325664766282698
-0.376014756603903
-0.351203963483249
-0.332275696909877
-0.302387609902062
-0.346872266311565
-0.345053960643867
-0.501916188969454
-0.43454187885668
-0.142067054305704
-0.503601265876818
-0.320982163901301
-0.350156689332212
-0.399095227247808
-0.447698550851588
-0.439472425372118
-0.368371970130162
-0.369367036091261
-0.33500119047232
-0.255599275904204
-0.354646800526384
-0.325721295568615
-0.300299511901844
-0.112573648996396
-0.294212732279639
-0.348128689733989
-0.172192849548965
-0.490819990203071
-0.368537017626271
-0.302962435441487
-0.265096059433835
-0.298433665253672
-0.221505936033598
-0.441270371197437
-0.287402204449293
-0.337291391170472
-0.354357707945339
-0.322307366795176
-0.207211917523
-0.28157079325956
-0.454733121321087
-0.221358586706259
-0.188210789246651
-0.21203245528712
-0.194720608030845
-0.344663457300898
-0.299351241995148
-0.203096350644718
-0.386561918263699
-0.213662248500957
-0.338756243755012
-0.297755829496196
-0.269189261808097
-0.237494093503957
-0.310474211079226
-0.240708904485036
-0.327522351059797
-0.399364145229186
-0.34091502316132
-0.329271054038349
-0.222727205780855
-0.182511002156647
-0.189883768338297
-0.350250455783376
-0.245153623777222
-0.235712856419881
-0.161616992180851
-0.297717704227745
-0.235285647560779
-0.465218837942286
-0.180478941898304
-0.320428480377997
-0.318627451165787
-0.207346687396984
-0.285856172978462
-0.212113601914077
-0.257485609136
-0.368661137924239
-0.264046655236675
-0.2621519591775
-0.371029722622286
-0.261097675826888
-0.280014968139582
-0.37304509936247
-0.220065008538126
-0.0865624679218809
-0.230457476662966
-0.174114630917671
-0.313655769320037
-0.0865494709709271
-0.137574238112225
-0.291540597694374
-0.31212666840869
-0.1162629610091
-0.221677140487971
-0.370676807506847
-0.156644163796432
-0.204386819186621
-0.225415850860528
-0.21641826195759
-0.239969864466463
-0.303511903765062
-0.134275139949526
-0.062180981406612
-0.329954076106034
-0.125791822259223
-0.155298682802158
-0.141715238610348
-0.235905884268084
-0.156262896233196
-0.243489115101932
-0.230068144765298
-0.0731575092490634
-0.232624116807232
-0.298469701806183
-0.214294479405118
-0.145206558313378
-0.0243532919167154
-0.227844245641475
-0.209399054276638
-0.196490714441499
-0.247896086398411
-0.183778840441573
-0.23439793530246
-0.175768077294121
-0.125405629744941
-0.0765106515145271
-0.138324999395621
-0.124968040851551
-0.22577763523097
-0.105332199935109
-0.0617168064697261
-0.162208660427406
-0.109229773320869
-0.374672095496922
-0.107079900621248
-0.205081644620348
-0.0586952469092137
-0.144213581804784
0.00421924446128551
-0.100725638648012
-0.0596781301678099
-0.13516519298159
-0.105319104803809
-0.158834636194444
-0.0877417008342638
-0.046906052698884
-0.261416601387751
-0.151332004517222
0.0796287466171543
-0.0681867035382294
-0.0228262163128932
-0.100242632079376
-0.0881612532382193
-0.0623551466264511
0.0100095180423243
0.0109071376919772
-0.037467820279184
-0.124339416859083
-0.0527913110048493
0.00424535518418226
-0.0904835785214194
-0.100362502930131
0.0738407773270727
-0.167021859921966
-0.015367705717485
-0.0131744710617099
-0.0872205111213088
-0.128227973650942
0.0208767215849043
0.0589900786304045
-0.0543836568691745
-0.174063661075565
-0.280369407737838
-0.0534292057836986
0.0419626468243723
0.0135113157088117
-0.0127455778898844
0.0263781125413647
-0.122894071633346
-0.100758244709141
0.0562487016515551
-0.132109936915656
-0.112741283733642
0.0852632792168298
-0.246475188949505
0.0581242692875422
0.0231329686957463
0.128911244068616
-0.107713612631109
-0.046044792542
-0.059538768157146
0.0884836024238268
0.000658937119701309
0.0253449928857387
-0.19166886945375
-0.119694894817906
-0.0659498331996425
-0.0952999519648852
0.0345961362700148
0.0181417988160531
0.0517882149108658
0.074826663762345
0.00890298364645607
0.0936989995213913
-0.171881210044522
0.0156098748321176
-0.136201492213467
0.0750571321395472
-0.0627523184013041
0.0819135540949457
0.0466638540239788
-0.0196682051431868
-0.0666277840274446
0.0954510671183356
0.0195257057701894
-0.0283382969760292
0.0418781194855691
0.165461134070302
-0.0600821609804948
0.0904158295883935
-0.004621928067964
0.0783962947133649
-0.0547656331134222
-0.110205230629831
0.0825322842918767
0.0938459962325222
-0.0491488609511306
-0.0800665679588597
0.171122087755157
-0.0242562385342222
0.0584978802337604
0.0247433771833828
0.252386668927328
0.0719835669221524
0.022844527328762
0.0377778531497916
0.142449550703606
0.0422225798299667
0.0594250484867493
-0.046939624564793
0.0196759399804281
0.0660258861189798
0.0850362263409128
0.0702137971082588
0.0879759387779063
0.194946441415139
0.088288493775574
-0.00940907290422145
-0.100476202155903
0.0249200044009287
0.14725606936871
0.0792209731414555
-0.0574641027637234
0.168059751874421
0.179692781969125
0.0636356108181839
0.116606334605873
0.0888935483407646
0.191798755400809
0.255544189219973
-0.0339785571807667
0.218148816072529
0.195031807417388
-0.10480388850789
0.15704230696543
0.142307273920913
0.0872143204575359
0.184958800098263
0.212337653680552
0.073030419689837
0.0302551154672749
0.0764811638852575
0.313835214631156
0.244928424422664
0.156372655458798
0.176208337523142
-0.0199578496397927
0.25365429657154
0.217542507884205
0.0649301210636002
0.0971932781008623
0.0853799124696861
0.165883465653731
0.188772568416309
0.216189973239925
0.0779905669074343
0.142257165306662
0.284547509650427
0.131051525963066
0.244482983800519
0.0914290332272213
0.213516325132546
0.281543301609773
0.250898824653003
0.164356233066904
0.26024197493865
0.123246989442015
0.331017546819117
0.139597769307841
0.310605747227949
0.213671234145775
0.0318110763060221
0.184951689062901
0.285466147062586
0.272837005962706
0.354776384455721
0.176790884621437
0.172884584607647
0.357540749798542
0.301260995884204
0.301414297750004
0.161503021972524
0.0990687702713159
0.259155077697143
0.279336289780385
0.0236188217282687
0.227250527660895
0.255885282026844
0.181562256857672
0.293661592497077
0.182680181354486
0.275335619193228
0.127232325160486
0.269471815864098
0.230676437971754
0.387821397148673
0.40417261678604
0.231696866253819
0.134950342734576
0.273614985534638
0.252690862098377
0.325934493295563
0.122576634282781
0.410305471016653
0.279471759277444
0.221882988611364
0.152742843462152
0.306283477269661
0.281260573048111
0.273401373095783
0.155158029691159
0.257335835788894
0.273757044601009
0.367047365169725
0.250104109453398
0.323047296900693
0.411373119880411
0.252266470312162
0.41782773525827
0.425704503288312
0.327564860976115
0.354016938213075
0.294132004661001
0.346901032475637
0.401782865828865
0.255042026254246
0.309940988165242
0.295317776025953
0.352842230642044
0.406961645260969
0.5563674082755
0.423420422445184
0.334537404547151
0.334634474819715
0.303895546568202
0.471613850751188
0.316247103631922
0.400827852406241
0.320316214012298
0.438048311368792
0.236784564491451
0.408554283798955
0.224342673609632
0.252775073770614
0.264618911787427
0.282221740210314
0.423602299970616
0.21497380844442
0.349238937601091
0.302727385128294
0.3550613086766
0.483166913197312
0.455877996853482
0.329113540029558
0.400697205305227
0.423517836242805
0.299107693756786
0.405542395553702
0.313826798625299
0.299854860305538
0.386433666293938
0.414894968364694
0.358671274346032
0.494833073614007
0.482621546621388
0.248814157471958
0.429375388580129
0.513972158538332
0.453462042952087
0.41639162303244
0.348816539858762
0.383486799716852
0.393184866756067
0.376922731957871
0.241447555999806
0.444681509748491
0.562804360707402
0.336854296382681
0.442004165789458
0.591965828063825
0.507684597492408
0.467520095321349
0.363209040599431
0.535298421487948
0.349208377045038
0.426456338996689
0.466778360766581
0.330851021410772
0.471892741278308
0.361202710041398
0.468017703746526
0.352381349538457
0.559742421601455
0.524955971228074
0.350597584914855
0.440129148428089
0.485856731972197
0.443977253817141
0.484026121836893
0.540791281455699
0.374788209072106
0.470165778189491
0.479583301157625
0.595771226095762
0.303432536009897
0.482589548265519
0.413461050881712
0.623051211517802
0.625793903321856
0.409076756189643
0.692021012006488
0.475220973647035
0.548523408881877
0.572991714474431
0.420656784240504
0.487032282337251
0.447354943535616
0.476105508310379
0.491812674737447
0.457096756753684
0.533828324855175
0.410352891703409
0.518464342016172
0.551568177522796
0.397249964312611
0.52755254752993
0.539002647224573
0.484375658572654
0.534444104873499
0.486317980514447
0.489574354988797
0.490653028993609
0.63476561017246
0.563526345327931
0.617340575351714
0.472818536631549
0.43392022948576
0.537963226084434
0.543332681701043
0.512306187547322
0.501434586347293
0.542630598327858
0.498365001204699
0.532107397267318
0.587914541272885
0.55039445462329
0.525308980320594
0.499687274589127
0.570840058888901
0.425102901219552
0.539845011588075
0.474776140973674
0.543642837398608
0.702382639628188
0.525731715651897
0.614108685869447
0.52848383318212
0.530906811315913
0.59939542262121
0.693855597855993
0.509412631048739
0.512756821805715
0.587604267570827
0.610481883461865
0.503614405665365
0.606332421983552
0.535684181319153
0.68753509476
0.587701157280589
0.592897607303284
0.574892042966175
0.720200335753731
0.584143720282121
0.544572043139473
0.483366517065866
0.71583623669537
0.661286740672309
0.569938140337063
0.677859589892527
0.768950546267676
0.672433410670611
0.604771255711086
0.658156872873725
0.672860878373825
0.498901017896926
0.576127752516614
0.625683082670582
0.719386544561891
0.582663734237221
0.716793041134434
0.619181285865024
0.509561307211774
0.747570456081336
0.692895458880899
0.754032578987163
0.709570207851951
0.566794715695321
0.579333652056965
0.644088823310036
0.787998137088015
0.566260176099207
0.637776017896023
0.662088521671393
0.859809060327678
0.648984400240137
0.697357699558474
0.71463545976434
0.754329251193177
0.626658885743744
0.788056538259245
0.65926590704222
0.834537283084007
0.657068226193708
0.825418286018931
0.688625902263232
0.612285661219375
0.72188708369051
0.673521540356022
0.82494873287719
0.685422092143512
0.755117295176064
0.985143115341484
0.814560529480307
0.591058396499611
0.675535786948235
0.79707685101354
0.652116331715957
0.623735708932507
0.660452682716717
0.914228502771484
0.752949919682819
0.709680635874411
0.624410473409424
0.828228127742471
0.735955220621506
0.703317444413914
0.687483556864058
0.784577470915017
0.710979045770733
0.695803525228253
0.792008849328214
0.641312583277471
0.814545643679228
0.760416104906898
0.975401326549744
0.720010805643105
0.625255454691138
0.808262694570124
0.775186964527258
0.693859221583828
0.853693687525286
0.884339938652017
0.769038639264656
0.561948593704954
0.879483779034197
0.723601338814683
0.767359437185491
0.745865067763117
0.885666744621037
0.714630873845878
0.805608749132412
0.818603344747872
0.727811012246184
0.832633644408684
0.652550477350841
0.89435923880773
0.88048770762035
0.750059161929254
0.740917789620927
0.796326052611093
0.751376142287342
0.663042035972046
0.808997372264019
0.873132962969269
0.809372233612858
0.828996115310925
0.872497633716083
0.867015634801868
0.852309773840594
0.891078203838564
0.81641181399284
0.687127058501349
0.807168192379735
0.879704438110812
0.899613534685847
0.835215113677354
0.890105839185546
0.941191661690863
0.795230708856258
0.833773544858664
0.864162321298296
1.00708126981153
0.793947267549411
0.823968114208144
0.786905220844892
0.822670018278453
0.85514654181153
0.751772336262394
0.830003446765684
0.848770066083239
0.815148597385144
0.689457838208481
0.743516292744278
0.810750250711341
0.812400925455582
0.794820847416021
1.02734524514479
1.01988225188304
0.919925533565203
0.843585321207545
0.762107026980338
1.01513364339397
0.813146343195391
1.00797754251063
0.932053127875165
0.773641295440794
0.966269013692084
0.879326996525353
0.829032058402769
1.11526481442029
0.722761231679184
0.866189921910864
0.889252375015581
0.924710684211868
0.92155828395255
0.883203755444471
0.965473116760825
1.0122930262626
0.935486472571564
0.773761554834402
0.932461177789903
0.84821860720799
0.776463616247717
0.98724034718619
0.874735706137684
1.06376604781371
1.04969333233848
1.05851847720944
0.992990599062206
0.839478518621128
0.9128579409535
0.950330066453297
1.07219805933163
0.783986565083639
0.900200357862578
0.928536473537733
0.889031093263895
0.865190186360395
0.902773429978685
1.05552024212514
0.982318443110576
0.919779903892864
1.01823769540255
1.00147223380673
0.864116557599305
0.939585626928539
1.05310036729178
0.890357247913767
0.952917263268469
0.929374777387935
1.05383382090015
1.06253269238875
1.03574172318386
0.951205099617113
0.968158207705431
1.22618874981185
