-0.865893333467182
-0.95564663356202
-1.02875331154931
-0.935104362433828
-0.79692397896585
-1.0154541054137
-0.924956386594169
-0.972561374635348
-0.968571023338635
-1.16480914286482
-1.03303715752338
-1.12413586039037
-1.05952376214871
-0.955623115146418
-0.875786851889123
-0.992162666638927
-0.92928081346207
-0.898060311092716
-0.943045655859317
-0.841495281972769
-0.852027345116616
-0.964658863578173
-0.89890745219286
-0.909648088851746
-0.919698218916921
-1.05303622171421
-0.965061547521665
-0.870953709560266
-1.03578438161298
-0.881349561128938
-0.900453123378467
-0.889108410663522
-0.90090037157433
-1.02105326341971
-0.79240085025341
-0.926181892823781
-0.839934488682552
-0.938759298530795
-1.09011818424509
-0.790468534730586
-0.724758342284933
-0.786448083710747
-0.885081546917265
-0.93776518036571
-0.940837854650634
-0.831180826963949
-0.886458873150087
-0.881463371282643
-0.818127930999869
-0.952593525773072
-0.990852521226171
-0.93666586920545
-0.857273216985317
-0.909030828581968
-0.843332844343063
-0.95622387181022
-1.08406020762322
-0.918642358117699
-1.0651937563499
-0.988214864046321
-0.774466353492648
-0.866112968096983
-0.887302980746255
-0.882529128171665
-0.744778228703178
-0.916663453910906
-0.81631044502603
-0.852758571473809
-0.789542334667577
-0.907425865471738
-0.755743739606483
-0.83548398473443
-0.789733435178464
-0.86526367452593
-0.815122029328795
-0.829358944586161
-0.987180311602828
-0.881580162911234
-0.843175874074147
-0.818244382891497
-0.805098004680204
-0.769773500889421
-0.877194901131915
-0.721163696510687
-0.860565890345581
-0.934455272342123
-0.762959042831378
-0.858038416123361
-0.75300399082045
-0.834660527076213
-0.897718996128109
-0.620964291487046
-0.78982718427807
-1.0396353580869
-0.810005514944245
-0.616435052466513
-0.816843088700698
-0.967575261272696
-0.776931512755111
-0.79553863773532
-0.744076312214615
-0.705539487007924
-0.822108625657006
-0.889317628802414
-0.655197677405298
-0.785277636532207
-0.825675585904734
-0.839481865409867
-0.787783923187167
-0.876616730030016
-0.764727872100357
-0.753680638726603
-0.750032729518412
-0.693593261829242
-0.843925517675668
-0.733431745361858
-0.745455019471002
-0.817193851159079
-0.734663536965687
-0.82741440567661
-0.923611321382239
-0.742524894458106
-0.6633137194843
-0.624643643405023
-0.56697275435704
-0.651380139086384
-0.807151075499795
-0.754413999447462
-0.852647444768947
-0.610193358010486
-0.639916865570471
-0.70861552353263
-0.753672143582348
-0.764359106599584
-0.800985219593934
-0.752818875706381
-0.715740091259089
-0.575044884489858
-0.728931851970458
-0.594764883009277
-0.685207649708345
-0.80626636919866
-0.650850429281537
-0.891020342129661
-0.736647080454998
-0.622598052332912
-0.630528824711905
-0.713169392085721
-0.744068287262253
-0.568225946931687
-0.635881476543487
-0.689178610003337
-0.637794975874026
-0.668090979610488
-0.667713579893681
-0.74926803131106
-0.664971865447267
-0.878691686962908
-0.70647854793001
-0.860323367988159
-0.673473406881675
-0.558183987263815
-0.659914046282917
-0.743127591505596
-0.781414624159375
-0.737534428953397
-0.731065915016555
-0.686151492266467
-0.594696694723069
-0.657319888981749
-0.748350731825661
-0.724158945174765
-0.613701367946599
-0.66295963968163
-0.566710718566297
-0.474478439662188
-0.621639740401786
-0.6594664549638
-0.609969085328311
-0.681610918678725
-0.83389559934228
-0.698099062548718
-0.688437294629831
-0.835993255610151
-0.692560970381058
-0.713340007434546
-0.633898085875037
-0.675001645785894
-0.6467505959526
-0.52612427162749
-0.664631711295032
-0.62713970296443
-0.617825448176692
-0.681002675924115
-0.631947680146902
-0.584041519819114
-0.433148748547484
-0.682763991587869
-0.654113123721988
-0.661868113130823
-0.535829044524331
-0.533827013435156
-0.436810872212887
-0.586727187598422
-0.563972123130654
-0.40551098057375
-0.537561766882777
-0.505074404987875
-0.465123242774088
-0.549090827303624
-0.571991620425779
-0.45760526195748
-0.603053289611638
-0.493003800483742
-0.408044476048156
-0.527704892850302
-0.581981849428663
-0.406544335833386
-0.743370437148856
-0.433244891441163
-0.500980860135067
-0.446356817601064
-0.646541225247444
-0.646201855777149
-0.588835718029592
-0.611038916901456
-0.561870450259574
-0.515253198238963
-0.474204162045122
-0.538994158536638
-0.531089839245195
-0.618428748581308
-0.43828705357525
-0.491408646682744
-0.546075512401876
-0.506833931780923
-0.556275298145448
-0.512327768462753
-0.628889172840785
-0.473184774427417
-0.532306977359661
-0.643955851918305
-0.424753037654893
-0.661454712508219
-0.582910515479851
-0.555436148537599
-0.434587444639113
-0.489298279675374
-0.420431843246019
-0.54362884038408
-0.324583668866424
-0.458041994848314
-0.404971077813672
-0.507198379220346
-0.519969928582006
-0.507439767654003
-0.534161215513135
-0.625451693774225
-0.486270059256477
-0.480709667777453
-0.565691749236587
-0.511294304605812
-0.367916676802413
-0.516141126324445
-0.527811547816863
-0.353888641470997
-0.456828773787439
-0.401138693039566
-0.551022307087197
-0.433907741535349
-0.415247189473196
-0.530346190955256
-0.578735986327231
-0.58728964906594
-0.416127307808313
-0.390348359451199
-0.318277326479991
-0.389657393079529
-0.602437325234053
-0.348200807650004
-0.472244336804484
-0.583274287874386
-0.428518938153898
-0.490328297711383
-0.494992726483731
-0.445983455689739
-0.443803209694757
-0.454209198036118
-0.415868180833725
-0.472345511577986
-0.540611117737461
-0.412875055665123
-0.356801171594386
-0.410613003504294
-0.45599348274358
-0.303018405405107
-0.217800158675732
-0.375396845914771
-0.319271740500525
-0.474506975512559
-0.514264861314081
-0.307410551225449
-0.394162075096147
-0.406356627846182
-0.318205901325237
-0.255267153431973
-0.307595049643808
-0.374797307322465
-0.351814795633603
-0.271242739540366
-0.410324611684473
-0.251551765806873
-0.504957116416234
-0.281498124679014
-0.330612923373245
-0.418386776176632
-0.37521209840747
-0.482002588680281
-0.283396061710501
-0.302592465265104
-0.342702739837581
-0.338619915815051
-0.39066775480739
-0.289075956707046
-0.405703149930315
-0.24349246842108
-0.322990579757869
-0.336968582720172
-0.405038706747057
-0.371881567210594
-0.370961107017138
-0.285641957156945
-0.205643416946423
-0.382442165465283
-0.423801641639389
-0.177044210651196
-0.273877265315227
-0.365361568611817
-0.303272314565971
-0.234070191330259
-0.314321514632012
-0.273590620757731
-0.225298571718022
-0.296375341627737
-0.422244159662816
-0.293740054991759
-0.286459385545213
-0.226464680288409
-0.252894636648554
-0.351640937991675
-0.280805912640581
-0.356037936592734
-0.324235010077464
-0.221263732129892
-0.446509894169982
-0.208367669775022
-0.16934242899519
-0.296813342657905
-0.232751577858291
-0.341211658654348
-0.281389986776287
-0.339098253581071
-0.266574647432498
-0.149474105544065
-0.298099668135903
-0.486510799072692
-0.414411371546907
-0.283681491660323
-0.171581737612452
-0.319665925580031
-0.149908339769003
-0.273091218753203
-0.372884990219355
-0.296138676433421
-0.243662476785754
-0.368029676164219
-0.1474006073245
-0.324135731973221
-0.266548442060152
-0.358018604419339
-0.240180466664256
-0.263396706744608
-0.342906569362393
-0.309040368242359
-0.126996408179342
-0.216663525435082
-0.270316141526376
-0.200428526489056
-0.33002964098456
-0.257366688245306
-0.242022450848136
-0.166871646506914
-0.109089714021346
-0.112600284107824
-0.235879085334158
-0.284030108572979
-0.327131793173204
-0.218877198999738
-0.147949735802181
-0.198630149733882
-0.133163091620281
-0.27135985204782
-0.148833917969099
-0.110302144829854
-0.191871922295913
-0.131243776363006
-0.100691810403003
-0.204059096479367
-0.35684691857646
-0.108329985284769
-0.0936952170432393
-0.125165865562114
-0.259141156055039
-0.320226391447888
-0.0787894573485571
-0.133011469403057
-0.235525661032683
-0.0224533808766575
-0.33326147594921
-0.106132380241547
-0.0294096103603727
-0.197922475025958
-0.146332815910613
-0.0745595392247562
-0.199629902780646
-0.155078314233733
-0.110217968691162
-0.201339788936582
0.0390320652753202
-0.202593554447216
-0.208073752931731
-0.0151849310938124
-0.20993098128961
-0.174278027388928
-0.183470940887026
-0.0773506214611549
-0.0328457599851703
-0.144378597012238
-0.200591340582896
-0.120609524118302
-0.153911281753165
-0.0813582818376069
-0.0915630000833387
0.0259396461002276
0.0212179281755879
-0.227986701822447
-0.0487660386936504
-0.197960808795617
-0.211004194781214
-0.0879437945688065
-0.288434019159223
-0.0562434835520078
-0.0483692523768975
-0.143949378744265
-0.154685882413188
-0.035704555569598
0.016879403916377
-0.124248540391723
-0.0774432501639528
-0.154962000274612
0.013054310391245
-0.0153358829029168
-0.125568944489482
-0.0510293526577865
-0.158527599218438
-0.0826672854013318
-0.0770865956507624
-0.0557679371482177
0.161798740407173
-0.082070723583257
-0.0624925747120271
-0.0836822750628939
-0.123211220340563
-0.00872046717643838
-0.000645867470082011
-0.134250599094183
-0.0780998732759812
0.0577799169116136
-0.116805219240806
-0.0166562837134616
-0.124454243979741
-0.0498287787464698
0.0236162574990593
-0.204025328412815
-0.0886201808769486
-0.0947754762921012
-0.00651726018423608
0.0690216162378968
-0.0166644428763902
-0.104411775824811
-0.0313733871423461
0.137193037410799
0.0309282543019129
-0.112001211370665
0.000683360280825483
-0.0181419761954354
-0.107609696021427
-0.0247388953974653
-0.140516349762357
-0.0921371357092296
0.0498603768740136
-0.0493771167441716
0.0273883716551741
-0.0626697111796347
-0.00790858551852965
-0.0177028549287056
0.161629755448152
0.0287154228136386
-0.0585605847604216
0.0921925134772464
0.110686514499113
0.111894414141502
0.0828079304732128
-0.00703037166800579
0.219575614165078
0.0192866710475357
0.00644206810771698
0.0347781074437853
0.0982963279174919
0.112030089771519
-0.114653399364645
0.0992735046801796
0.0205398697885702
0.041837166887773
0.0588260149827183
0.0403475139291455
-0.0517261342036173
0.0632538109618231
0.114882204528723
0.0905522134298483
0.0569878530764921
0.167903880929858
0.152458424270782
-0.0508461145032887
-0.0136388688267346
0.0666286529994736
0.272817985604745
0.0710502198225052
-0.0145739958605759
0.0460130614192109
0.12834833228829
0.132722817144172
0.126862958992742
0.045102783863501
0.0776975421040718
0.0133119663995459
-0.048892458048846
-0.0549662474699599
0.00973525969558698
-0.00663241265312304
0.13145366853947
0.160491666534795
0.143773752205977
0.204918012076591
0.194583787740919
0.127725301598925
0.136029077945293
0.170743611222323
0.360435627871051
0.052679465457051
0.169766584085474
0.198369357720259
0.308909806106763
0.103506044802445
0.276526666923877
0.080530008234563
0.175605765544875
0.264747565054606
0.110290747281465
-0.0179117751282635
0.20325362722677
0.244014231240339
0.198576981859634
0.0439749029235387
0.223059578041798
0.106478671655951
-0.0134912430524737
0.0817507076672857
0.198461555284887
0.0955427968561452
0.056655751935255
0.172804066336866
0.0868885977422899
0.286478429278116
0.114755799048595
0.0453932300477867
0.078892319863512
0.148406579098094
0.0535399832671731
0.30181618439124
0.0624047426292286
0.189082835064356
0.19612160696802
0.182940168597407
0.270976668315097
0.328242890311027
0.184819331581273
0.143510343192913
0.181366234419837
0.164784620178172
0.309035468909975
0.154122409595476
0.245497769700159
0.186797941708784
0.120758097930417
0.183504053383969
0.211464796307924
0.251749685511917
-0.00770836497426191
0.259319247611178
0.218139373891133
0.196901491167976
0.0520091377223321
0.148696206153162
0.161221076986123
0.109235865292413
-0.0394944564034821
0.412226349068301
0.0713539913090251
0.266208467008581
0.283473029786981
0.297060513051089
0.18868282144696
0.242183192275878
0.251718785021445
0.224421877509106
0.24279182399331
0.131243130953753
0.277460173092422
0.266320457065484
0.237458372317554
0.217922366494707
0.304012301768262
0.250663500003444
0.268761958485709
0.121437859597847
0.253207612962518
0.225783179819496
0.282163443792153
0.314566983939626
0.254281617703767
0.31736933028501
0.109437245022909
0.34725018079287
0.35302958777044
0.381007979465935
0.270012175419642
0.306980856411017
0.4504780219194
0.264924575485879
0.295133520471321
0.415375778465997
0.277344918518704
0.297545328617866
0.358799782491614
0.330024188806736
0.355030831732592
0.259884578852457
0.389853780609598
0.190165824018112
0.45582506177337
0.484679789707705
0.407867225856918
0.415659194385924
0.408129026457884
0.424540113862183
0.372226960685311
0.327218632339085
0.394261339600225
0.258917575502076
0.44734763931292
0.302612157454599
0.29321268627349
0.134242351652615
0.29666683879391
0.280551825128953
0.344329604913803
0.374570626758244
0.396017379963569
0.366426663160694
0.368990343173332
0.303852361558987
0.357679329699728
0.391025631273994
0.419365652220604
0.445424885015984
0.0889528068223466
0.229573552446817
0.425934787069586
0.522601423404874
0.439391834993447
0.356913364972701
0.309478406835309
0.276938215883073
0.22509798998496
0.481970722696217
0.364838285354104
0.558770622651576
0.464106119673309
0.314851873613269
0.462870596226246
0.376655117292742
0.381168924316159
0.350136412942246
0.431548652780161
0.255579413655052
0.338478129675786
0.431426176966239
0.432374330198936
0.449575525875688
0.456787124188634
0.411204141243453
0.528585999044241
0.392654313259356
0.3619258997218
0.522621608425297
0.464312366368355
0.565913867813449
0.533236027556976
0.386330138897753
0.601135364098997
0.37773136948318
0.628916813194305
0.498495361293617
0.524671653024766
0.43282545714467
0.470871499203469
0.413415352393984
0.395991711168478
0.577811380662235
0.497281635748449
0.337645244610346
0.356404218765903
0.307893752993715
0.398042734987328
0.452593897418239
0.487456614190575
0.449675774047378
0.529125939769242
0.376097614584521
0.552558542072724
0.474000699417861
0.506387427208972
0.335649494950481
0.383650611865487
0.531361394631815
0.537623833811061
0.42820154145375
0.388993356801833
0.479490419999777
0.536112437165136
0.526805600840268
0.547187225881039
0.39316980949205
0.482254722372205
0.525242594169996
0.586202695957907
0.512944622471027
0.527869926536567
0.62357381954219
0.40065238857822
0.607005690772601
0.580109441743641
0.437854404489788
0.549137314617485
0.695433079747852
0.462446407214063
0.504278731240139
0.409489366187936
0.570288359873176
0.550109241200558
0.641403492133263
0.520628873741678
0.649684964477472
0.538351610970427
0.405920627601529
0.551381517649799
0.55634060021894
0.572583551556275
0.549767963027929
0.569680541429835
0.634868395356054
0.534188667902103
0.539302441509341
0.544994055897018
0.695003458470385
0.601497180677866
0.569949835910704
0.598306572248414
0.573778618142151
0.579774535861711
0.570423514458296
0.541941747987554
0.581497135510065
0.708063641188821
0.554849385130306
0.688510755624671
0.512433313174491
0.579869188175657
0.513994420856954
0.662521182482899
0.594084114400734
0.44888126627392
0.733666336595227
0.768016214940803
0.753655627146979
0.65059712876541
0.57656460252278
0.698729387077181
0.708997516647129
0.482356437014504
0.645705139452634
0.625441594402978
0.673214417208105
0.697247624950127
0.528398000265076
0.677219713764504
0.557119686610473
0.609515536720223
0.713097913672173
0.665463684593358
0.744252897910924
0.553505041424773
0.582865228004331
0.707009941614705
0.55116343266027
0.656635640653425
0.749849738367384
0.664367052374405
0.600720785066597
0.744495422294683
0.772118582608427
0.745573308228479
0.668004000613449
0.733446214679858
0.760469948313135
0.521515070250164
0.815328822405388
0.622805698202209
0.822405441996248
0.642851615012261
0.802478623144714
0.63438770131431
0.649785245171422
0.652004152135276
0.633315362474592
0.691084672684907
0.681445231079923
0.815133722080447
0.686172971367547
0.6316818834743
0.671963532881492
0.768458200670386
0.609059333363541
0.615483993694609
0.881471465204151
0.672002569809648
0.696770551575801
0.774724155135621
0.871687044087723
0.601907392269684
0.626753722273869
0.591346809703115
0.852910930018627
0.596048574353313
0.720157807415294
0.625704876627784
0.769866472562672
0.774526290542368
0.84572519783062
0.636077610288339
0.673196451145312
0.730939959093476
0.85573770019498
0.756989333168463
0.681805665573265
0.761569597978216
0.793779430080662
0.68449414214006
0.662781577437538
0.79404421074307
0.75899839037347
0.752233071927923
0.739014131061288
0.777559344678101
0.848648079616917
0.805903444479756
0.640157484023205
0.680767264121746
0.69514536250741
0.682806668894911
0.728118721374259
0.849323420526781
0.691290804606626
0.942926785758669
0.697642634113433
0.704913850902381
0.841475755401105
0.774550210272868
0.771639498150926
0.827536307640882
0.734824351346826
0.908719533208968
0.842638044681864
0.740535954373934
0.793825941921808
0.876032061195747
0.721939532584165
0.949889695323614
0.798565290214628
0.942750239318116
0.820711787424545
0.794625188074025
0.799484647406945
0.692090349960231
0.801905971191737
0.760794628773792
0.84112716559732
0.773293674730508
0.906674564156297
0.963418635879819
0.88628310344451
0.828857881150959
0.883951618334572
0.824505185826514
0.809368552460279
0.765774050468081
0.767205233232214
1.0607088689284
0.83625770688063
0.72183176568396
0.944584359692056
0.902033142220898
0.921656754253376
0.859052163236461
0.942078381198572
0.889543727262878
0.867709369492923
0.834585737565196
0.727678538798761
0.882843048850035
0.946152796284312
1.00360114772661
0.961698499309026
0.864621967256118
0.829239588690654
1.01483479107815
0.851365669775874
0.8811529324227
0.796481842452056
0.899569595997452
0.712367890164524
0.79523340590654
0.928517115451032
0.834857603519612
0.910168350647715
0.782104192027886
0.939334503683285
0.967661052541819
0.92355381739561
0.949784416830598
1.0371423596417
0.897803665285076
0.795407485994772
0.983519245063509
1.07904534471972
1.01376869903794
0.822354098602078
1.01021481853136
0.972103651780232
0.810209760783047
0.808596479040886
1.04033750816024
0.92672381790848
0.959721226700892
0.991083225384992
1.05978836522415
0.879777041822047
1.13055929541427
0.811906129593816
0.970874561678375
0.986827280616133
0.958748477470849
1.14061455002577
0.862125091395207
0.910530987354316
1.06325994906617
1.02176769716662
0.904139086688181
0.991437107646858
0.948771365102506
0.94785531942499
0.989024490258781
0.876470008616329
0.875734985980118
1.05259431239756
0.954278015404664
0.936521453247022
1.11554414425491
0.998965590413822
