-0.900923556280322
-1.12043663554369
-0.975198500968309
-0.910793110433125
-0.946754133285429
-1.01233017585162
-0.989070519317046
-1.05008700296438
-0.994405156891134
-0.895202187999278
-1.04626674045516
-1.13431500981667
-0.984009593037509
-0.959480144292481
-0.948922428733687
-0.92033072537673
-0.886889077592839
-1.09360706260971
-0.976643340867819
-0.727560756808159
-1.07473759455427
-1.01029178008396
-0.867029707099437
-0.863892046665717
-1.01449038494924
-1.00513827592055
-0.901499243198104
-0.823003050404535
-1.00064040104942
-1.00398980861209
-0.832289198413622
-0.849833321921612
-0.947403510339216
-0.920347177881033
-0.970157006362876
-1.08117275170346
-0.811738702988231
-0.99445194618971
-0.775191063942854
-0.88053800524153
-0.931078191270621
-0.924540502191531
-0.954895934304007
-0.852448192554164
-0.99466574152271
-0.897273306173208
-0.839527873977557
-0.895329847992656
-1.06820226345458
-0.97132081544154
-0.881130159597949
-0.905655702031081
-0.829280004920925
-0.94274995681206
-0.775756889503635
-0.838577857973135
-0.812207843120553
-0.864086838776514
-0.905808969459208
-0.864917709896794
-0.879813304175856
-0.870802095807872
-0.875420624911
-0.892429666431653
-0.792817778735361
-0.919363691486867
-0.869656782128726
-0.891251178742732
-0.789340090875874
-0.797156190503313
-0.785728880047329
-0.749427695266324
-0.682582191491444
-0.921354535043707
-0.844068864045939
-0.808489245949627
-0.851212392746102
-0.693597790192852
-0.951318092272255
-0.738527757639769
-0.868041833883846
-0.814632820795659
-0.817028614493862
-0.767017497194813
-0.844691275729048
-0.784594665606774
-0.947350755072105
-0.859410972920009
-0.719485164258759
-0.633271243457239
-0.843412413094717
-0.713386484921087
-0.694301707885635
-0.888208531820528
-0.808179263475323
-0.998026456971291
-0.718850049193303
-0.822147098150269
-0.760834406882539
-0.773042636902942
-0.714361464717646
-0.847845545526727
-0.709244373155967
-0.884974151590084
-0.768820729725972
-0.733584267626739
-0.679915553644493
-0.668998982810255
-0.846986943780648
-0.892507083831126
-0.658316289536895
-0.811885352077643
-0.675392909625341
-0.732775363573712
-0.827739594668914
-0.788645779321697
-0.769374265758327
-0.737500834565903
-0.583797646788847
-0.611196807293827
-0.587610737351322
-0.674200341734066
-0.760952616492474
-0.729118462542916
-0.82832175345791
-0.793246883950487
-0.56972539485989
-0.727855497776117
-0.743570782315739
-0.623172233933298
-0.745213094285748
-0.841873531015491
-0.565789213273129
-0.853711432280794
-0.7079778396113
-0.706772253005659
-0.775162018198147
-0.661689527932633
-0.788595841188947
-0.801365589217614
-0.78794470601493
-0.718791473690002
-0.793588263381642
-0.75846037210323
-0.769852071639603
-0.735630547479349
-0.707110389952703
-0.710250620292693
-0.777629586242446
-0.704934231485743
-0.562278709880759
-0.75649619086269
-0.662223117796915
-0.637208378747854
-0.580405379278066
-0.522893306229302
-0.652891935013135
-0.641419076210244
-0.564126373872145
-0.606264294052372
-0.713936296739129
-0.680519507403189
-0.693051991320848
-0.821610253500257
-0.695453191264591
-0.51071320369791
-0.767841478200622
-0.711734186356114
-0.74662451465972
-0.77380752526645
-0.6660975275418
-0.718582348378757
-0.731441476707613
-0.732816457996471
-0.737015303763587
-0.705056130562391
-0.675134367914333
-0.664788891846682
-0.745023962576573
-0.753110140331809
-0.452227650546656
-0.550186504419028
-0.529855394608034
-0.541994067806797
-0.726194040782769
-0.589131959567252
-0.487218871028537
-0.587640285603381
-0.656557965091857
-0.78666236820463
-0.661565814884612
-0.668794476443573
-0.648310745757222
-0.563036860668309
-0.599067806142065
-0.805314093885863
-0.541195042278716
-0.659407217691101
-0.603318187871241
-0.674549303634774
-0.651902672286776
-0.720799778654167
-0.608464915345991
-0.669975884663681
-0.699744753977083
-0.645907841305191
-0.575046117358139
-0.541204350019096
-0.70020167204947
-0.48450197991447
-0.619517799500694
-0.418251216434233
-0.528722028068462
-0.688112268123971
-0.516850056804092
-0.524458311696883
-0.517607114308961
-0.601414252939476
-0.645004927786474
-0.521437511122496
-0.699969095756653
-0.514330897639734
-0.58178261908792
-0.603077121963823
-0.642875960080752
-0.500851641748746
-0.479635401357266
-0.54266065415489
-0.52109754901844
-0.646096110287162
-0.458127091512825
-0.62085589049267
-0.680172074075496
-0.553372446013121
-0.536455824363124
-0.523576220291033
-0.53657627062497
-0.533141134569089
-0.563005399204759
-0.490560325056241
-0.470134949507515
-0.575005415857342
-0.610535162509686
-0.627210336838788
-0.699309288363057
-0.516291784011413
-0.4660637894795
-0.49326112195698
-0.48038363483878
-0.47410647193703
-0.38033278007607
-0.4921538119881
-0.473774527065935
-0.579275058934295
-0.388542344101267
-0.545454193655263
-0.563654729589925
-0.567216192112636
-0.465172020729055
-0.49373004363577
-0.499286750727564
-0.374589096332474
-0.458672262019505
-0.569692934297982
-0.374050085546569
-0.363827369434093
-0.367106684308235
-0.403263085749749
-0.567769564924474
-0.521314855516567
-0.531233133527741
-0.380885554421906
-0.39665547512216
-0.395166437130468
-0.532636596967159
-0.250096475994031
-0.445504536444622
-0.432571062461736
-0.398368191140235
-0.472226961352923
-0.384313965067051
-0.459215565034443
-0.376278427128843
-0.403211834557454
-0.328176974352719
-0.400128322268476
-0.389562039724429
-0.276597570968684
-0.551139844898761
-0.268976791340943
-0.426874600259438
-0.387877797354697
-0.411683673488528
-0.452292847868323
-0.303798782175828
-0.314291903333798
-0.413474143238547
-0.369267335563447
-0.343957589407083
-0.423732909959067
-0.169457046682264
-0.334015912371991
-0.473809421208424
-0.263843115982949
-0.274899390783833
-0.318739768978649
-0.428454972525903
-0.436284396185719
-0.37544161178686
-0.420623592047285
-0.493376700903658
-0.42339280362728
-0.364008591587905
-0.43424782717366
-0.39916145614674
-0.294841366747275
-0.317126711100392
-0.380309851421857
-0.270742377093725
-0.300316389573195
-0.403389667519861
-0.47186011399175
-0.452991667982743
-0.267260148797458
-0.218888264009727
-0.379668327040602
-0.304634085753619
-0.263688675604629
-0.357902711306587
-0.333852427245594
-0.317546381175988
-0.33045079694104
-0.260107214602841
-0.353807449517839
-0.355128519978724
-0.218662484518084
-0.275207048062244
-0.353386954196981
-0.315688819835772
-0.41017070789218
-0.367030689159768
-0.358527404228942
-0.243893483986993
-0.354396177901316
-0.338671378533956
-0.289489483474292
-0.200809872752226
-0.231962889317648
-0.333031866174151
-0.265417450404728
-0.250264619651246
-0.204586735096611
-0.317617777504026
-0.2175697474701
-0.236432688225501
-0.267525281998
-0.402483726177996
-0.193352367153014
-0.288121408519962
-0.313306058346172
-0.201179287778719
-0.34756590431491
-0.24874901434439
-0.3999486328906
-0.328806227600783
-0.217564637046747
-0.319800603660028
-0.373503279903786
-0.304328781309817
-0.123098799485931
-0.201767255222894
-0.304820178736465
-0.118818644951971
-0.145051046004904
-0.348697897251888
-0.32429997648894
-0.179648586673601
-0.339361266166244
-0.27941966643577
-0.287522159598484
-0.353175386410755
-0.2919228182564
-0.262445277534251
-0.337538895249934
-0.186709178767013
-0.359316859294533
-0.191419191943777
-0.448259903431718
-0.262802446293754
-0.283370987870834
-0.240706313346848
-0.187498068067952
-0.116933429439866
-0.270153478294316
-0.293109070640999
-0.195706332003535
-0.176666707245456
-0.232176738990367
-0.142165337268694
-0.208285822777253
-0.215334810015735
-0.0402933676492017
-0.288240719280935
-0.202152462351665
-0.178939849921195
-0.22677339394172
-0.0564709518507382
-0.20081984725747
-0.274439338079087
-0.183067292476015
-0.207372505945668
-0.373824756870097
-0.200267831135683
-0.218182199685615
-0.241828782594407
-0.117292944512227
-0.220984337242879
-0.166004291370877
-0.132290226437281
-0.191225354858411
-0.169070397598205
-0.124416360885004
-0.145343329363533
-0.24141861141747
-0.248059193215889
-0.131540156080513
-0.0643652496113009
-0.0399345343834603
-0.0738309573988019
-0.249205679849107
-0.266652380745093
-0.0610126495218493
-0.19128051172706
-0.240540787411102
-0.117689808480117
0.0232829104416592
-0.285805936447863
-0.219811198056779
-0.183512832198417
-0.181559269132087
-0.164322544639573
-0.347329044165092
0.0336727101503602
-0.0631954748630686
-0.0990485165210408
-0.0582026941037674
-0.156622961153324
-0.179361116359958
-0.226925204037687
-0.0404200628095039
0.0180827097985754
-0.0563809084111958
-0.156902532127671
-0.216627996586594
-0.0276852273121953
-0.0756743692937356
-0.0445776552772259
-0.0766937813753289
-0.228929576380367
-0.124948014219309
-0.105969556946142
-0.15701265432885
0.003097757526788
-0.133471194998562
-0.10951688977405
-0.132657588948879
-0.0103436743675572
-0.00394774024735948
-0.128902036794923
-0.0788579969924483
-0.0273017101440792
-0.15029436043714
-0.000200593424422332
0.0354099133746872
-0.101348922480191
-0.108382440600414
-0.0235287671111463
-0.0522898939798656
-0.211083814784943
-0.00376486966430063
-0.061067516771312
-0.105855828416571
0.115574216721617
0.0118145858214369
-0.0948862707609034
-0.0160242211427867
0.11812652674824
-0.176246483645907
-0.0180310621573024
-0.0706943773992569
-0.0753986176011793
0.0394844249329461
-0.142009985573411
-0.176635889841215
0.0216151535835462
-0.14969212802619
-0.0363469001457192
-0.0368076298596896
-0.159792839327136
-0.0981665569965153
-0.0553724529386064
-0.070669565038653
-0.0171551111965645
0.0856420253086398
0.00890403158625193
-0.0126946863660742
0.12639433888281
-0.091652424306824
-0.0583233146962923
-0.0213305128652126
0.0747315737056739
0.00826224685555283
-0.120413898583511
-0.00292328016810252
0.0950233256865393
0.126470039146886
0.037027095232618
0.132302856476071
-0.00265893111336289
0.0208616313281976
-0.0630557047913485
0.0357234861466247
-0.0248488299577776
-0.0676887196597797
0.269424290129912
0.170777722355299
0.144757417006485
0.00617709581532857
0.0206601371157343
0.170865101159661
0.0457553723315415
-0.0022040706817319
-0.0340781806687089
0.0781540411180209
0.230117369226204
0.174980294534863
-0.00244154937049151
0.055750305058098
0.0653752523255245
0.124291726219375
0.0777227458987383
0.0386364971997377
0.189753205867286
0.0141965290755068
-0.0266624356800011
0.0920861953418613
0.0762412657103849
-0.116003017776277
0.00126573189373821
0.212567233919097
0.122145863574551
0.166026311759729
0.117818548243739
0.215682367700582
0.20832704423244
0.154632449195132
0.0678361636460718
0.00799576006493285
0.130993520614167
0.0589249566082717
0.0946088051165625
0.168622953974456
0.118720352717482
0.119036403832158
0.1415432208134
0.0431100188578057
0.0966564160277667
0.215995855977869
0.230905334523781
0.195006467780168
0.143956639247503
0.155857898378727
0.222728936096776
0.325483130893562
0.24429891117296
0.27147531573616
0.159628597257993
0.142659514078154
0.145235545246018
0.179459989576857
0.129267323192705
0.162107137737594
0.115697382346772
0.172274562710737
0.092998422934822
0.213212260547324
0.0945195250834549
0.232173227602551
0.0206532749497374
0.334352105410582
0.108366881829125
0.260651023946191
0.157702484913915
0.241463205376476
0.24854719107454
0.157899949738384
0.173484372135833
0.308357576617704
0.244002580206246
0.092633320323527
0.233504472543641
0.142573730289865
0.243594019139087
0.296979237545404
0.281913284827389
0.325366827383547
0.273103660234615
0.122455320588531
0.245227465415778
0.315953350437474
0.21849055079773
0.438321931409399
0.176948954829917
0.183031492610203
0.158789844294232
0.216851330078319
0.133280013084255
0.368774851955377
0.246445927000045
0.264986059587193
0.173975624604722
0.305588547590023
0.256830193183596
0.141810422435919
0.169162055320661
0.352861884073019
0.217136950122898
0.214435547480321
0.160246287077306
0.380854190027462
0.40564433581458
0.344489976327483
0.38830278798101
0.275904067698017
0.19027151310286
0.282265581019378
0.465945348439849
0.172817893334846
0.211475349808918
0.232034966898934
0.256006714197717
0.163815349045821
0.239765778952074
0.255224297025167
0.248457977913784
0.366213769634037
0.21106572344592
0.26189525475067
0.274651387618078
0.24462902182762
0.372511105273287
0.456245490735244
0.248151222532475
0.411457841832149
0.273155680423167
0.421640316819032
0.240223974683948
0.398908918186131
0.314499683094596
0.347578672896106
0.104422771060657
0.449436242468995
0.364888379814447
0.344739974418094
0.355549383958432
0.232655295362071
0.265421018104781
0.30542336853221
0.321981918597873
0.367345047110268
0.184021298374265
0.303547391103834
0.263608009992585
0.344658011792987
0.307182749988039
0.246659571147137
0.332789982328805
0.472866265036825
0.319856238832553
0.379207527604097
0.339986081670339
0.279574296674436
0.40353941826217
0.415193945294376
0.499129587047471
0.260807840754696
0.444915086549928
0.450972580135815
0.369090468511679
0.399168046313171
0.432061651649916
0.443813049423091
0.378625383012185
0.460695832669084
0.486252229081078
0.459435474097589
0.314760751471817
0.445527391716458
0.553454332757295
0.430359165822232
0.355517531178566
0.388109889056454
0.468360676853866
0.63594193361416
0.452297177549781
0.489358560179125
0.345236232694229
0.223517827755008
0.34040473361899
0.379313654540145
0.498255671043991
0.341278136684829
0.451293049039481
0.250577781374712
0.428805096107764
0.431208334659
0.403443577240674
0.527518951671823
0.461557581957173
0.625535217424236
0.560735454832228
0.474458779751581
0.609933116861785
0.608126823480058
0.426780599133463
0.612623015872228
0.417439804764448
0.446127475596943
0.477044760149541
0.333083270848271
0.435598539792599
0.543488028662098
0.631956884017081
0.722125888597535
0.388275747007237
0.49693892536763
0.405583477905225
0.587572303440642
0.470953967213267
0.488882453106393
0.428052872164012
0.347055709103061
0.433520545089071
0.404725481127369
0.507908387694524
0.574331630797528
0.532649861108696
0.49303683454451
0.411867351350107
0.644947845996026
0.437081100154696
0.468397025733053
0.402411555570427
0.523584968105156
0.47205402004343
0.336655002072281
0.575590645558534
0.535797915614927
0.469679628604594
0.561378016320974
0.548112399659998
0.454641811709774
0.397168687499463
0.50558121148007
0.687140133114749
0.618883974598513
0.4652073103418
0.412995931980693
0.590170597840105
0.509271560054189
0.615681657688771
0.571447400190042
0.50865136030824
0.604461690548818
0.614093063230221
0.558491332404658
0.529275503091024
0.663616198435339
0.502167558952629
0.484316133397703
0.599206468793601
0.642885895967347
0.489805688163024
0.568473295282129
0.570564701175703
0.336702635710567
0.672700023401199
0.489698815208895
0.345051682438166
0.750939471271236
0.636549230518538
0.600211637827839
0.517494532430593
0.488956536899503
0.637619649858685
0.564468706455936
0.663414662806057
0.633854218236801
0.62079580095434
0.625890315816781
0.675214817576193
0.635847185955887
0.606878498429076
0.633425352816453
0.563118218390692
0.678387274456842
0.770388329629029
0.573744150086966
0.50501203603145
0.519439260178348
0.758727634926404
0.65995591632529
0.704435546613991
0.501586377812943
0.629480209036569
0.530306149015458
0.62443179181174
0.534681781224324
0.603074870794805
0.628660329640695
0.744589237858398
0.628281241590403
0.728210686559833
0.661880629407697
0.620335721799263
0.58204152303954
0.541570215128001
0.708059063347639
0.870652608251192
0.69714442865868
0.750846984347318
0.614509120827721
0.754436124989338
0.779066956554858
0.556958497251428
0.684978788584034
0.623852995751789
0.624970653814337
0.637174240172362
0.753830571222522
0.618955411858316
0.657990660746385
0.66462363215043
0.543608038663015
0.612491422167612
0.737275211288504
0.538903806174362
0.829326683404735
0.629043322604294
0.686938045988424
0.567882953319043
0.775001740753194
0.662324594817077
0.728832941535724
0.820250439754168
0.678371889630215
0.80315084755489
0.70443121539107
0.667938911648598
0.767345528761333
0.828818124912434
0.885050576372108
0.62668433179155
0.677724806539661
0.804055558920224
0.852699686193046
0.703944704952339
0.65788056581935
0.648393383249262
0.745670637397472
0.711640054573091
0.632021221600647
0.686810414799727
0.734763711192058
0.799623154143359
0.706004808243843
0.725858484184125
0.821832059516947
0.853876440422482
0.759982456735119
0.742074581609412
0.711341826586477
0.718576771404533
0.616473055767695
0.738942399965463
0.603684623500484
0.753697796791251
0.641041751821369
0.886120613011806
0.894920883975925
0.811434310619416
0.882940460886947
0.788665228621327
0.840356603214354
0.779687253837921
0.711306686207932
0.70402261836634
0.719357450375189
0.702987333262102
0.67828676227014
0.678451528176609
0.639912635213328
0.805784575861923
0.680416803740115
0.80223952112884
0.728508016327841
0.763855275145979
0.728431106410619
0.739794178782975
0.809253417372524
0.862381224571478
0.821364463909231
0.790132791933606
0.703662169759707
0.861817004463058
0.921610424839686
0.99351757932163
0.815210864438046
0.807553874814996
0.873955470345014
0.765780189854004
0.919784069075761
0.786744581686982
0.845444086740972
0.885889627537816
0.945958839719179
1.01115819651092
0.832887429602735
0.810907937255749
0.795301402367716
0.715132547377865
0.762481709081827
0.916591617749793
0.950901216354866
0.908579142069835
0.983597699441865
0.752023520107366
0.923605819070993
0.902762746899171
0.740088479197787
0.767018479175388
0.908445258172305
0.829624921703937
0.889842768890932
0.957436876189941
0.902700356497153
0.946236247651718
0.867987990502589
0.877590242323559
0.905878353966098
0.946202446704813
0.86663486222223
0.968719334313545
0.85983461615987
0.88207773828546
0.960197029371139
0.791142785397797
0.960865282172393
0.90631430431123
0.704844551174808
0.731990389941841
0.915096271261275
0.844246435594807
0.911115473141221
0.824909887605213
0.931473243262391
0.908756413508495
0.994570364419862
0.927706581635522
0.970433043107686
0.92684430955336
0.816062612257729
1.05460401700187
0.972762976058776
0.926913804597894
1.09310751689948
0.881618216885907
0.903778045265344
0.969143040054437
1.00042993348789
1.00443018941852
0.857350547287545
0.982585888742151
1.02103680621819
1.07019896273381
1.01759540837543
1.16209883050641
1.07066541226741
0.957820759901759
1.06700095032175
0.883329861247209
0.950894001239293
0.992680387387332
1.05604769143068
0.94494500233892
1.20478213672306
0.924610271277776
0.988146255278309
1.01628472322787
1.09289280551965
