-0.950236476858831
-1.0044921265278
-0.996723360700518
-1.0049448627819
-1.05951186723737
-1.12229269402978
-0.932072001501418
-0.893829999588474
-1.1291936317352
-0.798391139578137
-0.984329826343402
-1.02136658645655
-1.04869752546494
-1.00346596101558
-0.901928750908306
-0.911153624925741
-0.900145702632526
-1.01506090514505
-0.979784088402943
-0.957210661640131
-0.791203046977293
-0.944712443670274
-1.0791530898057
-0.915751960012409
-0.853094147931174
-0.875671805934121
-0.974260060891231
-0.969584517378217
-0.846444034769026
-0.880441214235452
-0.968766613663941
-1.07208317169997
-0.987302781656039
-0.981570769243464
-0.871528561703728
-0.827342153665562
-0.935233601337008
-0.784702815204527
-0.953953971613769
-0.885528078271767
-0.769721519491253
-0.839398583013594
-1.05722365322668
-0.980266214152631
-0.899576171600131
-0.85561844807948
-0.968549589144763
-0.894158826261818
-0.958452777248647
-0.792419804039246
-0.953191548683205
-0.970601583379396
-0.941444837471391
-0.889203492817896
-0.90801815967623
-0.869612953378146
-0.818721535858709
-0.828286245175501
-0.954482141456721
-1.04205191150246
-0.8568653052869
-0.993626115922827
-0.79499192873566
-0.77775975948534
-0.801491538406192
-0.819354639019236
-1.01936831066773
-0.843496535695795
-0.854583182509135
-0.759769834283458
-0.870786589562947
-0.908634641971645
-0.942631168150169
-1.16495960553609
-0.845727585204959
-0.832330324612556
-0.909050772806734
-0.982981082201038
-0.760629162093582
-0.822394202534306
-0.770824523700973
-0.867991879569891
-0.93116598895606
-0.862826516413001
-0.653216742198857
-0.791223013597237
-0.907826648151166
-0.826765718098986
-0.911403568593123
-0.931714881219595
-0.910774389056029
-0.760707244726289
-0.849920956837678
-0.7174889037624
-0.806090746050814
-0.779759345552665
-0.85642584408876
-0.723331712034707
-0.770742558586886
-0.755172275609945
-0.672888572486092
-0.735966162322082
-0.928806041068474
-0.849274696436209
-0.903503528264868
-0.625480925076448
-0.742616994993758
-0.723734409206661
-0.847875974310629
-0.657411631917863
-0.575315445471083
-0.69560055462968
-0.756277848770828
-0.973700379735316
-0.891364876585355
-0.900913243500875
-0.77024051360985
-0.737964663146095
-0.838188306218673
-0.742438230048957
-0.664530292591408
-0.909230945331033
-0.685413369703496
-0.814934290915723
-0.788185099417542
-0.714241846677097
-0.821608021823991
-0.617011893417845
-0.776446943892909
-0.767304481296024
-0.752598332587016
-0.779708247074705
-0.845292584288257
-0.681864234465838
-0.666001075863165
-0.725307012242989
-0.748671418354559
-0.719613454542224
-0.748142609195539
-0.766501131763521
-0.771961431024212
-0.633516365377843
-0.752028056045198
-0.678927288847788
-0.640361023721493
-0.586152140230052
-0.728245027762195
-0.680048998595765
-0.779413322214773
-0.577049061152243
-0.715982004974531
-0.776890051866364
-0.571103728194471
-0.763228021305107
-0.615285891819606
-0.631937964007889
-0.865329728948054
-0.610753334163032
-0.705062857701697
-0.590281918714146
-0.657152119979274
-0.685394407815231
-0.571879841869488
-0.72011878734841
-0.603880249289346
-0.680284083321543
-0.693411936407621
-0.642339279903724
-0.700840445980746
-0.592394998120049
-0.712064810131896
-0.666919646250563
-0.595560563187331
-0.707512471070089
-0.571452028385392
-0.523561418017707
-0.647203076848478
-0.735119865863083
-0.775975835777257
-0.686762543274941
-0.626216770723284
-0.553390014156001
-0.547554771209355
-0.549981329539778
-0.638609398603622
-0.596238697125657
-0.664135918534759
-0.5352103091924
-0.587543212201129
-0.764418117221247
-0.553147024519549
-0.590114226068278
-0.627559148779023
-0.623712412366271
-0.436895189208498
-0.767693853392202
-0.598504186098495
-0.589157020349512
-0.737068701575953
-0.585982689497054
-0.48797780272419
-0.665826549774218
-0.432530939783562
-0.700448892246836
-0.555950829616407
-0.61062818421165
-0.414527401938938
-0.598240670739161
-0.607604450956749
-0.604645067351986
-0.580998810165952
-0.691574255228976
-0.527313939702714
-0.53474802975064
-0.601713823952316
-0.530400700181792
-0.590837853308033
-0.52980252250911
-0.566192654046542
-0.605355564599024
-0.738488009131747
-0.653018662553881
-0.585096927952534
-0.490386449125051
-0.57838402478541
-0.59999510084472
-0.518146943995007
-0.550370659415788
-0.615965775204157
-0.59802742401256
-0.492052485514156
-0.514970791863629
-0.590260627456562
-0.637253951666416
-0.564867913911731
-0.547391050167195
-0.488431353926843
-0.619387877892793
-0.398413217229351
-0.506116204822332
-0.5160308540337
-0.513469751478068
-0.563754570089024
-0.549973470463514
-0.572515541738289
-0.566261348467157
-0.531557317399624
-0.59857341067556
-0.526866912844991
-0.470684880032126
-0.435211789068389
-0.522793558304721
-0.435948981477988
-0.428272735743325
-0.422138702054004
-0.44185121028214
-0.502518688367649
-0.421962079973097
-0.495439623827477
-0.596513554515058
-0.459462801705985
-0.539856898501673
-0.507567190595531
-0.537699286349371
-0.396436942247778
-0.265847490828871
-0.396566519485725
-0.465749036694525
-0.565300691428971
-0.463621633061574
-0.625599708570178
-0.463201718792014
-0.443087393023627
-0.417781240340874
-0.41343380943513
-0.409181829202076
-0.617963401947215
-0.456368130433296
-0.400496981844136
-0.350988387773199
-0.481683441686934
-0.329442519326855
-0.470569736208458
-0.662154469026547
-0.350789368553537
-0.525907663480571
-0.453364362072583
-0.432082969825274
-0.387814361331922
-0.442305835724195
-0.437225051670427
-0.254882335247374
-0.486376349788666
-0.344525425776797
-0.444875140160316
-0.283959514479092
-0.281685603665021
-0.451946008686199
-0.337252414754569
-0.27532884172574
-0.429771402931628
-0.350303511219414
-0.345470995163514
-0.268635113868372
-0.339479061570761
-0.323624120531361
-0.466115627873295
-0.42546354315343
-0.305705785934704
-0.483356159748528
-0.336076978883377
-0.4110614134585
-0.421321238463062
-0.389609836788508
-0.35837061476544
-0.363189480794686
-0.398434206005511
-0.418740492705787
-0.314105135873307
-0.423628674082143
-0.264944265305326
-0.441652576082989
-0.39176731767678
-0.464373960016395
-0.283648327773612
-0.462155601698708
-0.468755124989847
-0.262261208347734
-0.392066055525079
-0.238898918544608
-0.373423357607269
-0.424805115379341
-0.256093941178575
-0.515264221875938
-0.33451247512179
-0.182481763458635
-0.285629336106558
-0.408885733014075
-0.2614060285052
-0.344653917668468
-0.13726243257949
-0.400587883999051
-0.236471210415044
-0.312232700098109
-0.414540145064687
-0.244396603207819
-0.311469234176652
-0.272240985527692
-0.33223736456109
-0.37464686626067
-0.0569917390331248
-0.386275968051326
-0.340024656662687
-0.340180856000428
-0.235175811214791
-0.234035189053726
-0.373380629426444
-0.199692874857211
-0.383287364527502
-0.36909586453757
-0.251573958566074
-0.273911590108909
-0.364572532805247
-0.141088189130586
-0.238364923034055
-0.245489687297253
-0.233378834069909
-0.222853413900551
-0.251100366329274
-0.339694174466313
-0.307487224643101
-0.269444139751269
-0.271687486069629
-0.206581252723053
-0.323874232560328
-0.184557452388794
-0.25764406013739
-0.30923040809896
-0.281124974326163
-0.399511203888646
-0.351398467225641
-0.159880783017739
-0.170865551711788
-0.169217439078836
-0.235835180084704
-0.352510690943225
-0.296097136751759
-0.288706850636164
-0.337121419749628
-0.15842580292269
-0.264739281284813
-0.245880603091226
-0.144670969390508
-0.100370495179102
-0.201550352270543
-0.34764395934629
-0.0311028864408326
-0.149170234959636
-0.260188500828484
-0.388752322668914
-0.261587601164955
-0.251165667603
-0.116733914660418
-0.222047640919339
-0.340070711857179
-0.174887002643305
-0.194096655799997
-0.210441115561728
-0.0886952135346659
-0.174397710645606
-0.245884397016102
-0.159002195053218
-0.192296568927409
-0.139100026369696
-0.255929922354529
-0.307691008109631
-0.0433386949922837
-0.233668796340303
-0.164068487203196
-0.182703720527638
-0.293505388229915
-0.107632893233841
-0.222748214435276
-0.238920314006827
-0.0691009086978646
-0.128234753664136
-0.0684218541243951
-0.102059220943198
-0.290241480176791
-0.102447628069411
-0.299072149554593
-0.0590630363103787
-0.0908083500725778
-0.209560611434892
-0.14531582484943
-0.263380496014536
-0.188615659500676
-0.0648600255693499
-0.172665501210356
-0.143324412059976
-0.188598304525804
-0.162559176912434
-0.0471678439570099
-0.0672221909654264
-0.258619479612347
-0.0899148960450812
-0.135272509456802
-0.163369562234837
-0.186628135694683
-0.293247042073156
-0.169514568096432
-0.151006454460522
0.00547234608077016
-0.0902698194023618
-0.116266051311345
-0.0487917621444076
-0.128275176706885
-0.0050668293329947
0.105906867653601
-0.0714244493525169
-0.0685954127119875
-0.0503619473664819
-0.206497067751275
-0.0334054169756638
-0.237997645008186
-0.039180196182638
-0.101511158484642
-0.0801326971659062
-0.042846273903519
-0.224157996151773
0.00900304432017529
-0.152558789620145
0.0865822206704314
-0.101042403187142
-0.0305835993583986
0.045969972818838
-0.0621378679688654
0.0114528600654157
0.00296565010715036
-0.0364255736083747
0.103918651412971
0.104049221234105
-0.0506282521429104
-0.139086801477144
-0.116221372659843
0.0815267151082573
-0.0895963221126953
-0.214648772764681
-0.113690312701853
0.045509668568165
0.0523381174742266
-0.0809859919581078
-0.078736171106381
0.100517252075235
0.0570951156294756
0.0845262827254327
-0.10241005695579
-0.0176448673295416
0.0506185656065968
-0.0215941404856445
0.0807107019142229
0.0606562826985429
-0.00912553981854956
0.0616473180565229
0.0768548169421649
0.0478251212403062
-0.139928159177645
0.0264697821613653
0.00383426151430475
-0.154833798745729
0.0520886562254656
0.214146086961842
0.073367353636594
-0.0308420004513882
0.0916683637879342
0.137936441730359
0.097783523616138
-0.00640363352180951
-0.13518303358277
0.147500241679401
0.0106117421573427
0.139146035917254
-0.0617154421254269
0.0169124294459999
0.0796167825586283
-0.0138588440146294
0.0889889456734844
0.025053094814354
0.0661124680747087
0.0932237820319103
-0.0233442839612147
0.0703217727504386
0.193328906464471
-0.0956835056931437
0.122999692998533
0.184069694693698
0.0459212472698874
0.0249589608341848
0.0861149316708426
0.161901805604874
0.109584364805144
-0.0701029034444336
0.0474485909977721
0.111353148546018
0.176091804060249
-0.0717449336003358
0.191928055998666
0.0882723227178749
-0.0478620178412176
0.12557302606978
0.153023123403678
0.197211942870982
0.154545348369087
0.0620824076944248
0.152138086406799
-0.0241562183819305
0.216586169463644
0.123168475831766
0.10215261566682
0.0519676036396184
0.0817404667983353
0.0121438162388762
0.0848537609088131
0.0876472163445634
0.121669446655475
-0.090246948550268
-0.0343519081588735
0.106570544290514
0.00438412960382256
0.0392579112916684
0.046414092126585
0.272488765626293
0.220413899530105
0.232013529836837
0.272988426352613
0.125349985523791
0.0490196940296588
0.190359076774587
0.16924980761755
0.0990871196048607
0.0427985023966892
0.242680605083644
0.0381662437486915
0.285130909480337
0.169769841221796
0.236012366866664
0.268276427837987
0.229454715068431
0.153082083849468
0.281219239556413
0.225984249446535
0.156129174974136
0.322861741740879
0.0905499649550176
0.232715383473986
0.0822912382921727
0.104635913499858
0.0999613296323003
0.2889055259513
0.324069482835731
0.290413713192209
0.193889774476263
0.18460143014419
0.259564653483467
0.076333849444942
0.275848784723968
0.225592858345619
0.294216716109375
0.176364629890313
0.0408926341460719
0.344512451449686
0.138410543896555
0.284576729078811
0.340856728335831
0.074527351892114
0.262906831300185
0.187105332971316
0.00871129138661247
0.103434311653463
0.45613077446328
0.339255076194605
0.216225720569978
0.187645798164444
0.239885014618123
0.403548631590331
0.291166028509995
0.0964590214009339
0.12939032611224
0.16230477427499
0.397661014848775
0.262763903713023
0.344599947860002
0.157110993497751
0.252063638366114
0.212285512251391
0.263801769096291
0.158456912752384
0.344170324020484
0.389828489306959
0.383549415081507
0.164468186341913
0.305687322289546
0.336522597635879
0.385887160647191
0.257530237205334
0.276649585925559
0.343449200177852
0.24631135903487
0.294336776826964
0.215781481719216
0.209943379321383
0.476624718970715
0.380341928028386
0.23982442100992
0.274195051890033
0.326631164373287
0.295804022611677
0.368732699284067
0.233800539196477
0.37970111577844
0.40596474683511
0.396053529561369
0.302399276429738
0.415707773658527
0.44961558045899
0.214461958268865
0.275688050805617
0.370028907090478
0.289603938561529
0.108481414421681
0.311752798949293
0.319322140701012
0.3291969125254
0.240366001072601
0.416142354154283
0.286966924627747
0.315768722415618
0.442803145966003
0.356320855713477
0.186721161305522
0.335911276632937
0.441053212770607
0.339396310878799
0.426024125383441
0.315113917527805
0.330291055475597
0.291840144721008
0.324758983322521
0.341046326047479
0.502219669184769
0.392942945121727
0.423796141539999
0.337006876357085
0.393621384905861
0.263826286004634
0.340811272060827
0.236053541666571
0.307319122653046
0.355763901607466
0.353704923179417
0.303046370646906
0.261839613185529
0.530384436221551
0.326202133691804
0.275544424515922
0.402228653408248
0.290619857058281
0.250729483202179
0.54141270507341
0.506162521611961
0.461577576989576
0.476824777418663
0.400099204520015
0.285851569794579
0.430250245542029
0.507388527462874
0.419603232499949
0.418716021386112
0.46547792008012
0.321067382825187
0.367348043740484
0.511081342514364
0.41945066382273
0.395879424753496
0.376666497711839
0.404206160038109
0.469680828405173
0.488903107228846
0.350504279541674
0.577251900872731
0.503573246540111
0.481807379488121
0.424267750847998
0.522972875650012
0.479214102788847
0.458726391340722
0.471837308817826
0.335559424847778
0.440911566680881
0.485921141770822
0.461462700358205
0.494176022258501
0.545227181945192
0.488245189154594
0.479332784985082
0.487782971822419
0.463323398906872
0.478811101693116
0.500357748882978
0.499616262854933
0.524640457034461
0.630135784067486
0.589836482129116
0.496447029992076
0.496399322071668
0.531728118562709
0.579401281938279
0.531428996746363
0.552397013233266
0.537909651464464
0.605512530997703
0.545895087100806
0.56103182969919
0.5350296197452
0.527426290201098
0.451952936486446
0.539270036222885
0.671953851414196
0.469194908446959
0.514623472825121
0.513973106534653
0.612877531044427
0.577898478235215
0.612164694775031
0.59096125064221
0.631158894669226
0.499250179226802
0.612501738952315
0.584563868842199
0.639104371633211
0.439427070061644
0.582873688284078
0.815947871644751
0.540602781410972
0.621991598851958
0.608239266797202
0.749067523628129
0.494786805001361
0.572698962599789
0.600109651340339
0.522771221430837
0.622003330734892
0.662583506873299
0.576251522560504
0.684486373033732
0.645292990412753
0.644594887925931
0.677935184552013
0.635227822248412
0.455996851784714
0.490408153292232
0.566896965447722
0.577811758333078
0.691376744877876
0.574214348554067
0.682708070403643
0.596340279112464
0.46784957236906
0.707691731321247
0.63410202293871
0.592332332768634
0.582803211321202
0.60740316710519
0.540527256739877
0.436357287132321
0.590567371819506
0.599687394616869
0.500259052294047
0.596336611302148
0.626958219212573
0.595899773005586
0.549192323487468
0.620101073225741
0.703673273906186
0.672365203277007
0.576312301250739
0.503779123982379
0.721049064118644
0.671456069892349
0.52060794403318
0.482308261396675
0.719868953394038
0.496954369143482
0.826249871415891
0.617828489940308
0.734435484368459
0.804213420284813
0.711212539752003
0.633004138270524
0.729625837347811
0.757445030544891
0.739568571017737
0.733693384966959
0.731137096853204
0.600718065204974
0.633716396334805
0.545047702565257
0.681147000817066
0.51625607558568
0.739016520889618
0.689060338840703
0.702395505748942
0.610936256367235
0.580842356335904
0.713639911585712
0.73258508080126
0.72123387090818
0.679904672541835
0.579971933035696
0.701012205571092
0.711165050685029
0.726761696960994
0.738680165477676
0.69918522148793
0.77062494619985
0.791394590091779
0.761937725780507
0.833740602800836
0.684181569956101
0.749878279771747
0.861581000823944
0.794446441945716
0.73299926583395
0.678751468952552
0.693291856108216
0.701134553303622
0.834497159970975
0.79795733992821
0.804085112126899
0.842503587389014
0.759191238971587
0.739641477714193
0.778763123419368
0.662275979229764
0.81058219738845
0.836432919467976
0.807212154942924
0.837693754839098
0.81252487185558
0.677813142172702
0.759994013577349
0.922773517994637
0.603120877852683
0.626752227836352
0.654028906904777
0.898137069264864
0.878772212088773
0.868170936173841
0.772462531069851
0.871762936438222
0.744902938167023
0.755986093751318
0.864490726133554
0.667411321827519
0.5944595292807
0.84050978592123
0.837512298654727
0.82978669193495
0.756638972230813
0.849381549280728
0.886732204539729
0.872041368897606
0.724309277669479
0.753543529771508
0.8417997184533
0.929180334318786
0.866236290092396
0.742525960722517
0.858478475938133
0.917305129859302
0.734923286247085
0.832951470674349
0.725535706536539
0.891815797827381
0.854106701536655
0.962747588647786
0.700088101331746
0.885086149935422
0.815039818515706
0.894957238825229
0.67851281670911
0.935368741916222
0.891440681893666
0.759304158156371
1.12140962025329
0.822281382218002
0.932771143043375
1.00347939314428
0.926494609762277
0.8852824668958
0.872557759996673
0.890880111767021
0.835082114336316
0.909635106088718
0.908971408986022
0.928838263394107
0.79368699705149
0.728569580293324
0.964104176389871
0.742649929923622
1.11032482878781
0.972412783291762
0.847831445138702
0.820438005629797
0.887381789392669
1.03506028964975
0.847204549747876
0.868150662728431
0.946180083066314
0.801026373086012
0.812712781014044
0.964999192519416
0.757389595712786
0.954503204279563
0.945532974097983
1.01025555918578
0.956577055980483
0.942422400809775
0.966159897909659
0.942811542541192
0.819512070447031
0.957770660040919
0.831696699700648
0.971751484648364
0.825223062384243
0.999459433170721
1.12781590237463
1.00512855019206
0.874175029875099
0.759954914809484
0.917806951705887
0.990680629020103
1.00956836384281
1.06434833635377
1.01927903046801
0.926763009362559
1.00449080901312
0.87385084242646
1.035789901225
1.12983780648613
0.983222835271905
0.998444552811764
1.02850880836565
1.08180413488399
1.08326702220033
1.0345414929564
0.988963643450307
1.10024033767102
0.922665306898857
1.0746027854177
