-0.956007993997481
-1.01239239242791
-0.970976235040823
-1.03167772052928
-1.06884438370299
-1.12204966691638
-0.934493100930295
-0.899197784931913
-1.11986976303717
-0.804927696562061
-0.982986948980899
-1.022776151601
-1.05980902206927
-1.00564862551236
-0.890596697493141
-0.946006345027371
-0.921204168504466
-1.02637919762078
-0.99899181828678
-0.928633414631201
-0.80762187678805
-0.941882696837901
-1.07278681458629
-0.917902298338982
-0.869284967516736
-0.887813521235967
-0.980930468642964
-0.964635145585213
-0.849178764924101
-0.890073606658441
-0.9701443714108
-1.05737045549094
-0.983131938409182
-0.957599178822641
-0.859312691081826
-0.844659268775752
-0.957325501999828
-0.76546951236938
-0.955178612119997
-0.897790724505295
-0.763278321421401
-0.868944714430661
-1.04654884889249
-0.970065953892629
-0.913008241235815
-0.874066254595465
-0.94969217584679
-0.880769850016296
-0.940498970391481
-0.800934745420374
-0.960102243356252
-0.980575319593452
-0.943997953425228
-0.885014078605986
-0.934445356803768
-0.8811371097514
-0.821252717139062
-0.817107170013369
-0.970542092676719
-1.05196944135691
-0.848556760080528
-1.00472560077838
-0.785101852734617
-0.769919052628857
-0.79407415654816
-0.815017525590236
-1.01972452859752
-0.84407612321399
-0.83633177537346
-0.773353902296438
-0.872401966618258
-0.905031968536741
-0.964546044068012
-1.16453169441651
-0.858811866903857
-0.823842845478389
-0.901715709780501
-0.989655054365721
-0.761075276492959
-0.823315923239502
-0.775399750594504
-0.868362521498644
-0.952426050749593
-0.868631667997971
-0.64049123254794
-0.772742582789158
-0.889730954860339
-0.84937991874995
-0.871791856805565
-0.935454501797067
-0.913697844527589
-0.768647200069412
-0.845783762530589
-0.749452234005325
-0.80984091160445
-0.779627628903015
-0.834918503672069
-0.72073743279219
-0.776253169802526
-0.755164236880652
-0.686840730903269
-0.742227133801188
-0.928586936919965
-0.861600704567343
-0.908643837070095
-0.610251073621724
-0.748985079653782
-0.758291305637486
-0.844974495711425
-0.660303083547172
-0.6074087995355
-0.718451658909642
-0.763586334165407
-0.954240576454665
-0.88247758939097
-0.920405731931283
-0.758653547869785
-0.731885373098596
-0.83810279306971
-0.746434474876304
-0.662711389538153
-0.898797439964361
-0.686183233914611
-0.827179714909647
-0.785854014637081
-0.71272274782023
-0.83179002594893
-0.606031118007651
-0.760855561044765
-0.763728619387862
-0.751903807481372
-0.780795439969312
-0.874751447939017
-0.672533387102198
-0.669634696240214
-0.751056045181567
-0.723671664116292
-0.716635731519731
-0.768893874863386
-0.752591396961801
-0.795889318059294
-0.652568962657752
-0.740229751112929
-0.670345305717901
-0.671728515247138
-0.593088892861242
-0.741748797619649
-0.679014755134777
-0.778330742881138
-0.593218265241876
-0.740075073212849
-0.800433339823354
-0.561470902003508
-0.739799382930182
-0.627590290972019
-0.639044872093145
-0.849114017943857
-0.621243161666319
-0.699429417232056
-0.579578130833739
-0.655389012572281
-0.689698271889547
-0.581634574918362
-0.727124461149692
-0.614005269427933
-0.678691540030137
-0.692123189894102
-0.615602195057094
-0.724031928413748
-0.607940451357109
-0.717992085923371
-0.666803834099294
-0.608700039964816
-0.697428192160763
-0.571633789636225
-0.528991483577011
-0.621158949062314
-0.743488315293166
-0.763858357113258
-0.690182536764426
-0.636324031817939
-0.541811471733899
-0.530421554883302
-0.529375311468907
-0.639954220484144
-0.60478845345922
-0.685275392041481
-0.537887788908989
-0.580954549709147
-0.754931311659493
-0.548767276606434
-0.607383248741828
-0.625823681499914
-0.643131458922693
-0.445961076737396
-0.75266485509092
-0.563544025270992
-0.58151344099078
-0.760218859730068
-0.584428766389848
-0.503836339076085
-0.669570158968682
-0.440753190844742
-0.674087788941359
-0.573304670971972
-0.620537386348548
-0.419896958831328
-0.597314651488549
-0.599335622150836
-0.621089533079951
-0.590720189257094
-0.698401094435839
-0.536994434464177
-0.53009653830537
-0.599433944060765
-0.532101253809055
-0.598097866363559
-0.521475923387898
-0.570948608862773
-0.593315577658055
-0.74120358669821
-0.657629294649447
-0.583055549742403
-0.481486714247339
-0.593954646665223
-0.598504583145248
-0.498115787675902
-0.547092648358393
-0.62495451538007
-0.592618030790317
-0.479395499374764
-0.542783521147294
-0.588493033335699
-0.629197378723736
-0.55724671167353
-0.541380905416872
-0.462033367175448
-0.61982056767424
-0.392722580139457
-0.514111292601614
-0.504441655935138
-0.529779839516149
-0.567342998176965
-0.542934885572899
-0.584668541241444
-0.557891766187606
-0.520801337187964
-0.604435603735436
-0.555725734489136
-0.466682766586679
-0.433925931764016
-0.520707429084891
-0.429457591976367
-0.446932216222099
-0.410272691396305
-0.442844101496829
-0.498768063607195
-0.435173495745211
-0.4996411924307
-0.593044147924893
-0.449806794337218
-0.553046258324124
-0.528753056233013
-0.546907928377512
-0.407513493960491
-0.247219038298139
-0.397577266393508
-0.441746323767984
-0.564338292760043
-0.46094304483354
-0.638668252070106
-0.464249894506318
-0.455040827312373
-0.43160681002767
-0.42441007695418
-0.39762183254621
-0.616091797822661
-0.448343095116577
-0.413677268453721
-0.354835530844855
-0.479320864068027
-0.367772408523209
-0.475340377724775
-0.642456139285264
-0.347025321345205
-0.511322452718786
-0.450033647933043
-0.446810831281683
-0.403816787351811
-0.441286867943463
-0.458451665549309
-0.26242620240433
-0.426872888842887
-0.360221021754003
-0.440970858300267
-0.277670651725913
-0.292425919441508
-0.43881732973284
-0.310123612734373
-0.27509391918437
-0.404957589455904
-0.329426778289238
-0.349752501139389
-0.266511391577911
-0.317263703128561
-0.30110684412574
-0.464466020100747
-0.422665479760856
-0.277363218919254
-0.478219015519449
-0.318457504741841
-0.404798078436727
-0.412370412527289
-0.369550281339828
-0.349325327558702
-0.371621643177799
-0.371487252078322
-0.424872333899674
-0.31754010713562
-0.424052364100121
-0.251285832080639
-0.435887655535514
-0.386495199800224
-0.433920727815641
-0.278030488312331
-0.449132717685017
-0.478430083321222
-0.259763590460369
-0.359634365313019
-0.24612851286165
-0.3739089233852
-0.445808927654878
-0.259938307050716
-0.520459274761766
-0.331597600275528
-0.178011523925742
-0.28973099755622
-0.382487924007436
-0.248897471700051
-0.325700778666069
-0.122757983890557
-0.405494227183622
-0.240075776812505
-0.316467439723678
-0.411609672013028
-0.218662168720235
-0.299771931796994
-0.247641335145862
-0.318430338475287
-0.334617367670225
-0.0785454261683153
-0.369099224173248
-0.337229894468927
-0.337459832075927
-0.226247212782247
-0.255791790496885
-0.386576994591321
-0.211837429341375
-0.355256419136736
-0.384022312830132
-0.267209696681074
-0.292049657365118
-0.361275656630168
-0.159431095626695
-0.2343419510776
-0.242217367135004
-0.246798771763387
-0.242022393957446
-0.237356112364947
-0.319540928410865
-0.289635903947366
-0.258923210187426
-0.287168350255662
-0.21162651076311
-0.3376879299689
-0.184544633884359
-0.271120097301857
-0.290426305589151
-0.303262333426065
-0.395972045621002
-0.309524067773722
-0.174832553713835
-0.167849614273581
-0.172869813571036
-0.247016332299864
-0.345029556490308
-0.306230363160086
-0.271660712157271
-0.310040754913997
-0.16508696032858
-0.250097245027238
-0.256253413273005
-0.146962410285474
-0.105713901363729
-0.202990779819922
-0.347223208797591
-0.0254987306749046
-0.168036877074685
-0.262699172760067
-0.372682248906803
-0.258746173309894
-0.269911525213314
-0.110389101999017
-0.227916485165042
-0.334643838509446
-0.209976794242552
-0.196611493779208
-0.202420613744971
-0.0668188475820664
-0.141907556846181
-0.234987574650393
-0.154152116386137
-0.178530838373985
-0.157152660956653
-0.253903172813227
-0.305047533367371
-0.0554866793708183
-0.238376866589923
-0.158545427221048
-0.199453807777329
-0.283491865882768
-0.111846548738956
-0.23082612976919
-0.210710754536644
-0.0858383708869895
-0.103963339081945
-0.0569281598507939
-0.0964133606884551
-0.308932108458115
-0.117672770163145
-0.307216817841425
-0.0108370864184489
-0.089558144407362
-0.213098282054728
-0.150583121804062
-0.241410695255001
-0.198861263177862
-0.0780673217253761
-0.176380183804627
-0.142463843209058
-0.17869552242748
-0.193765179970082
-0.0415156700352888
-0.0351341020991967
-0.261910730043983
-0.0736603958203044
-0.146526758007343
-0.158125793210405
-0.172668693762752
-0.280882015347916
-0.158622015312336
-0.174438133276928
0.0115007590952338
-0.0857871591943033
-0.0911772569380309
-0.0535633795869884
-0.132950198372719
0.0134312967958308
0.0957143146110574
-0.068749522111012
-0.0771240626643276
-0.0621581298293222
-0.220241098443702
-0.022705472385876
-0.244156559289685
-0.0522831016595558
-0.108961194767801
-0.0945774553048028
-0.0411598277386333
-0.214743390128604
-0.00637152581770258
-0.122360725078744
0.0793352971709559
-0.0848737915210526
-0.0179473146577608
0.0619144286544544
-0.06764502298249
0.0316564671991741
0.00901382158073451
-0.0222541365978305
0.0915511343813981
0.0858526227922065
-0.0178394990118876
-0.124145538546931
-0.122726456768726
0.0772998807229827
-0.0974477716492316
-0.204536534217625
-0.11967970615304
0.062860885041465
0.0419159703471998
-0.073884691255283
-0.0866263690115648
0.0693213471778419
0.0513341473064097
0.0755066740893361
-0.085347543702186
-0.0125004939719155
0.0676448354371992
-0.0137858874534685
0.0681002584179294
0.04888260990297
-0.0214896846019134
0.0477561345408112
0.0447991029694528
0.0542082192990304
-0.15441994506162
0.0322482312309958
0.0133991284144481
-0.173205016936351
0.0615486455524413
0.218811240384071
0.0577950747928331
-0.00937447392272825
0.0719820554177965
0.167314148216344
0.0918852233239
-0.00587604863091524
-0.12608511829118
0.124021271028737
-0.0171949497019932
0.123420894435047
-0.0600738851314136
0.0140718306139807
0.0743674771354335
-0.00630129848434743
0.0875815433790348
0.04306358661668
0.0487076275723644
0.0859966720756608
-0.0154909680883689
0.0717842279571418
0.166421855067897
-0.0908105824340216
0.123893241541515
0.177548230427308
0.0391623158003069
0.0336647637732234
0.104155632243037
0.160705284553759
0.112087215780641
-0.0472898057924694
0.0600625569063487
0.122666132948577
0.190508239691437
-0.063498790423399
0.208069105143438
0.0831413159111482
-0.0502553119561641
0.107029703260949
0.163441498160279
0.187191488699861
0.136534300750166
0.0492887941800605
0.136372607664615
-0.0297952108384429
0.211402956146341
0.125852453329187
0.110008693814758
0.0680702208437729
0.0823150716132917
0.0208409352362418
0.110552925175948
0.121170556783286
0.105098415228064
-0.0755563491294737
-0.0523836705587747
0.0960804140392806
-0.0127678387062831
0.0363571241708255
0.037484873500668
0.275887543152872
0.239112192363786
0.232830785439064
0.254239697421636
0.119077498113946
0.0611825378487078
0.193717660403399
0.163571767666918
0.101647184402561
0.0704686735143507
0.266850496992984
0.0558757638492575
0.301787324646782
0.161274060532957
0.242184792760022
0.288677945420678
0.244204222191186
0.142469511183638
0.286850815114779
0.248386487642222
0.190533742843436
0.323103680979676
0.097488785217297
0.239283479320462
0.0565831619328944
0.0909447042374613
0.0928623300741105
0.309890592320711
0.295319405919523
0.300328765473193
0.190267210699091
0.156610197750682
0.256244716421386
0.105443619539031
0.30768910389993
0.228675540504207
0.299220438625761
0.176910536847856
0.057357397288052
0.347517564055516
0.136430046966771
0.276994267850174
0.340835730840397
0.0690232691543586
0.243547571963078
0.204868084723059
0.0114064541513176
0.107225161511666
0.455416653140923
0.340745978732623
0.213485353679844
0.156432702597676
0.259787858753805
0.394273526059442
0.287357958801473
0.0998248051444975
0.134384578466806
0.155791678916312
0.380875193153584
0.256638623545982
0.360555025173422
0.156525311700162
0.220707925832399
0.213520395449194
0.246821147828763
0.160825912480258
0.341547197403505
0.392953236626534
0.401663851921504
0.181583566045002
0.311637103064985
0.335271201666048
0.410965361848733
0.258145767850949
0.25638568677017
0.325376449747385
0.254588681960992
0.314424284898751
0.240469005624345
0.219050953166025
0.47820487710763
0.374474964162865
0.239736083456742
0.2573732370899
0.335387392170825
0.286378199331384
0.397348592081637
0.260465615775243
0.365695313762172
0.41104951889961
0.402718150599387
0.295553269737911
0.41941522147989
0.444379928007385
0.216169461774533
0.287003518567856
0.363951003293541
0.294161357658292
0.103259841034593
0.308888573590694
0.307827024895092
0.32999374088669
0.23455970874007
0.409662534553783
0.294327118652859
0.329787117619709
0.446625710927187
0.370220464437614
0.175508164425702
0.337309977162936
0.430615714494872
0.347051032682418
0.404497079269506
0.316773959591503
0.348028781809723
0.278011122055468
0.333017774731624
0.332445635407359
0.514878048981034
0.38185328360362
0.425199941267973
0.341023378534238
0.400812710917329
0.261181306659203
0.319562789723667
0.240732253266991
0.281887924094845
0.366394881725808
0.363348127393407
0.30085231545377
0.259999760832515
0.538168040924115
0.309501764640811
0.287177913265
0.401260749360061
0.298322834893916
0.239994846061104
0.546345192992185
0.500454117739098
0.470291658316289
0.465871507858545
0.397049577877832
0.275091234419609
0.436718517677212
0.503972706756113
0.404666296955343
0.431204698120468
0.451281704583166
0.323008597509458
0.402751166259929
0.533297355129444
0.419316718515522
0.386894873239844
0.37699634737924
0.389518516442683
0.461023595829074
0.505130071299897
0.337806337024836
0.5650339699339
0.502673946298319
0.491919948602716
0.444224260947699
0.514972254881467
0.481787496662553
0.468740629298764
0.454399432302514
0.354657316147021
0.453397213419829
0.5176184096964
0.454458026461202
0.494520138055582
0.549389820199017
0.504581956250715
0.482468173350574
0.488947193496651
0.461865964523301
0.476606971964894
0.490438327573244
0.500210386991822
0.528786209106159
0.642797576718067
0.590680671182829
0.496039678521815
0.496961184338854
0.52334300532489
0.555366458271587
0.535152128352513
0.558846211645554
0.526353395505885
0.609262011987127
0.540703143789584
0.571128523467571
0.514000304528837
0.547176997298401
0.471469318625871
0.520572930681994
0.675691211073951
0.447162607018338
0.516096383550664
0.500626483175141
0.630366914647157
0.574408138832159
0.58478964783523
0.610003356012207
0.625185474448912
0.489662353648413
0.631107172112375
0.584744131094834
0.665029660335635
0.434086242076953
0.574227487516568
0.84168422181505
0.523168123037085
0.620490989370285
0.612621862689233
0.736113141014144
0.510023799598059
0.576030548974961
0.582452748023556
0.525777187609142
0.628179879746591
0.659889247056441
0.573915820584714
0.717719805624205
0.636340822130709
0.636898795019321
0.677866862169795
0.63691780061704
0.461702773927119
0.50627849927446
0.572803460340082
0.586188591612012
0.678893605301551
0.577100920025624
0.692876046949348
0.591426308139722
0.474350401990249
0.695130345901538
0.651847176135285
0.592022113696783
0.599773908017389
0.623757898615097
0.545587646488057
0.419304368349074
0.58741784619377
0.597056039973765
0.510043213156183
0.592872650301059
0.608897981708571
0.560649878898729
0.559142095040317
0.621966559672874
0.70380118697199
0.663219643151779
0.580058386065622
0.49954975389112
0.725701839382947
0.654445071491362
0.540498125872176
0.473196140073938
0.720332092966799
0.497129294829167
0.798032342738362
0.601570038118691
0.733246706094689
0.809649454908295
0.724219451918233
0.636885125330013
0.742258691280727
0.75592923012674
0.727679864416951
0.733616923359872
0.733662755248179
0.602505680975774
0.660959410045588
0.538939337908897
0.660740414182032
0.502681225378608
0.734417737054763
0.678841703749343
0.686580975535274
0.589684548063194
0.573832885903073
0.718323823515011
0.720924412656915
0.718037369202672
0.663981627547821
0.539018765432279
0.689255896855589
0.696828790298729
0.748641217663983
0.760321635471716
0.701672899328085
0.808279288037669
0.785690015139692
0.771043115400893
0.829214225421643
0.683913903795424
0.736304348743117
0.879554826466115
0.784057391954264
0.761228477513128
0.682876775172781
0.682085818358081
0.712921362304403
0.869497893875373
0.817399761509387
0.828784846799075
0.855210531881294
0.74600183368392
0.751788592082694
0.788626236743246
0.646657455601402
0.801553932129464
0.831099195931858
0.80580176897847
0.793153266532333
0.81648631953819
0.668273212892889
0.777014491178572
0.931747791594094
0.591921923945596
0.641865423624139
0.656953210985437
0.909295255416261
0.874540300881138
0.87871539080468
0.768716852337408
0.854759125848645
0.738946210128897
0.741095215032363
0.871041426286349
0.662865976885681
0.631531456858815
0.833808221392822
0.839017514390277
0.82894504280865
0.752444070113075
0.837734923142442
0.881920333062676
0.846547620863616
0.748606031071921
0.746853812679056
0.83885060507716
0.919184731796343
0.849831451510359
0.771731498103306
0.862382950119853
0.897144932682437
0.752002817908205
0.820011518026805
0.709507867226593
0.906502042356214
0.856855773191959
0.964654227838476
0.710645456445133
0.881213398732235
0.820177230177036
0.900181657584225
0.668102220527514
0.960401061897085
0.900634165333362
0.721222070386319
1.12583883734521
0.803085805603681
0.929987425326223
0.998892226897735
0.920922995084891
0.894533953132735
0.85522585140262
0.886361228002449
0.843583660510141
0.894771885178043
0.912322331993549
0.941760720600278
0.793778620571412
0.713811358430983
0.946078071772758
0.754760514779131
1.11302748824702
0.950806933002697
0.867210276331457
0.81086005602895
0.882621717508355
1.02875940627849
0.859564004984007
0.885267401630027
0.948908046253661
0.805741885215885
0.810551423303615
0.972683626935942
0.759740697899457
0.956306515452212
0.938272171816411
1.02540909348739
0.949033896402585
0.9437990693129
0.979028603096484
0.934954407729658
0.825540720035312
0.970472449544701
0.835184148350982
0.980911881320395
0.825392493105987
1.02238835199902
1.1283556839272
1.03012782963788
0.875838803419665
0.758216493467109
0.896005885367357
0.996605493492123
1.00410088415708
1.07134427936464
1.04645678110916
0.957874933285124
1.01385059310343
0.873741938120242
1.0285219886252
1.13730225725232
0.989326030292782
0.98952605034657
1.02428576043702
1.08151082716223
1.08135325929224
1.0455024346799
0.997261226574786
1.09380271812524
0.934449191203342
1.06246174927177
