-1.01360377145052
-0.889469803015397
-0.959086795462604
-0.934697028424072
-1.00586996409963
-1.10443954611097
-0.985643103196873
-0.830111778230253
-0.924285166779919
-0.964984427878542
-0.978988661787798
-1.02937606789015
-0.978888019610026
-1.06043011468842
-1.06784812820065
-0.981197160392063
-0.99894154131647
-1.16997860603445
-1.0061374758339
-0.992245322161389
-1.00079997685076
-0.943131335903768
-0.847874903885944
-0.943807926824986
-0.828115331288136
-0.949438112884328
-0.870408367046017
-1.04868693544125
-0.965747344300135
-0.765576438847162
-0.916998764167468
-0.868524167073362
-1.14668203490708
-0.858079417622593
-1.07653098226667
-1.0507340752485
-0.821544008276118
-1.06838677425759
-0.948159094846496
-0.798813040144278
-0.977691884396971
-0.889325961382751
-0.704530841340835
-0.745573829719815
-1.04164610521185
-0.838661855593549
-0.990769446855263
-0.986468137707294
-1.09440628569596
-0.782630476060984
-1.11839295910786
-0.991886962781611
-0.963419714016689
-0.717199010136225
-0.940432661112961
-0.793429153183546
-1.01191021586605
-1.0044825849396
-0.765040027522152
-0.927519778428862
-0.787138846459775
-0.980466152965825
-0.852663119833968
-0.852313285225825
-0.850802325694722
-0.806727230060609
-0.803933416538059
-0.949956101987502
-0.834069750322436
-0.846900275631792
-0.925407967615133
-0.826106653186502
-0.957209017742147
-0.689071742395441
-0.767470216859241
-0.722749448662246
-0.851664450313683
-0.754698021414853
-0.836858249418792
-0.830702677612154
-0.84973026763551
-0.74904642279109
-0.905790225102684
-0.76309144511067
-0.760742895528173
-0.68561812773974
-0.744920306142586
-0.996529334984431
-0.852260294897088
-1.00920567593404
-0.838227391323336
-0.79906495650258
-0.925528834666124
-0.763570228961504
-0.815305501840497
-0.668561978671146
-0.76860294024515
-0.904497654927962
-0.721861813161307
-0.81246418050669
-0.769788373741508
-0.836533826104017
-0.83569227706863
-0.813201468317356
-0.803621088880914
-0.833473855817235
-0.795867960121333
-0.972934342761278
-0.755306266185653
-0.77229652501998
-0.778019912237153
-0.829428927089762
-0.726570822248361
-0.828621696307371
-0.764240292195496
-0.658899964501091
-0.791923393717561
-0.615513614466984
-0.770054127293248
-0.688110058373219
-0.7605054856654
-0.831371919163054
-0.723184204939842
-0.849004277513092
-0.655006890942917
-0.650803650586694
-0.804469778697612
-0.748463979192875
-0.864341012060514
-0.691802955328594
-0.54428716304957
-0.759658685385666
-0.662295551720878
-0.855056527234787
-0.493145694611052
-0.746460154384915
-0.736026728462267
-0.798921410994897
-0.672100501002648
-0.64894815333534
-0.569245777221176
-0.560826638539594
-0.666145992354367
-0.670005009118337
-0.812952373528323
-0.815734091865696
-0.748244899144064
-0.690493994760488
-0.651682695914119
-0.828604913649134
-0.700238966325393
-0.749677654452003
-0.712012121606261
-0.782792718739007
-0.658123407734043
-0.603359753226954
-0.761348088271715
-0.60117604975712
-0.66924368433863
-0.705787257696195
-0.640796172273215
-0.68693096685468
-0.757745809446997
-0.702699219025057
-0.575526644154994
-0.606836262740424
-0.868601392717474
-0.546502690953621
-0.693299816485855
-0.632549959434651
-0.65878948290923
-0.660994221819148
-0.593697745591451
-0.658273032010183
-0.581695202286374
-0.677156951887269
-0.643578912329119
-0.489860198747217
-0.786421598036161
-0.64079595745562
-0.681494258831441
-0.563279360404123
-0.636003644744241
-0.539256129130106
-0.578598157032749
-0.568099006594292
-0.672703265702813
-0.512836497487194
-0.661073341796262
-0.587176017625787
-0.48917005126963
-0.703835369469896
-0.648352477505488
-0.606373904383691
-0.597753714148673
-0.747089298893845
-0.577510820180819
-0.611629410205885
-0.662109822911108
-0.715817670864354
-0.480321414708644
-0.531922375758064
-0.714935827197947
-0.597663089253879
-0.684992000012814
-0.644715928738316
-0.763982924066623
-0.637124758544087
-0.559905827028625
-0.526608253229653
-0.639775310521288
-0.527522358593498
-0.572082575134668
-0.527600291321744
-0.55437350745118
-0.547037834980969
-0.576755450006125
-0.619412778123818
-0.615849565418175
-0.689073352437377
-0.520075593848187
-0.585964476375571
-0.582371241668515
-0.60403998292982
-0.475492019205735
-0.455920396446826
-0.641565402865082
-0.536088088897276
-0.595071642287195
-0.516132808919419
-0.347393882318132
-0.517630135862228
-0.374272941525262
-0.617648122836974
-0.452108348259726
-0.66399266944169
-0.514810076101313
-0.52135383353041
-0.540532631991438
-0.596663629754404
-0.469366995647649
-0.531537788123133
-0.629104824201342
-0.624233023396788
-0.414968212338593
-0.452524778412679
-0.433098977516742
-0.559793461993606
-0.415665231556462
-0.475389310107554
-0.526027109248027
-0.502894606585103
-0.415962770203118
-0.591032145108307
-0.620522048349196
-0.52725100418079
-0.438649026072489
-0.44190499159508
-0.442897444139718
-0.352343121905878
-0.450946713088677
-0.586069518785029
-0.379030913934503
-0.574917182057598
-0.575182765685659
-0.477952187457435
-0.424508484859843
-0.270293290431814
-0.342851804387367
-0.310710006349127
-0.391731997088709
-0.426033489828719
-0.502947736807431
-0.519813473215339
-0.375162669623725
-0.48164607082218
-0.525319842617356
-0.453622200549717
-0.446825837509811
-0.461517454701909
-0.505915156207591
-0.391670714344627
-0.521736272095691
-0.269974146540504
-0.361636877730207
-0.386214819527897
-0.44629997486452
-0.454331957438405
-0.496277764800302
-0.330528105800358
-0.394375015919455
-0.484851899699827
-0.464181691784529
-0.389358153954433
-0.526545673752224
-0.29931320653731
-0.440714611693558
-0.450450410366022
-0.60305657206111
-0.423791040033881
-0.426883864842443
-0.4071988112924
-0.278117842980584
-0.320415967202303
-0.385628952030069
-0.370315877866675
-0.311711814988659
-0.25658241887913
-0.33683340763677
-0.337229324017015
-0.521036795810394
-0.450809369907154
-0.146965311811133
-0.523953187649658
-0.331192773891882
-0.379636335992121
-0.393175678614849
-0.438517914333853
-0.428201644583648
-0.365116815372141
-0.361428323542059
-0.337990140067836
-0.272249370831083
-0.33764662371523
-0.337122536366663
-0.281749885160996
-0.093820452815936
-0.301104688342831
-0.350826063268025
-0.16684076862957
-0.501757423725173
-0.38712695616084
-0.295306960332743
-0.276498777195056
-0.295381546995619
-0.22001899673103
-0.415526754907121
-0.294024664084968
-0.370940102126981
-0.369101045544792
-0.301211676670868
-0.194592308811669
-0.281095405018875
-0.452953900416235
-0.211193382047255
-0.17516454529068
-0.209700181400813
-0.21541071334545
-0.344961138443272
-0.287201606210066
-0.193964392362054
-0.402568141922109
-0.223259761179863
-0.319907666539405
-0.305845342358536
-0.285846357684076
-0.238057907094034
-0.296598843875731
-0.225113260201657
-0.318258394498439
-0.392676042814488
-0.345901204371667
-0.337325461382113
-0.198607628681139
-0.190067589026933
-0.168628372619565
-0.331733932441528
-0.251194808876145
-0.246200337243207
-0.163905472084816
-0.302168952513795
-0.24920636532653
-0.447920587326688
-0.198339202362951
-0.311411002988112
-0.322027569644555
-0.180478446291435
-0.304575497775863
-0.207633424071148
-0.264437899708882
-0.374288654424287
-0.281136470305958
-0.237721680223269
-0.35959485188002
-0.241623089550865
-0.274118330047401
-0.361811239769878
-0.200969981806645
-0.0747598406804618
-0.225825085787312
-0.17052254766356
-0.300872337801809
-0.0733850644485379
-0.160504976419648
-0.275075661878738
-0.302441738479427
-0.121745324259206
-0.230124739715542
-0.372307951707316
-0.144971909770207
-0.212039246286135
-0.214520201474917
-0.223428163355139
-0.261290848112678
-0.304768745839353
-0.119836754786713
-0.0601396971920207
-0.326881478898909
-0.0986348014474156
-0.16244231472034
-0.144697152973399
-0.232114891258404
-0.160359802544373
-0.231195350431704
-0.252122574980785
-0.0487064744615279
-0.239845857831197
-0.286613884868875
-0.209919847284082
-0.150517916098611
-0.0421659290169704
-0.237629222936065
-0.201656297465365
-0.178408872890171
-0.255342217187485
-0.183655705517373
-0.1999602251324
-0.177917633676701
-0.118541115038325
-0.0680765396484042
-0.142288262874962
-0.133953531397408
-0.207822925190637
-0.127865388102441
-0.0402701169514453
-0.132203869927128
-0.125886772159543
-0.367026554692108
-0.0968212117525927
-0.2037339993197
-0.0528813794621586
-0.155095517743799
0.0217202247181106
-0.114589519283044
-0.0605445735996523
-0.13616556361496
-0.103988364199367
-0.141964750878211
-0.0958906302986666
-0.0548216185092153
-0.286117644987558
-0.131446855543474
0.0618855283129594
-0.0606845244326565
-0.0353970450567357
-0.104292864174886
-0.0796262240393597
-0.0611852916131171
0.0349835279272591
-0.00590352146655947
-0.0679087968408335
-0.116840933889689
-0.0396723103591578
0.00653725854905957
-0.0671755292613446
-0.109397256129713
0.0791940378912959
-0.174412723335034
-0.00627279631238758
-0.0214385265832431
-0.0948738982428754
-0.139289271590025
0.00668234852548902
0.0489242533187734
-0.0482295272379325
-0.14260338855872
-0.297054273817519
-0.0746633892922772
0.0607388053955021
0.00897480936442158
0.00297647201620949
0.0273999028942723
-0.113267087742041
-0.0889262471824737
0.0659319011789179
-0.148236870749691
-0.116288755110774
0.068542326190826
-0.259329308843386
0.0599418846993684
0.0242610514887595
0.113479745333119
-0.10943151116947
-0.035668313659731
-0.0760911311850717
0.080409909824957
0.0144419955569142
0.0417582728184882
-0.201281566533718
-0.124717670764182
-0.0542096292250167
-0.0930799641338458
0.0285061683611989
0.0430298530105516
0.0507396611847175
0.0603885557361831
0.0237040966495369
0.0891543423047266
-0.167072054878191
0.0125500422023206
-0.134257033739778
0.0608088563283021
-0.0524892385770582
0.0982942176804996
0.0705963275100906
-0.0447286946984999
-0.0838020171452285
0.100998611331545
0.0465673910895477
-0.0451448927994791
0.0471569517096998
0.143328242482197
-0.0826968473449087
0.0699984749403039
-0.00236053311636041
0.0535134874110821
-0.0773538439384794
-0.0987345798924937
0.0806667212706445
0.10716268531353
-0.0252728668343503
-0.0802205469624759
0.164123779408428
-0.0161199993051168
0.0535096557705153
0.0138906933443155
0.264253849705049
0.0799819461440301
0.0297062793629037
0.0377714664665837
0.157564364363174
0.0397626088256428
0.063448765128356
-0.0349087973407435
0.0394177108265647
0.0698471865837129
0.0897323491242682
0.0737004483636936
0.102158159343979
0.203185277239201
0.0749940270415326
-0.0019503177962875
-0.0782621973014358
0.020341008596276
0.122579688749206
0.0733107802232002
-0.0221608613112377
0.180003462324623
0.187055308018352
0.058142335954364
0.110026655727406
0.0701964753930363
0.173608762713178
0.284959122122878
-0.0399229717990188
0.227760415210727
0.198578747282043
-0.104005333325271
0.17471776160694
0.156818835139442
0.069864784641303
0.147482144032356
0.216725984472845
0.0732841770541664
0.0323874244999236
0.0783189288167075
0.312625689303366
0.269801557187593
0.171326389493323
0.170207137151882
-0.0463058853101284
0.257533811715118
0.230252708564299
0.0732534991115839
0.0935209867241338
0.0674774245218339
0.170808468497348
0.201970382577897
0.211525021565632
0.059978669259331
0.120378472783867
0.284051655548114
0.121173517386057
0.244884939118894
0.0768206712623518
0.199313628868696
0.293900877122399
0.254207816644078
0.171120973846239
0.291289335085519
0.121655717478544
0.319012794388181
0.169137984755386
0.330270242216658
0.197079980360015
0.0133066788419472
0.167845063957344
0.278704991931322
0.291052493925416
0.335273827985525
0.180237686823152
0.200261482607979
0.364010229804701
0.3125704436003
0.288127702089837
0.158625261126061
0.0922261163167114
0.268763467267004
0.261857114668805
0.0346824402900974
0.236685845860075
0.253310034549277
0.164894145042098
0.27480001443289
0.181723015234314
0.283779876978822
0.114663124589717
0.257167400602259
0.207365973524001
0.392679925520888
0.438535267306524
0.252379579721201
0.115945934675928
0.279641249165509
0.264023058145612
0.310214386109505
0.117741210400012
0.420408923561038
0.308113100017141
0.22863629561472
0.163307585317662
0.319942217248712
0.25435049714557
0.277360388359354
0.145527900346833
0.261000856429256
0.281649170107984
0.361060632184198
0.245720459905984
0.314513006656043
0.38779290046994
0.266250775131561
0.414779200563731
0.438515017254763
0.35402053734207
0.360582268983005
0.289375175266102
0.340522148764404
0.397506633597971
0.251783025941827
0.319323818493787
0.295842561341786
0.367784575061107
0.38762867336621
0.565019950188251
0.436993488554953
0.322286807426184
0.325266773472532
0.284492891355016
0.486487494304633
0.297297323735708
0.391292647671147
0.344266132910377
0.460855597198831
0.233705410429594
0.413163573864582
0.215320193576119
0.231149477304395
0.243963322007501
0.286881485557329
0.449490805979847
0.227999887046528
0.364290425369952
0.282426870398738
0.344737148118732
0.474302830700914
0.430089281143121
0.327156588612285
0.403336447089716
0.421868953273597
0.290792218259914
0.377284901738797
0.339640531311042
0.309215835987879
0.415041347935711
0.435032633911984
0.351628554801915
0.500926045179389
0.49222428389712
0.241258340657851
0.442839946817488
0.522902712878332
0.458666157502937
0.409311014343488
0.337278347165912
0.395193910023047
0.368010115726774
0.402571112930166
0.250150827669926
0.433122192661795
0.55172745081458
0.370529975978758
0.45744497902274
0.590313093573513
0.492084942175242
0.457670655371768
0.354719228400699
0.536220888859557
0.334655221074245
0.426631300496492
0.457122817801941
0.324481824140191
0.463130375667083
0.35538597270938
0.444432875533785
0.351638224842603
0.553101817928945
0.522388815640252
0.355378022341651
0.44369028803176
0.48349437424486
0.466415849567693
0.477380888429756
0.549168481739106
0.367549323715472
0.456950398317787
0.461394461314598
0.58282252920287
0.28207720897841
0.491163465041641
0.435297551282485
0.621340833106166
0.629491883622613
0.398509121291826
0.7080288850193
0.480629612717879
0.53170507765192
0.584666496008324
0.430252087104143
0.478658682401766
0.450265077265515
0.484168920347639
0.494195891028666
0.460459038242493
0.521066866297885
0.434649946219044
0.522265213596705
0.550460203989609
0.407842550389294
0.530656542715277
0.560458219770313
0.511182152148493
0.552593280686366
0.478716449458828
0.496767382525634
0.486251609278611
0.625623887185965
0.547410687795314
0.620898054467866
0.469211725673475
0.428352593736955
0.544830972956136
0.530829762150175
0.535896869561239
0.536445112378299
0.528937610906209
0.507429047054395
0.522457731288442
0.583834154220701
0.562382971373317
0.556140075929093
0.467753095169025
0.563429169935952
0.445660597913199
0.58313990285502
0.497134723127668
0.532099539537224
0.694746712171974
0.529285993234971
0.630600919792142
0.527045703661745
0.534711989463456
0.597826690267631
0.678952621639136
0.506001511294691
0.510278480016457
0.575401515263178
0.618973840521823
0.509051309096014
0.580387844854762
0.535467420252582
0.666533431895529
0.569764189278931
0.597421631522495
0.576166124455009
0.713074868726239
0.577244246201952
0.543356770871852
0.475245948079235
0.688181850000097
0.651217711333949
0.589470238213431
0.689147428089291
0.769472267882124
0.663865611128549
0.625528959595049
0.647426250125793
0.664657528789532
0.507794814859075
0.558802509398432
0.621602354244251
0.718211218980936
0.582800534594402
0.718071538987555
0.635847089828339
0.525761184637575
0.756428261060326
0.725282423076981
0.715448684426916
0.730487703955896
0.539059661354914
0.568885807117825
0.630128926157721
0.791442724373264
0.567999280795069
0.626919367998107
0.665136028750362
0.87429437760318
0.645447988433911
0.709633796995479
0.715949919344645
0.758643085660299
0.627837680078724
0.789250898278747
0.655903159930327
0.849884653714959
0.663968335726459
0.826015959038371
0.70725424910659
0.615508716642103
0.724226091228062
0.676384107009318
0.803345605986172
0.638668716322417
0.737639660198713
0.979465237903658
0.789071709043373
0.569938131885151
0.68068905050228
0.794902020193198
0.645316634850636
0.627010126745389
0.63947489123892
0.874597256600311
0.751752563666024
0.712964299538296
0.63662993439825
0.816243913812004
0.72562412846469
0.68606555671968
0.715854864617305
0.774496691638114
0.712108040198875
0.706569382024833
0.773778811615046
0.648333717854013
0.80917743583264
0.753110318915943
0.958740167787989
0.721443825580318
0.63142429269985
0.804233252307347
0.769292769298939
0.704765030512751
0.849990319647534
0.872235570801475
0.772609225089946
0.563783290000254
0.858959624527073
0.71658961535299
0.75467233741188
0.723832732123088
0.881693758908073
0.706218314082262
0.816301699026646
0.824791362882033
0.711649232928548
0.84742371693305
0.629067355221588
0.89907055486934
0.878886201614472
0.740508749151613
0.714982186386875
0.801562797044692
0.758497536661618
0.667764488005916
0.797320935115977
0.86259924384114
0.810934874247501
0.843302649927065
0.871210029532386
0.860330763257447
0.855612304946476
0.860060378779585
0.84701391898586
0.676164877612331
0.806541322867262
0.868254067480954
0.890757133008347
0.827886538310627
0.90082357425317
0.958374410346317
0.780620491004959
0.828026679556596
0.864095156423165
1.00012337274922
0.792556446090358
0.832614980817117
0.778207803774405
0.809428163607469
0.851852826937962
0.739347347200638
0.821648096993635
0.867721077894512
0.813078110266867
0.699752609940844
0.755641293482704
0.822330197454055
0.807755389326643
0.798547972124635
1.0198076780849
1.01492526477609
0.922235013484714
0.857410768981536
0.772743499484601
1.02647840712651
0.796903716426331
1.00651795211483
0.926974727411345
0.75425991552544
0.955472483050655
0.886660457778132
0.827451564199969
1.11896316645994
0.737589060119284
0.884617035416008
0.881429550129079
0.909259442323842
0.915377467911422
0.884809920675665
0.971976044065571
1.00034529599446
0.922839256132849
0.791170285369798
0.936846868005632
0.848805133193703
0.776851629815806
0.975973549014181
0.873480059087493
1.07209104064353
1.03401983516655
1.04422305291499
0.987399117643202
0.813294359084875
0.915526731406905
0.924673184152717
1.0716519336772
0.794651877138137
0.902985231776141
0.935095937880156
0.904491791949103
0.864912428293109
0.904500150740515
1.06907817811695
0.99263334643987
0.923242142480504
1.03204624560509
0.980829119422793
0.852663044167897
0.938385038565171
1.03375379689498
0.9068821754214
0.949976417496594
0.931768743012277
1.05284682882591
1.06772394297352
1.02336616712295
0.970667846420125
0.951334110790225
1.23019421908679
