-0.900537477337155
-1.09983582729583
-0.980827611230049
-0.911919721831943
-0.933465544650695
-1.01644244693408
-0.975421405181594
-1.0517837850006
-0.974055014512827
-0.880155221657068
-1.04556565359217
-1.13666530597201
-1.00879795638206
-0.954759550557469
-0.943942940353904
-0.914177777377889
-0.912632361281655
-1.06267416706632
-0.993741790130496
-0.732241614141904
-1.06196086034782
-1.01316136939595
-0.85954186993046
-0.894929171579282
-0.997060707299856
-1.0119448195487
-0.896833065624517
-0.795951345234587
-0.979996293864781
-1.00708582732965
-0.829526754811299
-0.830268987379877
-0.969641137332348
-0.931862475351666
-0.930224762977684
-1.10374364975391
-0.815241018618467
-1.00557287889507
-0.765445112540328
-0.885398876302792
-0.922614613421564
-0.926199926345544
-0.9495908994181
-0.854672138775478
-0.996020609012794
-0.935471555555761
-0.839069197325905
-0.911969650587585
-1.0434808788518
-0.974195278392776
-0.91047626324565
-0.920047336548364
-0.833768736825293
-0.935153725660659
-0.754171388279983
-0.861531269224337
-0.822532724271869
-0.889543764996576
-0.917129907957114
-0.866683652999145
-0.870013653710212
-0.906839902229098
-0.862513452235101
-0.910403923756015
-0.783949853230696
-0.952602297186687
-0.866228019112466
-0.896580426510147
-0.792228324081924
-0.788671778609762
-0.773677714719968
-0.757996623034319
-0.685637140893682
-0.911744076405608
-0.858202912818703
-0.821285643241493
-0.8767120487015
-0.706761610173825
-0.925854239601668
-0.747449809633893
-0.872183005176101
-0.83041948337588
-0.811172417511737
-0.77438944763291
-0.848198347084305
-0.769589593985401
-0.939486295005705
-0.86355317439868
-0.723779447565299
-0.639416200432796
-0.839335803858898
-0.717446026026297
-0.705679416198185
-0.880623325430653
-0.819539786018155
-0.998354408430189
-0.731725290153154
-0.802569054151781
-0.74410160303181
-0.7772172540155
-0.713028110580069
-0.853469207791713
-0.698201885288984
-0.871715881975969
-0.777341626592457
-0.737131812723832
-0.668125820689325
-0.627524734552876
-0.850603096638236
-0.890221828557727
-0.656464643092633
-0.828412898237662
-0.664624492687217
-0.734442940479349
-0.843774076844315
-0.768323099857781
-0.770220228285024
-0.729488279052213
-0.600041148831174
-0.627402885112915
-0.605742635724611
-0.691300051612921
-0.775424862478601
-0.726314392358829
-0.837318711548481
-0.798463147746364
-0.547426603300507
-0.7404465751102
-0.743077267143762
-0.62423299518408
-0.743427548718086
-0.842500050341972
-0.538927121182063
-0.862756972181523
-0.7290322759185
-0.728033047949571
-0.77163317013589
-0.649272015410411
-0.788263251523676
-0.817559991094906
-0.794048166585043
-0.726256541859756
-0.761586368302425
-0.767436990888514
-0.753204704492547
-0.731420310498844
-0.714010001044221
-0.717671291980851
-0.773511313396992
-0.700409239294225
-0.551323218567266
-0.748355669907901
-0.6738511530985
-0.620571676526782
-0.590728160036836
-0.534440514651509
-0.634299369877011
-0.652761669175892
-0.56823192716491
-0.630330048371504
-0.71476017010091
-0.668283428129559
-0.699487828099099
-0.799755704020931
-0.674564365818739
-0.513482627090609
-0.749815694150469
-0.677619171729517
-0.731634518931271
-0.757994935151464
-0.650454599774867
-0.721432262754951
-0.716759757552254
-0.716803504328617
-0.706490622075351
-0.690775308320546
-0.697955097447922
-0.657826236018241
-0.729736334078203
-0.766275303223824
-0.461298342545551
-0.538911733908494
-0.520561754684579
-0.54313118537585
-0.737995776431068
-0.591293082759339
-0.505774805898571
-0.54853318723652
-0.675892681320616
-0.782696953830649
-0.658537122522185
-0.679055235776082
-0.634109290170954
-0.572318144777057
-0.60928050810535
-0.814545738253898
-0.529923460658019
-0.659344763408049
-0.598080088005048
-0.701425496629872
-0.639522210458721
-0.733309761208862
-0.590184548573012
-0.667767362657182
-0.694994692967774
-0.644628024230925
-0.577536233106596
-0.539953560466629
-0.723667641341713
-0.466958685598404
-0.603297030069206
-0.426563299779455
-0.518094706880005
-0.686602487564113
-0.508312616863754
-0.520817098733948
-0.51342270685934
-0.613938352066936
-0.645224815572771
-0.504523239310911
-0.701667941262744
-0.498735686166304
-0.569300386850394
-0.574959654855015
-0.638059665861197
-0.494016740794661
-0.478245967377601
-0.536416435347955
-0.512326448513693
-0.638006647191333
-0.473509652605712
-0.615502485936681
-0.678974313941991
-0.55839406687484
-0.514343537001445
-0.510065708139631
-0.561882492960903
-0.51383848341206
-0.561287688256205
-0.468192852113358
-0.46127434986526
-0.559007635079576
-0.595319817287766
-0.618388123616958
-0.702311232030007
-0.5121417297601
-0.472116904999925
-0.511060587065034
-0.485572545917582
-0.458019666645248
-0.384742969211741
-0.515089247244336
-0.476993386056926
-0.566412289255451
-0.390288909397477
-0.566000268138608
-0.562283654484845
-0.561699613628564
-0.476906422345014
-0.510810245031509
-0.499376200000306
-0.364875618502389
-0.440648443997345
-0.575212936120697
-0.396179359169829
-0.381222640905097
-0.397268509259792
-0.421104450687305
-0.577111641160305
-0.53175510753872
-0.501927366481351
-0.38809508650737
-0.367154334870081
-0.375739960634318
-0.552197263736278
-0.254195089319959
-0.450470450313678
-0.427515347153758
-0.393567833685567
-0.471290465089341
-0.396945906732942
-0.471434108033513
-0.379519959422484
-0.386473715926179
-0.344962380249622
-0.379023692659887
-0.384370642792898
-0.300553160265792
-0.564113395242593
-0.277591806109785
-0.417725640615235
-0.374913879145183
-0.417541311538692
-0.462364699822152
-0.321109155631978
-0.334974057823618
-0.424076976595517
-0.367230164297411
-0.359638981407344
-0.402727075385761
-0.160809434520265
-0.328244541941075
-0.459046391318773
-0.28205407006083
-0.292930561354125
-0.335499565858628
-0.430554114316388
-0.457938223377687
-0.355359939838096
-0.414540740195843
-0.460997674185823
-0.433765973394613
-0.374829566378253
-0.444561599954745
-0.40620212770731
-0.304691861469018
-0.332916136175565
-0.372178778834532
-0.277281685116294
-0.295456682580275
-0.425670587829755
-0.469711359612748
-0.459008921249292
-0.273848192211907
-0.233071918315755
-0.394902864625263
-0.302686416606677
-0.255857864180956
-0.364901525168877
-0.329986870972932
-0.345141093406395
-0.32261663206228
-0.260525718305822
-0.363710513072385
-0.359689526832612
-0.20526874677344
-0.29189278526699
-0.355203291203199
-0.3316746818043
-0.402347559932364
-0.361364617656918
-0.357459602267894
-0.249785995444881
-0.365518033309632
-0.353166639801246
-0.288033845166959
-0.20840868461288
-0.267056559232971
-0.324348184026242
-0.259846266127384
-0.238166197260468
-0.245541113718684
-0.309481617180989
-0.220853275882189
-0.225955312210812
-0.272885244349679
-0.40315439920351
-0.197283316792373
-0.309911642420116
-0.315882845581543
-0.207400884121176
-0.35701721244961
-0.248089831146459
-0.389570025584437
-0.332036205056773
-0.19740061844706
-0.297101429873795
-0.35950203306179
-0.286935389790297
-0.107181302092364
-0.206418272118257
-0.276053098760085
-0.112639311227282
-0.1334948004409
-0.328383713747256
-0.329706225500106
-0.189860289084895
-0.327630548003918
-0.28065284517292
-0.269816854630159
-0.36780003333547
-0.268561499256351
-0.267049439860129
-0.336384068055724
-0.192083764982819
-0.381632415786517
-0.180341781592911
-0.456344299122648
-0.277972235173657
-0.269039164685846
-0.241385311663258
-0.2143767732564
-0.139546175612928
-0.265751735544034
-0.291559778966693
-0.194132893236494
-0.174722410402669
-0.226719148577345
-0.15261340377817
-0.209915665292926
-0.247720575706355
-0.0512666164159648
-0.287162928801689
-0.213732090926348
-0.170583372867213
-0.231328431879429
-0.0802071750225743
-0.23284591733421
-0.277498204304782
-0.207531450360401
-0.208187789766433
-0.343252818305033
-0.224283984320841
-0.230375779365471
-0.220004277674643
-0.146490674221904
-0.219259950877191
-0.162197336016557
-0.12627758055323
-0.189490221631962
-0.180691912818396
-0.123922866099222
-0.134400749157757
-0.224176969698202
-0.234032891059999
-0.13468812362215
-0.0794599854675385
-0.0572771577673894
-0.0868305755193772
-0.258416877830376
-0.269649485439439
-0.0712838790999713
-0.196997561816494
-0.24318204160154
-0.122998053299101
-0.00211265946618615
-0.291506145385154
-0.179589373411518
-0.178689615962053
-0.183023507683507
-0.177638316852272
-0.34200129520905
0.0138381962670566
-0.0830215997662312
-0.0840769694232608
-0.053505808349819
-0.157960782120454
-0.180433612047184
-0.230217495727772
-0.0309808118541592
0.0238983578984487
-0.0402327527066134
-0.151200052591439
-0.215591732483146
-0.0308110104891246
-0.0668228438040231
-0.0263061450929729
-0.0596006841914685
-0.247022263886422
-0.126026538295936
-0.120301452585794
-0.16169874459705
0.00605032282641058
-0.14450667958499
-0.102232528459012
-0.145617090863782
0.000572768662319558
-0.0156074579486293
-0.150779338323935
-0.0908195585681265
-0.0309524673370983
-0.14939415014729
0.00453752335920723
0.050347733550537
-0.106921950166276
-0.0860485188972024
-0.0183623200906328
-0.0602924634833285
-0.205479235970023
-0.00440445227230418
-0.0629634123926265
-0.116967742000048
0.121452565662736
0.0153879730017296
-0.108599235486968
0.0258922327168084
0.111667429371909
-0.183187234902018
0.00509180430209463
-0.0744896929118826
-0.0686025465873786
0.0474849797423291
-0.142919918538342
-0.18291607805558
-0.00336732601729655
-0.148977581086269
-0.0385936300500605
-0.0565413991060876
-0.154931093399057
-0.081975681042664
-0.0720534449166993
-0.0560485721579517
-0.0343776449002028
0.0663675398504401
0.0180799068629899
-0.0223689563107462
0.11187981292899
-0.0903375186186321
-0.0675051246882112
-0.00872688151258377
0.079999838917421
0.00562423858031158
-0.0927622319107499
0.00513241568675776
0.0832051597181307
0.122329997117404
0.0495966627561789
0.10247277419624
-0.0187305885209246
0.0110027780223363
-0.0727332972497054
0.0568156384292282
-0.0301995232992176
-0.0731804477586946
0.277937700972177
0.169415223574211
0.135294814658499
-0.0101780651225723
0.0373348132911569
0.166424655391212
0.0573737212176994
0.0205631995686526
-0.0471044921847443
0.0456892752891472
0.233191080063588
0.177190887912538
-0.0125781295414713
0.0685610936039744
0.0528701552666217
0.12790902816381
0.0762032315349367
0.0500592400120535
0.19578137725849
-0.00756772431097997
-0.000250071160605748
0.0915083761749596
0.0891709719165186
-0.110137498333593
0.00873709180830158
0.191507429276225
0.115323838681143
0.173042606744823
0.100782524346071
0.212154271716607
0.219949304746637
0.130640080192025
0.0610606522450003
0.00146596735844582
0.140763271745521
0.0554169351576032
0.105436217317002
0.177190075995872
0.138733121721951
0.1313891265075
0.16219877825071
0.0482648878894493
0.0888735565244252
0.23201208658636
0.232545336754448
0.215343823105643
0.147601061516511
0.15020348463544
0.21962019297734
0.3214665838051
0.258569307424638
0.279023700713936
0.154719999177527
0.150587704424921
0.13795163801
0.171587575111173
0.116455230027601
0.189203470772813
0.112564911194701
0.174748372325405
0.0894651168965575
0.217410957647152
0.0869848394689584
0.247528578752548
0.0326952286501474
0.360566149929305
0.0977818584286087
0.247979881372632
0.143772807453792
0.240572036315198
0.2367506629704
0.151751991205854
0.17491104407008
0.314585760143501
0.251340248210034
0.0944559110209365
0.248892754044167
0.140149915640877
0.241833766912209
0.311387951415045
0.265714137871962
0.317440026692725
0.268320899325297
0.14182215460644
0.227778810838041
0.312794742117712
0.218019704596516
0.429978896814063
0.177047930628947
0.163694334824977
0.19129312207461
0.222567394698608
0.137759516389663
0.353586695220805
0.257763578144813
0.249003870628004
0.16564809255251
0.317714023601737
0.26282188948835
0.160524551585179
0.179773972343713
0.366428564692398
0.202392053495167
0.205740497568664
0.1560364003044
0.374180510965843
0.393508801148949
0.324790721542909
0.396926611575476
0.273932791413034
0.208931833737156
0.306726983673727
0.448562202454196
0.168136207936898
0.220239255783941
0.230689099030708
0.239327562538566
0.166786097002118
0.23750840534006
0.237578180616926
0.278071160915387
0.341341134401048
0.204570680197081
0.276488704566204
0.302703917560225
0.248005729824603
0.381403289399052
0.421857796562982
0.244158887136427
0.413177236631346
0.263580591872175
0.409516730841369
0.226702328988424
0.408844566138735
0.317291894710453
0.336372842145067
0.124535493674615
0.437549993580889
0.338862911838178
0.354044125414642
0.340116644623332
0.217206314715129
0.26310056152246
0.303876792931092
0.298693339759477
0.364272854366663
0.191441749963955
0.315310254716174
0.247539923282231
0.34267893437358
0.298498657998564
0.216208098091463
0.333293146638843
0.459343147044839
0.296394098490189
0.364024611209139
0.329216125785527
0.288265681380817
0.386221036770306
0.423556167241551
0.489261909084037
0.270716827393445
0.434369212742847
0.470818436817315
0.359315179142148
0.394519034169774
0.416273124477671
0.478356438199848
0.348282345158471
0.443579042901638
0.488142395604895
0.45168248856299
0.320617921185603
0.443369704599719
0.532604273637358
0.417351934606365
0.359034949884145
0.397973812093224
0.447166126707999
0.626641635080051
0.44456070294989
0.47118826289789
0.332677544164166
0.212466448900888
0.358054559931438
0.328348090125008
0.509748783705419
0.326238202764082
0.457350597945716
0.244901389922303
0.410473673832093
0.432184589935102
0.410838461665435
0.528077809466332
0.484803920004328
0.65254328745035
0.580034367476497
0.496619450748206
0.597228808775653
0.586806255278376
0.434529389972827
0.612902889293587
0.430721689869145
0.424933074681963
0.464938587261003
0.364179455751295
0.440283700818503
0.54081319223237
0.680766862963875
0.701313476296408
0.374359414685776
0.480076313204418
0.403552206124186
0.595819485449174
0.463757588384873
0.498894485841367
0.410362645521008
0.330099285660065
0.442804435351955
0.438092655864532
0.511719892617127
0.559661518246596
0.550809113298058
0.491526448206133
0.414171063725004
0.635253056078259
0.437549577326871
0.467145786903057
0.418731515466928
0.521530634341804
0.458500624663713
0.330217686771107
0.561653630993023
0.53602658078571
0.482791748904125
0.566088908670433
0.529713107501457
0.463327744436454
0.425813337821439
0.50747959366298
0.679300801898586
0.60811923761129
0.472980483477255
0.412545774296691
0.580485824318122
0.504312304879513
0.605725904585907
0.572137460026783
0.511550675105075
0.611118185485621
0.592546083349914
0.533927426628226
0.561661668939185
0.669301774151785
0.496575241553343
0.476009509715395
0.585866454302979
0.634853256702403
0.479936189946702
0.581050368841981
0.579287668256353
0.323992680434161
0.663441922542003
0.477407712016935
0.364401464801582
0.750810480233414
0.653021021720855
0.594938175616088
0.549205195489489
0.481402174792867
0.641986801219951
0.554098094838824
0.664152468586097
0.631562350813734
0.613795194523987
0.621603685273438
0.674309895155677
0.616280478086989
0.603927062018493
0.627757806077934
0.592418864804407
0.687315556650152
0.758528153306177
0.560099475097749
0.490501397109465
0.506713251896086
0.740192205503584
0.678822199087701
0.72638266203141
0.497903861630558
0.637279012756595
0.552805642755593
0.644453645039292
0.52059037817955
0.60384095327113
0.637690880405396
0.753022790791238
0.636088696620182
0.71930409192624
0.649810644032819
0.60936166396302
0.575615226158882
0.526512048120858
0.713652851166178
0.859075936500625
0.679746381009811
0.755085935201559
0.599448628880656
0.739223657798672
0.773894942670444
0.566031883477643
0.683568290015462
0.621737343101771
0.619241803051714
0.627446527053616
0.753274402295496
0.616121843060957
0.628205776724546
0.668221783828017
0.548912420820257
0.630621036527334
0.74249651056862
0.549570037416993
0.836982595780053
0.643171163244033
0.713604124862333
0.587975043530223
0.766056382972558
0.664754469584247
0.724554569161852
0.81796313117162
0.687132340889916
0.796770797112072
0.702536923833684
0.657995303601922
0.767278961865841
0.820215324892841
0.877257489884907
0.631491942442595
0.689028126576211
0.79321802149321
0.844268343164033
0.71284726140711
0.666222019734178
0.663390075206956
0.753662236351436
0.713921781535573
0.644019341581397
0.692684109628457
0.726774959035696
0.813176200276881
0.716515240166387
0.737276535298583
0.810172058440671
0.882077030820376
0.759151352259018
0.741230801636725
0.692870163382952
0.72140743758608
0.625002860040855
0.739681263972539
0.5939967275261
0.757359586026778
0.655925799677235
0.898847328944961
0.916898725030882
0.785862587174816
0.876500445939859
0.757412582461562
0.832493673863349
0.785617746299707
0.716557288225673
0.710987596273287
0.709034802359187
0.714927917691236
0.658075337030801
0.688271432968176
0.657816319427288
0.810164946726083
0.670224165020084
0.793648792966052
0.708578248773009
0.762847054926024
0.733272583027072
0.73633529353076
0.807864699982219
0.855749631918179
0.80965616187208
0.808767965448974
0.70809765147667
0.860010466443971
0.917459063034113
0.979969808143297
0.827687091930538
0.830465222174612
0.894744854631856
0.746772076547249
0.9361048553014
0.7688877836393
0.840969668847294
0.901097574308251
0.944934604927768
1.03467763406321
0.839183472025765
0.833160435447534
0.803727240776516
0.75040669730103
0.776643567721993
0.90449968041469
0.940986346208058
0.90228438788178
0.989243554430603
0.764589833323782
0.920452522186965
0.903716749570105
0.734979318367489
0.758931059340029
0.904097984828113
0.820853319158034
0.90426350611088
0.96180465926562
0.907601585613695
0.942559088764291
0.868289872393261
0.88639756619185
0.902381127006419
0.931589030046041
0.876334756233878
0.978390591468296
0.849850128131402
0.898845603167213
0.974956532254831
0.78713246717966
0.943034557472416
0.90056211097526
0.741360327582802
0.725215962493576
0.912966719016212
0.827287152714556
0.890848992348692
0.810400392213905
0.925902375699886
0.91613919154922
1.00182373730056
0.920346464211942
0.953420717920079
0.915478665400743
0.822631583256762
1.06691272909871
0.950643016761034
0.931260516788261
1.06261609101332
0.887724917355024
0.906599687628408
0.982215981207452
0.999515338251024
1.02050444480719
0.840627584022795
0.986969885504807
1.02982485626353
1.05848573244656
1.02010443178785
1.16181860358999
1.06741273402533
0.935657735631174
1.04102614527872
0.865136139207783
0.96940506805978
0.972516317730394
1.03998181517739
0.952117832050102
1.1796928415709
0.926757844256718
0.987821316783165
1.01627075157519
1.0935752724825
