-1.01662670877484
-0.894769509543017
-0.967255227970039
-0.927608692596118
-1.00495268325232
-1.10077052006832
-0.986188560952598
-0.797632423838838
-0.908841477397171
-0.959340118724815
-0.979595629775146
-1.03896107843788
-0.971176896532212
-1.05696844107598
-1.06163019339535
-0.959824626691063
-0.985980266950987
-1.17801533710027
-0.996847115050724
-0.995229946384066
-0.983751659347216
-0.941701141070934
-0.825132220041956
-0.94837677994532
-0.836150168460273
-0.943409770689757
-0.882133484857808
-1.05049075600793
-0.946743512226134
-0.772565518806412
-0.900098298771065
-0.852426711760528
-1.17317503230612
-0.868323504418142
-1.06961400528334
-1.04767592662388
-0.839384534215681
-1.08371970302325
-0.942700979135787
-0.803355975592483
-0.956127576083744
-0.891255855587311
-0.677033790995315
-0.745148585598218
-1.03894172382173
-0.838859784757366
-0.972369944523729
-0.987952419511103
-1.07692400214229
-0.776821641325949
-1.11125391077516
-0.963335070047162
-0.942448725143924
-0.715779065698435
-0.936437656701149
-0.80920472806368
-1.02627508931709
-1.02071873556703
-0.761338225809214
-0.929880160888636
-0.794415700485424
-0.977973116582683
-0.848645855934471
-0.849379460177771
-0.853675681791536
-0.797497221481948
-0.809316506431094
-0.937118593222045
-0.823480270946557
-0.799233531710418
-0.908289367046906
-0.825056437905375
-0.945973699845285
-0.676457568432081
-0.758631729755211
-0.716315209114623
-0.844088874631636
-0.759772131436035
-0.823207129802897
-0.811553541466343
-0.839181093846737
-0.749542458001797
-0.894526052783765
-0.749834009724056
-0.764988347156579
-0.693494329613065
-0.763103343173262
-0.988671722531408
-0.858334184468444
-0.987697860443454
-0.837338080090862
-0.79844589159154
-0.919154465151264
-0.794746154849479
-0.824689825296379
-0.668704453623534
-0.776609054291734
-0.90119261980671
-0.723960038440699
-0.803887144556382
-0.800393301119819
-0.845713946193699
-0.853961917647707
-0.827109800244022
-0.81232494703986
-0.849699087862273
-0.791037203904895
-0.978183982964706
-0.768708922463144
-0.766783949088027
-0.770598723718853
-0.839857038246222
-0.713999818288928
-0.813216650783708
-0.763163226545464
-0.657956680141882
-0.788829778361892
-0.634537461987088
-0.757324996720995
-0.676848653512254
-0.763512684234113
-0.804040002505224
-0.714347892606852
-0.862319529019696
-0.646348799131048
-0.660411147539546
-0.80448983274804
-0.757686780962619
-0.838995996769835
-0.67291102332386
-0.558260371060321
-0.768539958608309
-0.649271069160272
-0.87024198828697
-0.491760290560804
-0.739903513349087
-0.746073296644612
-0.794404710563238
-0.667396041160495
-0.65896484812022
-0.586286134325117
-0.579974516951779
-0.671843368677726
-0.655030083902648
-0.825658679904552
-0.786854443270187
-0.743859457415291
-0.702827977810689
-0.645939469913703
-0.839495942604791
-0.687881627165168
-0.738167465822234
-0.695095804272891
-0.774548931206579
-0.657744069910388
-0.611538004876603
-0.76119985608548
-0.617260132358238
-0.654721800726529
-0.675806392233498
-0.630327330895684
-0.6771894549146
-0.765363238521187
-0.695730749776593
-0.597420670293906
-0.589137599136481
-0.864125456225807
-0.522080162816022
-0.741423861216504
-0.626239428347579
-0.688252305993057
-0.69026088041888
-0.586123204708545
-0.644826336296693
-0.573862312093764
-0.657090514583748
-0.668203992583831
-0.495110005180536
-0.802355058637686
-0.652782010347846
-0.686188860938816
-0.561820534651917
-0.625770779730493
-0.545076860929434
-0.590604991418799
-0.585989285523093
-0.659635339152637
-0.524351448895713
-0.671148295050554
-0.601797614865075
-0.497532809166996
-0.700490834466725
-0.671332579908706
-0.619938669465159
-0.604484905561329
-0.752205112914658
-0.5691457524511
-0.630304623413635
-0.683850567510772
-0.698508579048025
-0.464255600719795
-0.546925048040941
-0.720202373657742
-0.606971517430772
-0.698062965083536
-0.638991568816028
-0.775124275771049
-0.653588046739281
-0.570723104120773
-0.512353837213713
-0.638233521511252
-0.543913709718166
-0.584798694396417
-0.552283737107689
-0.584005314334277
-0.530303999619425
-0.572036181922803
-0.634167700123235
-0.608985495577841
-0.672625924068491
-0.534732985829322
-0.584513314662518
-0.576943823846182
-0.594925967757756
-0.479605975393997
-0.462559265173137
-0.649755239678752
-0.552304636507069
-0.566273490425779
-0.522493889722514
-0.329258275541249
-0.507780596770773
-0.407147205289204
-0.618537523940267
-0.441775337874277
-0.65531518692112
-0.503494811917322
-0.520104604011351
-0.542117033129065
-0.580153288216504
-0.481904043727163
-0.553230319851962
-0.647812888018674
-0.629292655137793
-0.443191228094592
-0.451238554581084
-0.437922805279531
-0.55022599342818
-0.426687221660076
-0.466143033145691
-0.523614182942069
-0.5023866578152
-0.422657614989119
-0.584694450619242
-0.617000172441926
-0.526569524700469
-0.465165928331417
-0.409385406570463
-0.44693426581809
-0.359849314986599
-0.449781473920369
-0.596909001382502
-0.365499290154655
-0.58561393490793
-0.572586232940598
-0.490021367019289
-0.432490242362192
-0.294563681819683
-0.342609469845831
-0.285212067574693
-0.394748982054891
-0.440951224834407
-0.489605346386227
-0.541985696539863
-0.356046686087092
-0.49596542804866
-0.527938815452859
-0.447723136479866
-0.444126990422726
-0.464293196804594
-0.486844615851771
-0.382831443264472
-0.51114184229646
-0.260268812983512
-0.360389599115755
-0.397260423273137
-0.478761331841281
-0.455388940722936
-0.505490994782029
-0.34549155178225
-0.414840528941953
-0.477843665878812
-0.453700925946696
-0.393205630045965
-0.491822792157234
-0.299480040794178
-0.433687798512711
-0.462758350899297
-0.587024678230611
-0.423714933359877
-0.439456306448991
-0.381493250260653
-0.269040630948003
-0.323310356354497
-0.37047505347833
-0.377080746013424
-0.315461269346949
-0.283629872845183
-0.337357819064422
-0.33412378339537
-0.50576711486177
-0.461871381069453
-0.148892139256208
-0.508978547699988
-0.331532127000868
-0.363424408021582
-0.389535937866722
-0.433813699293298
-0.426336299542101
-0.373298184137217
-0.363308509095874
-0.335577481246833
-0.26099644855422
-0.355150391627899
-0.336601183419721
-0.305600217362364
-0.119878976494115
-0.301460048985588
-0.350198657638176
-0.174886486520906
-0.489213267672665
-0.3926234778666
-0.305601054109504
-0.280668251247527
-0.288775447023852
-0.24243151402815
-0.430340557758465
-0.302692974302072
-0.358017153512671
-0.358248544337779
-0.321434949413165
-0.203793694918127
-0.267921615086355
-0.435949043580426
-0.219578883980316
-0.177117178842004
-0.207971845204115
-0.212087929063215
-0.341683333892713
-0.289209440431813
-0.208327960725005
-0.386746144665951
-0.233315933243664
-0.341313522404644
-0.282868545673272
-0.289938218572055
-0.241248132039375
-0.283083927622399
-0.240359453857118
-0.335054248940422
-0.395584426714338
-0.334894011876215
-0.342750913526829
-0.206271713523066
-0.192206784120023
-0.184906154742937
-0.339171660418487
-0.259093485299157
-0.241224580079912
-0.1744159532208
-0.305799473269973
-0.237010481379227
-0.471179724629661
-0.210962652460145
-0.311017035496805
-0.299345701877472
-0.186760729490083
-0.26341767264091
-0.214622368902441
-0.267200280438324
-0.367112903883248
-0.287387084175231
-0.249401792165959
-0.364544832960818
-0.265943392744054
-0.261263342935266
-0.343628720944615
-0.202603913067017
-0.0755220520408301
-0.238608631319771
-0.191562797611484
-0.297766396125375
-0.0818614857798769
-0.143196783800105
-0.295669729532127
-0.294343957737735
-0.139975704180257
-0.235355585659785
-0.389447618611788
-0.147727446765042
-0.184563143878497
-0.213544641809708
-0.238302045008069
-0.236695775995519
-0.308917148829733
-0.127474985039357
-0.080950759478529
-0.314846030996834
-0.104352778760431
-0.162753700807918
-0.121944301360475
-0.232969580980392
-0.158434146045272
-0.229996862182214
-0.228148048044016
-0.0592277653922477
-0.242032320821135
-0.29071803829673
-0.180724493917116
-0.143204208094012
-0.0405891890050646
-0.219712919032578
-0.195196994947789
-0.181723422288912
-0.264957106321907
-0.192380879733934
-0.20170634442364
-0.189348243071832
-0.116272873259032
-0.0580290644233205
-0.132044761568922
-0.131241451230362
-0.234292187604679
-0.112805639289328
-0.0540101728407287
-0.154513721947998
-0.119462713904438
-0.377805031154647
-0.084988107222324
-0.196742860566066
-0.0552361843403162
-0.164150137788055
0.015273529426726
-0.101083547316039
-0.0520899870277299
-0.141560775946128
-0.07482843439292
-0.140163467585979
-0.0747595619980184
-0.051282251235581
-0.269771561349947
-0.135316224569475
0.0815350650352384
-0.072426480165408
-0.0186139244590089
-0.0940181403878179
-0.0711802850655971
-0.0383241003973086
0.034299768306955
-0.00659806879061988
-0.0672102463653351
-0.115723732761051
-0.0650687291647175
0.00219549883683835
-0.0707710315514709
-0.0987735021266723
0.0781197895374108
-0.1562200585389
-0.0263254804083112
-0.0205631862177208
-0.0884242219209785
-0.131115278716653
0.0168311458462449
0.0551636343416598
-0.0562299948876681
-0.1533026753971
-0.295343722003906
-0.0690397009232627
0.0823492797543469
-0.00782715373798915
0.00724718570347435
0.0261982354660216
-0.137804318843337
-0.0756442642054469
0.0512264168252124
-0.152803358324451
-0.119994466189961
0.0945813159459553
-0.246603730406983
0.0627908628167658
0.0104477787599074
0.128620135329724
-0.0727142650383602
-0.0404437482739628
-0.0527894284309691
0.0772537367400305
0.00655594999181196
0.0400856230643888
-0.180618883608162
-0.128466639772101
-0.0767778814182488
-0.0967356063999918
0.027702929728787
0.0181994675870594
0.06808274212195
0.0853321629978311
0.0284637900768912
0.0877414289377815
-0.183605538209946
0.0248448303484848
-0.133258004899298
0.0608108668355334
-0.0584788634383871
0.0967399782186532
0.0410280662201239
-0.0315296734585182
-0.0979177534752154
0.0922819846927315
0.0484937860929748
-0.0255187663132214
0.0417707582976749
0.155060714620439
-0.0703078189953268
0.0758547421720709
-0.0250167172115216
0.0659504847367063
-0.0760424765924028
-0.109783963996537
0.0578262804934619
0.093514138099197
-0.020857499194811
-0.0700811469496872
0.18280471330509
-0.0284333240771215
0.0622490116804574
0.0205552462427805
0.244760219453698
0.0872828578759493
0.0470756309863885
0.0414401372179144
0.170521294701598
0.0409170708397047
0.0676021375027267
-0.0312059671076853
-0.000739915355011914
0.0569114156714473
0.0889774110965389
0.0600744963045555
0.0791459444086361
0.194423675403966
0.0852331055016255
-0.0112508256359241
-0.115325709983006
0.0223186926825871
0.138502794894024
0.081435409400493
-0.0446608161753496
0.178934316351329
0.188457131411511
0.0498086620132495
0.118723601478246
0.0698966571885331
0.190379523360226
0.257371106890272
-0.0355403333503087
0.227136682673512
0.18571650005462
-0.100166880651591
0.15841259135625
0.126280785711419
0.0877878779512996
0.174393224226026
0.211003148184618
0.0854255950977659
0.0544434228112532
0.0817599115377094
0.32441900005885
0.258439332685847
0.155634553482097
0.17526740104831
-0.0272793428456238
0.25351668819377
0.219473049851189
0.0712179752261714
0.0857114531196118
0.0713342810105147
0.167786250465622
0.182204749598697
0.224510277184587
0.0702634289082544
0.125001586622987
0.2781273513572
0.145465861833512
0.232183275746659
0.0511891643350527
0.205273462908416
0.295237236310736
0.262701557762359
0.157786287914063
0.274511070805269
0.128740387893187
0.302606317456327
0.172334874779018
0.324808954217931
0.202432914835949
0.0209020300466102
0.186707414575565
0.283945129223483
0.291179056975922
0.354414008313848
0.1826039411194
0.195716733749082
0.354780060607242
0.301264334705035
0.306143929956848
0.15523505971038
0.0769393529036952
0.281951372689713
0.274755535910398
0.0220558833497536
0.250681885210739
0.263003157444324
0.178575696931043
0.283934447988281
0.197675537614326
0.286190203723194
0.119188779254288
0.256767540486986
0.203000216396084
0.396666227266065
0.413991301999395
0.24821733967522
0.123510828398023
0.272248883317883
0.249146180172611
0.349316591687896
0.118593755510847
0.416688194512538
0.300570105948467
0.227335144047684
0.160016359295724
0.303745390225511
0.267731089544214
0.285397390908735
0.154155259957737
0.234510229702582
0.280784451485191
0.348060458551718
0.244205598150956
0.310757184628063
0.397495859905081
0.28452700231954
0.425915573970607
0.448164860160653
0.333048495105073
0.363790285120855
0.297710107232746
0.349043485474313
0.408299600526746
0.253619681684544
0.305790133940627
0.322806183958623
0.350945922815422
0.384076013413251
0.553081077359315
0.410695550464663
0.332612181434505
0.353070592193796
0.288333068895316
0.481088421457428
0.31312071061143
0.395577178552789
0.330919271734244
0.445546640594704
0.236794023366629
0.384994514030152
0.232179326357657
0.260774317178352
0.236850585592209
0.27763118810554
0.42019296813201
0.230855738925272
0.3630713377177
0.290861995548682
0.338894887062447
0.472863321524392
0.460306671843516
0.348734345775507
0.412513179346575
0.422865730864726
0.305965337909779
0.382189035008922
0.325647909632548
0.313244750289726
0.406189366105904
0.442999929544161
0.357937191250374
0.491977107668943
0.487538181585047
0.266075025999296
0.418552925390281
0.535379362056531
0.47370841439377
0.427492297175841
0.336244425424955
0.373512283675846
0.380721019625421
0.412023975369076
0.239027284681064
0.426618278313593
0.562115907551792
0.351890748013363
0.450745182181578
0.586334309891873
0.51887497545104
0.461625700047343
0.353079934002284
0.540984662387829
0.353594937986027
0.416418997077427
0.462859148787874
0.339105019578924
0.472850444492819
0.34531126479971
0.435945878931429
0.351232843060698
0.560333387045541
0.527598765216962
0.35338847509685
0.431923009481706
0.495982884934705
0.475019914984362
0.485644754003035
0.541840381534538
0.373187357829498
0.435218827090532
0.471589436620107
0.583935201113256
0.304868734590154
0.495463246279694
0.40307201639801
0.626554177933647
0.619205064299571
0.399406350314761
0.686693786129985
0.49602938374256
0.543631419012961
0.575091743265777
0.418265102652563
0.472354846521153
0.458796089249204
0.461158260655117
0.503806571088334
0.455373192735626
0.528080536222994
0.422737287421352
0.533553877063175
0.551021587296459
0.392382731510966
0.515574077441173
0.54471137288221
0.496496900521569
0.531161260929736
0.482936359926898
0.49865143728084
0.487268927779564
0.641874783914561
0.530985480734034
0.628201438440487
0.456701592495418
0.434475009064779
0.544566037674361
0.52043359608943
0.520536490857743
0.519889630059747
0.545303367947491
0.509061180227555
0.531480205065565
0.572896370080425
0.55860911657935
0.565806342440676
0.486918942181347
0.581697079183759
0.451665674733136
0.55744983823109
0.490089468188547
0.56535982909558
0.697016027734467
0.513592396320913
0.605043554154752
0.536602480120508
0.531171709001358
0.590012068451658
0.683767379104827
0.499863212188856
0.513930113147895
0.575482860684415
0.613636048138553
0.511796231869662
0.615425084250521
0.505045244295787
0.667604000473686
0.584358686881378
0.61786059006645
0.590773343164015
0.715397633962543
0.606014920919298
0.53683666966044
0.482312887478172
0.699362858869497
0.659636208108795
0.575941961678313
0.658427952037594
0.80534994011005
0.671519171028926
0.611965796433771
0.639637272374227
0.668499395889171
0.506477596569825
0.584362847861001
0.613757111149595
0.706021834570735
0.573780266915043
0.723257020627799
0.649957398113018
0.512095420293083
0.75873453736907
0.712915527396046
0.734403825754516
0.712549603865507
0.558018309169948
0.601331000516531
0.659496388646131
0.790755929913088
0.588358000077035
0.634917211903711
0.684603084597512
0.841043759233996
0.662121676485505
0.67451214249002
0.732700893555954
0.757638628609626
0.62950425041137
0.784348699009725
0.65398878294821
0.827658055072092
0.672044187604754
0.84787755300913
0.686544047382138
0.606331480718928
0.739657137062734
0.666785298190253
0.820264255161295
0.674428314476108
0.746790821514577
0.966849685774953
0.805441784003675
0.578341289665905
0.66966620197738
0.790824902645457
0.645945086834374
0.625402676134535
0.665521197267734
0.916861807708061
0.749152743098113
0.713400468225897
0.623248711079358
0.825980683270037
0.745508558247007
0.684150636031101
0.694301242936383
0.787418274116501
0.718201151135608
0.701004159489396
0.786668275587283
0.644941207132906
0.846395268594685
0.762461809332656
0.974649529969787
0.715975731271128
0.64227954325707
0.813620633641717
0.77695904285007
0.692635424660121
0.851334683625377
0.872019680055239
0.759866315983299
0.592997416448558
0.884138075694918
0.707639138953812
0.777378149817977
0.740620002619627
0.884941648824644
0.685195843159562
0.818572468455974
0.821285960686011
0.729816022017443
0.829380207927164
0.651532217258978
0.899273779928563
0.872868712775895
0.740234401861911
0.722425745480938
0.801896547550728
0.74478320062017
0.645659496130909
0.806942372764191
0.843687183032475
0.825049983387593
0.836456588410954
0.878422504853054
0.868675209683688
0.857841163091482
0.874287203790533
0.842965748695144
0.7062476967275
0.814421996958642
0.881333086740938
0.914623191252556
0.823483950968883
0.894600929994478
0.956021300650621
0.797213713978955
0.819048730369033
0.900694785396656
1.00923238611283
0.790796462593243
0.832480525644844
0.781179596627387
0.823668294107897
0.83953336405251
0.744981447090528
0.820744376970988
0.875392374464605
0.8129681200447
0.698139582156904
0.756684010592006
0.80785999928232
0.822859267061145
0.770313133766792
1.01291127909424
1.00660045614673
0.929527491658103
0.821580034280215
0.772473505046746
1.01115564556158
0.791814265800186
1.010336423163
0.933862545601676
0.760304867488767
0.970825363818603
0.877231645366643
0.816308068661749
1.13734857238173
0.719359175965621
0.874510685294902
0.880227391793128
0.910906105612185
0.922319587485143
0.873594288911622
0.97541653713488
1.01085121246359
0.929041135364158
0.788338782662146
0.946278929010292
0.834352163238229
0.773522677161012
0.975579727275067
0.869100632438522
1.07706827410657
1.0330891918524
1.06544092385149
0.980206008171944
0.815570140234195
0.911195320577799
0.920795183700793
1.05924722349242
0.783982345492773
0.897113969300411
0.917450739200244
0.895330170170141
0.870445197957932
0.908896857574263
1.04142399023354
0.987123308216881
0.923735006717064
1.04254127579439
0.997552833777745
0.866595797110342
0.938082711525707
1.02159672620467
0.906225376005601
0.959241573730896
0.9247936182956
1.03073311872313
1.06477343227936
1.04729751876436
0.971850767541831
0.959215195557901
1.23273705288479
