-0.908249991179569
-1.07790071741088
-0.975491357075701
-0.907103591343985
-0.94764094382555
-1.01527234420301
-0.96922508069124
-1.06269095500182
-0.985971792146254
-0.89786526078703
-1.05052540517763
-1.13362595629544
-0.991137467011026
-0.95379129742943
-0.950433996236555
-0.922405366652038
-0.904465134237915
-1.05658750183642
-0.984701932590818
-0.719312980207487
-1.08527076391501
-1.00171496767022
-0.8379474143031
-0.876964037137821
-0.99675945743012
-0.995454408563377
-0.918580008475812
-0.806950702077195
-0.977328727578102
-0.996966519806633
-0.83752400702064
-0.864662319749237
-0.972540299222698
-0.93758839529006
-0.961147560606379
-1.09324136903857
-0.797417173414425
-1.00388227757852
-0.800490767956333
-0.875148433026052
-0.936693142192158
-0.927566614481497
-0.936147743058307
-0.86627979390733
-1.00028890963577
-0.943381721450847
-0.835167210499005
-0.922478849081398
-1.08812816941012
-0.984069411743135
-0.902992588067278
-0.902968020644835
-0.837048866217523
-0.922489078705664
-0.761958877414482
-0.851816689821206
-0.817351832884114
-0.863579339776956
-0.910984321801626
-0.857190861293808
-0.861144141630354
-0.863580860456746
-0.871904156563954
-0.895490811754387
-0.769129370402691
-0.941814066122664
-0.864144311914332
-0.894569370471347
-0.774152774389955
-0.790158614506174
-0.764989941773597
-0.757091820728333
-0.683516992991201
-0.912270674863404
-0.849399491890543
-0.806206460816434
-0.85707433887666
-0.693482449559776
-0.958635948469451
-0.742900281510218
-0.873661335009941
-0.826301447335751
-0.809219039262905
-0.741769428173613
-0.832886966623383
-0.795054552225742
-0.926694605391072
-0.847044144353194
-0.738754613739156
-0.632628678082074
-0.852327032478646
-0.709658627555515
-0.714109947868288
-0.89094940485906
-0.800185275978017
-0.965067295509375
-0.711018644568906
-0.797624534651704
-0.71563755941391
-0.769096538467264
-0.707748594398273
-0.863437836366392
-0.688997064888182
-0.888943334639878
-0.76859001415938
-0.721681582132286
-0.6784814032522
-0.656322198094768
-0.834719488961317
-0.890909106715358
-0.648369854555191
-0.81800908153947
-0.660139669322476
-0.76045266395225
-0.828050036384835
-0.7773183243074
-0.735676611428299
-0.742023191550936
-0.578912706625179
-0.626335336493068
-0.605056416898403
-0.681364959444718
-0.756766670550705
-0.735653077035659
-0.834628368663641
-0.773262178602612
-0.562449115287151
-0.738571488808369
-0.740161313870732
-0.617879296603898
-0.749378739555124
-0.838770767918208
-0.538827765287289
-0.848939503001825
-0.710271723183945
-0.7197181479
-0.770809932946356
-0.638411741876786
-0.775273716419167
-0.822840142205388
-0.780962808873773
-0.721512650865784
-0.761970465423569
-0.768650356339272
-0.747082869163018
-0.721011465144468
-0.728022876534635
-0.703010917923486
-0.792761911567911
-0.704098462373857
-0.56447333326309
-0.743194139195303
-0.64269726115749
-0.639278905860061
-0.599238368684237
-0.524387621839679
-0.654824786021582
-0.636395075069377
-0.550528399913447
-0.620096630066873
-0.741801684466704
-0.681959976222561
-0.711557138006438
-0.799275813884605
-0.684519100664236
-0.513419608986702
-0.76510251410335
-0.704541041594341
-0.726837196662637
-0.762601456623658
-0.675038288120135
-0.703752970742406
-0.717624217957957
-0.746386884478928
-0.689135935711042
-0.711134395538084
-0.677165112636218
-0.639082338177705
-0.737272658103455
-0.766064026296577
-0.477754607365175
-0.522416166547702
-0.511034757892802
-0.520600562579537
-0.720636185499857
-0.589638630850566
-0.49334286886176
-0.559905032917194
-0.652359976754215
-0.77581159514082
-0.650959108363361
-0.66919984917806
-0.634171554733725
-0.549515398542535
-0.596392116601657
-0.800166548630999
-0.524185097460442
-0.673051498996409
-0.595904983191082
-0.684327027919319
-0.656803275209246
-0.725640872940601
-0.603323599744291
-0.676970604350674
-0.704250394536889
-0.634243865220596
-0.566507472540138
-0.532954523523927
-0.707031197268319
-0.489284055009115
-0.63126693450522
-0.419801440222676
-0.510659342438542
-0.690063153262024
-0.516435978651708
-0.519491508862498
-0.512163794126531
-0.598534104410777
-0.624274804357655
-0.522249545119895
-0.679474740993147
-0.487056706490639
-0.569718813205027
-0.602826338842021
-0.63019754506947
-0.492008239303454
-0.465595421931697
-0.538589168356073
-0.51449362933352
-0.632785013160984
-0.459963887258483
-0.630319752572111
-0.689374544783322
-0.564306137732571
-0.511123986053633
-0.515177957396306
-0.552298082672565
-0.521433333863872
-0.555066998735172
-0.471980278447275
-0.473810268569021
-0.546648067755932
-0.614341901069293
-0.634661469806464
-0.703724037851325
-0.514770338263919
-0.481938030246862
-0.486149218289264
-0.490537239494851
-0.465757322840008
-0.373054819893851
-0.521183487086805
-0.46966811015266
-0.580372602446545
-0.395234840297845
-0.539414852543097
-0.564316729886315
-0.574923355551761
-0.464315590064304
-0.517958261844469
-0.512311298043045
-0.362131273950043
-0.444468378846124
-0.583177586268517
-0.393971422708854
-0.369080049881714
-0.372349909730286
-0.401642229534216
-0.550744219868958
-0.526596367427574
-0.510738592823909
-0.381545579644896
-0.376403329480688
-0.379237772852484
-0.557140754098767
-0.235486537953741
-0.460090504060221
-0.43263539924005
-0.415132168566131
-0.48917170383677
-0.375176541967177
-0.47839357620958
-0.354996214183056
-0.381643799773681
-0.349738477538313
-0.387896569367956
-0.384248269998713
-0.291684365813543
-0.554141063616017
-0.270049920439789
-0.421244781526801
-0.376064928164289
-0.397246330434104
-0.444365573109689
-0.324895892311502
-0.313195001730214
-0.407458428864189
-0.390906069151372
-0.360990867705677
-0.412034199631158
-0.169748829007734
-0.33052356577842
-0.468975630809459
-0.271418148906747
-0.263816796595696
-0.313065085104849
-0.436472597444347
-0.454142819101827
-0.376987508456102
-0.405954644408711
-0.481884091468555
-0.43511554718067
-0.353515850215673
-0.43157842356651
-0.396555871560978
-0.301248509394955
-0.327314499295876
-0.368425831682278
-0.269581733763727
-0.298349870770802
-0.408153655227472
-0.465124782599991
-0.456334375629756
-0.254353116005026
-0.235402892776645
-0.371031476962166
-0.295687043972663
-0.261091338532265
-0.359370096103214
-0.331107950462935
-0.334282917536209
-0.312696303747003
-0.259214915797722
-0.365273271789973
-0.360980594784795
-0.205176081151656
-0.2911343127436
-0.330088375357688
-0.323759431124453
-0.399755155686015
-0.374912656021211
-0.362681237092247
-0.254140820848788
-0.359433847741826
-0.348507618292206
-0.289906913669491
-0.210597091208892
-0.24015515948008
-0.337652065342606
-0.279880021147291
-0.242702180703942
-0.224579236818645
-0.30352675815901
-0.206987901710131
-0.254515198422584
-0.282139846801814
-0.389698149744111
-0.178409086435617
-0.326889990771537
-0.303189440996576
-0.22391300165469
-0.37538944121872
-0.250968566979921
-0.415725455341001
-0.331628986911849
-0.20381098902627
-0.315382135101634
-0.37788134558655
-0.284831433490283
-0.105683172626847
-0.209637828578372
-0.28261342315724
-0.11740171765877
-0.138312010061856
-0.355896732907882
-0.321729620146121
-0.180359787527621
-0.32752406076962
-0.276789899763878
-0.303410447241018
-0.365724378072477
-0.278239032216399
-0.27899083917171
-0.356029745259086
-0.198811279608362
-0.365642598840948
-0.18177723755127
-0.454414238537537
-0.248694660725568
-0.268954689698416
-0.220614980254561
-0.212247448729122
-0.136815141537913
-0.270703880874317
-0.283042730432358
-0.180278371697959
-0.173383530915481
-0.225557429100639
-0.142753721058332
-0.207047392434141
-0.213174242166983
-0.0534424856660327
-0.310161905847851
-0.184366907996734
-0.167009151379822
-0.230085424227329
-0.0664368471910166
-0.188816571051862
-0.263237281875883
-0.178203821810634
-0.200867799442008
-0.367780308589141
-0.190719968834747
-0.237155556155809
-0.269267517983017
-0.123604274530546
-0.211549466008552
-0.162365270793065
-0.104557471299861
-0.192520945289402
-0.147636003340356
-0.128773844717664
-0.169925752347092
-0.238417545909253
-0.245616371955429
-0.11695338389042
-0.0497203596237353
-0.0573797949330874
-0.0837390268686737
-0.256002799495903
-0.272374067073359
-0.0560953531648348
-0.174370186557146
-0.247694672822348
-0.113932305795735
0.00606695102647339
-0.298466682854254
-0.213511422595769
-0.165883426734523
-0.184449728650021
-0.170440628621681
-0.335763012095103
0.0405783597121292
-0.0654841030893089
-0.0991902115300469
-0.0520157114095322
-0.153496077669185
-0.175757855578887
-0.232316608036987
-0.0430892910126917
0.023568398727418
-0.0148297917825856
-0.160113768657511
-0.208020789801008
-0.0455650375466984
-0.0846975174163293
-0.0206681628659536
-0.0862993491363108
-0.235701247397582
-0.127871146961483
-0.124825757647848
-0.154131868380896
0.00496593753116485
-0.148290801524316
-0.114178601698873
-0.131002720353674
-0.00998487231641625
-0.0455861570432341
-0.15409838438047
-0.0928250513050278
-0.0275981886371718
-0.174600744750904
0.0082121760160504
0.0406733307088908
-0.0969684526311651
-0.10531467908289
-0.00875293510816991
-0.063968322120251
-0.20474430520721
0.00313999201216231
-0.0586100028950713
-0.0981879775918648
0.115243311758145
0.0235159706875201
-0.116284058729435
-0.000492162914654182
0.119524110157647
-0.184955366053328
-0.0069314890628113
-0.0727635245844131
-0.0718377392365117
0.0650705451146685
-0.142448582133667
-0.16108415322879
-0.0119844404844818
-0.141773446200302
-0.0510295680496557
-0.0425195776256512
-0.155506770691362
-0.0946127392854207
-0.0607324891888825
-0.0452571064979776
-0.00572127385493063
0.0544080613640468
0.028900905645597
-0.0434993573099923
0.119316134727981
-0.0884529615714162
-0.0566341630782175
0.00747096698295228
0.0649548500465756
0.00729456522714176
-0.0980759004207681
-0.00245584841190587
0.0972271786975586
0.101883757050137
0.0349918338774118
0.115504979362103
-0.0211389769884456
0.0140862147983421
-0.0757562783540275
0.064494748165199
-0.0208605803824673
-0.0601167601604066
0.279301802743858
0.164074371986852
0.129704203174225
-0.00737658997129186
0.0489442111725831
0.166191176006039
0.0424502578394126
0.0106588769733779
-0.0230268958406242
0.0451648979667496
0.240811343328256
0.181537387199118
0.013916413720116
0.0641514231196417
0.0753178837963758
0.124035071010237
0.0704152056678854
0.0349793512066771
0.205263941007598
0.00927960149935003
-0.0168068674055859
0.089926267795112
0.0869306341358578
-0.11365403363117
0.0153831926535137
0.201122803582402
0.121832048587107
0.18361157974208
0.111630609234343
0.198653022412121
0.223131803355837
0.145892654075071
0.0594950539179356
0.00770925020842103
0.156421669143259
0.0467576712159129
0.116635522484232
0.147138888887345
0.152346885831677
0.113174866024417
0.158459445267475
0.0652627317076172
0.0874018163719885
0.226354183557138
0.247185085207664
0.219111315753381
0.138186898170386
0.144876548392085
0.209268199110627
0.308498071066784
0.241412639604384
0.271064749583825
0.182132134386723
0.15509694902006
0.124571531173258
0.199123805613341
0.120741178864925
0.16537046553266
0.13604520112345
0.159121486769778
0.0936178129224738
0.219424696276837
0.0855712094458366
0.227208227729582
0.0247312446092103
0.341799561016044
0.0998231395360931
0.248814689702009
0.157253030035325
0.243851443954147
0.255704870346197
0.148720218191445
0.18103774535857
0.299873640826514
0.236856231722381
0.0949914304833319
0.22858006163453
0.143933043813424
0.250294428470917
0.306153335292105
0.26873042268976
0.313773684728632
0.260942516686213
0.144414223355263
0.215800779099075
0.323814293211696
0.23170793494392
0.442338272594417
0.193721945810464
0.18409481521483
0.16477419429435
0.197334138772278
0.140355245543873
0.375599183118621
0.254860349589679
0.254100675997573
0.184820111985356
0.324767461506092
0.255471585143355
0.15098946397677
0.176390563432559
0.348578733921602
0.20579019110266
0.214518106650316
0.161904079957627
0.378023623298564
0.392648743945072
0.338236611692299
0.387091473902074
0.274535727943219
0.212327598802812
0.298767035152802
0.454592442469645
0.158821790933707
0.225246975589364
0.220591727431979
0.243083806342672
0.168883170445984
0.236972267537787
0.260306769401238
0.267504265761061
0.331693292658304
0.224332371183004
0.278466661490387
0.289802735064868
0.257182828278176
0.372319343603325
0.441078460653165
0.25284822860894
0.396023798756706
0.275180049110462
0.398069470648025
0.234748075852515
0.409269234235778
0.313093081075791
0.345896324407366
0.125428983506078
0.453430645458886
0.352420268427627
0.349462561639563
0.329307788767154
0.22058691770087
0.281461997911641
0.283007842873995
0.30095406483864
0.367884765199176
0.186151900881217
0.30425908184509
0.255137119821441
0.344357662977555
0.286452764346336
0.235612500380764
0.338729265453557
0.487373889520291
0.310374453509748
0.357262877409674
0.329818270677631
0.299932109074178
0.392447488453055
0.438372408195444
0.503041701252406
0.265432137322212
0.431641961395228
0.439628584681961
0.385173240679392
0.40114654076687
0.415701602680781
0.442729606199916
0.369441478772455
0.4468111365742
0.480761765304264
0.477012487987933
0.304799292530093
0.461548515998118
0.533365416252304
0.423132182768713
0.378844442787372
0.388856463608527
0.460989582509208
0.640911227035371
0.457685445140241
0.493835331006039
0.338882035152802
0.214828906327216
0.357094417121133
0.350957081662799
0.483583039601857
0.329681784748711
0.442870182039234
0.257815684255698
0.419215691684491
0.427644080123148
0.415478828460022
0.541852300150333
0.451299844793616
0.637792280959493
0.545961434679679
0.481920264734056
0.622952045071005
0.63598851533463
0.408041386726972
0.591234008952826
0.409832733837368
0.429617581542758
0.468317037572326
0.340381534525666
0.427722836867475
0.544589552897081
0.663511742088986
0.708237866221669
0.368456953531135
0.481044606521858
0.400653782671024
0.605363108376548
0.459158704729433
0.488055083517411
0.430859235753121
0.323801065411383
0.426719473821207
0.42573328168821
0.500755716076892
0.565544360694118
0.540294271544611
0.508256757422061
0.404363497242716
0.628537411297413
0.450980189416458
0.471865884168115
0.427243822545787
0.508836106954059
0.474773681334278
0.325866626369532
0.573403787427472
0.535198826336011
0.499283642234157
0.575420979762188
0.542357681835771
0.460192385803911
0.398363128261386
0.522347803078338
0.680776901322338
0.603599019342491
0.461076694417648
0.444110923081369
0.587786924094982
0.498568914921304
0.613496196354266
0.577539079672753
0.490080888027274
0.610931577565891
0.603995241330735
0.551998291817458
0.535200207062302
0.683413313381318
0.477195979352655
0.475368120635136
0.600740302081269
0.624719319266109
0.502848518064635
0.575764073273159
0.581882203596857
0.333709365207104
0.658428871604032
0.49982876551719
0.354112551910218
0.752131732001592
0.646449093243064
0.582216907316418
0.53085994399004
0.494322552619833
0.650764530977241
0.550486668119936
0.656914808756243
0.62444866641347
0.622124658064039
0.60538709982035
0.66656074071378
0.635614508860666
0.612454491391859
0.646657243174649
0.593933249584677
0.660306890472889
0.769433273194264
0.563148239473193
0.501769028501066
0.503363025450237
0.753501805744583
0.678763584541288
0.726003021395893
0.505260330889262
0.636673850560853
0.541615022827645
0.63715196131112
0.54739997310753
0.594170173912322
0.638128364667967
0.734030537923193
0.628516875540878
0.734818197349882
0.637368681516794
0.622348114249537
0.590105533569246
0.561064599136835
0.707618111598371
0.855572021654751
0.691336961210734
0.760905316560582
0.610236284403686
0.739548589668668
0.798809034550185
0.575135095109726
0.697088944817494
0.620809850662908
0.632017379816991
0.644447915361014
0.750986549219337
0.621007002313626
0.631264391146443
0.667675917082632
0.554074028840824
0.619115803058396
0.736632944250505
0.547359573239177
0.83724774106492
0.641560060377709
0.699423599282531
0.576092416640196
0.780366998610575
0.655648283342564
0.721533910853217
0.802162721182623
0.701061439178083
0.785552385240141
0.703286917652655
0.664268595015949
0.744779731998366
0.833800755238134
0.87382367543398
0.622269680354076
0.685409149647685
0.801111187579723
0.853473840688499
0.7135389693768
0.639084851439956
0.656885834851473
0.750367794793155
0.704468863003216
0.652387017308407
0.678355666759313
0.717829447466834
0.825456805280432
0.706009269709979
0.747509331465985
0.806932145499503
0.85052762124253
0.744512909882485
0.744799233290298
0.708053043292897
0.698203354495831
0.60801831411908
0.737943386885974
0.630230194923457
0.75549815319102
0.673821894092723
0.883244351902165
0.928397219539074
0.788732903375415
0.885192326679437
0.776651721275632
0.84336620505221
0.749528621820106
0.713848095380608
0.705340814177059
0.722098647005601
0.72394010398154
0.702977700829021
0.666564389256865
0.653947149190799
0.802959100938629
0.680054489326429
0.783204644523469
0.730275836230722
0.775692923160106
0.73963153468214
0.733485852817183
0.814757667800391
0.865138271646327
0.812611260418552
0.807926107431055
0.72113734624328
0.875544524535436
0.926336974941656
0.977130585228015
0.816628613087251
0.826360029927276
0.879008605147604
0.774474709889516
0.93610644203717
0.792795026468603
0.838302811152858
0.902706006149795
0.967474157375204
1.0233533845704
0.822651383693492
0.809372503212965
0.798675880049026
0.739035910843455
0.759553625687155
0.907184791645379
0.919975227058356
0.912765105202319
0.969006870692476
0.762150568265137
0.905520647435129
0.908896879261044
0.717253865735734
0.765945121213779
0.889745817489577
0.826585420531409
0.904027005123031
0.978409472765106
0.915351014724903
0.936043250353899
0.878653490769334
0.893283991907139
0.908292369032418
0.946496821930383
0.86733810076531
0.964300565961803
0.877704093203626
0.876792567306389
0.96770259496004
0.764260206079789
0.963636481215171
0.910002308259805
0.744549859114081
0.721284361070295
0.900917330332515
0.843203716628551
0.909314712126436
0.836184802074628
0.916573094583162
0.919800413635692
0.981826290897412
0.90297189985075
0.959506173497732
0.92454614889994
0.829508702052705
1.07550321773851
0.950622794723475
0.932623434927643
1.06996335342241
0.881099652994863
0.897488874226944
0.961292843852145
0.9891381713268
1.01053044443296
0.823025150299256
0.968985194319315
1.01392482576997
1.04446482367363
1.03441628318883
1.14903293539207
1.06237337114075
0.945128288788603
1.06379310545278
0.876461715070759
0.969413942671465
0.972535863173583
1.05737046418405
0.957126004175828
1.1834707970811
0.92782488055016
0.983557270655754
1.01266564496113
1.08360130784912
