-1.00913971036314
-0.897119887320354
-0.965025251529647
-0.927284444380945
-1.01953874980924
-1.09381949367293
-0.962653002252924
-0.818680482978947
-0.924132586067172
-0.940514280448381
-0.994265186061503
-1.03690995166535
-0.984094651356636
-1.06946527161509
-1.06854232410636
-0.977662229244401
-0.998666046833917
-1.17986834214605
-1.0050172921942
-1.00443214172317
-0.979776205522905
-0.952687213070587
-0.839759212999605
-0.953766489836523
-0.824649181072232
-0.948207877936189
-0.900463063481412
-1.04746523829629
-0.950501231752235
-0.771204930886077
-0.880411932345145
-0.845560933872213
-1.16489572177108
-0.887443101219986
-1.08871252923293
-1.05186504562924
-0.826812887404602
-1.08157303664895
-0.937008141213673
-0.808164706221892
-0.97923537869371
-0.890660115788225
-0.692239103329151
-0.734568774239544
-1.02205124468752
-0.863536163792241
-0.967891613340784
-0.99998498518869
-1.07220886645904
-0.792498597975634
-1.1090892329144
-0.984582571688719
-0.953570887607552
-0.732623203253045
-0.940895495663367
-0.79399970216575
-1.02357779855555
-1.00649000352423
-0.756090573144748
-0.916918596146469
-0.791808915477846
-0.989033313301435
-0.849119627309038
-0.831525367437521
-0.840969324383921
-0.812466020193094
-0.825355777931369
-0.949391136389407
-0.843070795591753
-0.814077457867993
-0.922807955623461
-0.830439643803811
-0.935627926488729
-0.689100853209737
-0.777753396930264
-0.741647552648477
-0.8437589374696
-0.752392945983429
-0.839765040782885
-0.814971397699135
-0.86412515829182
-0.75766390711489
-0.873888583504086
-0.747948592248318
-0.776844715496088
-0.693861785016749
-0.727794498046566
-1.00512448373625
-0.869025481258366
-1.01157777322507
-0.835266187131806
-0.810247993880773
-0.923395497280372
-0.77500050628149
-0.809616091191442
-0.672817255810317
-0.781346703736269
-0.90725076266072
-0.722737773685901
-0.82519872260012
-0.792807983544291
-0.846567738648148
-0.825157394058657
-0.796194038382565
-0.832224063438833
-0.8340176271492
-0.799738450544446
-0.965157596444514
-0.755293740784584
-0.7810034226084
-0.768157829272047
-0.817444522146776
-0.704398512481373
-0.847488752533263
-0.761966326962298
-0.667773151110966
-0.790671637403671
-0.629760225500919
-0.764773530943964
-0.694395264072871
-0.761754873135531
-0.811442561544483
-0.728117462527472
-0.852862095162685
-0.649393513798918
-0.644110514532179
-0.798768221541249
-0.769552301293088
-0.839771258750622
-0.683352510397813
-0.566508311691284
-0.744792569940041
-0.658573143869501
-0.859476793231892
-0.482469349733261
-0.741297138308121
-0.725812508012357
-0.798461014121871
-0.644040752501466
-0.663382360423929
-0.582262893889353
-0.575241941950648
-0.669144509239575
-0.658741426086958
-0.823383849972322
-0.796329944375883
-0.756100291494881
-0.708425473202386
-0.659701163367658
-0.851320546841621
-0.687133146022469
-0.725912982182638
-0.705638895647843
-0.779514452435083
-0.6471756797263
-0.619264551932825
-0.772025436408362
-0.600496223890476
-0.665286453409037
-0.706059394562211
-0.632860979809603
-0.661074344064107
-0.752158349561506
-0.691902523882823
-0.580316829563263
-0.587249580528546
-0.869506993544286
-0.546225499337494
-0.733903858459284
-0.64625586558727
-0.686750560195614
-0.687348090866528
-0.572105457338161
-0.653014191951551
-0.580651265425999
-0.675528997165595
-0.663282166876957
-0.487742472840433
-0.793812777047308
-0.670531816405425
-0.686852163712609
-0.56114253837872
-0.652946479285761
-0.534874157072919
-0.598273901195984
-0.575999602786251
-0.663647099562169
-0.518967824466698
-0.65319692912477
-0.573930033888404
-0.482615518592641
-0.710868708494693
-0.667948436352314
-0.62593672474821
-0.605742428552127
-0.734655934534509
-0.576798418344487
-0.60607520793928
-0.650920507753063
-0.712851575226348
-0.475014212005695
-0.559553882943678
-0.725598460213205
-0.612841653405866
-0.691663165409456
-0.630729248819297
-0.750186345447319
-0.65503371249655
-0.583489073661153
-0.500227359248215
-0.646522725913673
-0.535633546283307
-0.567611167091735
-0.532365796952332
-0.589703917167673
-0.546033659876554
-0.571560427156602
-0.621020996424745
-0.605381026634428
-0.671766102252253
-0.523913218565322
-0.581244844825577
-0.586115201546398
-0.624087952599392
-0.473929888961181
-0.458139195482008
-0.643730599724771
-0.546696009705238
-0.59029600848691
-0.51826795421464
-0.337929089338996
-0.530811141962831
-0.399250819421062
-0.615531684901095
-0.433122004428889
-0.649503740563629
-0.516425241848038
-0.50208658595273
-0.53990702836622
-0.602296829934388
-0.473691635622773
-0.550496229933183
-0.639119438261369
-0.631284598343073
-0.433493671825722
-0.444428295227703
-0.440794176621284
-0.548679471154829
-0.407363814740598
-0.465812352854667
-0.519167109405792
-0.504881714596049
-0.413079908748439
-0.579041864841173
-0.608652352322037
-0.530035354579767
-0.458487681212842
-0.427191787409181
-0.457268375924909
-0.364319494478337
-0.441884092031167
-0.627052875724344
-0.360857612493411
-0.581898002540149
-0.580055725009902
-0.491067469913652
-0.40691004361457
-0.281036594495492
-0.335193672735276
-0.295177215571409
-0.386362615041111
-0.40913030868348
-0.50139166749982
-0.544461209567457
-0.375424669835989
-0.501246057443171
-0.519008860545065
-0.433340115954135
-0.457125819129638
-0.471031906871345
-0.488185738404926
-0.378980429776235
-0.529906765695152
-0.267964027612854
-0.392956960699535
-0.400209123139061
-0.445785319544678
-0.464759081479029
-0.477844385589958
-0.320458285374679
-0.403435491325699
-0.483182980531995
-0.481663906181382
-0.410092554632872
-0.500866180317411
-0.287400387176226
-0.436581446733633
-0.438137889930557
-0.614601273730405
-0.416682161796083
-0.426270982817172
-0.392742578329051
-0.27327845750792
-0.319066620497426
-0.380502559134459
-0.35983569032179
-0.317623661462153
-0.295221220306796
-0.334222016946197
-0.315730824672933
-0.509767722563625
-0.438105942230079
-0.136989379498888
-0.517689173610723
-0.321955263368058
-0.364392194310597
-0.40120424998086
-0.431355659040381
-0.422485551773548
-0.36664688036025
-0.354967310193251
-0.30195962584508
-0.261020075469774
-0.349108996751177
-0.33818394696408
-0.307687109070187
-0.123586104133968
-0.293583175351211
-0.34800558448698
-0.170052747502129
-0.500966910107882
-0.399441505761067
-0.325011998194444
-0.277764952834574
-0.295052608941508
-0.216836630691702
-0.424788165299339
-0.310453867721716
-0.34739943693608
-0.360540689378163
-0.30447764778618
-0.225131563633568
-0.269387336412585
-0.430862454953124
-0.209757297013455
-0.189428155125341
-0.228709268772637
-0.229348479485213
-0.332297334695283
-0.298460867940073
-0.201240354961768
-0.385804809468897
-0.213536400754827
-0.317726587710721
-0.294458007995075
-0.277390257887847
-0.244873294827751
-0.306708319177865
-0.243088136714732
-0.334160660510245
-0.388663616947719
-0.310375837900377
-0.329111421547988
-0.205848275860915
-0.200964079657034
-0.183395046550948
-0.340601915488647
-0.255448663933922
-0.230760966721176
-0.163650540539726
-0.314325852034729
-0.229286147146065
-0.446358089431917
-0.194180366153657
-0.337655080086744
-0.297996674690686
-0.195853934059913
-0.267091519337528
-0.216878781295414
-0.266759793729652
-0.343084659761256
-0.267636267288724
-0.242604618997254
-0.351525349005562
-0.269168221853958
-0.252719755281801
-0.360366392702595
-0.200289713803392
-0.0935755389579161
-0.222579322958923
-0.17039499918519
-0.291918822175377
-0.0865561584337198
-0.126326894468973
-0.295201738139636
-0.303286995136387
-0.126375417789554
-0.219536753848167
-0.381886736073031
-0.141274207056774
-0.194804563099636
-0.215225780766725
-0.201465859192129
-0.254130520300905
-0.298549355521687
-0.12494268681623
-0.0787431749257211
-0.303251685939309
-0.115816583605169
-0.150412889204783
-0.148205864868785
-0.205434183960741
-0.17202590936526
-0.260364769004186
-0.254051024000496
-0.0740535361994707
-0.239939476914626
-0.296042020039237
-0.209579259826735
-0.173913842670615
-0.0448494499657553
-0.213390267841282
-0.186274472353109
-0.194433626410449
-0.249138443855039
-0.184638313030236
-0.21034413650385
-0.191239911665746
-0.127614146993129
-0.064011708974402
-0.1433453539097
-0.118818578556711
-0.229153916882955
-0.128895988387182
-0.0531850937483489
-0.144281391033428
-0.103708732643033
-0.378305988586749
-0.097401128018723
-0.198180249416465
-0.0559297083630808
-0.173650781642991
0.0233251514037362
-0.104279989523252
-0.076115737748314
-0.14370887894296
-0.107732604829709
-0.14581604447031
-0.0776722981393549
-0.0418908108429772
-0.279663697996304
-0.157108677134568
0.0459504857699144
-0.0473021416629435
-0.041295472916208
-0.0957355804782577
-0.0749591014532266
-0.0551949523294836
0.0382758971877305
-0.0108942397898087
-0.0722884188628981
-0.109361394053063
-0.044947707749009
0.00391992951291829
-0.0708005583451887
-0.103894441553902
0.084138083615388
-0.162408946733879
-0.0257349728356107
-0.035952532273963
-0.0885755970656738
-0.141048103124212
0.00253603524838214
0.0578519425805821
-0.0741817524151056
-0.149767447293494
-0.288406300470328
-0.0721036243316972
0.0675989698967985
0.0280086355557749
0.000934626026870057
0.0139494047799828
-0.112641938503165
-0.0814506632464322
0.0554016142180524
-0.142940473828171
-0.113322202873177
0.0934615207289095
-0.244033174668373
0.0666745928718948
0.0389307481706072
0.123722825492705
-0.0998763509357192
-0.049704817170084
-0.0732358723555865
0.0621671444351369
0.00535849916542632
0.0177411436831995
-0.173421853167528
-0.129591095983492
-0.0487624077075874
-0.0887629720356058
0.0275411415146689
0.0091163653479341
0.0724812319248637
0.0553632732213013
0.0176525762648133
0.0792090861323884
-0.187263484799906
0.0215606564647982
-0.126217849501957
0.0567331349504981
-0.0611550382968983
0.0691685242890724
0.037940479431264
-0.0296319762182585
-0.0829192485432587
0.0949489973661781
0.0342979944622744
-0.0319404882220895
0.0422278488457627
0.152037393503543
-0.0587328058192133
0.0623804322446118
-0.0201142841177975
0.0660514457834438
-0.071470527971668
-0.0877343544025313
0.0748005659504017
0.0926137995453091
-0.0315843019729912
-0.0793552333861755
0.173262600202777
-0.0143004528436091
0.0738399313276973
0.0356553158326919
0.262482879876721
0.0862494006835715
0.0193284794433401
0.0454240439796438
0.164702608432532
0.0364297271186063
0.0592451353912923
-0.0242161882964332
0.00778460838943539
0.0542497584410841
0.0934866817880434
0.0899557175006293
0.095592125786009
0.186245680710715
0.0792109650680839
-0.0103800358472128
-0.0710207447801867
0.0253818214903999
0.136937518486539
0.0769801251425731
-0.0227213523420152
0.147234727270199
0.180006355935503
0.0739382104433187
0.102549927244854
0.0638661063804515
0.187024279715975
0.26569094452143
-0.029630692066631
0.237028661881748
0.165070011067421
-0.0814465961055975
0.159878259377245
0.148120093724288
0.0746026323648712
0.169563335040293
0.230270663417105
0.083735430847477
0.0335320139172488
0.0790069426699589
0.315655027421868
0.260206875271301
0.169856810542237
0.172962275314576
-0.0305468791566397
0.244099633647091
0.227637616874695
0.0603543821256542
0.0793476107476397
0.065332358511014
0.155818804353732
0.171260299326469
0.221824940347841
0.0589753680773576
0.115686649193298
0.292575266958124
0.116271838674836
0.227436068806564
0.0531151275995967
0.209852318365028
0.28703210618892
0.262193890954368
0.162496919484692
0.284369289685935
0.127777962210994
0.328908474593406
0.159576695364182
0.311033861282607
0.235950410669291
0.020764076706874
0.17063953829167
0.28742671894195
0.284670770234744
0.352544899155598
0.190308512950118
0.194924848524625
0.360811656387158
0.312716437438207
0.290373761108776
0.163669065452998
0.10146877159381
0.282104252739364
0.261424053985143
0.0378627293107574
0.221142183635556
0.262130579706043
0.190904437827186
0.283129529747959
0.181971161305665
0.288917957679471
0.129505233620893
0.263880241242657
0.210175745594458
0.374223563415275
0.406718417882272
0.258209645715071
0.110674811024835
0.25765134236045
0.247650894784734
0.327379053922474
0.140476691940631
0.425242329571996
0.287000844798477
0.240801778761414
0.157002810331764
0.32498059703632
0.282648631212795
0.278258673834253
0.125093276914598
0.254861257973507
0.273156676420792
0.35921843665573
0.230393771821717
0.328674760767352
0.391078412862941
0.286753181798438
0.41853284356413
0.42541032569815
0.331543006436818
0.361403023630429
0.301454566573329
0.343827941856341
0.40815774201973
0.246043795686578
0.309126560870856
0.308174820609472
0.365504784231693
0.387668598671135
0.547516165466498
0.42898037847924
0.349473510207699
0.332504681469992
0.301321364251395
0.475469733917718
0.308986185235099
0.38847764664634
0.323164654117993
0.428596230056372
0.239229297563185
0.386193712952258
0.239186833561674
0.232201850182315
0.25268662531053
0.311941723452113
0.455652938101137
0.222725756245193
0.346832121049132
0.306596622986094
0.357822749278871
0.457702231931727
0.448691538200118
0.318575768551165
0.381262232027641
0.418950831505698
0.29255953906274
0.383165314941243
0.335024128248124
0.316044284367781
0.428747172365094
0.419186168668817
0.36035884499313
0.49669063203119
0.482944752536473
0.241409020299682
0.420248185009542
0.519835306432257
0.462912877482498
0.407483879401108
0.356973504686427
0.394360388242109
0.367404690113564
0.394984529464927
0.258234028295495
0.415737728858345
0.544553807226213
0.356306556544007
0.451514740935481
0.564879172469205
0.498812714675252
0.455050161947484
0.355265253580322
0.546704451640668
0.339592540393201
0.395797958786896
0.484691160003241
0.333447891437688
0.460526286648942
0.357759016569281
0.447799728502423
0.364446043883182
0.562607470335053
0.525709746077085
0.350262474284924
0.456836384559068
0.490708964628147
0.469239760425363
0.47341267756825
0.544990129837928
0.36625675409607
0.445334483005891
0.469992423770143
0.59431019159615
0.287201672061351
0.490908386835731
0.410223490803268
0.622718620091254
0.608931186891126
0.412313134750777
0.687942200446615
0.486348697002154
0.54822596347382
0.577202544884501
0.41301331214832
0.477721042601731
0.438398090078438
0.477712211736649
0.498432938984478
0.468399046849558
0.520384502756831
0.424462142610912
0.519703366885081
0.548922672075201
0.376514003275776
0.544249219806489
0.541659484134349
0.515713148755647
0.556282542807121
0.500566452320813
0.480573494888092
0.489997200400602
0.617550832037961
0.564206928860161
0.633007280183558
0.47610173384426
0.424281342323611
0.529978670449236
0.510999994445655
0.521507654882384
0.510316560368108
0.533072627594454
0.498811181252351
0.519202353232401
0.60562685142496
0.575933701111276
0.535345155396224
0.495604614515341
0.565617037308614
0.447299595623366
0.566293036937446
0.473870565345975
0.563776329355107
0.699836881437297
0.507169656890427
0.610893019923533
0.525899189271706
0.532220450230348
0.59469610297241
0.673413480967724
0.502322703778397
0.515060567967579
0.574656520372179
0.611256640553002
0.484393356250526
0.594732419968843
0.520345192225406
0.652650031186875
0.570786198104972
0.611869641604386
0.576754587492455
0.72993450479843
0.571157505660779
0.5422146005405
0.482317516445609
0.700232623063931
0.653586651227494
0.579276785740491
0.661856142409198
0.785753524585736
0.660653795005503
0.624663643197376
0.648828726274829
0.674734805496803
0.512254714116825
0.579349675380512
0.615512010866626
0.717096978303939
0.586982798010863
0.712105015167377
0.622201222113634
0.508818496767361
0.756797238777727
0.710939201429477
0.741846633240844
0.727045704027379
0.569617529889128
0.568949338619103
0.642002711817295
0.807973581826403
0.589226603590757
0.636617807587151
0.686666779070036
0.853962093374714
0.659044728086899
0.699008303784584
0.700277815367006
0.751802977558698
0.650317218439405
0.767121381295026
0.65853399327173
0.849613299908944
0.641098113315304
0.845701333593676
0.675053013636662
0.594754912467866
0.728000310200278
0.672808052700238
0.82452724005736
0.689092979984407
0.780133747088096
0.992397174914519
0.814244317235012
0.582448659871185
0.679381926950835
0.786025654571467
0.627910279277767
0.623927586908872
0.637276179456724
0.898729438029521
0.75051835751024
0.718646935908769
0.634420536643868
0.815246865889376
0.729057710097197
0.691433449053035
0.713788646340729
0.78037875370939
0.694245584660736
0.699336954637192
0.777691432299791
0.666556709953827
0.807842029164434
0.776553824406402
0.969860563744292
0.702193245403845
0.612770726735128
0.823736412478911
0.754875148654752
0.69953310670943
0.862252128629086
0.887733201735787
0.779204865300594
0.566373724376946
0.861617191777872
0.723230748437517
0.761399413292166
0.73055988647336
0.891805049827072
0.709145032201725
0.832992594030073
0.833688180257906
0.725557803539562
0.8293181975924
0.626171260810904
0.891334639601929
0.881743529201695
0.739338582051134
0.73914454424234
0.784307337630956
0.750135368712188
0.678770408442896
0.803365015540188
0.851633679845965
0.801162098607413
0.847664429440107
0.883008695706378
0.858246042736147
0.858455684129353
0.873733642668038
0.835068263077968
0.70291345961852
0.806385986790708
0.872668766050479
0.886735026507831
0.825793800721241
0.890129207067056
0.961948188380425
0.78486985705126
0.823276174071318
0.86339681035206
1.01963908014021
0.793101753806972
0.836048804797181
0.789252162188473
0.802338076013327
0.851632716090478
0.749082520698939
0.812998937635738
0.862499040752111
0.804592433168755
0.703096967529193
0.746433548678549
0.800977401950748
0.808003600499764
0.794704360529247
1.01231407440124
1.03165398441729
0.910004871567066
0.846902711081623
0.773573662007291
1.03912243989391
0.789264431258286
0.998762637322473
0.92948135877923
0.747626825341374
0.95705775604022
0.874821035159955
0.831187727025518
1.12142174955128
0.72863845285913
0.879161228284346
0.873162814020357
0.925319558384263
0.899051925751954
0.875904727803161
0.95565064351748
1.00563271325638
0.92304116169543
0.766929288063053
0.946696511027793
0.827057858330697
0.757422594945236
0.978261142909188
0.881488765974776
1.07831483997752
1.0383494409148
1.0603708145053
0.973976698664263
0.829593098252217
0.904523045581802
0.932271085037574
1.06719850157001
0.799056037675901
0.893028952726418
0.922657828412389
0.893852670939994
0.862090224497689
0.90757925399668
1.05937537962739
0.981095770187682
0.935601967387103
1.02292328038399
1.0094655144709
0.851524097477448
0.948841769517088
1.0335823853499
0.900777015242872
0.952484144862068
0.917108992361152
1.03616614128521
1.07411882137871
1.02981356308802
0.9569639218914
0.94879217637672
1.24630014023635
