-0.920500780622217
-1.0801677861991
-0.95887856481235
-0.90529703475598
-0.937601144092774
-1.01824257040965
-0.990173590935183
-1.05750075778574
-0.975336185741584
-0.891074921919571
-1.04991798998491
-1.14929960964399
-1.00056559526736
-0.953515865452873
-0.950990182917472
-0.936278633503371
-0.901911317849537
-1.06272288384749
-0.973477156369848
-0.734583157380456
-1.08762897368726
-1.00841792135619
-0.844966966803516
-0.877663384294252
-1.00130550888921
-1.00805351918882
-0.909168074223705
-0.800252380634054
-0.977358076113602
-1.00438135276133
-0.84605938245176
-0.844001113127186
-0.947802862966461
-0.920808823918265
-0.95893186601008
-1.09718554461218
-0.81828651398007
-0.988230234280517
-0.789169997838238
-0.889818266887817
-0.932148980731047
-0.920685192622192
-0.959401853711745
-0.868169877681799
-0.993662143861571
-0.924883590686616
-0.828443377566255
-0.908752432766217
-1.06546223886777
-0.969325638273986
-0.901546350532755
-0.905252842238485
-0.835992785057974
-0.931351075030523
-0.749605771915817
-0.837040040149049
-0.80979045036161
-0.866351175989342
-0.910972537073155
-0.85457548894852
-0.871778066924509
-0.892091067853972
-0.866253444597278
-0.919409555169409
-0.78089667848362
-0.9247882777557
-0.852161544178695
-0.901876659269299
-0.795813394498343
-0.792468132665598
-0.763912470291117
-0.754002418464734
-0.674455356338077
-0.900139587271053
-0.858956569648212
-0.817360713592395
-0.8629246315265
-0.694201444269927
-0.950113570152607
-0.737099983189722
-0.873504150519991
-0.806760546287777
-0.836685837146968
-0.755113282677748
-0.852458441996785
-0.782488263205969
-0.932497813292805
-0.852527273617606
-0.72395231297534
-0.647160528344531
-0.861808736001782
-0.717245018733686
-0.698448314810519
-0.896533249078485
-0.789289928364225
-0.978687554776598
-0.718460572360903
-0.805317518039074
-0.748734175200838
-0.796025874966725
-0.726313462051629
-0.833734886464168
-0.687299562390268
-0.881456861663265
-0.775300430987616
-0.721384775842436
-0.673354304272507
-0.651122555215488
-0.854677990978627
-0.891918603605454
-0.651041546640742
-0.806331514659743
-0.675791183788635
-0.735751695418702
-0.8342701407065
-0.797551085725689
-0.749493739890566
-0.732764590567942
-0.607160129430534
-0.607245138742874
-0.566203784208611
-0.680008561671572
-0.764030415774964
-0.750947527895883
-0.85323168495178
-0.801435726241904
-0.547909330981335
-0.714853406563397
-0.744565604957305
-0.633515078951396
-0.71950453643486
-0.834435510124275
-0.562229838167166
-0.85215878168186
-0.715261743178317
-0.707845073296962
-0.779555603155586
-0.656106836171063
-0.776020427041045
-0.80545137785498
-0.772863524865789
-0.726920620673775
-0.783922607574153
-0.748059204338253
-0.745647806704389
-0.721002083015023
-0.712489066585709
-0.70045821688143
-0.77344110807607
-0.708740910812686
-0.568771111022244
-0.763869718288375
-0.639095262282675
-0.633711094515557
-0.593720911749856
-0.53442398579203
-0.661123115425354
-0.652785530657752
-0.554465069115889
-0.615301859752909
-0.720974659475855
-0.675129505413566
-0.687937676150148
-0.799099310840703
-0.671691577459172
-0.495543626751992
-0.743594821479949
-0.701480438294073
-0.744710120968495
-0.74428911299981
-0.695796706694142
-0.710631912205713
-0.720110600500189
-0.717479988918708
-0.727342508788311
-0.70863772251286
-0.69131553278281
-0.640920401030198
-0.753951781789564
-0.753608778603649
-0.439607693907566
-0.546014451060995
-0.531815613332774
-0.560790895854989
-0.715313182714649
-0.582051485710259
-0.498022880739339
-0.55900553599536
-0.657926959803888
-0.793385594119207
-0.646211682480428
-0.669887570534949
-0.652894952237399
-0.545937838440632
-0.59847966094167
-0.789805779435017
-0.530071999877457
-0.681376104559632
-0.584652090083657
-0.683543648672087
-0.651221876579839
-0.739142485166224
-0.590848209144759
-0.675414725357292
-0.695728351629585
-0.644588454954556
-0.560072040650649
-0.536715674886925
-0.6933672063221
-0.472478549750445
-0.614590143391907
-0.435980574484326
-0.523464783459448
-0.703895474422643
-0.510056720879037
-0.525629377482021
-0.520426519178646
-0.61456629627059
-0.641880565253169
-0.518710076324928
-0.68448044124711
-0.503879130281497
-0.581882089948947
-0.575221543715669
-0.634445682481482
-0.501300100760294
-0.478164747567142
-0.525342789266946
-0.514120522426494
-0.63614686604434
-0.471541458185575
-0.610665977446889
-0.678687015345629
-0.559761156967753
-0.494409397845322
-0.528688001994878
-0.533174783873142
-0.522049249225732
-0.573840484760286
-0.479412832774776
-0.468501882606505
-0.570849652733856
-0.623946104516707
-0.631405338162234
-0.718619907393631
-0.522743076276541
-0.470821995485783
-0.477361655079657
-0.481331106005484
-0.462568740460936
-0.377793850079715
-0.506813970731466
-0.447222642639561
-0.587041781308902
-0.389687363885958
-0.562361435522065
-0.557872440743107
-0.548467896725288
-0.469809390601839
-0.484930771117212
-0.496349065167887
-0.382332830211936
-0.450369049089205
-0.581074537152436
-0.37073477516022
-0.371937281541841
-0.382549722273871
-0.412697923657569
-0.566722758697985
-0.521154139798446
-0.515811515497977
-0.371258385435107
-0.369316991708142
-0.395417155314938
-0.558859435464354
-0.2348436748599
-0.47134685946629
-0.429570274237194
-0.401179909687642
-0.477174495927409
-0.406139194556742
-0.474665285134127
-0.369302945466436
-0.396585341799528
-0.352427390053095
-0.387195513393556
-0.401309618836088
-0.272530870279266
-0.551745598760373
-0.258781742150881
-0.418912217763793
-0.39827528958879
-0.412941756817361
-0.436652873344139
-0.307995294394811
-0.314991671500782
-0.422268099374067
-0.356486470695306
-0.348894418583
-0.402510708645674
-0.16794904981841
-0.324814590925335
-0.472407611257435
-0.2710902593494
-0.263968213818433
-0.310416841262603
-0.44251336441338
-0.437263279828164
-0.373745958154298
-0.427707802228414
-0.47017969242433
-0.434116735583224
-0.36912762857385
-0.45010010422247
-0.403979313310082
-0.285656749229738
-0.333299965835762
-0.356712634903122
-0.269024615740884
-0.303746034269339
-0.40410295753624
-0.469081744016082
-0.456434093581124
-0.264881655268761
-0.227570924757207
-0.361958863754886
-0.277250939675809
-0.265333752016431
-0.353479205583368
-0.309696646210801
-0.323446157187233
-0.311808540194528
-0.267164395316082
-0.372102835118112
-0.359310016406715
-0.222490930635398
-0.279142261669406
-0.358293418623614
-0.320944665946335
-0.411096880167444
-0.357354681631873
-0.354825454801153
-0.245933221667675
-0.34894521583708
-0.329075713004099
-0.298726669000092
-0.2193199844385
-0.243179972518568
-0.326517366305394
-0.258526710163304
-0.261318721808591
-0.231475679205192
-0.31702349025135
-0.198341422698234
-0.229828376555746
-0.270735548023773
-0.393232592416395
-0.199861123112419
-0.317769245191589
-0.320821606462226
-0.208232726841916
-0.369090590525244
-0.243938063618551
-0.397446808051148
-0.320784894914049
-0.219445165842734
-0.311052583590076
-0.367767641408595
-0.290862001203824
-0.129573663194886
-0.197593578569265
-0.27947830935125
-0.128675128121366
-0.15123005371928
-0.341573083748635
-0.317410057802389
-0.175850500382695
-0.318237445746521
-0.279222770738871
-0.268009884887046
-0.349049616080849
-0.267668440949987
-0.278066675346873
-0.341923283146326
-0.193517031200935
-0.374080576343934
-0.192152012157353
-0.454729969246818
-0.250150152926393
-0.268017217241838
-0.238757759995264
-0.186831112181876
-0.145280776012247
-0.268920809335003
-0.316431896751546
-0.181998392014853
-0.179848996916427
-0.230299662732202
-0.132721433609279
-0.209098234523069
-0.220602891826782
-0.0354972229337129
-0.323210209568097
-0.219868017593634
-0.168753681860878
-0.234312586902628
-0.0663335742358177
-0.212328098045653
-0.273389848161808
-0.193876586620419
-0.189371608042252
-0.383314693003947
-0.195013642567132
-0.226803832837328
-0.235436687614652
-0.12162155175702
-0.204706330002282
-0.165392696625199
-0.122523168237521
-0.172859623893168
-0.17412211145387
-0.123765596392825
-0.151875136422587
-0.223733989721319
-0.239842328917929
-0.144017821064577
-0.0673777984877157
-0.0539844960068959
-0.08381270989572
-0.265920603384057
-0.260371948536022
-0.0598145998104466
-0.190588655678788
-0.246350770010774
-0.0898749761253303
0.00672296160881086
-0.278871035642135
-0.204653147046765
-0.183458083029101
-0.176254542947807
-0.172032792298295
-0.334513646045441
0.0538816285356342
-0.0851620400716643
-0.0998148149414325
-0.0623615551321908
-0.166707932537841
-0.177525476543015
-0.247146685295206
-0.0276582722874432
0.0214114813961781
-0.023812633154599
-0.16528719783631
-0.224747277131978
-0.0367660933785322
-0.0899287248452891
-0.0164602488722159
-0.0809708500180396
-0.237003207669522
-0.121594010674017
-0.110847682003446
-0.149111401484188
-0.00468997552086583
-0.151338903352497
-0.110094639760107
-0.129108587949332
-0.0136205359954981
-0.00904634175883825
-0.144782931431929
-0.0966188101554786
-0.0397348163705936
-0.161790690844803
-0.00624586268828742
0.0210208724526363
-0.0758867650268951
-0.110517279519081
-0.0259034557899394
-0.0633173064634922
-0.18906995701598
0.0146887719694835
-0.0381253423210052
-0.107490110639729
0.109312103491171
0.0162066619891104
-0.114865572520734
-0.00235846657851032
0.114761313647974
-0.169454641541775
-0.0105869874604555
-0.0843578565789713
-0.0786561539179055
0.0624098767297598
-0.161094370944456
-0.174106241016197
0.0187456873354018
-0.13443631006463
-0.0376415833931435
-0.050603798968526
-0.157719773994517
-0.0953176149330849
-0.0495525358086693
-0.0736532966625848
-0.0188346920922427
0.0695335678435802
0.0111447652088214
-0.0149273201696062
0.115210134285647
-0.0893207597845676
-0.0615042576033366
-0.0125859390133566
0.0823692851108543
0.000757166700849118
-0.08801168028339
-0.0263080909062304
0.0977741720437645
0.114421880532184
0.0290338580193749
0.11449289334849
-0.0235320317937927
-0.00127268308060737
-0.0556495533931372
0.0730705631381075
-0.0226252655865429
-0.0732207494162677
0.253107743846472
0.155550469179398
0.121668851125463
-0.00533246349330268
0.0353404125911884
0.154421386696727
0.0415267434291408
0.0422425372522748
-0.0217865794478642
0.0782213899398365
0.216771461790089
0.187118196812565
-0.00148576670650836
0.0635619506151447
0.0872612236452648
0.129283315244873
0.0850695019446184
0.0474534818930349
0.198132124053719
-0.00322398214904353
-0.0123408529650019
0.0979847135792803
0.100177463625739
-0.104319897589005
0.0209269806792314
0.192446814322362
0.105774263094366
0.169685031338251
0.0877238472648346
0.226307712297836
0.217876527651803
0.138368284133127
0.058045735914852
0.00928407717392627
0.152046821296288
0.0489550916365528
0.0991374842989296
0.152943392824376
0.137771989603113
0.109683911732994
0.147738413824346
0.063097671957601
0.0805892751293455
0.224671698874558
0.22646108926894
0.196327796043034
0.162085998751846
0.155916814590484
0.226273203770328
0.31310744151156
0.267013644090289
0.268728218617588
0.145682469102144
0.163985915726572
0.146123092499275
0.18024295062222
0.121948043140094
0.150294069506613
0.110838274159521
0.165694197035098
0.0917182504626509
0.21471995071554
0.102049414660828
0.213279107753364
0.0419871257392669
0.321106007110256
0.0898066569659344
0.255758817777339
0.160425926416102
0.235429882362956
0.267212814748372
0.144016273064555
0.176760826206616
0.307972882741238
0.261244260394413
0.0820421228049872
0.251081232686535
0.166146767417027
0.240393737698305
0.296997275360336
0.266735114151526
0.309506761883847
0.272496568289967
0.147003269817989
0.24703817561358
0.324919725396718
0.201172642959676
0.428270355591802
0.196335431601961
0.171507189966599
0.180256065798672
0.206570330274723
0.133238472298379
0.369630157043696
0.234286260155188
0.266651379371028
0.19357292794425
0.315866642376327
0.235263575924579
0.158481881775021
0.177171185495793
0.355480918356281
0.219979033108477
0.229330936020473
0.153784159855127
0.377762171392557
0.404832052593853
0.334718340109838
0.395639081967246
0.268378538747246
0.207233128212616
0.299168959237344
0.447562764627176
0.182438202809619
0.217617972916218
0.254320712112354
0.260427836404781
0.160466465606504
0.225988904621493
0.241562651169793
0.256294808266225
0.342133622574358
0.211596605812204
0.264207542287786
0.298195404680841
0.259112950162646
0.366275452124946
0.433787421664636
0.246711897955455
0.395941791210113
0.271022971452699
0.401184238123112
0.237368365878377
0.399487430408566
0.320999593810392
0.328946765117308
0.105578026674801
0.438407816279968
0.344055258371635
0.328088661620507
0.365869965219821
0.237607579423137
0.27447240495909
0.275151314072315
0.309240089725521
0.347940806450286
0.199535035672117
0.305645630035469
0.264570453781347
0.35468028557269
0.288058647200713
0.221752960985525
0.344996707188856
0.463294113583056
0.293909512920953
0.386193248879416
0.33773609265902
0.303967805846174
0.398286912238875
0.4396142730346
0.513074194217471
0.266345918737788
0.447330745062589
0.452406015290249
0.373297706530592
0.395450998333359
0.427789795843459
0.45227729207767
0.379828631515571
0.452550352245001
0.500630577647814
0.470766040729636
0.30971955107694
0.446199775310159
0.537976130190182
0.420404183135829
0.37722243220903
0.395320610787856
0.462012841049119
0.634493781353448
0.465654940147255
0.484550658397375
0.332529737054057
0.208623723270455
0.363665479328715
0.365533798213206
0.501572047270922
0.329166696552537
0.445964657938253
0.251973508763078
0.399695765673051
0.413075084696902
0.415997709092974
0.529208661706965
0.453407292119907
0.643934771794949
0.549605017500612
0.48195058031848
0.620799141482459
0.596882307800514
0.412714465141976
0.610941537576331
0.41766221853558
0.426914582663717
0.479717533476151
0.339154778592753
0.444495451071604
0.548399122627352
0.657507849236879
0.705680245603566
0.382739059300272
0.474810960800356
0.403732540874802
0.587635827392737
0.466915980161788
0.486578454606433
0.414835592893597
0.332380670102404
0.417625691527913
0.427771974530645
0.505327108018268
0.544183114329918
0.544700861163063
0.490513713876038
0.422343134956555
0.625404582836414
0.459538882035947
0.467161948586621
0.425350964993678
0.519717136868566
0.470180482851358
0.342360138009917
0.578954924605395
0.525484282255512
0.490896383902749
0.558403510146343
0.530730666071893
0.432346269286097
0.411887664960514
0.514933620959554
0.673406234792393
0.618578405784176
0.473856795627143
0.425966528766238
0.586742204786919
0.498248329990029
0.602827672121381
0.580249351484518
0.507869665036053
0.62205137592884
0.616820671112568
0.55238359209592
0.540253206268644
0.678836267450902
0.499519001446898
0.488292246679772
0.596081909321507
0.635215900839582
0.488660598566863
0.589355001012346
0.56896978079603
0.340410198048868
0.671607560700813
0.481407142290834
0.355323003742155
0.757632232819364
0.642321155669241
0.601809432205628
0.540865010579423
0.49550207431953
0.651018602785012
0.565612727304916
0.670310007619129
0.627217661276925
0.626960444763339
0.634510674417329
0.672093603661863
0.626504653427951
0.605943056147412
0.642454353438884
0.570458188573833
0.656414161794263
0.755051599118497
0.548593443531557
0.486362945700277
0.513715058923845
0.762647539080453
0.656781884142476
0.72162474359003
0.49886811851766
0.62799121675169
0.537060887367776
0.626080456643124
0.542955369188449
0.588633031920609
0.641492853515713
0.741392645686835
0.637247057716594
0.738889159851517
0.631634005449438
0.599599689491231
0.567185056995256
0.534642478068077
0.720073750583534
0.86337272076409
0.711765756820111
0.734928632799646
0.597909013544036
0.759138463333173
0.77152259537612
0.55271985548738
0.690025450266433
0.613563316243205
0.617412711662483
0.643004094118675
0.743453242635308
0.619455918200016
0.625169592648402
0.676904366490206
0.543075419224296
0.611845276120154
0.730625490253446
0.555380467838445
0.8169093388693
0.664012608908694
0.677762227414628
0.591335378695623
0.780515592364687
0.661721516085233
0.723628843077193
0.805468201189684
0.678874345002531
0.798675850385628
0.70207913594242
0.687177255208377
0.75537368715789
0.812022160697385
0.892911801955492
0.62689882228857
0.675855372176953
0.807072316253828
0.852148106759555
0.728794937516538
0.648101826738889
0.642403197450469
0.741665234945996
0.716338284003002
0.642739294983875
0.693469551561246
0.717269021401354
0.816314405255483
0.717438517058309
0.735347650826116
0.82668473353998
0.855223944550398
0.753679957618675
0.750695935959997
0.699226589627054
0.730122997179154
0.60396649429666
0.745568539559734
0.611393341350737
0.769919703017919
0.679918178686265
0.873864897608448
0.911917038782455
0.802862472570183
0.878808727625318
0.771325941074912
0.842897652571139
0.769312425545685
0.702228579611641
0.694350956451557
0.708822573132754
0.732923490903776
0.683523453816942
0.659056543931855
0.653693350674332
0.828692314344396
0.687173486847824
0.806357423423962
0.721442185526024
0.765648178050109
0.740637681999611
0.745435273399777
0.824229957261806
0.870694520084463
0.823401844998625
0.789877358761691
0.719359393712915
0.88316844640715
0.909064976526541
0.977986524610319
0.805749296029584
0.809991110146278
0.869950314893039
0.750939924496334
0.933959748256357
0.796352876204884
0.835174803032593
0.89851274393625
0.9683290311567
1.03343131359729
0.825831646829233
0.823005287226274
0.797837602553874
0.739821938848011
0.76121859095166
0.90430756249838
0.924433265029062
0.894872779201133
0.98033195195024
0.759993317414031
0.912212199253298
0.905933933520957
0.728961179060498
0.771947764040767
0.903965536082009
0.82537203633093
0.892250953031799
0.955335459052222
0.905113361502512
0.932718403521873
0.880898818884812
0.879711272144686
0.899420835080893
0.949110444091337
0.875493270259796
0.966904251758338
0.853282980058787
0.873720164168731
0.985190649467158
0.774879121743493
0.947122028233953
0.920185855331552
0.729762557183892
0.743759387670624
0.914705607280897
0.840368280853386
0.908243178693042
0.820350470966604
0.921983482928912
0.915948648147626
0.98913126866498
0.913818867276508
0.948921211433788
0.913313627336694
0.835900787137914
1.07032773925292
0.97017721558824
0.958028156786681
1.06957801082638
0.889062898396102
0.890752541184389
0.977681572753292
0.974362779212369
1.01780409167654
0.856216488987175
0.968275044982566
1.01027171869802
1.05620398550491
1.03862160665051
1.18511379980396
1.08613455129485
0.929749968365611
1.07231696599328
0.878209967502457
0.971817813600673
0.972954473713426
1.07932583330098
0.937982472547914
1.17854752669098
0.940246531868367
0.987525167656367
1.03039957188576
1.09377298285453
