-0.853574129552429
-0.967979222158567
-1.02242325507653
-0.944471601628555
-0.808848232476476
-0.995201150277894
-0.918809891034983
-0.984012463449296
-0.975250486248486
-1.15150774724598
-1.03408732508987
-1.13216002277237
-1.07087522291056
-0.938418773286888
-0.865736523214152
-0.992720822623258
-0.958519823233445
-0.93060557330872
-0.935481779947924
-0.846363358437107
-0.851781232235094
-0.962941914934168
-0.909139148157812
-0.883027545011543
-0.914589667378408
-1.05682186084225
-0.980195342624439
-0.867216843105254
-1.04757671798319
-0.891986737523981
-0.889261151641
-0.882623730044196
-0.885218314350932
-1.01103684011874
-0.83894420367606
-0.930258011936416
-0.841512985026974
-0.946125158053907
-1.10401280233007
-0.805587005632779
-0.733603460209109
-0.804721117132584
-0.893837023218197
-0.924079410602844
-0.956473288619835
-0.849786727272665
-0.891502852498621
-0.883313439625254
-0.845291068090063
-0.966323753229907
-0.986444553552672
-0.915096692295479
-0.885920241043953
-0.90790585146285
-0.846440812443947
-0.955462828098607
-1.09533942344643
-0.939258756567009
-1.06688954531936
-1.00412673977842
-0.785915461458631
-0.868969153950855
-0.877499795090257
-0.897373322410027
-0.731700428397975
-0.91833307509193
-0.828194173828829
-0.831592085380919
-0.778171059524413
-0.913446283482501
-0.762938024022168
-0.848021743932204
-0.765091094476487
-0.867905796744912
-0.804604725292479
-0.839395089925238
-0.986555448788098
-0.882886607933342
-0.8355116293811
-0.840760160159534
-0.806940196688945
-0.777824354332451
-0.90092182613395
-0.743897992240097
-0.867762847750682
-0.943092802339953
-0.751348582244355
-0.866139815265516
-0.757998035195665
-0.812226830989634
-0.913069764186298
-0.65468425437381
-0.786204159300454
-1.06591065512621
-0.841413821886428
-0.625755836900752
-0.826956375244035
-0.945667595633115
-0.768285166629191
-0.791973305326783
-0.753534110745937
-0.730236007488502
-0.825495949425041
-0.874266114655012
-0.649768303208273
-0.793859680406404
-0.818645252860295
-0.85836510631973
-0.787157469616324
-0.888220151146501
-0.746440467904314
-0.73683121959792
-0.726493580197354
-0.694683770221449
-0.856401875465067
-0.738848277225037
-0.73525355646167
-0.830323989077622
-0.737484594658077
-0.839149390902084
-0.937143040391487
-0.759092275262493
-0.654004452278855
-0.608384778226915
-0.55384717927655
-0.668753403414646
-0.813119621107542
-0.757089723679952
-0.846397096778856
-0.607039786800294
-0.63848632951541
-0.726855973692279
-0.733430943420528
-0.771751144583003
-0.778333282071828
-0.781397389749178
-0.729137138556304
-0.563215917918398
-0.726058085312576
-0.607494511408773
-0.670574157777858
-0.775658810538126
-0.664277379706636
-0.896837954724607
-0.758410612485448
-0.608499377002305
-0.608773355596576
-0.72517091844867
-0.723628056186416
-0.564751361863517
-0.636373568258407
-0.682635750437005
-0.626485903064956
-0.645332698366887
-0.647567359638272
-0.755043794926668
-0.672370629154624
-0.871670348960987
-0.706102705648671
-0.835037777799752
-0.677514369856827
-0.571716201322384
-0.677865775756868
-0.745008491701181
-0.791429911413977
-0.737380927084299
-0.738122578091068
-0.688735580721699
-0.582447886415206
-0.661195350324053
-0.748147782155403
-0.723880066324601
-0.632003547187819
-0.661213491368081
-0.545155566434794
-0.46899131469452
-0.636139190416399
-0.649585856137298
-0.603067040518557
-0.649958127156318
-0.840197157883495
-0.698149921906051
-0.694875192124425
-0.836167815716459
-0.686280351459087
-0.715049285089361
-0.626859543201694
-0.65237955613111
-0.625192392534516
-0.535798516216226
-0.67399393282602
-0.615711294221817
-0.622875322889388
-0.693861952101157
-0.63243814623036
-0.593136594615443
-0.436148790952947
-0.678455087532355
-0.659569417569077
-0.655103633872601
-0.537408660764426
-0.555081792283295
-0.443771838936216
-0.585109050752768
-0.558060167750442
-0.402393144655975
-0.525600561611817
-0.497835216947114
-0.476090995704155
-0.55922405764282
-0.553528720799048
-0.473979421463699
-0.568354009539535
-0.498062710372623
-0.445424102803798
-0.529305353771107
-0.578003785207457
-0.420101443424226
-0.73309025020862
-0.446335634067808
-0.522145789604405
-0.439319258956415
-0.637608628699194
-0.649298480255583
-0.617768207127963
-0.628638537363172
-0.563764207892689
-0.528810584553751
-0.468621412635673
-0.541403168372545
-0.518051575877421
-0.604154131795865
-0.436885222530636
-0.482802335487081
-0.539998050884722
-0.505059794528062
-0.567367700393982
-0.514174967064776
-0.635972432428007
-0.492366518018876
-0.507714520951731
-0.639833344762108
-0.411983595226251
-0.64901465224233
-0.591837436100434
-0.5729550341038
-0.437193212984704
-0.492540782085199
-0.444495267279051
-0.548057863724522
-0.309651820070755
-0.468236302698092
-0.422137328114037
-0.520337807508866
-0.502851774037556
-0.490125715848757
-0.529447925037071
-0.645741386858689
-0.511341801035052
-0.482145033784864
-0.551510293058093
-0.504701061292235
-0.378949964466019
-0.504516897874038
-0.53613297770877
-0.335309709613575
-0.447142819492746
-0.393806682091971
-0.558409376625462
-0.436278350952409
-0.409625761997008
-0.535537485634801
-0.579373111450727
-0.599415354092875
-0.43534082062794
-0.397599659713281
-0.328128526911566
-0.379062421169977
-0.605601695117659
-0.349198831689576
-0.462943821526383
-0.592816992289652
-0.425011184001027
-0.463206623399522
-0.475465813841685
-0.453639664846598
-0.420429377098751
-0.442001283581416
-0.410939920614226
-0.466092300034366
-0.518876293294696
-0.450630488212464
-0.349495419052391
-0.397144150219018
-0.45715070892918
-0.296576586248711
-0.226868286006362
-0.379397984522326
-0.30153264464178
-0.474319679852095
-0.511123502328258
-0.299517172465953
-0.377999603045127
-0.39920495939357
-0.326927345763928
-0.276831427458707
-0.311608270593404
-0.366383143003658
-0.313497987820988
-0.270987796686848
-0.39951689640897
-0.231146092187816
-0.475043432866612
-0.263948305881838
-0.360429113385609
-0.422814309287727
-0.389925230570806
-0.476454101821141
-0.273993856288054
-0.288151565336474
-0.374836377364399
-0.357777328790927
-0.399520609047107
-0.265593917025272
-0.377518443471329
-0.240661039231008
-0.31199107629613
-0.358382895926669
-0.393247392680771
-0.376514620764273
-0.378143682952256
-0.291301007027353
-0.219573290059423
-0.41250038821722
-0.410502647383503
-0.191381546398821
-0.249246827226165
-0.357024590426868
-0.307118545576575
-0.236334557629126
-0.344579073689229
-0.2757296630744
-0.230204398401526
-0.296043371719159
-0.415338770011764
-0.292072027483209
-0.290763848869631
-0.234881871557148
-0.273432423820546
-0.354949446827525
-0.294120748441001
-0.353654106787605
-0.324466949712175
-0.245045952105084
-0.439148418585239
-0.204974628915125
-0.163658855807207
-0.299760232033513
-0.246235678951127
-0.361000689605703
-0.254155326446619
-0.316052941204894
-0.279003106923192
-0.154585415797422
-0.286534835758878
-0.483577988801666
-0.425004000992025
-0.28990692003804
-0.18446530018462
-0.323965240057894
-0.153079043034919
-0.269874928029687
-0.390544876351552
-0.275679504972253
-0.234118183888311
-0.35431554285528
-0.150808217402671
-0.322172413697687
-0.253210059988587
-0.357865156450606
-0.230992500359067
-0.261864140740619
-0.33363489439201
-0.292243734064094
-0.130817894726195
-0.221047938465337
-0.26591861166605
-0.197062846211318
-0.323001407501995
-0.250761814857348
-0.249323277525733
-0.17224729213863
-0.119341108578517
-0.125562707135188
-0.25415753558721
-0.297254825560036
-0.310244953414843
-0.238622778413194
-0.123731253160747
-0.195990210428776
-0.150180808429442
-0.251317616290149
-0.144514466046984
-0.106140527825941
-0.221420949838657
-0.109825630197844
-0.0939800934016743
-0.201027407597858
-0.356315988782773
-0.110475008196934
-0.102350664418852
-0.0968204747242587
-0.228953676856643
-0.322824773725793
-0.0608201837412765
-0.1364445431676
-0.228766183956825
-0.0338266940136321
-0.342944365357986
-0.122831993917861
-0.0375287213611549
-0.20043543311922
-0.147525073810218
-0.089371745353695
-0.19700460471861
-0.158210016654192
-0.10774562652474
-0.211192992899659
0.0282424615312146
-0.19283211787774
-0.210415468452232
-0.0152121775482913
-0.207222325044146
-0.182656588049508
-0.162602087061445
-0.0831117838421433
-0.0636140299035905
-0.142608878021741
-0.176855144039205
-0.130176124403099
-0.15121465700937
-0.0690891943600609
-0.0787627845347134
0.0152647507035274
0.0490641182053316
-0.211190734863801
-0.0542304095381432
-0.180919110917865
-0.208155090095696
-0.0796359571285272
-0.287269710983337
-0.0553875478399919
-0.0485280246411218
-0.170705745552822
-0.149360755507028
-0.0221453393578865
-0.00920433813358747
-0.118942463191509
-0.0719792769098264
-0.146515456499057
0.0148067776271772
-0.00804266159809869
-0.113115450202953
-0.0268450845656167
-0.157053920023616
-0.074283119531292
-0.0601017917071539
-0.039492159814868
0.147739371681226
-0.0956434675763221
-0.0731061265206689
-0.10034583502232
-0.123363163652482
-0.0317307609012749
-0.00160293995637415
-0.149710823332436
-0.0603575048406294
0.0373185834559575
-0.103593028862644
-0.0199949456727173
-0.111793024461921
-0.0476906680581433
0.0127972074317349
-0.224948031574298
-0.0834796423982172
-0.098006205278141
0.00318250170890554
0.043294885815309
-0.00154591448741258
-0.0864426987633051
-0.0388723253086845
0.150710098655817
0.02866341936865
-0.0852684866462564
0.00455822204308199
-0.031243918054759
-0.113305523801739
-0.0327976351023763
-0.12830637487466
-0.077811865638012
0.0487960400216469
-0.0444980980999867
0.0374114747133618
-0.033855932976748
-0.00583645051043654
-0.0410284521670297
0.15409620216921
0.044818052252601
-0.0802225560531984
0.105744222330438
0.126258515550033
0.126618654295254
0.0645352406890865
-0.0228624490198244
0.223109169958437
0.0301110103462037
-0.01215646449264
0.0185782701438817
0.102246086376559
0.111866434649154
-0.125216861905009
0.0922313069179967
0.0323427549213757
0.0359124918093793
0.0499465818627021
0.0491155625477709
-0.0569854507534869
0.0797051505322957
0.117968537204349
0.0765963147537324
0.0461714602334553
0.161657875311717
0.168314729142061
-0.04047287263176
-0.0184287704867936
0.0384448213337974
0.290857802221677
0.0924316681936131
-0.00175342143098776
0.0509237084992633
0.115705367424687
0.123682392970561
0.119859266224893
0.0233257901602915
0.0821762994603788
0.0213628798892742
-0.0501542273815803
-0.0466150474945395
0.0108779964054269
0.00170391770677979
0.116941446319365
0.147994800214369
0.142457346002765
0.189731987893572
0.212483152562293
0.12120391930417
0.124818250167982
0.181017732056309
0.356295123549211
0.0637956296907274
0.154084347614934
0.194123105521047
0.310326237208391
0.11428452103544
0.269799473657754
0.107602695600894
0.184010328644249
0.276237632070516
0.112946674966138
0.00762930659210643
0.223995169173063
0.263494659332363
0.204898808987733
0.0602461575345231
0.188628816005006
0.113993753179412
-0.0277808042256592
0.0749013447086412
0.200798055507023
0.0813879427531225
0.0606951679835122
0.198398235757771
0.114269761349573
0.294950577549617
0.11806358156809
0.0490481447150786
0.0895974789163615
0.131757015881938
0.0661922206854085
0.33277392455522
0.0462478546242241
0.167432515427242
0.198840948233056
0.171298073104255
0.274453915221014
0.353953534676271
0.199358563865581
0.12169696332245
0.188327785016395
0.156333480874319
0.322345804577021
0.154181174185551
0.267548916707218
0.18065776328659
0.121098430005617
0.191856801815188
0.234243706424258
0.245714389086796
0.00360944841421919
0.257041661158569
0.227759722728953
0.184151979411509
0.0677321225402142
0.142887999533474
0.158065413351508
0.116475301636987
-0.0339434099690689
0.419405639992857
0.0703016609800971
0.238601069738742
0.305704839035296
0.30303140996568
0.208913550273964
0.226274375262344
0.257340772608899
0.248911941181021
0.2426646944919
0.144964518553093
0.275692416561101
0.265099407910374
0.236341545895022
0.220151712297629
0.300722729446178
0.247686519428713
0.25130394910426
0.151240604923591
0.272735684435382
0.221979863502053
0.245187027833678
0.320572264550193
0.241048678336824
0.300866752463372
0.10007200724963
0.340283025990852
0.353134370638385
0.347236778637203
0.275383611751994
0.307839253479675
0.445261895771294
0.263453497436954
0.270633666288778
0.428679596075351
0.273914560748749
0.302152330517919
0.360715577795162
0.325540106738201
0.37221446780468
0.246746374219958
0.399566871235264
0.194071204765651
0.454425711018273
0.481621623916792
0.391732514145707
0.431609949703887
0.42012549806419
0.424627002685999
0.382179456082778
0.341025196298129
0.389701930613301
0.292364691234163
0.445101608586043
0.283952520748138
0.307893738013604
0.13761773271107
0.293045765578768
0.249391687556997
0.343306309232541
0.363080416901132
0.369143473340012
0.361330236877849
0.354260539556761
0.307231234418227
0.365955919218813
0.378886538752783
0.41395335212932
0.480621726161626
0.0942332464348341
0.233412441258731
0.418622925604326
0.512698970133755
0.47417802481102
0.358278193502042
0.281191167776665
0.264298910381317
0.252087525158786
0.478660431412772
0.338377561440553
0.566234287677722
0.483555535238484
0.322505655363069
0.456853854475148
0.358687394830762
0.3746035994528
0.374786463099371
0.432805596930659
0.236969243579624
0.345424855653081
0.432833698604038
0.429531548222363
0.454865108302148
0.443771588006275
0.409871846249899
0.505901131409108
0.400333895592642
0.364193429160525
0.524604851030161
0.4670055577415
0.554544336915354
0.529912089045127
0.373167200380898
0.577830095881887
0.34828228969072
0.623860324296291
0.503575552718403
0.518309757967858
0.407364839617965
0.46878315289376
0.43025777609936
0.391658418966936
0.588423169965996
0.475669836353115
0.324615346419732
0.362527119058455
0.324581961740168
0.39006353876393
0.460750966568116
0.470513105521988
0.449776042757208
0.512897440253036
0.373877110525027
0.561534948970055
0.453981860404798
0.522743841644273
0.376647367332948
0.377423535240593
0.525496531963386
0.530891770498901
0.443674597300486
0.414103213786345
0.480511595602887
0.52869408172589
0.522460260330961
0.546058128663333
0.404563585006218
0.478396439426037
0.523096405814721
0.568836623075039
0.522410675963302
0.532363230442435
0.614213252231558
0.39720942133734
0.617485026056652
0.563711514810553
0.434386784157308
0.56371213979717
0.670689042271473
0.437048821272723
0.484500075885423
0.417035540567871
0.561865666024112
0.560259083558231
0.64910959192867
0.490972483776013
0.653698925256633
0.54802058368876
0.395639143061644
0.510566511488398
0.530980137808932
0.56894530792295
0.532412048589816
0.560083000679048
0.63148307440804
0.541861306695587
0.543413327287211
0.570084600888269
0.650896169341403
0.616679891597302
0.585762724877363
0.602069605027109
0.587418090017315
0.597612328720148
0.559108377044813
0.534164505135947
0.575608342055966
0.707998013997812
0.540336006972007
0.683625802479086
0.486870319124988
0.554248691528146
0.508782047520072
0.658928399119894
0.611503300218625
0.452243420120551
0.72664375987557
0.774240595698583
0.748038436142892
0.640177808963226
0.564168661085012
0.709982113118525
0.702594299975184
0.471015722965152
0.664105976546354
0.64305276597173
0.678590111242896
0.687826204398024
0.517816948501418
0.666642245482175
0.552341232616758
0.617139617453836
0.737119209563963
0.643997181235392
0.740253232156053
0.538335206789678
0.581768508315422
0.71334097752863
0.526524639064633
0.651865059059568
0.719717403193053
0.654408958505729
0.611342118972073
0.741041090651106
0.762104524952348
0.739873391429202
0.668855593003451
0.739045103731105
0.751092476966463
0.523212429520053
0.813845981989242
0.619642547208135
0.831025763811188
0.630250099689726
0.795787275909733
0.637902242208661
0.65678304847716
0.660482978520367
0.634861523091011
0.701851128977954
0.679641804942868
0.819806471978013
0.698747707290661
0.644619746237446
0.69195341510811
0.755759348856326
0.626198402420491
0.61825004600833
0.878195472036925
0.67152940819511
0.673093084891819
0.750679775737814
0.874383857086266
0.581712361265463
0.626432866746108
0.558315840337109
0.827338555182813
0.612003501915401
0.694423205174085
0.631501090062188
0.749814543949308
0.779272350028827
0.866044451089906
0.648742901778648
0.680224767011224
0.744765529706154
0.852999178553304
0.772907158246731
0.685243408702278
0.763454171450595
0.801482328221195
0.668758117082143
0.640108495088144
0.786550350020576
0.750772836069321
0.740239932346044
0.741874729508163
0.788609830138684
0.854704917126496
0.805861696811471
0.624819110920966
0.67504210924431
0.711320147466365
0.669205824306941
0.724364177531744
0.8366250946784
0.692677257528241
0.968658687242591
0.726378069285593
0.6957129942621
0.829571037073691
0.772561849397926
0.775782767180833
0.848647822389309
0.737302869478725
0.902166352614752
0.854081949680747
0.736674419584096
0.792412777360799
0.867474538015993
0.729899613862338
0.949649366915832
0.77732870275744
0.939138953503516
0.799130312376904
0.749493951394594
0.79511755127582
0.692220611678792
0.777813355329178
0.781191521931925
0.810648979929518
0.772298207604113
0.902576192362126
1.00917361893793
0.898958993523515
0.799499698439709
0.886793001859464
0.832977251410416
0.80961557647829
0.75200867344373
0.788862368209229
1.06146132685108
0.837260605091002
0.734082869714477
0.945911030724107
0.874887457167289
0.921714573935203
0.835680580694151
0.925967680310255
0.882459346652272
0.888046187835201
0.806361606748937
0.742727847366029
0.901524212223963
0.946646228403688
0.998914901490684
0.966014045633757
0.852982206554782
0.823851685290529
1.01582808576615
0.860873943779096
0.875611777148462
0.803281507258276
0.892756999264755
0.700786186382265
0.787468271750147
0.947713404280356
0.824315951689434
0.915233508078028
0.801678721946923
0.939515529734024
0.971737555704977
0.942257842245764
0.935712371965851
1.0200193547475
0.920003332914407
0.796054546991116
0.980971416829158
1.07708263269711
1.02051322137713
0.826686686790313
1.00176345829441
0.996963537674572
0.810427283288231
0.837753451877862
1.03939009756578
0.934352587851543
0.941766145874295
1.00483879568688
1.05850636814438
0.894827633190922
1.12756430182753
0.817584526505028
0.995273428237961
0.999715846637198
0.956352666468395
1.1288213238485
0.875396427662951
0.891087556802034
1.05458473416405
1.02009122827975
0.908866196297475
0.979652978763796
0.930147824859591
0.939127747343044
1.01214141572781
0.885963598741004
0.884823397608897
1.04981428703256
0.948112039646928
0.940896519897957
1.09194673568843
1.01352188162868
