-0.913331313638821
-1.09573446510375
-0.984006033727497
-0.922952267359317
-0.938290313186196
-1.01713995457381
-1.01395381383027
-1.057353232621
-0.984383183121106
-0.895551224690827
-1.07854891075069
-1.13903220657118
-1.0170965105176
-0.965726252948489
-0.942321035334178
-0.926809937809239
-0.910925638987978
-1.06276741626911
-0.982920354005447
-0.741348194492366
-1.08008084732433
-1.00566994427197
-0.849569876311546
-0.887787369980436
-1.00517993757648
-1.01406488420278
-0.906705652572025
-0.814233638278278
-0.989781247020627
-1.01087062940888
-0.827929639721231
-0.842710518263172
-0.958305647668492
-0.92173136533666
-0.952001339494564
-1.10607171962521
-0.805985344861695
-1.00129540670038
-0.767916970781528
-0.882334347991861
-0.912413438668452
-0.901810329055147
-0.956284680613886
-0.850019656598182
-1.00536370316197
-0.939734166538877
-0.84286047553347
-0.915119704781823
-1.06829501879598
-0.994478140799523
-0.89951302880099
-0.902103049869297
-0.833084429530886
-0.949849878893046
-0.756332726196918
-0.830652797383273
-0.819154365128526
-0.873174402606594
-0.918730220894396
-0.862970722774814
-0.872092717177647
-0.899799621536217
-0.878677072810424
-0.903988596561855
-0.777544614087372
-0.94884199527675
-0.857065884485529
-0.902651508338426
-0.760130466113123
-0.779148322794565
-0.757550643073716
-0.746167757158838
-0.68709246429619
-0.903785070718481
-0.843120438180191
-0.797968943882913
-0.846433207815076
-0.703601769892175
-0.94673733726627
-0.726953851781527
-0.861711885972694
-0.827989281898091
-0.82553850168694
-0.763258690040428
-0.830561306512934
-0.77984254422546
-0.92678650853149
-0.836292025873427
-0.73264664951295
-0.649622435429418
-0.839044952805807
-0.727484057821121
-0.704837596253779
-0.87086188552502
-0.814311010092598
-0.98077039618038
-0.697047943503475
-0.811805908782878
-0.751895768201553
-0.766459566554134
-0.703612599263276
-0.841102415047073
-0.713607401437514
-0.900091504452331
-0.77310692492979
-0.731814156961456
-0.678290020086146
-0.636033196406511
-0.85289949669885
-0.911661567733572
-0.669144355240195
-0.831328767487329
-0.677612831245543
-0.740968040532809
-0.841377712064151
-0.805495614634029
-0.74125333788896
-0.745444103549294
-0.596444811178399
-0.599112233045584
-0.581875066359699
-0.673662918618103
-0.760937392358287
-0.714985655739131
-0.835039974020135
-0.798877146483414
-0.550555356288303
-0.740471135818035
-0.739954286892575
-0.618382811198147
-0.734482945482845
-0.832790525112352
-0.560232470546879
-0.847132394935457
-0.71685614694957
-0.715140773265718
-0.785129121444916
-0.66936598553445
-0.783636228953482
-0.819803025105982
-0.778647347870315
-0.714799130028484
-0.784343515693161
-0.76624437982287
-0.768595774642512
-0.711616594433465
-0.709119936474639
-0.710307177943833
-0.775537952674695
-0.687799842864246
-0.56824675451564
-0.755141356896928
-0.639272278683943
-0.620269748679099
-0.575626211608118
-0.550042911314936
-0.658277372809515
-0.641668840381142
-0.564574250262692
-0.604184811316875
-0.724228816871028
-0.657614620585797
-0.703971943345191
-0.812083228864465
-0.670473498671596
-0.505007948194375
-0.764219133467243
-0.694239770219521
-0.731063947180129
-0.746469022243041
-0.672057045458693
-0.721674122636338
-0.711735610576044
-0.742689818255857
-0.725348337957687
-0.71064014931129
-0.677938460947807
-0.658671496823367
-0.750794861365106
-0.765758978634382
-0.447494473689606
-0.527374464725018
-0.520202852045284
-0.551191160434735
-0.729478305135279
-0.597391079565342
-0.50538530241488
-0.560322720477489
-0.654238873642192
-0.789320388431699
-0.653456007701998
-0.684141198609297
-0.623382813457496
-0.570313539263471
-0.613979641158841
-0.829393054554632
-0.530972983362272
-0.673819937077739
-0.60253622605372
-0.691764461220385
-0.633072018289633
-0.72805045405855
-0.581039148783471
-0.681276932384582
-0.700015250985558
-0.641813358141032
-0.590316135143225
-0.567261454398233
-0.711565961385374
-0.470271201585752
-0.618271510064656
-0.432872453494301
-0.529978434726291
-0.69822145198418
-0.517921833738069
-0.534357010742836
-0.530179181331673
-0.589082388933073
-0.641120907034489
-0.517610486008178
-0.680858823063078
-0.482139070597007
-0.583278411525664
-0.589184351223009
-0.644970900212931
-0.494756385817646
-0.467490108221094
-0.544237873720743
-0.514653627300959
-0.651170644838621
-0.45848486648192
-0.626962987262483
-0.695868606186617
-0.5813416881369
-0.502683121044518
-0.509999885720577
-0.554477091574705
-0.524895580671693
-0.582044679412721
-0.470297759938607
-0.472297131544377
-0.577548992894696
-0.592250535367414
-0.631780180394004
-0.711070163152766
-0.495760110394023
-0.477983679563118
-0.484560027500975
-0.480568437635419
-0.450091227387068
-0.369757576124093
-0.515995298341623
-0.489637410031276
-0.572323040421868
-0.389548071751022
-0.550341446282961
-0.556301135152747
-0.552997722953826
-0.493690974589689
-0.496955403638515
-0.496452314420094
-0.365611020168878
-0.452285559445725
-0.577050547014324
-0.394457963993249
-0.37590011063269
-0.368634944081543
-0.414628764800123
-0.546519356873789
-0.519175828697858
-0.500438311681034
-0.386582190117157
-0.369968167064284
-0.386857217970993
-0.538612857938661
-0.220389810438837
-0.441249238112167
-0.416026589950263
-0.407949787758492
-0.459216490044603
-0.38734998492104
-0.481106021918381
-0.356563948749602
-0.391475860557246
-0.35046109326919
-0.3891728454716
-0.407727000990096
-0.286404168495693
-0.549427662306276
-0.290406446136981
-0.432003565912688
-0.371350839046291
-0.405578262228466
-0.454804819680927
-0.298015990840116
-0.304208765494267
-0.431225611596841
-0.391088677327062
-0.360167105457633
-0.408790142813581
-0.177853464101033
-0.336777318141651
-0.458008306993393
-0.271896501342267
-0.293917735443328
-0.323564417338044
-0.404636035294872
-0.435519555535627
-0.367749180599393
-0.41121552620117
-0.476078449211913
-0.434698178031696
-0.337873273886818
-0.444534505061286
-0.41609354485239
-0.271863774685083
-0.319469219930143
-0.360607695569529
-0.276561868380034
-0.287752028459523
-0.408094925973746
-0.477255629980991
-0.436188254896886
-0.262349133202711
-0.243235844841838
-0.376640830581971
-0.304964918044165
-0.245450877787689
-0.368113465679873
-0.333787082697851
-0.346204102585278
-0.301090056281127
-0.259453799091192
-0.379845303157719
-0.343040451438321
-0.230232584451626
-0.286765382101044
-0.334973970122862
-0.299426634336689
-0.408768406767142
-0.38414826238992
-0.376122511813099
-0.227160942645932
-0.374190917800801
-0.322896383165119
-0.298190693970781
-0.186724644003537
-0.228705973539605
-0.319137997841789
-0.262282675956931
-0.24056778284396
-0.221428761892997
-0.304019181032695
-0.191058961087037
-0.243003706190898
-0.262866724031801
-0.385277450396132
-0.203301412673193
-0.301217724946727
-0.312759998495505
-0.224622506254854
-0.350631381263944
-0.230416231841696
-0.399999111843228
-0.309592470667272
-0.202729613889434
-0.314366953937649
-0.358147930692241
-0.29529682093953
-0.08758356110944
-0.212617474910542
-0.269604439110884
-0.111577221444923
-0.126179630500038
-0.331214215902169
-0.301295972061725
-0.175918828673104
-0.326039003040531
-0.273165662619778
-0.282785683809262
-0.36010965400307
-0.264429375852297
-0.278498516788336
-0.347515678757611
-0.201646059771916
-0.376683876350275
-0.188684731865071
-0.463144965559583
-0.264332678151689
-0.277258498735983
-0.235827714867924
-0.22075963883709
-0.127882124885117
-0.258628535836995
-0.291434935251383
-0.177917703576511
-0.158776318600285
-0.220212214353316
-0.125328922574027
-0.205856865039989
-0.209108936787756
-0.0368574738668875
-0.300988640794856
-0.197695116207777
-0.154633909173089
-0.230277152693555
-0.0610379911697672
-0.216049647285561
-0.283552783617517
-0.187119710395714
-0.210137895987696
-0.35235998661266
-0.201807929032464
-0.234683698262299
-0.236482689830475
-0.134262708784395
-0.203250770759919
-0.176027147196147
-0.130375339032728
-0.196591798417563
-0.166897227120989
-0.126214661085195
-0.138754129661287
-0.220813783060521
-0.236372366420288
-0.125674400523477
-0.0476715783301299
-0.0445959501085277
-0.0818553016690164
-0.245815350533506
-0.2633416996718
-0.0849813307970478
-0.16394075188792
-0.241385060907921
-0.115994366175571
-0.00247308854653249
-0.289696051878383
-0.20138901271539
-0.152226709202823
-0.177915303088896
-0.156073045199971
-0.331180813805254
0.0314561917674709
-0.0558794503804453
-0.0736032581459924
-0.0529643131002576
-0.165475027981721
-0.182579832493022
-0.23403376532372
-0.040709558263456
0.0483070884547631
-0.0232266217878411
-0.162321011382313
-0.223903853340916
-0.0171151270905617
-0.102321699969998
-0.0383417345644057
-0.0962084011926169
-0.236139522507206
-0.138272748179303
-0.115581037878
-0.144768592896334
0.0112806816425381
-0.138807156468947
-0.109411435166976
-0.137406887987682
-0.00860567186474852
-0.0163512289595944
-0.152353868276959
-0.0815740700025632
-0.0104183206445733
-0.154377279043744
0.00324686407337146
0.0381856699827985
-0.108512361633988
-0.0881233794264956
-0.0145089386319958
-0.048273399857311
-0.205630707108042
0.0147414583026575
-0.0483913858380964
-0.101326707644825
0.118754431216054
0.0171074352622385
-0.108082984048963
0.020701385687452
0.131932813644682
-0.180236332682301
-0.0101106884087335
-0.0833295555355075
-0.0721610453956122
0.0497860084882212
-0.164809627244663
-0.180053071356686
0.00683641713960513
-0.145228796936051
-0.0428788438602556
-0.0458483457096173
-0.163570505618142
-0.0815883148029032
-0.0562645521734111
-0.0647589852099553
-0.0104491721250316
0.0660274998570989
0.0278845269572375
-0.0235393352388247
0.12033825303269
-0.0767966365322598
-0.071310096663711
-0.00847644710068055
0.0560476863360074
0.0172760579483355
-0.0975742086457866
-0.0119559745575239
0.088127852769474
0.117184702666454
0.0648750426687508
0.103230667503711
-0.0132350233409566
-0.0125919632223743
-0.0726208162947296
0.0643572850115545
-0.0315099185456808
-0.0565610183785492
0.261837889151225
0.156064783134691
0.117913953707798
-0.00622580690462506
0.0292879279865493
0.17306908383613
0.0483266832483204
0.0166646359919963
-0.0308515971898057
0.0726536196964525
0.231539335922164
0.18442931139819
0.0121008280797903
0.0793250247846291
0.0640303212812502
0.139712387070665
0.0930924708186295
0.028884567999733
0.194748701356575
0.00360520398137283
-0.0270899080945476
0.104629907712696
0.0744106563922554
-0.107898348559071
0.00964837318330245
0.19791813976477
0.115165673456493
0.159930141327321
0.0965566924680322
0.210995553545026
0.20992102953254
0.146614010592273
0.0650764940911233
0.00823933389411044
0.136295194662083
0.0410472264425085
0.103798664791566
0.155986053278341
0.125941365643602
0.11233154996987
0.158906959772093
0.0575528964505913
0.086197811806402
0.22721922823334
0.220283717884536
0.216875387785001
0.137262930161824
0.155335849568271
0.212451561356522
0.332454145793946
0.237302396777405
0.274046741178075
0.1639027502897
0.169486735247165
0.146039639503762
0.16771513626379
0.112054188649668
0.175145947350347
0.115029505723445
0.17114583123124
0.117458049960252
0.207039804751276
0.0884995510296742
0.250134029464808
0.0251523982381156
0.360561107312217
0.102822466705214
0.243985589044289
0.156646900485428
0.237582730347534
0.267462805436449
0.148250683506935
0.148993040796822
0.285411225388347
0.257678341236868
0.101300811561354
0.229065106343652
0.144902582685879
0.260130520817453
0.296267407043901
0.267124925064395
0.310212710090234
0.266136139590504
0.118911086439912
0.237546905649148
0.313539111806271
0.234697329940822
0.425722985020884
0.182851417984143
0.157493248594538
0.179590502181442
0.205032591002682
0.135737902742915
0.384605596727293
0.24083552418991
0.26867714651239
0.180113498519652
0.316195124091238
0.271618148817328
0.135433759312726
0.18371626975402
0.343313621636474
0.206819909355596
0.216209878733386
0.162715750479349
0.384364305546658
0.392966214456705
0.338541609131062
0.399125700422039
0.247532085489763
0.191042489827678
0.303085300626495
0.458620778011389
0.179503054832246
0.212820020955893
0.247311968102738
0.240807049189243
0.152972647405074
0.226782383175116
0.267198089904535
0.274233079191333
0.353100611308894
0.202015005808787
0.289784525155243
0.275053884694693
0.265507344709885
0.372613863482045
0.447669403922054
0.252558040028511
0.419478729280349
0.270093587559094
0.425709447316708
0.236940224508
0.41539762663807
0.304988988033193
0.354307209594448
0.122850948225972
0.444253764506152
0.349172219275409
0.335689905403501
0.355163128088682
0.245527220996194
0.249631906811209
0.282854672609066
0.306306828347107
0.371602600451633
0.186698001042295
0.287961906644995
0.256958173165729
0.349002775999513
0.293387072983373
0.210378839470429
0.33546909266979
0.484370127745118
0.307952295462456
0.365453615450889
0.325688375721949
0.279271295598242
0.384139143571561
0.432064730162925
0.507234394459873
0.274594709730507
0.448362914901672
0.456900577083515
0.378731841509405
0.405517534474113
0.421145945843923
0.452865116138868
0.367139608620618
0.442501552880042
0.491589796987196
0.465399211867355
0.310710962584445
0.454741421250911
0.536294216943204
0.423122895634857
0.368180447567869
0.393586521714874
0.461603991069757
0.619920313829386
0.458120734220547
0.502138291572464
0.348235607688387
0.211842783264127
0.368895457037625
0.363083567095615
0.472630037630734
0.335363604853656
0.435950746149181
0.255488568786909
0.439106060412328
0.410751215445549
0.401763280340346
0.543231710720202
0.457876670375368
0.643298360339796
0.568325456151506
0.474540991582018
0.597749907053496
0.606449695845042
0.430725475027751
0.614672236274011
0.431447841588626
0.430717595492686
0.48739976274397
0.359105338341495
0.425466801263573
0.560330385756201
0.670853494615519
0.707981658690845
0.371717679714118
0.479398026438687
0.410201658219656
0.58783216132635
0.468378726527873
0.487668475535676
0.411947224221353
0.320881020338619
0.443957002003248
0.440579532508976
0.488702880736861
0.564419827353154
0.537970436488455
0.511967127114166
0.41882978548375
0.633254349506135
0.446040677805313
0.454264661313055
0.411833699379859
0.512332030270936
0.453700899169599
0.326071669049127
0.587437255586352
0.52076360976528
0.504817026344087
0.580376548260824
0.527260954708737
0.46523212954366
0.416856482527132
0.517458170477626
0.672423213819821
0.601932012379675
0.445190607855096
0.428990830576353
0.607852619165079
0.499088080730974
0.60332566522889
0.552167627539289
0.489947338112295
0.604676872413549
0.602413720807964
0.547865348644719
0.531561085791921
0.690177313086462
0.481633449345991
0.486237621437412
0.582258190919151
0.618336720577548
0.497409665389533
0.577216286568276
0.582115694591128
0.311596981287353
0.650257781898085
0.479261666194416
0.354222490376232
0.769796931456506
0.637036401356674
0.597426617701157
0.518795736542436
0.483611416276622
0.642090821730778
0.530962979343595
0.638278029990121
0.641633922476952
0.643203545471776
0.628946628408333
0.672006184768214
0.656356824858856
0.619004579608999
0.650201767695279
0.572585592342494
0.661644531711695
0.767409954935769
0.534107222427113
0.482605993011932
0.522691513058612
0.75724907218339
0.657478584886307
0.699518193541162
0.481958798270626
0.615014358069004
0.543500984519775
0.642569475133509
0.536836650766681
0.592967076263956
0.631245671080891
0.742514529961455
0.631647209526894
0.714975311493867
0.638196798607198
0.627810565670795
0.585392316547594
0.546253266803169
0.723548228973755
0.865319511846106
0.716485777727772
0.76203386661596
0.622423225769214
0.751338313205332
0.777377171045902
0.561503140674994
0.689867632855702
0.610364012139616
0.605365498435527
0.648090839749389
0.745949757970183
0.602114981040024
0.625233502938765
0.673850244563361
0.562072579382678
0.620379527738591
0.757069264192954
0.533258708280366
0.836298115136247
0.645853308936918
0.70870071996317
0.579596681415205
0.788386429164838
0.660670500693223
0.737564704619178
0.810490032312834
0.687100924806814
0.790198525514883
0.704888115195305
0.681235345490383
0.772272918264566
0.84017920323395
0.881614372760585
0.623694603901779
0.665516516182177
0.812127732353122
0.85578986440804
0.71981770582442
0.653318682878439
0.656550599022014
0.740856381935136
0.717952715521141
0.661685475627833
0.695451498883203
0.700387581504361
0.804007311560728
0.700418677943726
0.733250757711393
0.807768936926445
0.868076206635395
0.740268226952949
0.749231771721308
0.692884766701442
0.712034239497416
0.628964940999559
0.736935834019061
0.605133758682089
0.76321900257449
0.666194805211004
0.87970990979889
0.920105933828534
0.794448624474548
0.881034242158149
0.78037204353536
0.832029365604352
0.778766955521687
0.682253422165634
0.709700310760556
0.71413650566188
0.726491740421955
0.688952102408591
0.677610756713794
0.650540704233933
0.797135359043305
0.693216502351051
0.785431886339016
0.728927614797953
0.762055877182928
0.737049581232705
0.744221667852157
0.816578020757069
0.861230826411279
0.824448105114772
0.784455232332518
0.728825198242489
0.878545852717646
0.913432006553006
0.994126731408775
0.820236299868747
0.828652175221939
0.866097895224888
0.74480161695672
0.92444835016354
0.787503571936355
0.834888091404885
0.909500671342994
0.949736458569755
1.02431083417339
0.822251981311621
0.814884853950344
0.80230981752352
0.728151899993796
0.783195155273786
0.896258917268609
0.916712290844397
0.893347750198205
0.999986939719486
0.75611789039856
0.911055661442252
0.895797563651626
0.732583782461166
0.767401484996365
0.89331855010227
0.811472360875083
0.898864975962309
0.960917079268682
0.920655303291188
0.946260501996786
0.879551751393508
0.891746801579244
0.88322143609169
0.930981280014762
0.865450362732508
0.957634303838485
0.877317196126272
0.910833068904529
0.972551432150318
0.796431456282693
0.970698156672385
0.914560759498202
0.727439934358278
0.733529190348915
0.912635274815284
0.840972195007796
0.893953701852703
0.834929358232361
0.935140086706331
0.935331719189268
0.969527220710047
0.911316423919375
0.943712651845038
0.922520835017715
0.820954909025034
1.07705514029372
0.962972386178367
0.965137290029507
1.06927271394541
0.897746058375541
0.893300230568785
0.958499571111557
0.987900854011314
0.988234932814691
0.867826732625382
0.974224038885309
1.02643792090035
1.06099814025114
1.02447105008731
1.17196780667256
1.07712830302632
0.955655740797862
1.05537664937603
0.893749651262102
0.959566267515317
0.992181140330544
1.06040962868081
0.956973677347394
1.18270206953554
0.920048003020732
0.981724556409381
1.02790581890004
1.10539953419249
