-0.860528271070325
-0.949959434548216
-1.04003665781488
-0.941078778856458
-0.809582260651162
-1.01629771232268
-0.924558581717508
-0.988878929137205
-0.973380202347773
-1.16813183989961
-1.03754304098361
-1.12768667731616
-1.07267969704033
-0.953476400535656
-0.870382129246891
-1.01620348089969
-0.94526115314266
-0.894333405514942
-0.932453927701816
-0.836442729130162
-0.843213757017232
-0.977813227905005
-0.895639255908612
-0.891042223051613
-0.932584435342249
-1.0553185825112
-0.968504238641
-0.874075156829748
-1.03401263036695
-0.911923765476794
-0.883929674632507
-0.88495942870482
-0.888332965387254
-1.00702962871879
-0.796177579301027
-0.934116341958602
-0.832792318408177
-0.930819853379979
-1.07120248902547
-0.816838276638287
-0.729655821481124
-0.775199997757735
-0.88871109708582
-0.933696024479062
-0.960139892993466
-0.864599332600905
-0.871930443240793
-0.902279070334548
-0.809358787942193
-0.950792913638507
-0.978036885874926
-0.937695637573218
-0.882415883589798
-0.900791444776824
-0.836996547959801
-0.94602583928137
-1.06465631544228
-0.943110666598203
-1.08373964794134
-1.00463229465997
-0.798718069558213
-0.869617917509979
-0.893855983076679
-0.894846217377265
-0.730827976332017
-0.939503509856768
-0.825444234576201
-0.838450953591077
-0.786261212307948
-0.913972379624388
-0.758034090810013
-0.823860159917324
-0.748223261565552
-0.867645996687851
-0.811477428774982
-0.820622194960754
-0.997373886044443
-0.876396281794667
-0.844996145416421
-0.817799055442624
-0.802753161916861
-0.758808653620363
-0.913101858974278
-0.734779888337173
-0.870289121762266
-0.947772460651029
-0.744617851376571
-0.850588942037479
-0.775250762433311
-0.831812705012997
-0.902656218341399
-0.616792070726136
-0.778288538320283
-1.04721586103008
-0.842924183839841
-0.62881351168747
-0.81026672058387
-0.95322960800642
-0.768993319754748
-0.780698937444117
-0.744874738248908
-0.731873975430807
-0.819526500496084
-0.86740063168638
-0.657619729787649
-0.764660436471465
-0.815295045356805
-0.845794904722712
-0.804059423284161
-0.875319898772574
-0.738968917577235
-0.749030563240554
-0.74268154856573
-0.685355672277166
-0.843604824242197
-0.736769658618102
-0.757047863750042
-0.819607165673198
-0.735955581690921
-0.831048874303534
-0.943893108659911
-0.741693353959457
-0.663636798556555
-0.618777908896932
-0.5760579437636
-0.664796285933564
-0.80140724653233
-0.750681142559577
-0.829124400712238
-0.609512599534465
-0.63885417649214
-0.719764916980033
-0.745447913396584
-0.770078653758441
-0.79937249893599
-0.784855451521755
-0.727018787780574
-0.574457028269798
-0.706447581453079
-0.613120585384379
-0.692788915193553
-0.771281241014981
-0.662111062643399
-0.883934893430163
-0.737701104605839
-0.597161570181539
-0.619305678493848
-0.68905961497368
-0.742474633396597
-0.547467983881721
-0.630937966384803
-0.716124320837666
-0.638914189341699
-0.668963755938087
-0.647072626147888
-0.747632019088135
-0.672519256899508
-0.847982295409567
-0.706719338217196
-0.85978432617087
-0.656988571211079
-0.582320887670782
-0.681017924332541
-0.763721289350584
-0.779272456692529
-0.747246741206855
-0.727853430104412
-0.696226858685541
-0.593068689882828
-0.660473757582324
-0.764163620029417
-0.71756549201499
-0.622139687140623
-0.654556027828978
-0.561361095875182
-0.461210467041972
-0.62708222958332
-0.646234514009387
-0.588029351536964
-0.664300636027545
-0.850652383740977
-0.684672065929871
-0.697803783814837
-0.808815937584248
-0.684940320721169
-0.712624227565278
-0.617458719359054
-0.67325963804812
-0.644259715807242
-0.52901269997886
-0.664454060624549
-0.627580256578582
-0.605166288135646
-0.698237884480945
-0.611768000721036
-0.589241940247252
-0.430736728462201
-0.670525418500027
-0.663830413800002
-0.639842859530574
-0.537037511359034
-0.527952916795815
-0.448525384937044
-0.573899513978971
-0.56063689012635
-0.424828995722404
-0.523512080086878
-0.514796522175601
-0.488041637885836
-0.560725175132755
-0.560568551521522
-0.460602354039155
-0.606387599084829
-0.493011764978998
-0.433284580072283
-0.552679797843287
-0.579809701753494
-0.414075593792421
-0.749603064562764
-0.430939012923905
-0.508870257684779
-0.42065854285012
-0.642879959715009
-0.634152919820208
-0.592761220000415
-0.6131730663661
-0.568456181103464
-0.529768811754568
-0.457642471006629
-0.536048516604911
-0.526618712169758
-0.615740127583841
-0.439500076183193
-0.484705062235924
-0.545926672607461
-0.508962126225517
-0.560990276969984
-0.509975241006996
-0.62956809978344
-0.493502674251598
-0.51624985520173
-0.658705281416525
-0.423454992757446
-0.666509633672628
-0.58541024703354
-0.577918338157009
-0.448917777104565
-0.50516882987369
-0.444616296176564
-0.539778450492473
-0.306151074898412
-0.46237970300099
-0.407840470334487
-0.496719046427296
-0.508066977943608
-0.501489200471719
-0.537451237613014
-0.618545919022138
-0.516274797578711
-0.479197303783612
-0.558353490630997
-0.504834804931173
-0.366249893629285
-0.51519258941196
-0.542252583064619
-0.338146003415864
-0.449963189195442
-0.402840239120429
-0.55181510461519
-0.42266946117548
-0.414639400494574
-0.536764633565211
-0.578521187057048
-0.579248948383124
-0.420201706856422
-0.397568480752571
-0.329648652143925
-0.377622509691116
-0.58980901266385
-0.341706786281758
-0.474246749032154
-0.599832406269383
-0.429635466975955
-0.459394724900706
-0.475520224834935
-0.444170360459471
-0.423037783352439
-0.455562250359027
-0.414733040224338
-0.465023381033534
-0.53357932071025
-0.433523188321807
-0.340399693960765
-0.396388374018388
-0.469250448136688
-0.303222761184436
-0.210284038483285
-0.360026842379324
-0.323308563128179
-0.490811956975766
-0.516176971232661
-0.288014952464265
-0.374436999533318
-0.401566440318447
-0.313570306327391
-0.269978203134489
-0.298284903837509
-0.38035697476137
-0.344972935314528
-0.286203777443987
-0.401613506621905
-0.237746442442992
-0.478069963302517
-0.252527689898928
-0.340139429446741
-0.446365534774851
-0.365701829081609
-0.484932241771561
-0.264242126894976
-0.292310924197096
-0.364817123042171
-0.349127338694398
-0.400763838742043
-0.280439512223977
-0.380263769695817
-0.230641838698372
-0.319465698856445
-0.332775617890745
-0.399467897432503
-0.376670704112346
-0.376046784452554
-0.288285502701646
-0.20310424977364
-0.387741021264719
-0.451405218672806
-0.192411508144118
-0.27310040514738
-0.349606751271866
-0.316652862446575
-0.24942366829192
-0.335198791398066
-0.272188181819124
-0.241902879560109
-0.315687568652196
-0.413927495802347
-0.271158733537942
-0.279964303248282
-0.249790950315044
-0.26253767133957
-0.367559601188782
-0.287725994715494
-0.343758911349847
-0.327481698112514
-0.219123487550248
-0.428753230964812
-0.201756357303861
-0.157010208015061
-0.299102484815945
-0.249039208486659
-0.346087922690364
-0.277169169005876
-0.337166703864677
-0.273730084344604
-0.156594952326825
-0.310897630731052
-0.485356017038359
-0.412399773292041
-0.288624825064367
-0.180637620825951
-0.323727167251215
-0.150446692262455
-0.275573283194021
-0.39052066082103
-0.288946213608751
-0.249311888094952
-0.368416785296918
-0.181001870716412
-0.342566977121877
-0.270557398527734
-0.367223896793392
-0.236633155720644
-0.279111143930515
-0.327616208327945
-0.292443031233415
-0.0963276725847847
-0.210848450038869
-0.276530056398857
-0.200416797659249
-0.301521295571434
-0.23299338771501
-0.240342358261785
-0.155240650064186
-0.107889754246901
-0.120068057197748
-0.253163150768522
-0.315109435709526
-0.295824362705953
-0.235185518666541
-0.148301079751144
-0.205216138117172
-0.138856707843636
-0.276457523454875
-0.136774814665039
-0.131003225371114
-0.205651389372528
-0.115134804158335
-0.100400546476306
-0.206769605221176
-0.344767683953283
-0.121927146710045
-0.0772006145799712
-0.113726632673769
-0.23946865348117
-0.311041013614383
-0.067755334936746
-0.116947533484488
-0.22173715294604
-0.0151899244349998
-0.331002555081277
-0.106421171983055
-0.0264352253426536
-0.215497532067875
-0.150663637720995
-0.0892129619664431
-0.216132747975693
-0.133183805193176
-0.107152899139955
-0.18491628177738
0.0518234444478397
-0.196856543381253
-0.205655183769394
-0.0290109879354509
-0.196788796058505
-0.186362575946686
-0.185820711417092
-0.0826821019987833
-0.0669432965303431
-0.1508111165157
-0.188486775683411
-0.126999076021652
-0.16663104907835
-0.0795736764759913
-0.101418806108105
0.0303215736336723
0.0343811497468641
-0.219030673084367
-0.0489680606147137
-0.187904870376651
-0.197149270351247
-0.0695426092692139
-0.281906965305293
-0.0709990710473249
-0.0263468272756631
-0.182950787565826
-0.159140175698917
-0.0208435872100896
-0.0154775599374551
-0.112950156472073
-0.064031553276117
-0.143082840925069
0.00387023168032221
-0.018299654065166
-0.0886333933215483
-0.0557680356685401
-0.169542610195471
-0.0814554672591359
-0.0584074386430375
-0.0763241608533318
0.149201460452864
-0.0813184718745156
-0.0602248710612775
-0.102881216221123
-0.114738773328735
-0.0301706849431508
0.0021919382364739
-0.113788372180489
-0.0629747003188136
0.0422809960017159
-0.114548732081189
-0.0359332090139346
-0.121463840879699
-0.0511112947520964
-0.002165794201079
-0.204139373757519
-0.0794008018651011
-0.086433711731747
0.0144691496029543
0.0568658861075447
0.00274075572374528
-0.098163650616798
-0.0526560528185145
0.142236625826995
0.0269360427043897
-0.0839593152031851
-0.000356057417401459
-0.0272216316790292
-0.0998570406790639
-0.0359243263941144
-0.141969483363261
-0.0872411386019211
0.0667513017542834
-0.0425750571718925
0.0358341307991664
-0.0341636301277892
-0.00140651932051692
-0.0211284538907922
0.161330179857154
0.0613507338787991
-0.0742280816820591
0.102364030703392
0.122243824397167
0.100126225689695
0.0663605220219612
-0.0273200937938678
0.231120738787379
0.0269905100477689
0.000578512702844315
0.0223708133443268
0.102415255450114
0.129848121675064
-0.12722659939692
0.0768800378873768
0.0247317180310658
0.0437462135031847
0.0576509128004544
0.0148703329763603
-0.0454268672318784
0.0883875088551376
0.109891512031585
0.105127441201855
0.0320071296597692
0.166118403095726
0.162337230102845
-0.0552218447108494
-0.0320468852185871
0.058067734560319
0.280892267026655
0.0854748919119946
0.00217864435934809
0.0314434328593563
0.126349293329997
0.135614576471349
0.122004503732454
0.0231615890797266
0.0782230574967692
-0.0127450631663557
-0.0407624144078248
-0.0512658466860827
0.0228836886819181
-4.73670061800105e-05
0.115578810586576
0.14037453980677
0.136601585002665
0.199780295696772
0.201437407982789
0.132870000396925
0.119331498270228
0.167414484583768
0.357409867660394
0.0717118987062704
0.130176385156145
0.194501678171516
0.285618775113713
0.107537720907785
0.27371283031214
0.111166747981115
0.159958078153739
0.258029544741558
0.100660963355939
-0.0211031947809542
0.214585463821466
0.247551282328093
0.200506154621353
0.0595822751669845
0.198188808742151
0.120847107827079
-0.00231947229236809
0.078803388043374
0.196194090777741
0.0843712681597593
0.0592875859669807
0.189171205335716
0.0944873996705781
0.302845393641546
0.11914657417148
0.0519876665854711
0.104520828176008
0.130368679373885
0.0744306795259528
0.307966122464144
0.0496742520420504
0.185479080132229
0.200892813582508
0.171904149917002
0.274085358189054
0.33818816258216
0.177711480120382
0.119485325529334
0.204931086073383
0.162029543824827
0.326873490023531
0.169841744244937
0.277499013716701
0.197039479083992
0.133890498880685
0.158697945436462
0.226436707144997
0.243377347115059
0.0303817020994479
0.257936240423183
0.221635312592319
0.182506982229103
0.0529037339419955
0.144172913898851
0.143851706583471
0.11456553393888
-0.043259287787227
0.430024946715977
0.0895202375430866
0.257103432788059
0.30006910662686
0.29574211093155
0.189712670720329
0.228666256749274
0.275543405193782
0.208989109306075
0.270709509905987
0.149660634631986
0.27804065869915
0.263291292092291
0.238879630802662
0.201210393815739
0.309466807263272
0.233606645771266
0.250151690701285
0.136093080913144
0.273086425314458
0.199720522460744
0.269971711675267
0.321362601715033
0.245912098666526
0.315810748080669
0.116102688745819
0.349048271393348
0.354263812558289
0.343896599764456
0.259662693793713
0.303947048813907
0.436056584218719
0.271256551295964
0.270244787414094
0.425414327657349
0.285505244180019
0.308977111708096
0.362196832609169
0.336670481740163
0.36979236483088
0.246230342953358
0.401105763916967
0.187808711676244
0.437517549482336
0.488506901647106
0.382830904161193
0.421032878687604
0.432420813681891
0.41273668205302
0.398109693087556
0.351632073795755
0.370457707320788
0.270876934315005
0.448156277059829
0.293662156416046
0.303893119776437
0.13069303487418
0.312802254805224
0.251139583280655
0.309070590964397
0.347499478296498
0.379982100075339
0.370083268717708
0.347791246931955
0.316477763760898
0.343319541763999
0.374931545077013
0.430099649759248
0.464127532877063
0.0988651959545684
0.233153706292152
0.410466914276482
0.535550645298261
0.458770012615777
0.374341904602722
0.28900192329775
0.284548411432431
0.229020315150811
0.471931682486267
0.350304142770529
0.57873248094805
0.45902952337306
0.325336770191577
0.475090256356509
0.380240933126641
0.385874498229818
0.375510065575975
0.427816582961602
0.249481568583445
0.336870757541843
0.414775415742879
0.432374037461589
0.463934202748502
0.461199185821484
0.400276158669953
0.535693060458962
0.383503147289722
0.375631182188732
0.51420616348029
0.461486439083809
0.564759480411064
0.551611333437825
0.362005415901877
0.58501142676699
0.355071875889374
0.649365058780979
0.511162682434058
0.542452825217536
0.421503427634356
0.449451790835141
0.404229241140845
0.396685234057213
0.609101041208267
0.470865027656391
0.31753698050102
0.352259763340838
0.32105524680511
0.382837330027664
0.454770999585179
0.489164543799216
0.43162393679783
0.495367107328849
0.367611442950032
0.557530862575776
0.491019401198124
0.507529813621912
0.354261456731969
0.373632759477693
0.529299295310925
0.515013311760992
0.438019761623034
0.401863829660661
0.44621411416923
0.523804762497535
0.519685078682836
0.536018757812003
0.390068182136917
0.477790778689223
0.532063458309798
0.554518572900798
0.492547347302925
0.531939398930152
0.627679952649875
0.406341179645747
0.590892826819374
0.57105662469263
0.448217968859373
0.556720367587376
0.692711106970382
0.453080301811357
0.507130358624427
0.413413860102013
0.536898503136075
0.539850094108555
0.647617651656152
0.503027465833156
0.662111391080413
0.51986323287305
0.416238418142979
0.533308184001061
0.544611151985481
0.574019407355606
0.536613534594393
0.548791346438869
0.636440365402297
0.539608634616741
0.532744446296891
0.553903842015308
0.657190584177591
0.61472577031482
0.572259973653756
0.608600112951806
0.585051869010078
0.586480111421778
0.555677969516722
0.544417090962256
0.58744224705448
0.704515341638028
0.538914128155709
0.684879760458576
0.502901517680192
0.574955904493338
0.50929256456644
0.662690282096915
0.628508202648865
0.440850853193227
0.743392983542087
0.783236336773986
0.763282786574672
0.623475238377864
0.566874345092405
0.700050352979775
0.695308754822286
0.479727221878397
0.651568695023005
0.616084676814369
0.685213478128492
0.682622939124603
0.503470678961546
0.646264585224168
0.546976110032341
0.597754658266625
0.725120182088913
0.659736390626572
0.753199752176544
0.532501347209368
0.573582493618602
0.687866540259317
0.546357841451289
0.648795115406145
0.723023425443424
0.665512225539644
0.60642649302261
0.753885451863523
0.785601121838064
0.742303333548117
0.659402646696444
0.715265041060044
0.73730164329227
0.523409538039498
0.812287879195402
0.645748674986303
0.813124884793952
0.650997493281524
0.796370450144075
0.632929955993347
0.663817123580333
0.655938650751065
0.651081537458859
0.673791124302873
0.662990289537532
0.81424218861938
0.697994822968024
0.629275215254992
0.667010473314574
0.747986946689534
0.619771823752216
0.625007252525243
0.880509731067962
0.652876481530358
0.688439610761424
0.757213866897395
0.837496954845466
0.578087044423251
0.614112357579759
0.557912609231209
0.858968336220038
0.596736540982278
0.718550969358397
0.643587697834617
0.76161474683823
0.773455070923976
0.863821938344243
0.647475462550214
0.683631203526548
0.727769758906152
0.864918265617677
0.772724801058257
0.706203893596848
0.752531324794044
0.810023854341937
0.657654858219452
0.660200525246645
0.801002149511308
0.752363070306571
0.747068471913187
0.733174117909689
0.792839760660142
0.847913777437242
0.819151749416306
0.647425717354905
0.664037769654747
0.710296937827681
0.660373308326964
0.735769455357366
0.846399877328798
0.686085073820752
0.956847818019113
0.72974560711987
0.69169234155653
0.849661562614706
0.775669850199626
0.744804417814916
0.8473806210322
0.718950513825479
0.910081129736022
0.851791540548762
0.717660841659736
0.799192480466319
0.867142221509337
0.73846628497151
0.958144382594331
0.803187860938254
0.944628665034312
0.818615806859282
0.780108819261887
0.793146104585586
0.672595653734426
0.79760912022421
0.780590245637647
0.808702147826647
0.752041411857026
0.904138892807666
0.999081614688259
0.899440011432762
0.800509649467146
0.899041675805638
0.82205650470676
0.796334420339261
0.754439215062448
0.777432029619834
1.04858814974162
0.86141472587435
0.731871452083503
0.931744907940354
0.893937044713741
0.904942652584943
0.842290551417921
0.937286704116247
0.873260273940831
0.868783799041726
0.822527557789796
0.745726309740709
0.921049751542885
0.937024147245054
0.993762022665837
0.983059917092584
0.865900558830985
0.828110046636595
1.00032016310898
0.862996696314405
0.901296383865772
0.811283749727023
0.893112903254999
0.68902719419397
0.806922526653299
0.949146287515175
0.81961342373556
0.919906686826358
0.794091128837973
0.934616055783736
0.983350577935191
0.929801319228325
0.919631146754284
1.01021359310343
0.912400772622746
0.80370182733988
1.00304713286793
1.06198080408494
1.01702807842814
0.820497564517537
1.01332907720245
0.987334836351083
0.813560148572634
0.810885588005895
1.0465903567644
0.915745940388747
0.947252638305177
0.974297088417498
1.05166504318701
0.894026033030731
1.12056875052336
0.815908940067138
0.963688375531211
1.02003772803109
0.953983044445448
1.13642527147461
0.861508356394925
0.937080566739178
1.03797511665562
1.01220039724787
0.905431926545621
0.993964249556474
0.949520330836904
0.957084757248369
0.996631716621427
0.870679518837974
0.886563396300513
1.05141197867787
0.940245654195546
0.945032654896482
1.09291904836675
1.01521531155267
