-0.954647893153126
-1.01902528061921
-0.979747593694472
-1.03023374993964
-1.07910181259256
-1.09671720658473
-0.928986755432478
-0.899519893068974
-1.1173157271388
-0.801579618175768
-0.993065963637203
-1.01953738935643
-1.04052592624085
-1.01458600506837
-0.908740144247726
-0.906402596914289
-0.924101010830761
-1.03915926780779
-0.984497898810527
-0.939957442133175
-0.785014785975448
-0.969566264826788
-1.06822875632544
-0.919727309416515
-0.878550868289698
-0.883141839313374
-0.975652076623716
-0.973677250394054
-0.843183697308698
-0.875659112012366
-0.965946819016599
-1.07933489797045
-0.980344256925035
-0.986563198988656
-0.848349315969888
-0.845421339713922
-0.951709016330952
-0.777362809714298
-0.95960541832533
-0.883403304126084
-0.769080208554384
-0.851030005491849
-1.04846926183295
-0.957678925822281
-0.909668157200373
-0.86266011556
-0.955861265650874
-0.885917147060632
-0.946580758955241
-0.797439196384826
-0.943668319956185
-0.985722322711398
-0.932706844911963
-0.879796447608715
-0.9292866986091
-0.881070927321548
-0.837235580820459
-0.846436233688982
-0.950490898961481
-1.03388925316348
-0.846432090688222
-0.997679699307429
-0.795296400401406
-0.758647244111492
-0.790813546474421
-0.821167476404858
-1.00025044110029
-0.847200689632284
-0.839698972191555
-0.784981689898129
-0.874922218429273
-0.922011161399511
-0.973609984133054
-1.18258306991972
-0.846746857083475
-0.844248326980541
-0.890734249443687
-0.967864379819659
-0.762353304024232
-0.820474143604669
-0.77357461584194
-0.879606891545679
-0.939674335493234
-0.869426489285887
-0.636903578159621
-0.787003631353437
-0.909549401649981
-0.837092881951431
-0.893998207766632
-0.949632979946335
-0.912637438410726
-0.752949967808977
-0.879428207739627
-0.720472927057407
-0.803457831002951
-0.779677377674465
-0.837898795359399
-0.731186782840649
-0.769384662833601
-0.744459740753319
-0.683545838370574
-0.729011990206764
-0.914342637889678
-0.846412301472185
-0.891757580827944
-0.610762219100025
-0.755331984351069
-0.734916033913381
-0.844888253962933
-0.646901375351371
-0.596692037696877
-0.693348654176819
-0.738056446918199
-0.968332930699156
-0.888718936974061
-0.904920665808723
-0.759854243776982
-0.762382703700795
-0.854995743345606
-0.747431934974966
-0.671139281150599
-0.917446512497344
-0.673385934623879
-0.82210515462408
-0.780644335175295
-0.708170584622108
-0.808993945867198
-0.621275688157493
-0.784659045567567
-0.744410127220796
-0.769737544282489
-0.779985926962512
-0.867391284651515
-0.693495671787386
-0.664741334400669
-0.734548930873104
-0.710523645304302
-0.709902066748473
-0.7520188917833
-0.750638113017482
-0.785116509642198
-0.637678584622501
-0.716856368985018
-0.683637088181485
-0.665338988815647
-0.583965817325688
-0.732269061782636
-0.668885462816543
-0.767150100375539
-0.575293176146725
-0.718330547807407
-0.773921971980291
-0.598743194354194
-0.789017580618976
-0.610559655735636
-0.635552568583693
-0.868459465006945
-0.612157396502735
-0.710729335022428
-0.578164835467998
-0.660586159166142
-0.690433079575942
-0.579564329894823
-0.72842218630005
-0.577016873476362
-0.681457923891055
-0.699837008856734
-0.628434423944814
-0.691972532107421
-0.615329774603717
-0.71806932786256
-0.657772717834396
-0.599791696861202
-0.698094570443383
-0.595244368376913
-0.516025187363749
-0.651574656202167
-0.740956349346657
-0.794008217554105
-0.693383572053957
-0.669884712709422
-0.552861258510139
-0.545090835915652
-0.540711723444636
-0.630531520524796
-0.596825750450651
-0.664476153074007
-0.543275475645933
-0.599658273171518
-0.764182458128695
-0.564815429372679
-0.591453645847517
-0.635432352213384
-0.625945125137088
-0.438006393215309
-0.771916529210939
-0.585281526650703
-0.58730663813116
-0.737362077264997
-0.565236899307166
-0.487065995961019
-0.676557730192753
-0.451659021950142
-0.686149024532704
-0.543898723633503
-0.61478209060172
-0.415578822762809
-0.600775733041475
-0.614416382318533
-0.618741626710701
-0.606137651835966
-0.703354093786726
-0.541492954711285
-0.548175159144094
-0.594547216105161
-0.533399202635046
-0.606649409427325
-0.544382615753646
-0.573130979915981
-0.575496992315183
-0.759773946618915
-0.65149382977029
-0.573529060785745
-0.497703828969838
-0.589672511687296
-0.605623584468297
-0.49847032920595
-0.557720041013216
-0.620018460487499
-0.607930602674504
-0.505674833605041
-0.533697270995906
-0.616621424052719
-0.626784997734632
-0.544326734630412
-0.54813387441066
-0.463969632659386
-0.619080495963199
-0.399419456459989
-0.491378783594609
-0.535150158854564
-0.544996268009132
-0.556944494802478
-0.541932532312445
-0.572531805513341
-0.57110251819841
-0.507242398640727
-0.621544137088775
-0.540630480310989
-0.474359979261218
-0.451066444458014
-0.517074586663131
-0.432674431917566
-0.441763767763848
-0.420394461099314
-0.455195702285675
-0.528081213054716
-0.449361303253962
-0.494800450296725
-0.588397811651819
-0.441107480302359
-0.539257075613767
-0.518683294539553
-0.539499152328311
-0.402745881473863
-0.233070511446713
-0.400927951095501
-0.444317927081528
-0.562059944163104
-0.450986554302025
-0.641385600645959
-0.464450389397425
-0.465029647938434
-0.436399306474941
-0.399198732769789
-0.399153772075762
-0.610217644907625
-0.453578689012503
-0.411745916846595
-0.362775021012021
-0.478329219946347
-0.362641417361364
-0.487991849332701
-0.654271824631651
-0.335393206573602
-0.524784585288968
-0.449326227998588
-0.435330351177989
-0.384466770442648
-0.433386047914988
-0.43946028339738
-0.272116908438199
-0.467893512602263
-0.356382750846496
-0.430031048727862
-0.299518633750756
-0.288133783804826
-0.43380790479202
-0.313725974963745
-0.28414632344948
-0.427739002004701
-0.338414838535481
-0.339387098866912
-0.253902589655938
-0.299790139819684
-0.312371137736182
-0.434175771208992
-0.431742704828359
-0.306454205221353
-0.483154688191625
-0.343171060857011
-0.413511712070393
-0.41579335202012
-0.382736158564417
-0.348224791387985
-0.363042184863421
-0.390667676801403
-0.410496172995226
-0.307205739421321
-0.430080822938456
-0.286459156943577
-0.411508423658112
-0.383015251679155
-0.450526292965503
-0.27713298808747
-0.470434425695809
-0.478758651680727
-0.283889251106733
-0.379908376404969
-0.251048451533112
-0.362028383858575
-0.46590384019249
-0.256005598806872
-0.50910928192131
-0.339789004126742
-0.196358342662363
-0.286488183674781
-0.390291103994067
-0.277650704236663
-0.322338103319713
-0.141588014379474
-0.393287812336339
-0.230483165866099
-0.324578980747332
-0.420888098131952
-0.247699203001051
-0.29019281259354
-0.291345737043699
-0.303370796309625
-0.329603058321433
-0.0486423223608794
-0.389445954256797
-0.316420439125833
-0.343269522948077
-0.247831803875369
-0.226211442295136
-0.369123736065833
-0.197631662734838
-0.37233940424841
-0.364802583442254
-0.241880148572162
-0.278439304614823
-0.360951108733313
-0.156098635829752
-0.225814094442894
-0.231857822101617
-0.235292928021534
-0.241012488891903
-0.230083217140022
-0.330382155475259
-0.313604731593915
-0.28481321512123
-0.276257716558498
-0.204279786965522
-0.334236545497925
-0.203454682160445
-0.274613231430241
-0.283552336256985
-0.283610629864737
-0.422532328391724
-0.334768304864125
-0.180848341335079
-0.164790889536611
-0.163211119592317
-0.237036667276631
-0.367901955794838
-0.29041638374793
-0.262473509778188
-0.329409150371745
-0.183949643634737
-0.257565742358572
-0.259887852873167
-0.143543129104856
-0.113263807951584
-0.180284107671358
-0.349010512250443
-0.0490021741728104
-0.122390925990783
-0.238017951455955
-0.373143571747294
-0.261371582630285
-0.284508013711603
-0.125276738613121
-0.243059681974322
-0.320807027871285
-0.203894701379263
-0.205134269822402
-0.206293942963097
-0.0638413410192659
-0.15858004819496
-0.252814210258307
-0.140921861523763
-0.184508571237708
-0.139762793437152
-0.264085932072276
-0.31436414674329
-0.0522712031029394
-0.233419471957826
-0.152368409223398
-0.187219452126928
-0.287736640503366
-0.123948598412891
-0.210510032771992
-0.224727272444069
-0.0919245244928691
-0.0810689703776694
-0.0832050603748557
-0.0914741166588735
-0.28501409558237
-0.110693766815021
-0.301399675031872
-0.0197164552351929
-0.0795396259084602
-0.18396357814566
-0.162605755803982
-0.26038945040389
-0.205626368625969
-0.0689556868395012
-0.206636289476616
-0.125615211872994
-0.168945898501069
-0.183835998021873
-0.0485868066614692
-0.0847222449291762
-0.230144199037319
-0.100683190783479
-0.120612023556381
-0.150539812817042
-0.168016067877175
-0.280561712266793
-0.157722445896616
-0.15041504994385
0.000586569081976715
-0.0826977032808626
-0.11836421777232
-0.0425653660053756
-0.146419788007635
0.00452505064930128
0.113367196167535
-0.063156170338601
-0.0691058578827422
-0.037689123822277
-0.230076334212296
-0.0232999345864618
-0.24514475386928
-0.0316523009466026
-0.118596261002903
-0.101095558659841
-0.0445920305857291
-0.228920220870418
-0.00362507316004599
-0.132677518116447
0.0835038944015967
-0.0798748163107318
-0.0197676111197518
0.056341991924288
-0.0691617022261691
0.0124793560438207
0.00305185196286031
-0.035309631367449
0.115826815746672
0.0962421596787925
-0.0372291294296024
-0.139069057698241
-0.127275374172259
0.067299923626094
-0.0927290474135707
-0.203256235002919
-0.120807964987498
0.016446543406712
0.0291368225601798
-0.0914995219122497
-0.0641661302750508
0.0830985518958227
0.0582454054071985
0.0766344074835427
-0.0932469185246278
-0.00844355162308249
0.0578051349320576
-0.0249084402702773
0.0651084495129914
0.05573989806565
-0.030233370052868
0.0582506803577893
0.0643190248509054
0.0511156239478455
-0.149793424959494
0.0311949079579358
-0.000972903546294611
-0.169495426532348
0.0797893508526348
0.236903850626987
0.0755096620878941
-0.0357274530105809
0.0820995438523557
0.169784186671742
0.0852844833950921
-0.00176480033632181
-0.126710861180743
0.140584622510817
0.00579850994931565
0.12375608082471
-0.0386027434888348
0.0146019164795345
0.0846537385234644
0.0161048013139058
0.0933825231018805
0.0281166256749057
0.065385855188318
0.0931435686511763
-0.0162950405052204
0.0706530407147424
0.165931579301767
-0.109542805202761
0.102284478026404
0.16303706848992
0.0642995209345945
0.0250711166741506
0.0997350962765231
0.135946607278596
0.116367451145471
-0.0415853090937491
0.0448306510843059
0.121782824784828
0.183260745423156
-0.0760622468465749
0.199783260917504
0.099161590406217
-0.0425603970887308
0.117906812819757
0.139903336536909
0.1995074142437
0.152759685308131
0.0343318377688701
0.153339865571341
-0.00774015132907215
0.206865025043098
0.134269818955674
0.113790468728919
0.0581310318282808
0.100517756408992
0.0371633077034916
0.106084275505324
0.103906677407253
0.110088661933178
-0.0926027692659985
-0.0130265732315541
0.125246227310586
0.00265880906108288
0.0475122576015334
0.0284157038180873
0.270094532443198
0.225437373443887
0.227145725308203
0.265560209045372
0.131655744847389
0.0654275630709645
0.202053240486231
0.170542218382491
0.110416082801563
0.0609395595353046
0.237023119830878
0.054834493925473
0.285964865882788
0.149276257833066
0.220851427014788
0.279805033303393
0.211799871285769
0.133096748062079
0.270622785131775
0.246379035197017
0.172140147786682
0.311931245732925
0.0869425039455469
0.249713016142579
0.0684845064283918
0.107013391706009
0.0926090884312574
0.313165507061967
0.32842176466071
0.292861933082988
0.188534667471628
0.166787263161069
0.2464083831939
0.0956574030685942
0.302084721867225
0.23279055558502
0.291159199802067
0.174210944012649
0.0696281106095618
0.338361419574431
0.152239796331413
0.250665651864847
0.336391664347194
0.078545268788725
0.2643993030454
0.205538887791793
0.0131927969713935
0.120782627490932
0.466131030555015
0.3521902624609
0.203257803758478
0.166403933508164
0.237190688566346
0.404037994420783
0.30299205336316
0.106136654779215
0.129439883712437
0.168285011739651
0.3926903550917
0.239150534470253
0.377839046416149
0.182057270231966
0.230926722320203
0.195747771543763
0.262024016679171
0.152561970416697
0.367654969455981
0.406171320743524
0.393947430053008
0.162437669411779
0.283646101567231
0.343707634324498
0.403673914209734
0.258094222340962
0.258714085072567
0.347837322675045
0.272216717884098
0.33181564551895
0.253790959632169
0.210922218965331
0.458560475633827
0.377628838719647
0.242077281634725
0.270380927147824
0.329490454291259
0.291694625202315
0.38707206574862
0.254431285605436
0.382269123507574
0.419567767558783
0.398747050147707
0.300924645175792
0.423187099948548
0.440280842650647
0.202604532522839
0.286121315750888
0.365675343669095
0.298147334123945
0.100695390146883
0.32617610448775
0.320633709288909
0.335768234276142
0.22788556875478
0.409993890781766
0.272228626552672
0.330597796074485
0.431886806953688
0.359096488582361
0.167474362858315
0.337257856735537
0.433866261031176
0.333312987000056
0.383125509855025
0.306331345888297
0.352212000908597
0.289558083130669
0.331873862592572
0.329098010090238
0.498994593022195
0.404590281228655
0.37710584427702
0.33140624124768
0.400398407406914
0.276672135515161
0.326490712749645
0.248489263212532
0.277547482786924
0.371708404640222
0.359375127714411
0.294145649578142
0.262219779901074
0.540039245269331
0.346056334123609
0.287197146267438
0.404467463928307
0.31276388838449
0.250867768247192
0.545985395698131
0.517681784191975
0.475815098636876
0.480618190442594
0.392138936071199
0.284642444903485
0.440067214152421
0.500555471714559
0.416414588420128
0.420596221370803
0.449380491106532
0.297056492874501
0.393396496077462
0.514071117677708
0.412666346127749
0.401381639834597
0.376227806970343
0.417131546127261
0.446776466280646
0.498911105516002
0.332264318406088
0.540464898686236
0.505400953880502
0.499964424324239
0.419194015005965
0.527321669467556
0.466627786257369
0.452974661534087
0.480319362375873
0.338502996686306
0.424474082547857
0.50683988380702
0.457072024662551
0.516153333216051
0.547716392751089
0.479765084672849
0.461826039189643
0.484128842596148
0.448336595776251
0.483794893102586
0.4983386503272
0.503790493247834
0.523690625390946
0.649953143256682
0.591203746472736
0.529757027071329
0.507953022749082
0.528610313885942
0.549628664670407
0.525701240424647
0.564345216725801
0.535195157331434
0.609586993692793
0.532974499299054
0.545989255820385
0.525043517791018
0.541068685173377
0.447359583540637
0.511779518968493
0.661900908637669
0.460661654596839
0.505896033510689
0.499271884970507
0.625724857293812
0.576657157264485
0.585480741265241
0.599692437799916
0.641691141697724
0.483668709387907
0.613328393594504
0.591338856844059
0.662498376889843
0.437427193346701
0.582414512402663
0.815162850904426
0.52455551379225
0.613109718266608
0.602811241190601
0.725323253486032
0.503695954102096
0.582707808067099
0.598306712126239
0.53810496671468
0.618138985738532
0.653120177697493
0.575554514173856
0.686474213050491
0.633121685783243
0.675821597909984
0.683104486940599
0.639975024823689
0.464809934013034
0.483305334143775
0.57228207107329
0.580601606018662
0.696253136883521
0.565240413735323
0.692943689945804
0.58974827241855
0.478226502362086
0.700763031122678
0.635247343335048
0.562749602545325
0.564434937268504
0.625312263604846
0.544152663232545
0.442371436408004
0.589129443050701
0.604088153129117
0.487111796363562
0.600876710145099
0.613612500760483
0.565831940752053
0.555566459573867
0.625215248735348
0.698078977721398
0.664844749546341
0.58666045198282
0.515766819507032
0.723787359157064
0.664989988118226
0.52861035386154
0.485609065542766
0.702781178612518
0.498444137885171
0.819885353556808
0.583792532576407
0.716851398117113
0.787564773057459
0.733422612617744
0.614272842624597
0.710362906300782
0.730793534421479
0.734655822635445
0.743044152560982
0.731519036268592
0.621501580536183
0.649870395982589
0.546861961744104
0.656391561843288
0.501589751787981
0.736167722182695
0.69197573931353
0.693780994183247
0.591149616054896
0.571850942802892
0.717792163530059
0.736347759044617
0.747711614843965
0.681616690160707
0.561467719294402
0.700707038739357
0.717256904646781
0.73223099482831
0.760382220681524
0.708622713433208
0.783967043220116
0.806812277493868
0.772698405103385
0.823783078535828
0.67744611556212
0.747078817965659
0.872575351125988
0.802509612681388
0.777134382488239
0.666036934836662
0.689470773945814
0.715905502718891
0.859977814269381
0.818771899136459
0.836651791438938
0.864828904010955
0.756830684734702
0.748579352531478
0.797028099112848
0.682959632550585
0.804416887450312
0.81062051426807
0.808708881664809
0.826145060659885
0.792314880782521
0.67752398031832
0.777728809959677
0.920894518831853
0.606668427065943
0.638710309368809
0.643469295386536
0.901142390849892
0.90218006415023
0.851067251891806
0.773148624509759
0.887468889159922
0.73821844257498
0.738997391410748
0.851412107709805
0.656792127702971
0.629022435554212
0.835023264693002
0.84266091635163
0.806667177582614
0.742056161683083
0.844127435490353
0.87628762035101
0.878281201827943
0.74966469312214
0.750100756885852
0.856980104130922
0.915291898339247
0.847538414161808
0.757712781894162
0.84722601982258
0.900862683650547
0.742483061810741
0.819477095275535
0.708969966058791
0.895943444614708
0.856534084461626
0.971740933994343
0.697051287174254
0.862529057151499
0.805438623023224
0.891372615156494
0.675624229676052
0.945160056424632
0.871130378367569
0.753317660318398
1.12728964031461
0.803453090302904
0.936808366859756
1.02335486103688
0.925317846365568
0.900406795718867
0.863565770530074
0.893300277620103
0.830326062072628
0.896168176682863
0.936417949676172
0.944640042682724
0.785227553620802
0.716320160959148
0.951739150131236
0.755944273760321
1.10251788982351
0.974646723694915
0.843754503990612
0.8209255311461
0.895508106668681
1.03070138576287
0.854068661921992
0.880685744193454
0.947678753619356
0.781057416719114
0.796655210636486
0.952731734272403
0.765806040039611
0.934706638679246
0.947580618162622
1.02410833018495
0.957657549304247
0.965936384309658
0.964990246561567
0.948144630403312
0.830561658257892
0.970489081903087
0.827919386832969
0.978873587467817
0.813716360740823
1.00812802575822
1.11684264990785
1.01043956605037
0.883644091368148
0.766440658386836
0.917352929098867
1.01664420401695
0.997325602325212
1.0586511143026
1.02282836555655
0.971412756411514
1.01552741854252
0.868639860980221
1.03664115066737
1.12292842191992
0.990193980872007
0.992524797639055
1.036643132855
1.08119907456621
1.09307179668302
1.02501269970212
0.984890609828171
1.10129803907091
0.940000995509653
1.07623021555614
