-0.843042085595823
-0.951126363220004
-1.01234207666884
-0.925883354449371
-0.791040886630573
-1.01216145465025
-0.90720012939374
-0.970245851667833
-0.962759385998873
-1.15421069105473
-1.01583589959355
-1.1438893459473
-1.0718877619504
-0.931338784279827
-0.86337220513925
-0.995908193305432
-0.95356336317365
-0.942635257589872
-0.931055941743523
-0.857264041681137
-0.862152736076844
-0.95036505748334
-0.884702695715414
-0.894262728921504
-0.910641574069108
-1.05978161507169
-0.970338352124246
-0.886987309693559
-1.02612034444599
-0.897792407245422
-0.886158258527999
-0.870887457762256
-0.904430293486097
-1.00222732256994
-0.790255973680628
-0.961193673439077
-0.848008567839503
-0.946183765191872
-1.08379935267306
-0.793011606868989
-0.747694438431552
-0.801551065776846
-0.860851567640143
-0.928729638871795
-0.972672441987037
-0.841240889827766
-0.886054911792412
-0.896155215273909
-0.825014969747069
-0.950875483767507
-0.990958129595016
-0.927574954637733
-0.880064440406065
-0.905769964719942
-0.846258890311948
-0.947879873269215
-1.08579749335779
-0.942098789699221
-1.0783495014767
-0.999456648662964
-0.788029417910899
-0.872574777165083
-0.920089610154558
-0.889693446516687
-0.766655981023112
-0.896417669630756
-0.833997683913992
-0.844544929829692
-0.772709368187082
-0.911540513950111
-0.772960036195009
-0.822285730935718
-0.779315093531437
-0.879200599333098
-0.806899514708091
-0.806488467253662
-0.981127786935101
-0.875034983414561
-0.833679400312467
-0.826940184326881
-0.801944347863882
-0.756950469577611
-0.888998788669501
-0.736885568478625
-0.870919014616235
-0.948844031268872
-0.765064655615381
-0.854987605019068
-0.782852223735876
-0.807739448255246
-0.901057468055775
-0.654037307814859
-0.785482554927533
-1.04253901822127
-0.839754048598609
-0.629387330641824
-0.816733870260584
-0.964904896570855
-0.773635564588859
-0.802169989135282
-0.756481437034202
-0.746626142259505
-0.8259710923542
-0.872458419851093
-0.65001457385574
-0.758872825138236
-0.802373807022498
-0.85729975519824
-0.807002786289909
-0.878109215030977
-0.762219700718795
-0.756441989762347
-0.743348665242326
-0.707025774539664
-0.843030415540512
-0.747434450431587
-0.765541034720837
-0.848854380044774
-0.723840808370001
-0.833702771852201
-0.929899568154241
-0.781556245834208
-0.639226608022635
-0.63258319598372
-0.565952534482605
-0.665676928698573
-0.806936181896401
-0.755232303636671
-0.826144828862757
-0.620018499178871
-0.636625131168751
-0.704633356329446
-0.750736420501783
-0.766088593267173
-0.786306102144206
-0.760491088899746
-0.714879073910134
-0.561897777429037
-0.712243847496372
-0.613322680738542
-0.686294753598209
-0.786030893329703
-0.659065587374721
-0.909151659231977
-0.737775246691429
-0.608236075653254
-0.622691003458522
-0.696220948794605
-0.740494083517336
-0.543551971502736
-0.617453803868806
-0.703089748533499
-0.632341056531321
-0.673294671366027
-0.657756149138801
-0.753818859471877
-0.685963889444311
-0.87397734027693
-0.703680610579957
-0.841796923617836
-0.654014137292438
-0.565639977111936
-0.660521047493633
-0.757094805814464
-0.793998857897479
-0.749883409974658
-0.727888584194353
-0.681086870752359
-0.604697421597509
-0.642475468848796
-0.760453538700394
-0.723330732198791
-0.625233373344605
-0.662239500984317
-0.544455808951296
-0.467641384025374
-0.651314892465034
-0.639160030871286
-0.596139301288844
-0.673184057597069
-0.844710251204486
-0.698012902845186
-0.682329946828768
-0.818156352578974
-0.671183100068872
-0.720888177874389
-0.635308507527623
-0.665359230773265
-0.632407169809805
-0.546593484835311
-0.677560525606244
-0.622921078312585
-0.616309357957517
-0.7007517067665
-0.625021139974955
-0.602422168659042
-0.436667366648255
-0.674786781125043
-0.682179854252603
-0.6386829560407
-0.527323955142381
-0.533449462280505
-0.433344265040727
-0.58815450149084
-0.573713414487696
-0.398640732505414
-0.522059242037852
-0.509539538599969
-0.470562842826184
-0.55831209857283
-0.568358210335467
-0.457979029563222
-0.605348729930097
-0.472296470360673
-0.437264124299533
-0.510366032003199
-0.577989351707585
-0.424943651232524
-0.751038991834626
-0.439336516440748
-0.506698881708892
-0.447014379434836
-0.6446002459651
-0.6507795915912
-0.583234864387179
-0.619119114230387
-0.538518595170375
-0.551700243321188
-0.475276951608109
-0.522855986341407
-0.521076413461021
-0.630449160946102
-0.445698205677492
-0.464121084247067
-0.550663732584355
-0.504763471208994
-0.556426945768823
-0.504077838860958
-0.626113237439405
-0.482647807673925
-0.505020543659957
-0.648952394549973
-0.431675369087407
-0.669488265939113
-0.583947440670032
-0.578275396671503
-0.43947990611516
-0.48631926626923
-0.444195149286294
-0.534859077927132
-0.295335580059281
-0.443717919236616
-0.406172754723143
-0.495228790136706
-0.513441395657181
-0.478771535284136
-0.536373478869013
-0.650307616261408
-0.500988429356627
-0.503452299581854
-0.579682495657152
-0.523778381997948
-0.375468393655056
-0.509429808003558
-0.546684990168652
-0.353961106385261
-0.436552985533893
-0.410490619758649
-0.531634092089202
-0.424074679290933
-0.416161197309075
-0.546575043467195
-0.5719521160512
-0.582697890023631
-0.426244015550891
-0.391413737884247
-0.323010791326294
-0.369090275237929
-0.6022189080282
-0.346940127919597
-0.479104477818608
-0.600117014433408
-0.450178694333563
-0.472075515219157
-0.469601655051335
-0.444090599177952
-0.415977174304305
-0.476087261036171
-0.418835525324479
-0.460493601491504
-0.521287112361018
-0.43971023549782
-0.336906405116925
-0.40778016823505
-0.448070369703418
-0.310694347502637
-0.241480031313604
-0.373952176920882
-0.3163670854478
-0.464201523795151
-0.500793427073462
-0.318573702694639
-0.404220750124976
-0.394805790564564
-0.304759104615803
-0.270225923308858
-0.338185927358563
-0.366500946891053
-0.346818269699836
-0.287047383999206
-0.419518420477393
-0.237618744274326
-0.4982268699519
-0.266857119948055
-0.323626849874026
-0.436124119549795
-0.394195127492048
-0.484809453689262
-0.284717864956038
-0.287364556917453
-0.360514026137017
-0.338247424997817
-0.401214510515582
-0.295856551211987
-0.39784516534156
-0.24099156859596
-0.329040105390273
-0.320039901983034
-0.384396844176245
-0.400364838368601
-0.397015420558393
-0.281899623059584
-0.208323183324275
-0.389579229616389
-0.439449646815064
-0.192746485190453
-0.255951754664135
-0.353233717967777
-0.32310188605681
-0.230666350629127
-0.325282173930819
-0.271837229189155
-0.232475280736668
-0.306634780176195
-0.421084231753405
-0.284557423965457
-0.284743527554243
-0.240486131987059
-0.2730696622865
-0.367581748051796
-0.291261477353846
-0.360407613009592
-0.325025774911671
-0.206918506378975
-0.445527767903198
-0.199148876429017
-0.178385110763448
-0.309387497802369
-0.245056717150343
-0.350260766427423
-0.26181389332396
-0.355955519068491
-0.278032675876769
-0.137522288148919
-0.29503726205153
-0.515598165263352
-0.419961689733158
-0.279439110060257
-0.172904030230305
-0.318473377865987
-0.155577649381298
-0.282541146602178
-0.386492532047089
-0.296231227355159
-0.25149898658548
-0.363279211342417
-0.162291418083361
-0.3286155499023
-0.245525779569375
-0.383735532484146
-0.267956820978989
-0.287232122884233
-0.336066025912505
-0.306675916539703
-0.133764849057588
-0.213838560129788
-0.267630334045
-0.211802624177252
-0.310963702913753
-0.268204150103091
-0.233996691342393
-0.160803856239069
-0.107809550966292
-0.103287592275802
-0.242988956561648
-0.295450152281892
-0.302270010101062
-0.236068915616
-0.126722342698917
-0.209996992642869
-0.152823505588209
-0.271895851871179
-0.153569787983828
-0.124862029427996
-0.206220368550818
-0.105318549565853
-0.0976470355066919
-0.225233506760339
-0.317390353643499
-0.0970532800322096
-0.0854071227703208
-0.100396070065952
-0.239301912027181
-0.326652123299502
-0.0758555374517256
-0.123476914395398
-0.221255279205014
-0.0308791457776289
-0.317893534939173
-0.121700241694896
-0.0401054382377456
-0.195722149173728
-0.171021888723376
-0.103617540222306
-0.195396157775342
-0.157037287649893
-0.107216658052523
-0.186296381295125
0.0440434953011392
-0.229367220351375
-0.205121634851456
-0.0180547747029904
-0.210540442043558
-0.179685654219131
-0.18371632594176
-0.0846854531311467
-0.0582582294890388
-0.148481727599226
-0.175853102074391
-0.126372885816634
-0.149861895167761
-0.0697271578423835
-0.0818420370356844
0.0377375372454212
0.0167111747357745
-0.226686786150742
-0.0237231634933772
-0.193770407491184
-0.200839669915216
-0.0943552851347825
-0.262428698603531
-0.0579967940005548
-0.0517448002596639
-0.16019032838906
-0.165666667392711
-0.0220668680873467
0.00859914252028294
-0.109401681899293
-0.0553608226526189
-0.155638794256261
0.0261753310611297
-0.00260193406688836
-0.0979810023024696
-0.0336578264647219
-0.13903363115287
-0.0960474963003415
-0.0760887690539787
-0.0614376793799742
0.162315637663393
-0.0883828127799946
-0.0630638952464295
-0.104765856273498
-0.12612758536431
-0.0257485521054204
-0.00799517946328133
-0.133292504700109
-0.081773140497878
0.0472762306738427
-0.110945216268254
-0.0211899101617733
-0.124919783903443
-0.0504748960685359
0.0225965000676988
-0.226632376137958
-0.111183605625473
-0.10678084268262
0.00253661297176583
0.0296035071813069
-0.0130761526659332
-0.115889052396639
-0.0375166466288404
0.134270963514335
0.0295893791563361
-0.100627574266769
-0.0163987189704284
-0.0223552557700992
-0.119850594681407
-0.0274826665797533
-0.130700000674164
-0.0884107290560654
0.0604083773361008
-0.0518575321389324
0.0236502604004046
-0.0594859928812927
-0.0140060746803647
-0.0200897703169982
0.150500510759015
0.0419884842772348
-0.062635410027751
0.0933896291305338
0.120795638355411
0.0968323500844225
0.0638760139319944
-0.0102902593830124
0.222862409987985
0.0252448985627534
-0.016256000949306
0.00605012461324575
0.0842841624711277
0.126278794768634
-0.100635508110869
0.0761438003201955
0.027209976746346
0.0386355823287147
0.0576111618346618
0.0415135372133507
-0.0486175831848419
0.0869660282148336
0.1309726972535
0.0944159043031329
0.0312853381887269
0.159474380796877
0.16256118932955
-0.0378058273375085
-0.0254416337192212
0.0411456749162187
0.294186321225472
0.0972052597144098
0.0183931713545987
0.031133170744961
0.113513379434783
0.143895471105021
0.144048990525221
0.0489471799636517
0.0904686366175088
-0.0151358872986841
-0.0461746937596496
-0.0471765866924861
0.025408383615025
0.00461912410837395
0.121790169866868
0.14404960771612
0.114383156508961
0.192173488570849
0.210954673231207
0.117681684853147
0.123183386496073
0.17414600376368
0.347952769316007
0.07536641517877
0.148921502506032
0.189123160193574
0.312500186162799
0.0967418239220428
0.271152315003198
0.123026093327746
0.186851777064724
0.265271740548519
0.105194151441622
0.00648973979034888
0.210125019587685
0.251416648620506
0.219052562914043
0.067725110153942
0.199813180655815
0.101331650982259
-0.0249579307817707
0.0646484485346259
0.189197138067494
0.0949561003291607
0.0606607667831572
0.192580718982773
0.102264151202339
0.285009919717919
0.116420347098584
0.0376929645390118
0.111644193646453
0.152729798013235
0.0527658986481969
0.339009657536766
0.0538966894858172
0.157444838828399
0.184571194855068
0.176869637995779
0.285349404998093
0.355849967022721
0.184938844829785
0.140089723513464
0.19926556054178
0.157565316469535
0.321246846698929
0.152701005551502
0.282139850860209
0.187350233062355
0.126874794438512
0.204109355766319
0.203286781102849
0.243351861789759
-0.0104263367272028
0.260694680783021
0.217672102668735
0.182535218050312
0.0665176604413284
0.151491097818802
0.147013353172584
0.127344243250333
-0.0198863306911572
0.396397038893404
0.075336883787193
0.259490815656123
0.30655160040247
0.275195456514511
0.189559585419313
0.219039534872825
0.253934992099996
0.226350826350694
0.259859098991259
0.123403959474506
0.267153354929842
0.275029791542621
0.241416980592712
0.224011278274659
0.302488183459166
0.246771317074679
0.259855145616244
0.129901828018252
0.256045993292742
0.219346648698826
0.263223157259279
0.321960898337805
0.247328843512343
0.29110475615416
0.109944579796156
0.352443843006415
0.358590581969538
0.323852643768354
0.256115558167245
0.289283960527446
0.450844632345772
0.265759323611275
0.284594990731565
0.432221325903774
0.26000715984291
0.290979043964496
0.370771711357323
0.3341508882993
0.366204141484036
0.245241027132634
0.387210398081161
0.19314426682172
0.430730333847832
0.472294386299476
0.405055547815617
0.416352012711605
0.415118259042433
0.426481459132293
0.365477490622785
0.345559748514543
0.366699239429197
0.275787747666488
0.462008047478772
0.285159313236254
0.316411669677119
0.144947344387795
0.298890159266585
0.243910330570566
0.335995875942673
0.370063081728839
0.368964389170657
0.352824998051416
0.359963487201346
0.320344746500039
0.369636367211428
0.393949651669408
0.434988600700139
0.436341400041576
0.0861253229093358
0.226788564776234
0.417152323490999
0.541405387229993
0.466832585874424
0.372442133993944
0.277868139199207
0.272635639295877
0.231780372094233
0.457933122076161
0.358655945250486
0.571385828644528
0.47314643423457
0.302689019851307
0.497305809963403
0.375462411711827
0.381065139550771
0.380590651218125
0.430669089017074
0.228132132630645
0.334505278084211
0.434367197347294
0.457736725902108
0.450371039414055
0.455464710964938
0.400900510593587
0.523021609665849
0.400464735177968
0.369224452089186
0.530142476992252
0.45933255490927
0.552018268160681
0.53888309326382
0.378359001317532
0.596169655973809
0.343221185903155
0.627622652336501
0.488676973536104
0.531627093894762
0.432390150974001
0.444570561391076
0.40909748903672
0.383688406680986
0.60163253092087
0.49346396560222
0.30781719401963
0.376273780092837
0.288319206244366
0.381588965450517
0.462831669072353
0.496067957050924
0.42872165180396
0.497035373900163
0.382363678884356
0.56459252972721
0.473137229825867
0.532280510189463
0.356988965432667
0.388910357224217
0.53396316157883
0.526232056839551
0.424877129048819
0.398313755809745
0.458874775390904
0.52217038969463
0.519018101370449
0.55905226702301
0.395043923159938
0.46784479023945
0.531285508235699
0.578482789412527
0.502534693052174
0.5365678230843
0.636844125328476
0.385731968432103
0.582922784218448
0.584973591508561
0.432511264889348
0.556724207437853
0.688571978374097
0.443486944261897
0.492383403256121
0.415467660094343
0.56808259275985
0.542003365648341
0.615737986491338
0.500744761863917
0.666157795415153
0.541240578246768
0.40129577389724
0.530679555696897
0.537466583377103
0.587519148327049
0.528247625189673
0.559037063286846
0.656008832509318
0.518444916887805
0.547428155855666
0.551964784996861
0.661124058380713
0.596952082990975
0.580791733198631
0.602004318340804
0.561004313737136
0.592430746084012
0.550985784977552
0.530292002202745
0.576891692415755
0.703397817862356
0.548940210937696
0.688125498176241
0.482902419697569
0.561377460575818
0.496752563468771
0.648792003825251
0.619786296722848
0.44237684405098
0.747446174674938
0.774345530407612
0.758696629040834
0.64235699811626
0.565482757878149
0.694132781669767
0.684038977270211
0.486266286667002
0.652800999794846
0.615099882768751
0.661773406431197
0.694761522187903
0.531094798338312
0.674113599381397
0.563917339587821
0.59874208735897
0.710444774696401
0.669221149039306
0.712576916122366
0.544345613924015
0.583560051301886
0.700475743200088
0.548614608093107
0.637518642322576
0.730439027846381
0.677283415493561
0.600029003875874
0.754226290402863
0.776662360721077
0.742363070712414
0.668442917595492
0.733512373971347
0.742156825122724
0.504380881308215
0.828498204192423
0.627642546759807
0.826992846983417
0.648614630306166
0.780241231551204
0.634879994806129
0.692259771080727
0.670883165872441
0.639060940611018
0.686599734442231
0.677360963520167
0.838726086316421
0.711343315141558
0.645240401355651
0.667323623687131
0.755308409636551
0.614207037050945
0.61532805694574
0.889083451186672
0.656846061123747
0.668284813667743
0.759095383088433
0.853053137020697
0.58987021997319
0.612511009007933
0.590837993261679
0.839357886603982
0.59511456215201
0.715752815994318
0.631305059128461
0.759933065962687
0.767708502871282
0.863023740008261
0.646117276225068
0.695687108794795
0.715859683866649
0.85550996518603
0.758345455938922
0.676408214676347
0.765509232427182
0.799916313470292
0.669950185406846
0.654881682539618
0.796994263855457
0.759795715792996
0.746574389217655
0.735345580778636
0.785495194705674
0.852299871458298
0.797310319677013
0.617248527223825
0.689787886758975
0.728321021806493
0.667555513862868
0.723062502746994
0.859266069382788
0.70497135531073
0.942639843797015
0.731451407568394
0.717133787914598
0.843235465006209
0.790671997992402
0.763940590628364
0.821550127455312
0.748092542731763
0.893547969178819
0.857025985401766
0.735841963215602
0.82204727316195
0.882878754534932
0.735227624621334
0.956424756850722
0.810005656818441
0.924832518354459
0.833510068686571
0.797690769888311
0.785712086411622
0.681685987880277
0.783253925683085
0.790269820993442
0.827136904532648
0.775214113352116
0.914404870193232
0.985984932707283
0.878159240735077
0.801654780827535
0.874732913196803
0.828386391393205
0.807716023126091
0.763109312027977
0.766018751066853
1.05757977738668
0.83892748205608
0.704654400415323
0.941902618901082
0.876434259203543
0.915914785297559
0.837841205093635
0.932821045757077
0.896474570423486
0.880492706300265
0.814369407645071
0.750279824332789
0.906081728076276
0.940702031161101
1.0009468135558
0.96183232812963
0.852904834706282
0.835221136447261
0.999916547605986
0.855078428333347
0.873814287761528
0.805174303676405
0.898249058084819
0.725917531690056
0.783964468010217
0.932516851542967
0.841511959620509
0.907976818093078
0.790336505445135
0.936390235585611
0.991383356599121
0.949850507431889
0.942673188082274
1.03677456465496
0.927695277343322
0.810083644291127
0.981097315007465
1.0669904882176
1.03805131367947
0.828483755729976
1.01938822179575
0.986571283044337
0.809234276274445
0.811820816374372
1.01749442392143
0.914222661198627
0.945252684792238
0.988877490976487
1.07104457056123
0.876487213784949
1.12736981823865
0.81212764314958
1.00992686701508
1.0057602970719
0.974234176693353
1.14461865583969
0.842057441950143
0.916386579785108
1.04038293686439
1.02242111165551
0.894525505805719
0.984701550198261
0.935529341626796
0.9566072333302
0.979911573927057
0.874083997079443
0.878536441934973
1.04981438499523
0.926849198507347
0.936800889265295
1.11561222485236
0.990786741837779
