-0.906164742029683
-1.09452007949893
-0.983865935327774
-0.904834235379772
-0.942166460243646
-1.01340291792139
-0.985430137556634
-1.04593906858183
-0.97558490218163
-0.88049427882811
-1.05364816997549
-1.13839952633963
-1.00285252613206
-0.960657939087478
-0.936030686215296
-0.912003423425383
-0.906638377802794
-1.06053843520401
-0.991627290801317
-0.738991184049301
-1.06630961005494
-1.0056015857403
-0.846312146029041
-0.885906414487709
-0.987504335140423
-1.0218167996527
-0.896203170952833
-0.803331465837838
-0.966766997054419
-1.01216141726202
-0.816369879676725
-0.859205732791015
-0.942864389359619
-0.939466583771775
-0.956311312096707
-1.10761418741333
-0.793763905575441
-0.991885332572342
-0.794172117890332
-0.897552707572693
-0.912061343834572
-0.926304413422353
-0.947120395879506
-0.873192546316468
-0.978480597429307
-0.931178450894984
-0.828912824934945
-0.90881815835823
-1.06993100022857
-0.979850305013618
-0.899716639091625
-0.907712953987225
-0.848993585151315
-0.944820832664522
-0.765582093289889
-0.832129419696563
-0.821794822891344
-0.871948046903359
-0.903106045136027
-0.858615894778042
-0.878888151090024
-0.850928900004391
-0.887200009536431
-0.910623649124743
-0.780195896399787
-0.943834550054391
-0.872930588826584
-0.885224510423744
-0.793305502203463
-0.805898158256544
-0.767611905462658
-0.756855104216355
-0.675274773888447
-0.908084629987891
-0.851282028763304
-0.827878078390676
-0.841679721627974
-0.680029031366718
-0.954123988757692
-0.747006415788451
-0.851065886512349
-0.845358555363502
-0.819843130809854
-0.76250780740689
-0.842518088526721
-0.802572436333817
-0.915634060472459
-0.849856212227845
-0.729077108954874
-0.633777484879492
-0.841165694794727
-0.720226595729267
-0.713941369616989
-0.888615900099353
-0.787096710090325
-0.964966540461862
-0.719208658750402
-0.817789292771499
-0.75462336945762
-0.779549178129852
-0.709570476897436
-0.864664614544835
-0.696861812359342
-0.881867602404315
-0.774429777860558
-0.716202853268286
-0.671890514229981
-0.659229286531288
-0.850762670139019
-0.895490663748895
-0.647225789370589
-0.808892163304901
-0.667519934214717
-0.749253358310151
-0.829018705804649
-0.774122718734809
-0.745743456818985
-0.739358194862963
-0.608589934851828
-0.594886666815309
-0.572887721561192
-0.682972048319661
-0.768733211697709
-0.744031469451279
-0.829162896707493
-0.791967698377377
-0.545612085825499
-0.727987851282066
-0.732544163309319
-0.619693510660008
-0.723275037390736
-0.837924506079733
-0.567454635852738
-0.850919623690673
-0.728709206703135
-0.695990062201893
-0.766405266333152
-0.66294046446149
-0.789902903045168
-0.848839996958686
-0.784047850094397
-0.717136767149604
-0.768123340091748
-0.767005422689176
-0.756034127858691
-0.71137169856774
-0.718594064037413
-0.710108605387387
-0.776473864137006
-0.710762345920851
-0.55782023411048
-0.737487049849577
-0.6751737045326
-0.610377065239639
-0.597686831763224
-0.52939199676174
-0.663059173760429
-0.651494833628512
-0.572086214431535
-0.610353492799655
-0.729466791337283
-0.655891487176314
-0.702863534775059
-0.815089393924313
-0.664912825811087
-0.515714550909719
-0.767692048853508
-0.710890841738976
-0.758016319423532
-0.762983896080005
-0.66763211844443
-0.732907992189672
-0.728902801884725
-0.734287733618012
-0.707863691200386
-0.685525363895828
-0.705635528225056
-0.643513848992263
-0.752028307277917
-0.76575356101367
-0.449815388978288
-0.53257174674384
-0.524233933141494
-0.518380003797534
-0.723638262131826
-0.606839294920917
-0.49685133958313
-0.567560819537449
-0.649054489399566
-0.767272313209958
-0.643819852536967
-0.648456012505144
-0.605589981510701
-0.585261613846481
-0.612805631791249
-0.815766757906788
-0.541012561607526
-0.670245357813084
-0.591366429205032
-0.689617359492644
-0.63173426723947
-0.721194476793752
-0.604680197697481
-0.674950728955047
-0.690207174103356
-0.645181397674338
-0.557465577036462
-0.538644972718224
-0.698781763093892
-0.472982478870844
-0.629532277793574
-0.433430823586472
-0.537652961782236
-0.691314414619124
-0.522367512047833
-0.519252003344723
-0.526635419711839
-0.619686423763964
-0.632440554116332
-0.524428789154795
-0.711893763200834
-0.509395206643101
-0.598546160452139
-0.583646051601178
-0.63060368224061
-0.507918085544332
-0.495042003825015
-0.531064221507145
-0.51736581270958
-0.63763825916297
-0.45944198561528
-0.596417967156193
-0.698408201090545
-0.561947718559988
-0.490447660154617
-0.525004551283495
-0.536428341819011
-0.516661416744735
-0.58013071435457
-0.468492325706151
-0.458963442127157
-0.577620420392415
-0.592782193938679
-0.646423665696265
-0.712939461858424
-0.502514975943143
-0.473827969233551
-0.502299922119209
-0.46704140028732
-0.454239944078463
-0.366722118892157
-0.502912810377152
-0.465299714535354
-0.570446144666042
-0.384766932267204
-0.541571504244756
-0.558115763959629
-0.592052523423485
-0.476343008950724
-0.506556642234413
-0.504525637000102
-0.390392691483089
-0.451679052869671
-0.581708867613466
-0.376160941568625
-0.373307040624912
-0.377895937001413
-0.414335079951276
-0.545182265323479
-0.521536903364908
-0.536849904233499
-0.37731130595221
-0.380574545849741
-0.390031743150216
-0.539653963531189
-0.241997552562969
-0.457156123696979
-0.436927044549093
-0.422366962124618
-0.478691512163578
-0.382431807378115
-0.469800621046254
-0.378716757997279
-0.398781889462626
-0.345549770360677
-0.392335929248257
-0.386441015362177
-0.273065046487421
-0.541162819728021
-0.250906198416386
-0.407067769032307
-0.381841691768509
-0.400936064468778
-0.444700177130751
-0.314134493026394
-0.30818552695475
-0.427714920133062
-0.382892050110471
-0.326777796734474
-0.410178288095313
-0.173666104357032
-0.319839541883458
-0.472917890013213
-0.282194786716086
-0.262066977231014
-0.317437264847018
-0.418408405276583
-0.434675587023897
-0.355109091332139
-0.398870534800909
-0.474614979328143
-0.440003675787585
-0.355897504259653
-0.433800372322113
-0.419895269789795
-0.287623405600649
-0.340756005902649
-0.358851203748556
-0.272637198163778
-0.303565833763326
-0.421443828627492
-0.481260582968264
-0.450828705935905
-0.261102961569339
-0.226337761550371
-0.354193663036052
-0.30408608582418
-0.260139535403593
-0.350852381780965
-0.322015077944665
-0.340464274550364
-0.310080148256455
-0.266222840576374
-0.366956256786612
-0.353257992979664
-0.203364423873816
-0.278352547209559
-0.334876686473687
-0.32345985362692
-0.38414666184519
-0.372733857426666
-0.3505788740749
-0.242921453819819
-0.347368209849764
-0.347571651846561
-0.286384474706765
-0.210457754604065
-0.238292353961879
-0.344265431462141
-0.276990530272597
-0.257767565455826
-0.22662076956588
-0.297618684654584
-0.217289624090008
-0.228807281589183
-0.269777560718966
-0.386499370318617
-0.207435437445715
-0.31365283734471
-0.324601376950408
-0.213479372934313
-0.364782113855205
-0.259850501461977
-0.397087077972059
-0.327145784800223
-0.223628990505633
-0.308733793578478
-0.369781699629508
-0.300782066620074
-0.107108459545392
-0.211081038495693
-0.302880335987488
-0.098976707964581
-0.129422449190556
-0.338342221266817
-0.316219286011388
-0.172429776087778
-0.334909365603878
-0.287846131086871
-0.278058266967082
-0.360424313940535
-0.26097105831351
-0.283851472882836
-0.321134315089589
-0.195637198555029
-0.373838714960584
-0.175787442838276
-0.481100251422896
-0.256024483732326
-0.267215565876149
-0.228952532927142
-0.21643038903037
-0.129314443094217
-0.253771499282104
-0.294027200993373
-0.187353528649688
-0.180234269341115
-0.250004907038283
-0.158233843410309
-0.225161480514364
-0.196183742127097
-0.03598822114614
-0.310150936073791
-0.207523693480157
-0.166549762651503
-0.242443122191013
-0.0586349864933227
-0.208221010676053
-0.277362620010924
-0.202765393960677
-0.201677265578661
-0.374526208897291
-0.1986089119522
-0.22487337794545
-0.229480104253902
-0.135797424699857
-0.21386680532548
-0.176786041110237
-0.108876348703405
-0.189302432519874
-0.175544332999613
-0.122375383477227
-0.144633873227649
-0.234249466512729
-0.226176982787422
-0.143999477093673
-0.0694592588305032
-0.0409777845790298
-0.0741014737147989
-0.240729473027122
-0.262429962217857
-0.0596466021338264
-0.185742690742026
-0.247251996052337
-0.110620780232198
0.0229905012095747
-0.304528685808577
-0.208384066395235
-0.174463756543615
-0.164809913099161
-0.184422856376007
-0.339902327313685
0.0373297751397954
-0.0721353849965175
-0.095532009612875
-0.0561179676392575
-0.18093181605542
-0.191324986743944
-0.219704517422769
-0.0494130960850064
0.0245939601163186
-0.0414130065817361
-0.141841367077161
-0.229810228030602
-0.0308264133127962
-0.0628490368770838
-0.0195074702599694
-0.0845210049606946
-0.227327905544338
-0.120464402004037
-0.101457501660608
-0.169643934035579
-0.0125863565758986
-0.131464191587847
-0.0982270991381447
-0.13230914724819
-0.0217307048345961
-0.0139895556050531
-0.155297377778956
-0.100474176381341
-0.027946880896819
-0.144760383588052
-0.00752240986609964
0.0210123120182563
-0.0892437014422759
-0.0878422075739123
-0.0113348371426603
-0.0566810228755991
-0.209496387577829
-0.00209838573075646
-0.0598908885715111
-0.096878082568288
0.119777772730517
0.0303756418200378
-0.0890235838184713
0.0216990424935018
0.117957660361004
-0.154840294931259
0.00916789309750222
-0.0965100435011526
-0.0821466736880865
0.0544369706327485
-0.152228536899189
-0.164379010617659
0.0110856741871888
-0.151983832181953
-0.0564636802960788
-0.0432381011383256
-0.175725077791903
-0.103777078272493
-0.0421500701349925
-0.0634525491231243
-0.0142324516749707
0.082180383107192
0.0129838665301238
-0.0355395290270812
0.112322377253819
-0.0943199464829513
-0.0770373333406992
-0.0190352801941625
0.069172400669717
0.00618076619032156
-0.0934504620781159
-0.00818708520167345
0.103825907185397
0.116854180467372
0.0576804850180264
0.112869856640881
-0.0113777829837666
0.0114606247017885
-0.0541013250331667
0.0691010225377588
-0.0201242563946472
-0.0583546383973424
0.27577908276178
0.179469036210386
0.114863354398483
-0.0249944435497154
0.0467092791730506
0.162972258999295
0.0517844650662697
0.00630242069876833
-0.0189574042323013
0.0582836809060628
0.235402386509304
0.180359969374773
-0.0164603484329217
0.0589314527809633
0.0586338653209469
0.130739581770598
0.0727061067294179
0.0554557942049881
0.193174148234203
0.00188589355624803
-0.0222092253143095
0.0927947715657843
0.0882849915387383
-0.0986253139464861
0.0203933634763267
0.199174146648596
0.119534757547826
0.16642357824846
0.1053523748136
0.20712028447612
0.215892727343114
0.148990124876169
0.0727564800226465
0.0189383795788964
0.136071191485699
0.0453648404702272
0.113665647958339
0.161928123913082
0.140394489577978
0.10836002772623
0.17164122633199
0.072704967221211
0.101726221571124
0.228359692541002
0.225441434495898
0.204411263539129
0.157896488452383
0.134220283451439
0.230431003405177
0.320713671080829
0.243484147554172
0.280982614498077
0.158359274095666
0.161942706478716
0.140687370261935
0.187663429822286
0.111478587297368
0.181363048115132
0.113348765612225
0.147780715010039
0.0890633361702776
0.205737393697433
0.0862482845615107
0.244787860476304
0.0226830048991946
0.35823532621279
0.107901725354786
0.259362365397667
0.144980232786154
0.221924722059076
0.26324182341973
0.153841621954152
0.182359377869563
0.317158484655167
0.238531166008012
0.101579324762801
0.228235578133167
0.152717543297658
0.256870493090834
0.283340143224483
0.272841284383841
0.306603306953747
0.268481672333519
0.13582702333659
0.238401788983698
0.308346676944254
0.224324884650127
0.426396195952457
0.169615482438775
0.178154814321968
0.18752284267388
0.219100104214026
0.135638851703974
0.375080435357742
0.24562872078623
0.255376105248197
0.18658511456083
0.303607277541547
0.270054312304903
0.163748551523855
0.184778452668002
0.33980986864639
0.203424277577607
0.235942680958472
0.16919702317619
0.383018021225377
0.388639278874957
0.328650357581461
0.371909158753339
0.260220092007778
0.19141498298821
0.300496411521586
0.470517204624812
0.183097243078299
0.215472952258767
0.234294017501779
0.253387876327314
0.169429934590926
0.235199243741331
0.235046908260753
0.252553137512457
0.354766965528253
0.187239033888975
0.281168016423665
0.284023639128246
0.263068769036897
0.386669797269048
0.448231208091914
0.25471506467111
0.411568819205998
0.254713697723269
0.410296328438873
0.229280149369554
0.416561616645422
0.327723204675335
0.344618235685978
0.107513770039438
0.458437070512316
0.348531584237724
0.358531148170562
0.340400079358677
0.248002444988381
0.263531380515351
0.273081199486313
0.298979008440359
0.361228219861339
0.191962809059634
0.301574918935112
0.26818614864525
0.35644872255464
0.294539286798804
0.223586820190457
0.34871733230358
0.474907129690242
0.290446641600014
0.354950974508343
0.342685809043644
0.296488807746753
0.405308810039144
0.421903848787641
0.517161149925554
0.259008626586755
0.44051761392923
0.430482081552742
0.363789874439627
0.389161571657303
0.423393040719913
0.475255266927601
0.377817012720353
0.448544322862673
0.479440588208489
0.454986912203419
0.325522176793033
0.441590384006584
0.540876442494893
0.420717315009409
0.371320516611441
0.373108373785892
0.456198965359834
0.63424103660235
0.445525011181283
0.477867173459597
0.328099630434672
0.210516204027895
0.338961937055589
0.352448827363242
0.499913388270825
0.323688437703349
0.450635765329495
0.245024634584028
0.408867649672191
0.418979917345905
0.403626701458421
0.533330289648517
0.477940886233752
0.628182020190449
0.560416389255589
0.486536341488027
0.598826190097285
0.599258819089238
0.426371523554703
0.628200860136358
0.405726244657091
0.447380888417585
0.454273543350534
0.360307974925523
0.44705313397881
0.535552226214615
0.652725222530274
0.692875074829934
0.374236641008817
0.494589895295179
0.390914259071193
0.587447487836856
0.470244068073224
0.473741122134578
0.410134072281389
0.319059874274317
0.447668425405162
0.437559442959504
0.519862225500721
0.546791764189463
0.528744951857628
0.496969649414889
0.406611889770731
0.636800971083102
0.439990206090951
0.45633347479378
0.442533688402377
0.504143349861022
0.443133924872748
0.344518755258996
0.564837746595221
0.528554753017127
0.503167371583426
0.562083803882791
0.52556708181406
0.461835485506922
0.393703991486262
0.521512504357258
0.684765091178473
0.617627704528459
0.469858045315009
0.428509002796374
0.60473493962139
0.498628680802636
0.602951497805337
0.569233586990653
0.496981157002843
0.618263964638944
0.605549801300102
0.56524262632069
0.51634067165908
0.69854839200584
0.478950223298461
0.473922581013874
0.586880553112703
0.63918196611262
0.481178771167588
0.590649890820945
0.584342341399916
0.336844468122567
0.659681367188583
0.485836920887489
0.340163919495176
0.773307379660293
0.652598062736565
0.583865255456794
0.538111653084897
0.492753327240529
0.653500804273326
0.526859509140899
0.659982605444963
0.616843972062484
0.647995092430423
0.592442768432357
0.67186904654124
0.640303258306394
0.606640347969141
0.666508650776649
0.582075971589466
0.684446062899065
0.759163612387749
0.547080059397057
0.487850700087075
0.514919259531509
0.740903180758484
0.669376723208005
0.72693851497031
0.488649924616622
0.629450842829989
0.54921530259177
0.650581199852885
0.531467699959954
0.602668768925308
0.633743390019835
0.744195526504666
0.632525064080228
0.727199043516612
0.633982093403749
0.616397035395364
0.585921816040463
0.561209655856214
0.709384926299997
0.85115843825851
0.717759640092265
0.754653051856277
0.617718945694178
0.746327257767072
0.798067127218931
0.560431327870826
0.676600622204908
0.603844709199169
0.618384725586938
0.648428529422251
0.732540632736237
0.611799378707103
0.621870765675417
0.66110647272493
0.534825568392063
0.636753746242144
0.719156611976714
0.542975311173965
0.842651379132819
0.637948542476292
0.706036946536663
0.58397744816803
0.778083094223589
0.660795226420758
0.731541891991966
0.806128277532217
0.706311948774304
0.799845909623114
0.712485555414596
0.702941343640534
0.765604561517413
0.811363556279784
0.886313942163478
0.607074550448562
0.682949314457503
0.801736138772638
0.855172465754343
0.721080230019183
0.667663425341382
0.673080149485855
0.744344247424572
0.719053166819658
0.654744204385437
0.667556391148718
0.719598495664302
0.817818945109397
0.710832528657458
0.729064059240642
0.826291287077928
0.850121068206977
0.745204319377362
0.753684370392135
0.700635053804555
0.698731664733698
0.606325057836911
0.728927691523518
0.59916930201834
0.776736478853831
0.655724858617369
0.879465657892177
0.908364896400126
0.777564530232373
0.884700323351178
0.766934830929565
0.850560027904766
0.779475330511079
0.73758984337041
0.708291397775311
0.718336026480683
0.709682467551447
0.701686507176149
0.674839534324622
0.649679817939947
0.819731511275762
0.687990617014953
0.800711205895009
0.744543047325649
0.774120073327557
0.726596419647976
0.752073925033805
0.801274271185851
0.86370868015177
0.81352082231061
0.801393952173947
0.716317691245787
0.860102857234321
0.919536771106276
0.987981207551635
0.811892086011271
0.819832104491591
0.886640784660473
0.754807316323415
0.919419002828688
0.779814491892162
0.826718761323579
0.891589988451302
0.97066459490889
1.01985607000429
0.8223872899518
0.811551589086944
0.804423793609864
0.733790553522666
0.782867649294351
0.91162135743557
0.942088057147412
0.903729585601323
0.983544358743181
0.74878889397878
0.927495054102953
0.901277183302814
0.747403396308791
0.765105532090686
0.908662442237918
0.810121197830739
0.881315856256835
0.964263432250568
0.912608884256578
0.95921413491994
0.879290756880128
0.893071670398132
0.915548636242875
0.935737252947718
0.878916125381651
0.974849594660595
0.862419461821964
0.86455833977842
0.965868493976132
0.789348768911509
0.947278627492273
0.913307497498416
0.739802403633397
0.736609683225894
0.924472849433404
0.842847978072464
0.910394701309052
0.819707088102333
0.910482066004108
0.90794908747591
0.990488707681696
0.930259596898658
0.946670109978739
0.904334020953867
0.822088572871222
1.05460508015225
0.969909866901937
0.928192211341522
1.08448568488656
0.881135474088996
0.909152277501135
0.995200685232716
0.991061289225808
1.00961576482505
0.845971003664341
0.991831296890703
1.01351956174263
1.04814920925171
1.03636559095527
1.16873675731794
1.04939100421107
0.948019973367519
1.05932391347776
0.885982010698515
0.972571481177174
0.987245375940662
1.05012680871969
0.948513911238357
1.19836854424189
0.921101498295148
0.989094400273752
1.02647088294679
1.09340775112396
