-0.917325362703345
-1.09003133507813
-0.974405840060476
-0.922399623140835
-0.942729206706693
-1.01459242712525
-0.965704849674017
-1.07856282881326
-0.975561909081164
-0.900231982859034
-1.0540359770479
-1.13521148081974
-1.01147195477472
-0.954256905886622
-0.956923962830003
-0.923719556057483
-0.910101597425914
-1.06025752818369
-1.00159524499318
-0.728111105232134
-1.06719892272511
-1.00121010464346
-0.862559359254162
-0.891448528748341
-0.993850715327264
-1.01454739003778
-0.898696267324941
-0.825810572797444
-0.994966609306347
-0.999423112796816
-0.84051573615988
-0.846557790732359
-0.957257477913171
-0.921235917252286
-0.946356434383379
-1.12277968594072
-0.802998769147523
-1.00019626431579
-0.786246358204619
-0.895882116683722
-0.917332326177665
-0.920911707330206
-0.956311628792433
-0.868954411117717
-0.984807239264448
-0.934788891449682
-0.852451312545215
-0.903877340597166
-1.06692003488956
-0.986150870448267
-0.897816196359062
-0.900120417971203
-0.83574974743796
-0.955165548571425
-0.754813574827893
-0.848402694079917
-0.812637292089877
-0.882523324230443
-0.910863192615751
-0.865420830343712
-0.856393323462703
-0.859144690127891
-0.864775765696309
-0.909758300448892
-0.786032446968178
-0.929981572154172
-0.870028850774019
-0.900267497939107
-0.78199056625904
-0.784713603085673
-0.7668502793799
-0.763406706915621
-0.697893070547998
-0.900732539693179
-0.854596605047486
-0.795945562492003
-0.862484933119847
-0.727274600169384
-0.939565935461472
-0.718424976034494
-0.867730940449965
-0.809795676566882
-0.814569728320688
-0.765133483810842
-0.853052447281035
-0.774229362502748
-0.923999211233644
-0.851194461839097
-0.728065630791542
-0.652115571256091
-0.867579677872135
-0.71763463111725
-0.700301264296421
-0.898761999968721
-0.799094922105554
-0.99251616195203
-0.714789763860031
-0.814730490979083
-0.742456197051054
-0.772713613971498
-0.710082872387296
-0.844532881380245
-0.694261761055481
-0.88659188078059
-0.785711768293934
-0.707058184181723
-0.676569555305198
-0.642875956893572
-0.833419677987576
-0.90597794883205
-0.654000474747704
-0.811278031571713
-0.684408226544463
-0.750021217856536
-0.846283877663227
-0.783123859205658
-0.748070138743652
-0.71437252459744
-0.597095359118173
-0.60459737988415
-0.592094145959436
-0.696505382594393
-0.75649582077683
-0.719658589615286
-0.851480029425607
-0.773801004193218
-0.537072618907951
-0.728868013764413
-0.749498331633559
-0.614276863058787
-0.732277192000519
-0.815988846296153
-0.546178384772676
-0.847816131612337
-0.703577147524913
-0.712748930380583
-0.78221596882663
-0.673575848484721
-0.782325968114157
-0.814040351217934
-0.785624275492996
-0.723271066284276
-0.774624870756283
-0.759059744828629
-0.739968973632199
-0.737056451289801
-0.72943951539223
-0.715139750800071
-0.786333924804312
-0.703464593539512
-0.569053525114562
-0.754754684872131
-0.62346198455603
-0.624215902485698
-0.587355786773775
-0.513240187040871
-0.652595638983663
-0.648799552966328
-0.560537395983475
-0.596192546916077
-0.730060979516836
-0.667187636345562
-0.686145224917571
-0.795375416876159
-0.671841023877116
-0.520310901279415
-0.742964269349654
-0.717843499292625
-0.713974137636397
-0.758367367688012
-0.682066287016317
-0.708702409922853
-0.724120532450118
-0.740070873832146
-0.683341394297859
-0.697458325043339
-0.696571574623534
-0.649040522126937
-0.758575675932575
-0.731060690983562
-0.438708618199524
-0.516535733900472
-0.530654653154214
-0.540594250728083
-0.71492548258545
-0.595411048307767
-0.486877680472976
-0.558079796982782
-0.665361155798388
-0.783359591632418
-0.650042321286748
-0.6600120430671
-0.627286385342482
-0.568306603984299
-0.594284495300056
-0.791538779151973
-0.51126460073487
-0.660386724414168
-0.573186184299773
-0.682927840858181
-0.629888114607268
-0.720289595286529
-0.608436042721825
-0.656870046299569
-0.687164217790354
-0.642075267463726
-0.563658209935795
-0.521773541078564
-0.704096102512665
-0.476838775687296
-0.615266975691545
-0.437291189120832
-0.528969469602623
-0.687527752771066
-0.518578851140291
-0.533073701688547
-0.521975491649931
-0.598624951968539
-0.629392493186068
-0.518475314797812
-0.699656042092519
-0.491587428703546
-0.589437268527
-0.582823857501536
-0.619564278338521
-0.497527792160886
-0.486210565826172
-0.526920977466422
-0.507094459789734
-0.648959216357092
-0.48088268887474
-0.608098441042515
-0.69495994035358
-0.55348854567979
-0.503342137886337
-0.526234753772576
-0.533989594963061
-0.501616445984171
-0.560770135551923
-0.473563734775173
-0.470260697812123
-0.554751098627693
-0.601129380174507
-0.634428581580987
-0.720734105077733
-0.515377138808465
-0.493779706499647
-0.499217182565432
-0.474890521121989
-0.456882094053786
-0.380530219769931
-0.527446760179483
-0.462451227069246
-0.569093554991944
-0.385066959256769
-0.547730950997226
-0.564380817142975
-0.587415312913959
-0.478104615983853
-0.506743991680232
-0.490068004770771
-0.382663690088435
-0.448954695542197
-0.563065709902405
-0.378976204657808
-0.370036257563893
-0.384588467446135
-0.425477429217168
-0.567047549383723
-0.528536465796765
-0.531434771020049
-0.38717688715001
-0.360526505464362
-0.384766646501966
-0.541777810374808
-0.23998090514629
-0.450447190638301
-0.42869157498173
-0.432742583637806
-0.487472599217253
-0.383356842303333
-0.47777376975532
-0.376803013084024
-0.391959049750446
-0.334305117130853
-0.383814847304131
-0.386077985715104
-0.272231723339184
-0.544776086902151
-0.278060531743168
-0.417975304119453
-0.377517586453971
-0.421561182027753
-0.450461755552232
-0.3119110331577
-0.3099831845497
-0.426930277251543
-0.377536389644635
-0.354546427434958
-0.411665550405493
-0.185200369613309
-0.348988329004812
-0.480710321447366
-0.276626620408998
-0.262495822932519
-0.31554646035676
-0.414415006411106
-0.447198281572589
-0.363851918271375
-0.416839014081671
-0.470729054895067
-0.440947392975961
-0.371315704880059
-0.439485649794367
-0.41226989688108
-0.284060232450276
-0.320994757804028
-0.393850675854444
-0.277150753447571
-0.303150604395968
-0.409674083523658
-0.47511303387098
-0.47032377709095
-0.257983715101535
-0.229346630362111
-0.363164981770887
-0.288640299269753
-0.257751568362346
-0.355377425855956
-0.316227297517411
-0.347828194746086
-0.320939043340301
-0.251141089579851
-0.37152889437701
-0.366159193305837
-0.22848548508036
-0.285309188700904
-0.347052036208398
-0.330722500010712
-0.394711015629029
-0.365159278381703
-0.334076600151983
-0.249009667520115
-0.376941776973726
-0.334820538419287
-0.303899671484357
-0.214814269822405
-0.242878972502922
-0.327484223068891
-0.270080628577633
-0.251542749130373
-0.229556124475595
-0.298402017616753
-0.201040955680459
-0.236099411165556
-0.281310288412345
-0.417712801808321
-0.187001693141234
-0.309332661412698
-0.307308086847542
-0.205329996559609
-0.378573791096807
-0.250570307668968
-0.408859623501541
-0.33256674675071
-0.21640176161643
-0.303361545821283
-0.365461321646088
-0.313126658590754
-0.123719661572225
-0.220014704089368
-0.296281945149398
-0.109773220620715
-0.141083628869309
-0.332217546642229
-0.30619976471068
-0.168104698640146
-0.348481192453788
-0.279677381998591
-0.269802020611627
-0.37281501788376
-0.264655307490449
-0.264341717377383
-0.34130764449953
-0.186962266355419
-0.376985259001853
-0.188551088317533
-0.448527205167522
-0.258335302861883
-0.26325967283735
-0.245986144470493
-0.202877091214407
-0.135100379267676
-0.268517270773885
-0.293876257408247
-0.186154177857935
-0.169547197472253
-0.203987287749281
-0.152525253262248
-0.213409249560365
-0.223884010954971
-0.0428127806938133
-0.298536401610991
-0.195796201662438
-0.18122387235079
-0.233379276849295
-0.068590877059708
-0.221684195247136
-0.270675402956176
-0.195257805532562
-0.207382896947947
-0.34759855092186
-0.193023659674801
-0.232511805533221
-0.236547313052912
-0.117896963161074
-0.208964997220513
-0.158303616660847
-0.12610402382794
-0.19463726574134
-0.170782380159506
-0.118695771547902
-0.154612391371931
-0.221771416935036
-0.238359516835321
-0.130787720680584
-0.0761028196444241
-0.0540715693073394
-0.0910103892456977
-0.240659280974438
-0.276948224029617
-0.0559472402982161
-0.208982235106259
-0.254762751919707
-0.108697756316793
0.00099196626334428
-0.294551657320726
-0.201623185106043
-0.173853240395861
-0.182046337333273
-0.179406514160828
-0.337323827622272
0.0329379831038799
-0.0792912096830759
-0.0740782773357341
-0.0584554954290494
-0.163410961883089
-0.178559021705737
-0.240034985495153
-0.02873599041571
0.0333517689139161
-0.0269934976095235
-0.133541469292992
-0.20877821200768
-0.0406096489381538
-0.10013421634691
-0.0170327672619582
-0.0872159815185565
-0.221903652863146
-0.125315176400429
-0.10577808524031
-0.143900205443888
0.0120943215931778
-0.128632447384591
-0.103769310068707
-0.127103544745983
-0.0132463950141517
-0.0213615031757982
-0.154969679741744
-0.0780246785408734
-0.0289180890940064
-0.164463693222295
0.0139694975159048
0.0430939992027989
-0.0908133944407725
-0.108708960587622
-0.0247063402315681
-0.0470304819104414
-0.210919110817745
0.0161941359361134
-0.0698171576257722
-0.102271552772346
0.120656345828859
0.021458951831594
-0.110215899079436
0.0277785416255902
0.134220192543018
-0.171657719291237
-0.0251123386020999
-0.0884877689527673
-0.071967124417099
0.0515820150828777
-0.147693172477441
-0.178919218473975
0.0198281639653954
-0.140093405479248
-0.0398871776702308
-0.0461419088583746
-0.168972267451705
-0.0843691990450063
-0.0413241007794086
-0.0653081655959944
-0.0278634189464056
0.0730969761847301
0.0159333114014276
-0.0419833448866168
0.126701158839437
-0.108862221111339
-0.0837071307573449
-0.015002846631161
0.0748477271625292
0.0157749701192767
-0.0960297504771003
-0.0188787593117054
0.0830382948262193
0.107129890367578
0.0473962535894515
0.106917067988261
-0.00575295751773704
0.00896230953850803
-0.0458507633426238
0.0553014007519493
-0.0119396506033758
-0.0715622805247531
0.26534712735043
0.140754641261257
0.127323228547936
0.0125754232775686
0.0423164030482699
0.160530479993131
0.0498028507148361
0.0207915946365854
-0.0209972513087086
0.0497019012173951
0.238795538229041
0.175876267901873
-0.0153461142128857
0.0804205331684232
0.0588500509690418
0.113648497809198
0.0814132436335352
0.0448737589760183
0.181027489684372
-0.000315920931050804
-0.00109235920961321
0.0980973892236743
0.0883808023830646
-0.100337730634934
0.0169359063912071
0.203099450743699
0.13655306433586
0.178408840933096
0.101024841103414
0.202073228362398
0.207552546463172
0.154847836990875
0.0551524837779628
-0.00086132890207477
0.135000367593221
0.0608754107510323
0.115611168380463
0.172570434372231
0.124914603509261
0.0918513500768547
0.150053386826096
0.067040870788411
0.0764152181548311
0.225961141483551
0.234826180150619
0.201095421630475
0.148194165984472
0.160102141482944
0.206854368144962
0.324596814705124
0.239291175435759
0.278458886957203
0.167700024295391
0.170552644207389
0.125934722090818
0.163521284444866
0.130617887073142
0.18859411071355
0.10862020584604
0.151977643928228
0.0948616660801941
0.211594537987706
0.0706130431503105
0.250832156619132
0.0187307952963621
0.347946827511619
0.103151242032893
0.251556989621013
0.142682425295648
0.229685474354097
0.258138774391966
0.163297508216729
0.176653990137046
0.305512866799971
0.234404284068814
0.0920405775589951
0.228681270392125
0.155150542844111
0.2514689893376
0.285177363629081
0.276826314588474
0.3109898116288
0.253334958928914
0.127243336706092
0.23224051428786
0.310285031649786
0.212199910633808
0.416330964128865
0.187698740666148
0.170642993166726
0.192838904121033
0.211232543370476
0.129887715758075
0.37478213818001
0.251285934984266
0.269218727448535
0.174261535989051
0.317415934663882
0.241728199542099
0.150683892526951
0.158180351922042
0.339621398604431
0.223992381999343
0.210147006124387
0.16041684157213
0.374909124974948
0.397065950832418
0.331237437961792
0.384757022798293
0.263002833554964
0.210558965887243
0.291079587818388
0.448448937935092
0.168339752407021
0.238574460649958
0.24611088932367
0.247382839605138
0.176743714827413
0.227323995649707
0.248734911270323
0.269435282197748
0.348156152863904
0.197492242617589
0.251928464088572
0.30139032474425
0.258238927759881
0.359829814613073
0.457908839246224
0.265209649616119
0.417652283733538
0.259435297499073
0.418651337356841
0.243379471365127
0.398609623001053
0.32286529265753
0.352994264237283
0.116228641936008
0.453280028064445
0.349764624522247
0.342850044397742
0.319822062892455
0.219822077676499
0.261875112920527
0.298973772551034
0.302176056965209
0.34711374720991
0.193554073648985
0.284010995058334
0.260626388695743
0.363063143244118
0.301337175092721
0.235098433550566
0.339902124868748
0.478578441255353
0.302641483259476
0.372074067520559
0.325605556614371
0.298678046591492
0.413417513476867
0.430011769034805
0.480945227231181
0.280495126739876
0.425654746919762
0.453633262120848
0.385637871740401
0.391487443021541
0.430386268749178
0.464702213072512
0.359462662824459
0.444101552552503
0.493659861316083
0.463796731307885
0.306792725853553
0.44602657075528
0.541481009279698
0.433298001692891
0.3750554708126
0.392951104830952
0.474441780797688
0.643904133400949
0.437858268020685
0.481884628449692
0.349859457470874
0.212392495330181
0.352421550349391
0.350215280473065
0.488818784745568
0.312323582670306
0.436351045362516
0.248296146359759
0.416003709440023
0.416008262985123
0.424709794121724
0.525500055757408
0.475056644492455
0.639240853332418
0.559894799043926
0.499809588790472
0.607104621214776
0.607481996060774
0.411135006133741
0.598526335516511
0.420850816748366
0.427490154420872
0.44640543410797
0.365391277736544
0.439482744224286
0.54535121029028
0.661515214847616
0.716778744016131
0.385062398875137
0.464568055949993
0.415222711829703
0.60050274086917
0.472057235902005
0.487985993723904
0.438093374056537
0.339038381701419
0.428133480079858
0.422729906214137
0.497652546357156
0.556330012770547
0.544891265532091
0.511462664165095
0.446803002364055
0.650426874936309
0.445391596414593
0.454696576609109
0.433993168195744
0.5069666997709
0.47463076470559
0.368532798681248
0.578285099021173
0.539097731925276
0.502438111865099
0.575093292628288
0.536841115245769
0.439932559993201
0.39795219096111
0.512281993442933
0.683392711097539
0.58741870204797
0.473167939995619
0.410996495732333
0.594419961035441
0.508219438145674
0.593249905969646
0.577119822081568
0.50734036749356
0.634017233546549
0.591614075838207
0.571970559320644
0.52193074364315
0.688169406492358
0.513674712222019
0.472078557512775
0.589321971769893
0.627698824798762
0.499782241702235
0.581757791422332
0.571606586611868
0.333429006208858
0.656578271508345
0.486132542194749
0.335307750210602
0.760591832715564
0.629315078066861
0.605800545510443
0.533742881882644
0.493022656519662
0.640635186419725
0.552117568536995
0.667512169568649
0.635499211133515
0.632363228761003
0.608875614738963
0.685006992916622
0.616483420787377
0.61089643564432
0.655361800530053
0.579433123550114
0.666950193719148
0.76276149044331
0.578263476754657
0.490995150303533
0.490497369356217
0.746221336302155
0.687673830817631
0.722227714971833
0.5002774004759
0.632238517285808
0.542296898224205
0.622919288230028
0.53935698136101
0.589010947478922
0.642900167772973
0.749976421038858
0.618210513655695
0.735230163485524
0.614525627163902
0.626436764916717
0.565955827687019
0.548577103490453
0.72196402064113
0.863173318190881
0.683423179692758
0.738867124696193
0.587002536444402
0.755521161884745
0.773512082116989
0.54506636557248
0.686023779338797
0.618090013481517
0.633033087597048
0.623248976540767
0.75384369083412
0.633054765853782
0.634454544245055
0.656672764346985
0.542048181549425
0.61954877302521
0.736366704697767
0.565908171373828
0.836810650156054
0.643704137993677
0.711788257424691
0.58354328717055
0.784501182186967
0.657590574702633
0.73490682344943
0.808794191152237
0.680999939248978
0.79521243774837
0.722941186036378
0.683922723828627
0.758535291051096
0.825547734792418
0.869840670965716
0.624239385627436
0.667361444880003
0.813381119624998
0.851052134571673
0.728511050690745
0.655647832553425
0.655820135528812
0.744718688080198
0.717631095172267
0.66701038128454
0.684676433205217
0.726184708502661
0.833842066394593
0.725499036815075
0.734690260966981
0.824597122052361
0.866896832934777
0.729969700296232
0.753530978953863
0.702203627636765
0.701189023844657
0.610811127974541
0.735897057324041
0.626930093193891
0.764477799117286
0.651365048828844
0.904399311383797
0.9078158912533
0.783723323488301
0.898973895279393
0.780375254527012
0.841727621826857
0.792933216599257
0.698906549464752
0.732804836307312
0.728496566078108
0.731602974339415
0.694720543743794
0.667690974793051
0.633876089442157
0.789000545845854
0.701124574882585
0.76034451592128
0.736082857805615
0.764164737438286
0.720956959659868
0.7470652475925
0.81237249759294
0.853962214471138
0.81413528847479
0.816604864269417
0.719174686827957
0.878009683652963
0.921498938051876
0.977232454853705
0.817215082656629
0.82373556326375
0.895907040171133
0.758155190694555
0.937357029201376
0.794326711649632
0.833654983329451
0.909294995485178
0.952895104974519
1.01228121043921
0.836586049066702
0.812965403860166
0.785141330695218
0.729638273396428
0.77604841892853
0.910162718854936
0.946424701822431
0.884239183843386
0.997149649854029
0.784287433083663
0.913096861727343
0.921462298196785
0.740988167347727
0.772590751647391
0.905243435419556
0.824931346917252
0.884817742189267
0.953961373867677
0.904315680345776
0.927328824960167
0.888515741455796
0.883227215590066
0.898063828948467
0.936554842768047
0.87245139798253
0.980800361905284
0.851720080456797
0.890414267936328
0.973291211108771
0.787129593084278
0.949208163775984
0.906134292864483
0.719335023203632
0.714465078280141
0.895537501411001
0.840783564715284
0.903652267049962
0.814574892861409
0.917912117352765
0.912078592995234
0.987109776106054
0.916588959357902
0.964732923251435
0.904091794198758
0.8130015051028
1.06584744333417
0.954098666021194
0.945783117641167
1.07777487013807
0.871454814182983
0.895614598155984
0.983533188502066
0.976784775321852
1.01361234100727
0.832153388336819
0.972648831802748
1.01970740678498
1.08414335649718
1.04068451017969
1.15838881416504
1.06124807069461
0.971822688912995
1.07105806578373
0.877209418016918
0.953133975375012
1.00713722745963
1.05089374523248
0.948656070229597
1.19424960886397
0.928300389559767
1.00046507461219
1.00023424255528
1.09725798602064
