-1.06536915377486
-1.03199607551235
-0.823260081381333
-0.921726872877105
-1.24519456882044
-1.03254050254058
-1.0360329603425
-1.11530256020507
-1.16895631129887
-1.0512234721227
-1.14904877735705
-0.881992486474419
-1.00843501065058
-0.918611545815676
-0.989609706151042
-1.0380797674999
-1.05283402754518
-1.10611853975658
-0.922024112519063
-1.01766216147926
-1.12530005871242
-0.919519721646826
-0.820384409178243
-0.910109269193413
-0.893176731707079
-0.94353886532303
-0.91696282460102
-0.959398444531212
-0.968222746164242
-0.825469805090317
-0.838724016547234
-1.10272877541784
-0.836595354741544
-0.81058244244439
-0.865303286320895
-1.01621333951516
-0.770259616680745
-1.08751816952452
-0.929974442232294
-0.758267930624167
-0.850744901695193
-0.812477052260236
-0.918624018032374
-0.808452900702034
-0.818392388791205
-0.987041911007182
-0.789688703901889
-0.887967228954024
-0.865224734045265
-0.851004100131254
-0.906482521341064
-0.932554947746947
-0.944599655745778
-0.910867340086805
-0.896595617951532
-0.935432311253374
-0.917385211726435
-0.888150076863594
-0.933140875934472
-0.999677383490872
-0.994739548498894
-0.825705666820702
-0.821184863953169
-0.878099326669997
-0.864516622469624
-0.775173625538091
-0.829793390003133
-0.841903524406196
-0.831600412209077
-0.841936581964135
-0.87088262190817
-0.933129831917069
-0.69980230588044
-0.788937840409859
-0.850379412012898
-0.842378465211442
-0.748351698665533
-0.965097721272855
-0.836887027613804
-0.802785108185499
-0.850994901753675
-0.913656835825736
-0.80529508252804
-0.875480839106598
-0.829471218449484
-0.776877408310271
-0.785027830987104
-0.95144116614709
-0.939501446966844
-0.891162597852414
-0.795658940701973
-0.882185769076527
-0.885845993141614
-0.768651085153373
-0.892261043603905
-0.900255411725215
-0.779048229726348
-0.925098630836932
-0.766673456153011
-0.752467551949032
-0.670922885383461
-0.965519757224149
-0.558734806094952
-0.826199143609534
-0.824301112046541
-0.763046367669153
-0.625401834992133
-0.736251426075992
-0.695325847140707
-0.60398441764067
-0.833480066451386
-0.686762923675433
-0.731757601181365
-0.743943614873627
-0.820873904054216
-0.698945631347236
-0.783593620414566
-0.736478244630753
-0.81729820470254
-0.683444353559874
-0.697524656139748
-0.712963418059336
-0.76211643359051
-0.830764981976435
-0.571810942626571
-0.871506982934686
-0.833767958711102
-0.715289593216156
-0.741831494224916
-0.905102753847264
-0.760436961641521
-0.729045381925959
-0.771552707252401
-0.639260852269022
-0.638053421046509
-0.60830460163812
-0.767888260057434
-0.697818556749203
-0.622634322044775
-0.651723574824812
-0.682183017053165
-0.619164955541877
-0.803964780292477
-0.745469643563465
-0.782085771017521
-0.677131847070966
-0.536769604176385
-0.630533324782376
-0.683426085642533
-0.665855192796064
-0.619163090161539
-0.726843028371646
-0.695916639885434
-0.693859881105031
-0.647337375522999
-0.720609191912492
-0.784324623850825
-0.72585555478242
-0.670709582900148
-0.755155189300495
-0.696855551475062
-0.848802044947276
-0.725132989434612
-0.657392246504508
-0.628433874371534
-0.59763558967971
-0.521480154882564
-0.653141777221368
-0.630082623159099
-0.704512514473961
-0.750936575875806
-0.783947516165512
-0.679053267568588
-0.771881574218224
-0.740316961687039
-0.501625493842032
-0.63437741928323
-0.660495217934267
-0.70135678201226
-0.668662720412877
-0.623344542744992
-0.704926899290919
-0.686375246367011
-0.644755321596208
-0.534011461401133
-0.611615497238136
-0.704577920673372
-0.70880164590548
-0.574350843353833
-0.720118308651141
-0.771358201801368
-0.626087416567103
-0.599440010921471
-0.591679268631094
-0.656867323652914
-0.640318974725135
-0.668115787920275
-0.30975731679933
-0.643352032477439
-0.651346705514862
-0.530851453792136
-0.568396445774189
-0.646616987199749
-0.522520083732097
-0.668733119015359
-0.622873211518614
-0.756276892493458
-0.631302374297538
-0.608901356244601
-0.522253508164216
-0.600121729247068
-0.530764538413242
-0.406077305481535
-0.522966847053256
-0.515535126782885
-0.545653525025032
-0.703085930640512
-0.645951726607925
-0.519329125671912
-0.61002142354905
-0.516198477092381
-0.520240891044112
-0.60282284476999
-0.493636304010563
-0.61213358394078
-0.615115248791189
-0.584696835635063
-0.484275094183399
-0.501771839428878
-0.598722116861748
-0.531671743827512
-0.502608675608471
-0.535157375681742
-0.583687562459773
-0.538746169040787
-0.433232514103722
-0.441297577199167
-0.533018563257447
-0.552473744164321
-0.615489117817099
-0.466907510249617
-0.389436453281726
-0.544363058655311
-0.316243233512896
-0.526432348485554
-0.590778589064927
-0.548910345720642
-0.561632618205303
-0.325278457911433
-0.553311438798913
-0.426088413600585
-0.46494159979912
-0.523240411631725
-0.496684826977668
-0.368498490283132
-0.467531686712354
-0.495845319437994
-0.371910699814765
-0.582054537527457
-0.444739254949752
-0.432463539623734
-0.425328082113507
-0.570538153435688
-0.4200589306939
-0.520971386291008
-0.531308633893855
-0.535701595017751
-0.473052671221521
-0.484213243193951
-0.607898158617029
-0.511402715180024
-0.4799667412411
-0.460339551176049
-0.43572603715421
-0.475154126100343
-0.65096861534828
-0.590068019003645
-0.21843519751181
-0.523463751460098
-0.357137739850557
-0.420286462740957
-0.518359745241246
-0.463859200761892
-0.375139262373357
-0.381816064979802
-0.418919956805568
-0.502325944395071
-0.470377829859471
-0.378137072675191
-0.367386339529053
-0.459096619114382
-0.297844409652198
-0.392982607671425
-0.498243731257549
-0.433589385115051
-0.488976482588661
-0.492767386602024
-0.286790421463282
-0.402158480378345
-0.38800602473713
-0.418282673178153
-0.398599322329009
-0.419231069915693
-0.395610879867639
-0.510351501837629
-0.551968991985427
-0.510535611242657
-0.372228268337935
-0.384594392794104
-0.385277807608865
-0.415995185055346
-0.278785013478902
-0.456488718473638
-0.298504319503325
-0.258575730642115
-0.532985623290682
-0.28304300071177
-0.396032808290617
-0.343817173998593
-0.242035782900716
-0.387471138573397
-0.501594718318635
-0.315555591032959
-0.341845782734497
-0.230154212132437
-0.277880266909343
-0.372438832596831
-0.379366705761106
-0.409317263855385
-0.586871496949811
-0.190120240522374
-0.257027961643155
-0.166819525192415
-0.266512477041463
-0.37568983828789
-0.400024544048503
-0.165811319040763
-0.44168156112097
-0.29761596319175
-0.294874617968787
-0.375426185073064
-0.396659271291735
-0.308604193109562
-0.410763319182808
-0.224597301256814
-0.286941504074307
-0.206336190112355
-0.344147686156777
-0.346220099499916
-0.216821296059638
-0.266142942395054
-0.3018412237002
-0.324472908738111
-0.410896107680016
-0.232888984882333
-0.110702676899833
-0.104005048575301
-0.129316242102346
-0.204997173720442
-0.487713846239046
-0.195868799426386
-0.429621459912975
-0.294157655313306
-0.315375363317411
-0.226823427864406
-0.287339223245178
-0.303003887118223
-0.416866420597147
-0.201216456793208
-0.31378801654402
-0.204327224945413
-0.398461879769764
-0.243495272965537
-0.224854787417316
-0.28383208292482
-0.255465910981225
-0.407368055896327
-0.119688704259797
-0.0924959922569297
-0.233302851154603
-0.164002594993141
-0.167070854842682
-0.388117790318715
-0.304133725955928
-0.294699626041587
-0.234653560079495
-0.181646945373943
-0.275763895752815
-0.201587994674598
-0.17067009188971
-0.304390029821626
-0.0506336296700057
-0.26501876418038
-0.166839294869244
-0.217102051624151
-0.0949455569840763
0.060854859634423
-0.317215114970697
-0.201210062459285
-0.161943606034069
-0.223441485434239
-0.223968978371171
-0.0747244244045069
-0.152114739484319
-0.337561452859885
-0.185314484914751
-0.218078916897946
-0.141137402541063
-0.26573936991897
-0.234428135468117
-0.270884076964441
-0.106254808215655
-0.122377551648623
-0.16498648575031
-0.194102834252841
-0.152906648452597
-0.0916602362373082
-0.136665209356006
-0.24508147560536
-0.113258814531462
-0.284337242684578
-0.202953894637078
-0.129092411928195
-0.0686139932105135
-0.137392904488365
-0.29532918217341
-0.0955432232319858
-0.143218408676856
-0.147439341774347
0.00802772925486599
-0.055502377257754
-0.17678063907817
-0.159965738408655
-0.195894815675131
-0.134579755084509
-0.262357004139037
-0.203975497395218
-0.163258564010959
-0.110740656435159
-0.194808714546566
-0.0111087021413386
-0.167902108850069
-0.0672481805538065
-0.133661627187174
-0.161811928452565
-0.0553291827292584
-0.145888003481075
0.031813421531446
-0.049073391004714
-0.162643937447589
-0.222722946075914
-0.0697182308224575
0.0255743183548319
-0.0752292092982523
-0.0201812390378064
-0.0997948694496873
-0.0320151019305276
-0.038639856086858
-0.0259602171559554
-0.135707382988988
-0.0312378067353636
-0.192110087062794
-0.0117834325107935
-0.119938020534236
-0.0937298488931141
-0.0666379721096645
-0.102319451984557
-0.150418834811983
-0.120156863768717
-0.0716451905547891
0.00675799415857764
0.0168069520102686
-0.03034689398443
-0.0623860745247978
0.0597034514252865
-0.0282703944994596
-0.130647365328278
-0.0206052500501967
-0.0622470730338321
-0.0273445942172924
-0.0891243371994985
-0.0119347969156537
0.0402588951770238
-0.0627798851557572
-0.0512415226962836
0.0467992745677449
-0.0448277953495754
0.0872272856627416
0.00779382091913869
0.0111897952216031
-0.138017584333694
-0.0799425840066228
0.0479666793206426
-0.0792990255322913
0.0520343055160877
0.113626389337838
-0.0846079062624543
-0.20634324618309
-0.111946366620063
0.0246871455063141
0.0598167180847706
0.0666373454127566
0.0927990383294126
0.11176298329372
-0.0173312154556929
0.0436638416314475
-0.0562762542538013
0.0108587807112332
0.119492957775646
-0.0254175461932738
-0.0366360622748636
0.0321799653069915
0.0475668885553733
0.0218332512702945
0.103753686313472
0.0285393330198275
-0.143741652508562
-0.0133636247064926
-0.0140141601170489
0.063960839042268
0.0300397728492609
0.0991888007281347
0.018415374338122
-0.0795670108304768
-0.00301391837347347
0.0204155336409956
0.0208964009777941
0.0704851686125486
0.100424019032159
-0.00296026898139403
0.127011830695321
-0.0634151433792878
0.025214273554023
0.143672455143221
0.148296960958437
0.0987229035857498
0.151130457932925
-0.0489417633363958
0.120258615979564
0.0126685604823875
0.120958093742413
0.0850721194894051
0.0194629457891576
0.0720430749007294
-0.0610708710991361
0.0437873350315338
0.00503984491458353
0.190985549712328
-0.00567686965887687
-0.0099549582495495
-0.000297002626999612
0.0332048236850446
0.200899254068112
0.162341514269001
0.108135456377674
0.0594756423666131
0.195714303237388
0.119017145270087
0.137726840888072
0.122205630263413
0.131149716166303
0.138632540355843
0.131118657251416
0.189574394145947
0.160528677087095
0.316272122956342
0.0910307950705516
0.120286231132644
-0.0832037987757632
0.00828492987282435
0.255989300577773
0.120746993990519
0.288585278374409
0.170692925486539
0.0441154073276166
0.165885879086203
0.113902254417893
0.130411059792102
0.240064772099896
0.203381621736989
0.0532309816796355
0.0528972599825661
0.111125659283363
0.27824139711908
0.0759888905565434
0.121432376594964
0.110712424005569
0.251991010741712
0.225776020863217
0.294436120718286
0.0707643662259479
0.358456251406873
0.266540305463396
0.127267514436461
0.185926416987146
0.241876252779528
0.191355939338042
0.0903623927250836
0.209588029059599
0.126817790748971
0.197422817573471
0.138559501715721
0.205889325549982
0.105457425274263
0.326626099946205
0.337466793074741
0.232060355891483
0.277613975504769
0.353522876011295
0.138834718672386
0.28061723436245
0.193698804195121
0.277798597397333
0.324788233698415
0.221720425653858
0.162493000967401
0.0911305345389223
0.302485880676292
0.211022471721081
0.269811371586909
0.21225611404836
0.182599148767133
0.249643642964012
0.13762329005321
0.112502167629332
0.29322464690608
0.27002711921271
0.290254224398147
0.396706483984835
0.287335078420778
0.306071612918394
0.243303810649149
0.259488521192626
0.230718621561845
0.290355524223958
0.289291068127536
0.343975036528608
0.322308681412131
0.398050551267111
0.142690628395545
0.343110433428919
0.351682321074732
0.279441352586032
0.348571429957432
0.227641497381294
0.303504904796612
0.326656851949158
0.282382295220855
0.355158460945211
0.269228759126042
0.288585936379192
0.299719170176958
0.350911758600835
0.395244407161986
0.2898204820825
0.256445836553109
0.342908182348182
0.349836330275749
0.251894443673124
0.303073372954871
0.316473976543131
0.190995656341687
0.332968559800846
0.338431355498891
0.353677466718896
0.45831330581057
0.359166886423657
0.364130337369695
0.2946217972822
0.275656581048437
0.253417506218382
0.40392260111193
0.311555715961078
0.21607295857098
0.366668116093006
0.373835924551717
0.256019622198074
0.418369685803236
0.395698241163772
0.318619900117594
0.257199602271943
0.372393243093363
0.442549540348917
0.320014577586269
0.225127916550593
0.300665199623478
0.33630147430027
0.339068486725201
0.485602603856943
0.535116327342701
0.280056344970761
0.350463853053568
0.189251174358456
0.493402193861731
0.381051912611278
0.297841993237789
0.379917158510983
0.42778225558154
0.357385812678758
0.511257150301224
0.304249648712075
0.532043489782243
0.419495061191119
0.370849621056367
0.478881611451689
0.510937740431155
0.226818192313442
0.418579522097926
0.429626164241018
0.435934587174376
0.441891227508033
0.598644307924217
0.363620736673894
0.429267119963536
0.403856191493625
0.368052284189658
0.481587084177846
0.444330488798259
0.365629679426731
0.405528218694246
0.247528613727613
0.496798063612363
0.42492167009128
0.436464945463111
0.413344284648229
0.417295897437164
0.536896564159449
0.343618522561867
0.316508033987283
0.373218351775854
0.315614309666589
0.435428660149531
0.371082766782654
0.286585240024669
0.433890964447839
0.508306016758994
0.384711828775938
0.526599900205459
0.534545336570248
0.547149678908692
0.510487492726952
0.461462633724217
0.646552478306049
0.36796915529736
0.545806443598439
0.557960129862083
0.46040669603935
0.4590731189207
0.436341984169805
0.565759649701603
0.496871058096173
0.599127307041857
0.466283549013022
0.582509248663192
0.546308706277085
0.571496096089909
0.525677765131285
0.603668501307212
0.652286541929564
0.599207327035048
0.468140138223272
0.498863408620837
0.541072219809092
0.432771360018882
0.630759486110541
0.577548325452069
0.712099448197425
0.592184180254076
0.489558623381351
0.486271388482944
0.649389276806675
0.515786763600697
0.39615365897403
0.599605846431591
0.549969624921755
0.579856565772451
0.482129485631996
0.62181411792528
0.714641924403264
0.503960650270295
0.585975182643031
0.414426795579424
0.488278071668853
0.698318777645737
0.665011377693223
0.643086769376562
0.585223262549643
0.678442301952767
0.594218432822267
0.765611534333267
0.570734046365558
0.466307223005455
0.472380607119158
0.54280828443028
0.46286467374961
0.667333103605582
0.538177068528265
0.412595078351702
0.670101379712106
0.465193736876636
0.604372140194528
0.517816743271075
0.59596183706111
0.630323503906601
0.492479732903754
0.74690477851502
0.591344410760226
0.609248269335307
0.733582661607987
0.63363195293575
0.557436596885468
0.632845135276608
0.55174586129126
0.63846562663103
0.522214332226251
0.600217972887059
0.700529913784427
0.534026819884104
0.665640413856869
0.533298761036687
0.667384512793943
0.659362141011139
0.725141365001142
0.7016812920699
0.787119961075649
0.70214105411058
0.667767181200653
0.742306676718268
0.668732825239036
0.722982743284564
0.624286361325987
0.783703999534685
0.641087225901656
0.67529927722584
0.694696331893726
0.729363233690216
0.843483067563401
0.763228818606677
0.690026476593824
0.642213879325904
0.69127477009809
0.582630596290213
0.664350081585856
0.658427547604975
0.643743482047673
0.73129361321587
0.738855520660618
0.545329830132158
0.70497371205138
0.666878565121077
0.735293716021134
0.813540121256959
0.62371692079279
0.800273824776889
0.746368593393229
0.865473473121159
0.684859755404489
0.742111749623632
0.575725273051537
0.736712323060519
0.676328425007678
0.83061868697189
0.649500519558065
0.742773911331405
0.780511224861417
0.798181087253201
0.705515144213664
0.740723133889653
0.806844377366794
0.692506300277289
0.770846730013641
0.72644343730154
0.72849752421041
0.814653035765176
0.692708054871883
0.842677633541569
0.713152918724226
0.787248926284028
0.645129405419406
0.689198514121267
0.678572710117149
0.786723682211797
0.848198400832065
0.83095272850069
0.680599497609924
0.753971029791348
0.704752623035855
0.854097414745507
0.6962800924129
0.785267436967745
0.778681031096702
0.688023845225417
0.742972212000714
0.705579357704621
0.648566774014647
0.938923334817971
0.651667756166751
0.755962886980223
0.83407716599604
0.738777329381915
0.739598032932272
0.714546177530341
0.760632797537134
0.719963044182661
0.935612978952157
0.874407705725998
0.717311656479497
0.921331100020328
0.86245689610694
0.973548995039831
1.01201753494213
0.812460358514944
0.783287077884781
0.743205107382293
0.847339298746713
0.820860038965666
0.84431640811075
0.79958168999998
0.990010330652373
0.783985371492597
0.759566851823947
0.793701745886748
0.904394818079728
0.828519631524006
0.893506144853918
0.836627514185596
0.921773429457661
0.89283553880372
0.829966734079057
0.780026188552973
0.791750235623307
0.815630336725822
0.831165929970813
0.786619586786735
0.823638615470598
0.907947299707102
0.929659600780581
1.00773841627416
0.769293617544812
1.02166828313657
0.71194905151171
0.957244046291391
0.997060573416943
0.914190993112599
0.977538961825525
1.03032897288986
0.866052975805384
0.855716056349236
0.989473465765715
0.892937191309306
0.92036528962189
1.0381173942391
1.00189283187872
0.938640010903317
0.885165046276051
1.07608322306688
0.956054615782226
0.964641137279516
0.958920906207658
0.934941693116786
0.955651622916903
0.93184227341892
0.866215024533391
1.00080120150659
0.883426859490587
0.904435674161884
0.928607528307908
0.925017590275349
0.88434244705072
0.889097864970975
0.785479153937268
0.811710505069432
0.930113466234624
0.967152582133172
0.947637985172257
1.06484295142929
0.967025448662512
1.03884301495153
0.954374755510855
0.978686745327099
1.00095836936293
1.01081378015406
1.00173113012661
0.9097207162837
0.941655249994328
0.94870818502556
0.971425379867911
0.906979749456995
1.03821836392317
1.09819460895234
0.847197590402052
0.919005463684559
0.977638984985418
0.918108417301693
1.05435605018672
0.95060755331022
1.00065038507148
1.12479792049102
0.918846912367029
1.14978205061296
