-1.01070530069924
-0.892453063464018
-0.951165758394011
-0.922717406648823
-1.01699641372641
-1.10262030603051
-0.974959304780076
-0.818991093977591
-0.882672783320034
-0.963972908281776
-0.986645374447247
-1.02958734736808
-0.979932543770159
-1.04452766150996
-1.07076204991462
-0.983415131001027
-0.985346384518472
-1.17163756652166
-0.998168068877094
-0.995269275202481
-1.00416352950604
-0.952275600387696
-0.86670836617502
-0.949114992569638
-0.836476609111235
-0.948952665494688
-0.896789434178018
-1.04660267619524
-0.938737015615587
-0.764297841644974
-0.894804987208146
-0.870971428770315
-1.18050899438341
-0.858775563148664
-1.06377552546586
-1.04800095141264
-0.829444871089483
-1.08400245283259
-0.936394001205055
-0.810071230969212
-0.987856248919763
-0.87582782322614
-0.701424733192482
-0.744790407860514
-1.02138893602816
-0.849551394665107
-0.984021142308047
-0.989247765477985
-1.06106337457639
-0.780263537170607
-1.1240370584977
-0.977707480189922
-0.953158188971729
-0.716778199613061
-0.921322939747633
-0.801132905712612
-1.03153819343201
-1.01213774396468
-0.762789668729787
-0.925162819597086
-0.798246549830213
-0.98901512115856
-0.840805151574803
-0.852889724308877
-0.854894941484161
-0.803556973973607
-0.798559249174801
-0.928837703126725
-0.825522463640565
-0.804790405592292
-0.914128020903242
-0.8093703829709
-0.942037165971639
-0.67859030423889
-0.759069273431156
-0.72641068956202
-0.852335177775729
-0.750140851457654
-0.806140240429805
-0.809451136092206
-0.847397761676624
-0.764654690408148
-0.894526517146575
-0.764161632422806
-0.772394586534976
-0.690638299484224
-0.73131568728256
-1.00045589497713
-0.859570927492028
-1.00100725033621
-0.844068803304173
-0.788407037940152
-0.931260856962816
-0.774323833142229
-0.813102624337562
-0.674670102742183
-0.798914028704107
-0.910989188895556
-0.738303935924411
-0.790097493579646
-0.786393866190981
-0.846613291749379
-0.843871738271776
-0.812319021684794
-0.820050622878488
-0.839513586840173
-0.806473341161864
-0.952113348972115
-0.761366484366358
-0.765159188103345
-0.776236084954099
-0.838259779537547
-0.715547737406699
-0.807336959056894
-0.757852957699666
-0.655668411819297
-0.800705558711931
-0.63530752416902
-0.764559013430724
-0.671543828262305
-0.739032492084905
-0.829801787731424
-0.721143936050268
-0.865864945710253
-0.665163464455779
-0.642272202276574
-0.806631941915089
-0.764113720331108
-0.861363126538896
-0.676609140874509
-0.550601341259071
-0.750843151623757
-0.645970421919671
-0.880469050660873
-0.487544296664288
-0.739403361918341
-0.737656366179236
-0.773707052916791
-0.671862882976719
-0.659844146562562
-0.564315820448584
-0.575809676816356
-0.67587260384288
-0.657221011959528
-0.82958648912756
-0.803382354323735
-0.743721867354761
-0.698083475147879
-0.663235310567018
-0.837475553478174
-0.697884248923596
-0.735126417757865
-0.692325223327155
-0.801771901214807
-0.679357585867809
-0.630075983493726
-0.743149396582616
-0.603303347216564
-0.639606404529513
-0.700894668776732
-0.631441962270448
-0.663955416178705
-0.752360827375899
-0.695974463280782
-0.601165678078383
-0.606061216716216
-0.869354252282375
-0.538609664462423
-0.709950489254882
-0.650226839771336
-0.683831375115331
-0.695835523758052
-0.588295411954481
-0.632791682050237
-0.58884850719448
-0.657923140416285
-0.662996760415734
-0.501374429823069
-0.792632305027867
-0.647983420931036
-0.700291922305707
-0.571770253191338
-0.646181890441389
-0.558918774367467
-0.588161622425681
-0.575251915069856
-0.675461375098933
-0.523732950415387
-0.652360289317652
-0.598668791117544
-0.499622177582822
-0.717373694171178
-0.660597437411317
-0.625189337548385
-0.609857966682169
-0.739915206534539
-0.572240216571389
-0.605964102009041
-0.664741587696155
-0.685732036086544
-0.484765774207229
-0.559453784082951
-0.720560492288737
-0.603425011812521
-0.702189169333477
-0.636219514628396
-0.761083106209803
-0.631807143445722
-0.572628772130422
-0.516624665404247
-0.635912140161901
-0.57167745238485
-0.580277798049758
-0.540638201535741
-0.575188107750744
-0.585359847005624
-0.568705531692571
-0.606861982755973
-0.605034373351923
-0.688171731285305
-0.530100722980449
-0.593003098359506
-0.589902959467167
-0.589480424905284
-0.464064570353325
-0.459194439521849
-0.644017499050379
-0.561941828965589
-0.573013432433511
-0.516261142002091
-0.346030449845355
-0.527032454662108
-0.38778159218858
-0.611855068072816
-0.440543637015379
-0.641235604556395
-0.503808231400092
-0.514012208332274
-0.520056289252884
-0.606405051539289
-0.491190956488542
-0.535287783614382
-0.629532307338834
-0.605135074455884
-0.435957135681922
-0.460715377289059
-0.44310795038757
-0.566207324751123
-0.412711479538351
-0.460520095536873
-0.506866678196483
-0.521595124512912
-0.410021096205308
-0.577932787974895
-0.619141433842956
-0.521620773230864
-0.462665567153916
-0.438700736985817
-0.436633637750458
-0.338818693042129
-0.423173624198294
-0.616170475408876
-0.358071771331522
-0.585736319814677
-0.551853376560626
-0.487338841983406
-0.419455650465662
-0.28289807215377
-0.348356978920538
-0.287521678131085
-0.389079708073576
-0.424400171631524
-0.496160708145527
-0.529486893087546
-0.376034431709711
-0.491658015121022
-0.521470131687743
-0.437286477776194
-0.430050043897365
-0.475094694589226
-0.499534837465494
-0.376988808439993
-0.524990680339088
-0.26822051272244
-0.387992125394341
-0.389546509919282
-0.4707594029347
-0.465992084091715
-0.482010613743046
-0.330141798160269
-0.401361166826094
-0.463696792041583
-0.471984456797224
-0.408429582452263
-0.503017312587655
-0.292591097254476
-0.432814640548904
-0.438715595762334
-0.604879144458331
-0.415795896418161
-0.4316793641958
-0.401218109041112
-0.286592166554147
-0.298907787427206
-0.376644254634541
-0.356224229479768
-0.308274386903202
-0.272251610933583
-0.337543361915225
-0.330050476571534
-0.517060481445623
-0.433223752418845
-0.152436457190293
-0.507647465822046
-0.324441889793613
-0.371353209077094
-0.382125169624594
-0.419126144743586
-0.434994181107625
-0.359054871929717
-0.353831517018195
-0.344440909918733
-0.263639076765466
-0.346793890838479
-0.322579108781489
-0.28865882899311
-0.107110811144196
-0.279127615092879
-0.360664556269691
-0.159723215176012
-0.524020555157298
-0.394340686907417
-0.301249060186392
-0.25666617957321
-0.292746645695943
-0.234671384563909
-0.409008875895621
-0.31029376077609
-0.339997327291024
-0.35537821520918
-0.310703111169913
-0.220890483776294
-0.258527992076699
-0.446661665689035
-0.213490786360191
-0.187827217735565
-0.211234535261911
-0.19904365272415
-0.332133590336413
-0.28883299164457
-0.203061857715711
-0.392082567030773
-0.222220753187191
-0.3280697288307
-0.299193717061922
-0.281502746741999
-0.237953522668094
-0.291902319736257
-0.240952081071237
-0.30809875211142
-0.395929528079309
-0.325726338120969
-0.337128442099453
-0.205367875823708
-0.191655564133645
-0.166671418398742
-0.329758888652707
-0.258519392375276
-0.236585210333128
-0.152481127581499
-0.29896802386781
-0.214133685088634
-0.445296069311613
-0.187151362898031
-0.330637840558076
-0.301305851171501
-0.181057039022372
-0.273883558362178
-0.214561012063937
-0.255492850346257
-0.360213532197988
-0.253752518459789
-0.248962163783497
-0.361225301315969
-0.291154572660459
-0.275474969455281
-0.377665995549299
-0.203929134558605
-0.0858950991195379
-0.233767220001587
-0.169005994061044
-0.287244679903912
-0.0851551402995407
-0.12895777465496
-0.276301814476548
-0.306270143148522
-0.116878918498399
-0.220021915301574
-0.3677735312625
-0.135279251248207
-0.203485780463968
-0.216956312279563
-0.209247715110032
-0.253673577747516
-0.311252597162121
-0.124321875858265
-0.0712288534277244
-0.330868518053818
-0.117321291181097
-0.1364301606303
-0.128643913364029
-0.202874956701787
-0.172148391488215
-0.254508855943459
-0.226158708634034
-0.0615018409109371
-0.229611205763108
-0.326066048798804
-0.209347489508977
-0.174510959959729
-0.0505528788254426
-0.223266917095273
-0.185746797339478
-0.197892546257609
-0.271941455889583
-0.192548338891401
-0.214193269840899
-0.165991809419959
-0.101238563465266
-0.0730345734534586
-0.119898281923412
-0.135714330815682
-0.232499077700882
-0.122698631628154
-0.0631158481459966
-0.123865178296784
-0.110536253899535
-0.377319130152787
-0.0789626097740822
-0.191633370806301
-0.0578015546135562
-0.145059184188132
0.0172478474869436
-0.111406078888842
-0.0779613426941468
-0.126809221075458
-0.114789082849211
-0.161897951755998
-0.0679052927470787
-0.0412811141622827
-0.2471592584755
-0.160766480739773
0.0588436792307801
-0.0489849374386893
-0.0125627694553128
-0.0893848344263268
-0.080739861513716
-0.0620574972593025
0.0336240545772453
-0.011821044504495
-0.0668375208017805
-0.121652547236109
-0.0461411646070369
0.0185814392578107
-0.0912797702871974
-0.101622792879465
0.0787592475754203
-0.166666519482747
-0.0242841801091742
-0.00758199941882585
-0.0829150984043985
-0.1403780742965
0.0442402210329674
0.0289828601093639
-0.0516519954492085
-0.158395101600287
-0.28348171474293
-0.0552900465546463
0.064134881513799
0.00433594707262053
0.00590501331697182
0.0492079188154065
-0.114075241448315
-0.0791582902499474
0.0534849008211559
-0.150901573395879
-0.0999211111304957
0.0968894511415238
-0.22864626230616
0.0510394170669474
0.0244674902454442
0.11782669344554
-0.0953621989303
-0.0550896548167783
-0.076840463768392
0.0918955737727975
0.0182480211540721
0.0312157566884071
-0.184827850549171
-0.124343539768026
-0.0391567283419736
-0.0805694103864848
0.0223347644388303
0.0144595150918263
0.0672351778636632
0.0773346701438701
0.00371638799583502
0.0813309233694345
-0.187845708746448
0.014299170521932
-0.132073088188799
0.0634699395722476
-0.0644995896449944
0.084287934124886
0.0652810831698181
-0.0233800513137867
-0.0849051728905249
0.106037579722357
0.0475488827251667
-0.0276952233031139
0.0395185646215227
0.169937803098889
-0.0757168990324583
0.076471265001881
-0.00426810228927166
0.0683434223334417
-0.0716985464233819
-0.101529700277441
0.0789509383101312
0.102315938853117
-0.0348744782206967
-0.0811638509681324
0.144084227919359
-0.0109698165552473
0.0652033924411386
0.0323396030175536
0.270510186881251
0.0864268893560433
0.0260352603373595
0.0350785062549159
0.174494037552953
0.0403117209588218
0.064540763595448
-0.0392802101329577
0.0209796236465951
0.0775253078259688
0.087821203533298
0.072741740582406
0.0958441434717214
0.221309477348549
0.0859925950248984
-0.00460267407486442
-0.074156644490598
0.0324983090133873
0.147598269842334
0.0807288501024947
-0.0340214207396363
0.165463489297998
0.19170191499999
0.0545400102845901
0.113215162728858
0.0934160308222759
0.192825868204321
0.272585023026638
-0.0342800045101517
0.23740316118863
0.199370520065284
-0.10602623273935
0.159907259830493
0.146019687180271
0.0887586973709763
0.159640694261282
0.212543702729144
0.0822574839647475
0.0435531170135815
0.0813421044069861
0.334556244148921
0.256778570037936
0.159523135725362
0.187979771901973
-0.0324297138210054
0.25453642822365
0.209245056104659
0.0569099659767931
0.0957886517080027
0.0690424797373257
0.152063338392018
0.19755830330476
0.214469552846167
0.0633029358278957
0.110090153401693
0.299883708371356
0.117733614597845
0.224198420878262
0.0822269418525918
0.210413629129992
0.281446747441933
0.248759226961734
0.171714988364904
0.275238760886739
0.150215237966994
0.322040577491332
0.164016131818467
0.316851186364918
0.207025655525031
0.017922144398287
0.170191454054609
0.29404429197783
0.290840656827136
0.344325992820582
0.186661517078068
0.193038492866809
0.368727257007414
0.307651410030606
0.311135689973047
0.147416505546424
0.107245585766495
0.285251092613919
0.276676753553079
0.0237151812276296
0.230945958047584
0.261373966710411
0.190630406677085
0.292924455015801
0.199433869695346
0.291832525346086
0.129157540404809
0.254518097011062
0.220642753806202
0.393567104184803
0.406892458232145
0.262583028525245
0.112764936844196
0.270599409289695
0.249408859321129
0.344889133916309
0.127129975072602
0.425505853127036
0.293446060603641
0.233258672082955
0.161422045485596
0.29386389613497
0.278573399076785
0.27032315291627
0.166853129938837
0.25883494101275
0.274843279132207
0.354460392752177
0.22986625335065
0.310301918327032
0.398645011224325
0.287873321198877
0.414474515826024
0.433757292855527
0.328805744492231
0.339328484245581
0.310680885072155
0.353814027492236
0.410023791003814
0.255407262467072
0.300880348020533
0.298806442146312
0.35611593874014
0.400470259828191
0.5559693922417
0.4114433204318
0.350477406555681
0.327646102611238
0.279393437732294
0.478024923228249
0.320972261938798
0.40960777847957
0.345464122906359
0.466006083480321
0.213318949687499
0.417556491558314
0.22434568988596
0.246604793106404
0.243343066184073
0.287089092488761
0.44628032823745
0.216370060657535
0.342657353866184
0.289231191656409
0.334703552281801
0.465604466544101
0.426088152983276
0.348967208783813
0.404508635674175
0.439466326010055
0.304692917160472
0.385131793626096
0.318803329355918
0.328143555535544
0.434089032992056
0.440386556225397
0.357181206687926
0.479375113645462
0.483817221609707
0.269624822002752
0.424682123883488
0.53621297494576
0.459850451488504
0.401804531005258
0.358362812272664
0.391538988773394
0.39970390465725
0.402983685484535
0.245228440891882
0.447337596896784
0.562025422826397
0.345279851152423
0.459371193569193
0.597452121460557
0.493146443713382
0.464009112887708
0.35315344138772
0.524391836675722
0.354733360229738
0.408089510058392
0.462187385052291
0.319713118140272
0.481759643604595
0.368866277102652
0.454198860534206
0.36509542916995
0.561044483594087
0.522841690881612
0.350403750443322
0.434244638839271
0.483140042624881
0.47839640838902
0.48219469754161
0.534705862707833
0.38294501667957
0.445788147701196
0.471547628128581
0.594842310988872
0.334543861299621
0.498192765661205
0.406189465101445
0.61651675595062
0.630335453632391
0.403885684300755
0.694429855394004
0.488232810349649
0.548211943549592
0.573883660504182
0.41730594737319
0.47254647715135
0.457999262551658
0.486096174520477
0.492823999169398
0.463108552583977
0.540512518994649
0.426492406812156
0.50627719667284
0.548788377878912
0.394133770014196
0.554325413721309
0.561819721817251
0.516120547675914
0.551216718116023
0.469601352702181
0.495212561405327
0.500871496105404
0.607886172237125
0.556981778441312
0.619108236680093
0.455488736773298
0.428190083397011
0.527888318692875
0.550700899860685
0.509393047689945
0.552169602397514
0.536094887289217
0.525530943274816
0.526133183377817
0.596744165282721
0.567412277483938
0.546555741879331
0.490598123183822
0.593289375940434
0.450257238503344
0.555226033552919
0.481616893350088
0.548826715694752
0.702856478405985
0.515682147447968
0.638491003256966
0.541007846572169
0.52750934585295
0.582144875526829
0.688696510858763
0.505427625420176
0.4886841286612
0.584422713509515
0.623381109778676
0.502745603869213
0.604728230668339
0.545160455351673
0.650456729830224
0.566683318825752
0.61063216415824
0.577282049178743
0.697911207470327
0.582772857381909
0.556009165162025
0.482860313837735
0.711677851192074
0.66857439207254
0.570874230073091
0.691121696609596
0.803995147392143
0.667212571330689
0.624977503277924
0.655114215049535
0.667730634095034
0.502869343376191
0.56409246426298
0.611238951321606
0.710750347890841
0.584218066726735
0.715620432421201
0.624833696302927
0.520618151074803
0.748574948466449
0.712640254935252
0.729724290935218
0.695512942826116
0.551609323751407
0.583493923038962
0.647853468703764
0.801755085547183
0.575235416126438
0.631586317362622
0.679433975695817
0.844132769826217
0.65829492268795
0.691206032208072
0.728579539057078
0.746836639440354
0.622188162711772
0.80386744367732
0.648605817542787
0.826373651775693
0.667861851886949
0.826769115983462
0.680938827774666
0.597866153741337
0.716148540741013
0.661963778701628
0.827145583697508
0.688035272763989
0.756104795975582
0.965556772908815
0.810748469602899
0.602514360880533
0.685391996114096
0.787735716293142
0.646065571177061
0.629458322702506
0.669459133349928
0.910878169848878
0.7340045824486
0.692138399065829
0.623428286771171
0.826270302505972
0.743662980877062
0.683528013628127
0.712906052172272
0.799083125430165
0.711814492997553
0.721802026989616
0.779099660659304
0.640763074891232
0.838527686087162
0.76924770038317
0.983253834925867
0.693622346560741
0.628058055613154
0.799550271960024
0.749875888624322
0.686296147581784
0.834713139360328
0.88993311823006
0.765866549972548
0.587706158757109
0.866942409250489
0.723753771295501
0.782592216792453
0.750235927914305
0.897051139006341
0.691522211967559
0.821811551430849
0.809076262285482
0.731608040578602
0.860102420955807
0.65384537359432
0.909186394785324
0.870845950370189
0.731118003536777
0.719481299989296
0.781393127095249
0.744864665783746
0.663263071937534
0.796161942670258
0.85320668807383
0.792344883721304
0.83162201553076
0.873981404793475
0.855958831274406
0.857309603800127
0.885636841344417
0.821819141925522
0.67642752939915
0.817054479651311
0.87164906814591
0.913478931242946
0.807535428475962
0.892788685389484
0.95155084564977
0.785411855525961
0.846949211603305
0.860371710089187
1.00285161069728
0.787767430101688
0.828731016848205
0.776203123277565
0.821200604952926
0.852384543774449
0.725581374706636
0.838461102082706
0.862000650435815
0.820753140816693
0.687159336916705
0.747342441825814
0.797509474435536
0.82274500340811
0.790886062135807
1.01702290551788
1.03129450372028
0.912967940486752
0.836707461284813
0.746406105948796
1.02078950148911
0.792436160571763
1.01444827818067
0.94534700265261
0.755321081159429
0.958676838790663
0.882234094108223
0.836876176514454
1.11944477203264
0.718504556188399
0.873032443166946
0.887911370653106
0.927310336901823
0.891807378998184
0.867625650059818
0.975189146445982
0.996892854820593
0.915390356090818
0.781211021751197
0.969012000049764
0.857878872042821
0.776067423633504
0.978718496918482
0.868100078808152
1.07802004689221
1.04088965307528
1.04823256877063
0.970152353152026
0.833115241398398
0.920556050404627
0.932539464147597
1.07183203353867
0.778825283984495
0.934310041363445
0.909928200353183
0.922633865005476
0.874774499043138
0.887256836218679
1.05925134552912
0.98105777861433
0.944631181213826
1.0290342648966
0.987909830634047
0.856850497619828
0.926365539380539
1.03576767708513
0.892824902272352
0.949347480055985
0.941273111006375
1.05585862269695
1.07462061193774
1.04569694765527
0.975681757515427
0.951589481910014
1.22755447511427
