-1.06960478155813
-1.04090524435795
-0.822534404029386
-0.920842518139455
-1.23165141316974
-0.99895508670881
-1.02430868987535
-1.09920535879691
-1.18685093846137
-1.04146258522492
-1.15572863847626
-0.882459385117837
-0.975112316622395
-0.889038326853257
-1.00394966747841
-1.03352667874622
-1.0762738651348
-1.07008483085845
-0.913882959894798
-1.02333461762339
-1.12042216023523
-0.92553266333557
-0.823090312196161
-0.924111903474223
-0.91216728972443
-0.974763962899604
-0.92027999636719
-0.950852836902884
-0.952557134858554
-0.847182622139791
-0.850119978914432
-1.11753267835909
-0.841904550095604
-0.809915610162848
-0.878725932452787
-1.01743863831307
-0.782261304832805
-1.07629187361629
-0.90474001235817
-0.738652290856323
-0.840404069067145
-0.82199485527739
-0.920893194447918
-0.810492428566387
-0.831092212952568
-0.96443445771496
-0.813947875652398
-0.895964877973784
-0.86941651439729
-0.848207092662765
-0.910799660631769
-0.937611586290151
-0.927661061785211
-0.929949562567779
-0.898963862030818
-0.932736267405522
-0.900021473956872
-0.877579068460246
-0.913745247994474
-1.02609850777004
-0.996551935390785
-0.819615113480791
-0.819096328863723
-0.88629303433567
-0.858736735891376
-0.780896136216097
-0.829616258229533
-0.850989627959102
-0.847602247776859
-0.848515817588824
-0.901355529776798
-0.953174117185928
-0.724769125589785
-0.794627836416402
-0.845432535279278
-0.834689685613751
-0.756004388920063
-0.963050062806118
-0.815448478491426
-0.806309547273969
-0.844489542922427
-0.913734668155239
-0.798318643491131
-0.863664399904075
-0.79020660448925
-0.767541936851422
-0.786244820380671
-0.966628545291997
-0.947107389187523
-0.874486614721836
-0.780642794970049
-0.89277378751208
-0.890951699537042
-0.768930572082461
-0.897056688314809
-0.902996965769762
-0.799261270364743
-0.934475812273216
-0.739635803816104
-0.756731362996207
-0.67221299340395
-0.975133836581695
-0.583310108662563
-0.811013168352018
-0.814595676266678
-0.784473054752641
-0.617080661352428
-0.743085486821084
-0.685140249934063
-0.578093397025823
-0.815958041112674
-0.682542147983732
-0.744204298147088
-0.751834677993714
-0.850409031066552
-0.703163105494843
-0.765061100426589
-0.723252723833007
-0.812540186052133
-0.675810421334432
-0.718707980839739
-0.740115722837703
-0.766517469016699
-0.855575138649476
-0.568236614429496
-0.880695670287564
-0.814194394977251
-0.72647842347119
-0.733815157693403
-0.900987178986415
-0.760310940184548
-0.70842864053992
-0.782095271420423
-0.629604818261364
-0.651468316761944
-0.624553926073196
-0.755260134995496
-0.706792978123984
-0.624920781495357
-0.648904766794738
-0.662664857570921
-0.604627606927369
-0.829663378822988
-0.753406275226176
-0.802882910245297
-0.6730888023657
-0.520723898988719
-0.646282793934063
-0.71339922436719
-0.647785824014308
-0.610774615839326
-0.736399461632187
-0.690868551245805
-0.695209729495367
-0.634492299655341
-0.725688335082304
-0.752206288504081
-0.710498491218248
-0.675815280292584
-0.745297865361173
-0.684574651062146
-0.850371730329134
-0.729412473208746
-0.650834144327557
-0.622904378605703
-0.598530115354449
-0.53800404131846
-0.65505872775203
-0.619564344455414
-0.699613837842948
-0.734219875816191
-0.768701527971489
-0.676376104362593
-0.781090519127123
-0.752175798067163
-0.488903383303246
-0.646583121153291
-0.629518916887783
-0.703115713624948
-0.675944061657343
-0.630085881457185
-0.720360128746983
-0.679053331612406
-0.635317275642852
-0.525076630842967
-0.588840784834888
-0.706508121935912
-0.691466893346671
-0.586466141624959
-0.702626246309432
-0.763130068769501
-0.625366874993323
-0.605205240131688
-0.602028847953845
-0.662169528573417
-0.621999359626214
-0.666586074789475
-0.309442986406549
-0.641606825482192
-0.677730736389446
-0.529674834930153
-0.574835944350282
-0.630466455896345
-0.511712804262275
-0.670817084248197
-0.636081919354359
-0.758551837799333
-0.653711366960043
-0.601688334842775
-0.538437032177426
-0.618058342042755
-0.522542015541881
-0.408391255514063
-0.522600092312382
-0.506187853876822
-0.550015755797786
-0.710963998020866
-0.629872652905891
-0.50857811255956
-0.606102393679538
-0.506016025850455
-0.549434567698795
-0.591897009389073
-0.483771709113303
-0.60515240808393
-0.616624750319283
-0.599428171491292
-0.510640157719026
-0.50301781234549
-0.606138816873144
-0.510365788116052
-0.50731868099134
-0.54286796373212
-0.573198485195247
-0.54843855184475
-0.445270132054872
-0.448794178908768
-0.556922230992607
-0.555391878732825
-0.629884803985188
-0.49240371708433
-0.404990561118323
-0.557027690826088
-0.330240175774208
-0.545964117962661
-0.554735013703689
-0.549103165487731
-0.581984206326706
-0.320637741340031
-0.562415067525106
-0.457378413569755
-0.479520590914099
-0.51092467313028
-0.486226854757302
-0.377928364587124
-0.469191266796161
-0.489993388940764
-0.37738103001533
-0.58286695099509
-0.427373853525244
-0.43850522811301
-0.44025227645936
-0.566391875207029
-0.424512940493706
-0.537238046864186
-0.550983360359234
-0.503494335161457
-0.4857103473256
-0.48196765353749
-0.600384427083852
-0.510617098721228
-0.501241064456165
-0.452008738808618
-0.44484977826421
-0.460295605151156
-0.647593401253957
-0.569925955402131
-0.226459289978004
-0.541211842451398
-0.361158805419654
-0.438650498833917
-0.510382405659402
-0.440277726982922
-0.353307273934847
-0.387903469965813
-0.4080853952434
-0.535715018524098
-0.452332297708305
-0.364482409910969
-0.371555610356757
-0.441768790345286
-0.287240642756546
-0.388217343545242
-0.495961301697548
-0.449851478372512
-0.482315877493279
-0.498423501680463
-0.256505290189668
-0.406647093209317
-0.411401698669302
-0.410409752517618
-0.406715944386707
-0.429178420254125
-0.375317362035504
-0.473451343609927
-0.553722070275365
-0.494629169333156
-0.353901642074349
-0.373414193554463
-0.385796393934486
-0.405135305299698
-0.282739091570473
-0.442317011651699
-0.296163256041907
-0.25213418547888
-0.550527334750227
-0.282188813278948
-0.411913702145112
-0.339427398607806
-0.269347403753399
-0.378975463239175
-0.503915631996424
-0.305371963982127
-0.344890008078583
-0.220498670950163
-0.271509861365512
-0.375643102955073
-0.371270820328518
-0.417452801687171
-0.560493881923857
-0.185529106194399
-0.270315357695634
-0.171879916317464
-0.270544030602797
-0.38811883714175
-0.402784932290371
-0.189807344899291
-0.43766512777221
-0.29916813714189
-0.281673391708407
-0.348203157170625
-0.401565421382966
-0.323841810977162
-0.389183997100624
-0.231447022974394
-0.292622648639226
-0.213104548760754
-0.351506718234761
-0.334966858491832
-0.215438391448651
-0.278375709935623
-0.299542747691127
-0.328986972685455
-0.431120780263792
-0.238742109338069
-0.0905087965610701
-0.118468591469716
-0.145159275413412
-0.20382507820352
-0.506291444542962
-0.215170643655923
-0.44579919307514
-0.313178779121832
-0.321740419366843
-0.228997553286159
-0.277747261853311
-0.308259784347043
-0.429864267262389
-0.215963826437165
-0.333427758982091
-0.24846341157363
-0.419444614929323
-0.272604861551573
-0.196414450201002
-0.279310163443938
-0.275151112309028
-0.402830794157064
-0.120560033342082
-0.115242572089992
-0.23522685231276
-0.177989530144842
-0.138991894688238
-0.409384545459977
-0.316032062091791
-0.296512804533945
-0.2335439121461
-0.190222649422378
-0.275586335167917
-0.227810640189875
-0.192544164781799
-0.301247459269725
-0.0541138460296106
-0.254064323223026
-0.161193562608846
-0.235963352476226
-0.105920440718015
0.0411453444011229
-0.320251005546731
-0.204749963545375
-0.183411287013345
-0.230779414394783
-0.21081195212233
-0.0567281812865763
-0.165555031202163
-0.314304617888481
-0.19993513059745
-0.249087224617132
-0.12878829215135
-0.248747060072403
-0.222668440189531
-0.25888497509861
-0.120838169784899
-0.107558611182357
-0.148238156878734
-0.188243566428831
-0.131699868138552
-0.100718391091695
-0.153399579377604
-0.21927570527006
-0.115713053549795
-0.30324947015093
-0.195252270795656
-0.149172713888355
-0.069373884739447
-0.152128707132815
-0.310503522586265
-0.0995165389054842
-0.134955397797425
-0.17418796080969
-0.0131483881197177
-0.0433011453819913
-0.179815249550354
-0.1494259109662
-0.194084558943044
-0.127846129610044
-0.254497693872605
-0.185289527493941
-0.151283242603425
-0.103800643809683
-0.155108629386903
-0.00613680709854537
-0.149080748023459
-0.0530201528752574
-0.114494523777957
-0.15830646659635
-0.0344792226385112
-0.159262178337781
0.0343084540971938
-0.0360452572881298
-0.152523081369315
-0.22399872508979
-0.0618735952443112
0.0153970357087474
-0.0540374925739362
-0.0173769964350214
-0.122799869480135
-0.0413327268391345
-0.0291334107992514
-0.0141503906681388
-0.131011829001326
-0.033462023846774
-0.166347024960448
0.00263002209631752
-0.109570934452019
-0.0846343143719841
-0.050839774504772
-0.113751812863904
-0.139764070786164
-0.129021821500487
-0.0756117038957014
0.0182844256834333
0.0224218939388452
-0.00376373492364628
-0.0764312613196411
0.0546893764385977
-0.0423940300087934
-0.141073729184249
-0.00455650259608137
-0.0892785146703869
-0.0220534558747835
-0.0760699843455178
-0.0272077449502779
0.028576918713719
-0.0631008473573085
-0.0491144870031559
0.0546228962748654
-0.0617564024757582
0.0913900134269821
-0.00939025907780353
0.00136188550173714
-0.163759427565034
-0.0857108738625735
0.0321307564498524
-0.0697787594720891
0.0451720438659271
0.128642178587639
-0.0907495031019254
-0.186847354652602
-0.0916701253694342
0.00182736187208129
0.0212026379831111
0.0642866375588479
0.107229736623883
0.103804530623757
-0.00594855630450443
0.042634233919714
-0.066798892673957
-0.0150938441348372
0.110251039577069
-0.0419680339515708
-0.0595433837028101
0.0449223173190064
0.045796213115342
0.0281233048335508
0.108075328670893
0.0452350246153538
-0.135601857837025
-0.00842911785709356
-0.0392393111848738
0.051502277605551
0.0277978485442835
0.11054774935647
-0.00249195017285359
-0.0960491358676506
0.00464781198242321
0.00462435505102152
-0.00431933602659709
0.056350461283177
0.101469841359329
0.0208922635066915
0.118545155257388
-0.072717431193391
0.021351553214921
0.147711503086949
0.140570187296499
0.0671059866102833
0.149142426655123
-0.0429159384725981
0.110641459347076
0.00820829878411314
0.10922650810419
0.078887347550634
0.0405308225477225
0.0642786693285344
-0.0734451087991812
0.0600931514947001
0.00170778420941471
0.202539033082647
-0.0205551188115452
-0.00642557039781201
0.0113946061435393
0.0394744579045006
0.174958981806559
0.168911561581467
0.107469562246534
0.0497415360731084
0.220814190665862
0.101664471435934
0.134302742463227
0.1289593140957
0.116373575894198
0.140580655796116
0.164037451262783
0.191823413228963
0.169120454629557
0.327937963722755
0.0908775947141431
0.11894555873465
-0.0718564473994157
0.0490027089034486
0.249260828723851
0.134615225431362
0.283880199537656
0.172325443417443
0.0425188124418385
0.166353896497195
0.126173797849467
0.133201713569136
0.242046967413235
0.208814211263422
0.0568661644331968
0.0550810723797797
0.117045920499046
0.272962913910062
0.076436808635319
0.104341892341004
0.133513019512161
0.249934084979966
0.209406386390563
0.289129059413093
0.0524219383467428
0.332682576582654
0.271318712607644
0.115264895765589
0.174078677061964
0.242087821250751
0.198283032727442
0.0943196446427092
0.20669916087171
0.140730004205845
0.198102743025825
0.11626032270109
0.191873575855942
0.069158382673314
0.318779408744436
0.32879429868559
0.229547448248367
0.285458912191088
0.355740726317206
0.154889353924049
0.285337084877985
0.185477182407624
0.313722739335922
0.327646018685673
0.205803042001576
0.141792883885233
0.0951963758400542
0.31182142204235
0.217925815315145
0.271290889668396
0.217501271957062
0.196911757708842
0.262419771176661
0.160334227823109
0.11957036988904
0.299392735647473
0.265247972249283
0.291973361328583
0.4049198468838
0.294322226932919
0.301777944779547
0.243677510003271
0.269593648499408
0.239326425915884
0.295448740510876
0.303064932291546
0.351050980633456
0.308262261228801
0.389377663710766
0.164826347664109
0.321233371602494
0.346772027984052
0.267226873720429
0.337213764093383
0.244508634597967
0.294059728915267
0.334482035533983
0.288408193591845
0.350123008811358
0.241317330141707
0.267084241544191
0.309087044372554
0.353299261129756
0.384817851001175
0.295615618060483
0.267409552795725
0.362389465692477
0.316840663912194
0.268954003919537
0.301315838655973
0.328474747098717
0.21973467170308
0.319924754153208
0.338356168552407
0.381790473287393
0.458742499927816
0.354915621197945
0.370725412453218
0.312487605776879
0.268863012573632
0.255743190938915
0.417815729465895
0.327924451693002
0.216015838026747
0.355663400354429
0.369873286618864
0.254358893229631
0.385070970860435
0.410808361195555
0.323098505041384
0.242475948880743
0.386454027874496
0.451933539696163
0.328058941988033
0.231941633910646
0.289304972005814
0.332886821757785
0.340942703981514
0.502465964229455
0.508055456753659
0.249989335519402
0.373145959720041
0.198643909556773
0.490166664118069
0.363094628477836
0.293476239358088
0.369898297147508
0.424098059476416
0.355045778270785
0.533708396163859
0.29734498190509
0.512581145557496
0.423550015054821
0.347089136553693
0.485481529683212
0.500912789366366
0.222551950972179
0.400487497476836
0.445954414809532
0.448875750267148
0.446963685258873
0.610362510258672
0.35724901854265
0.430032109816488
0.403468997909277
0.38337630574478
0.473463370793737
0.433291245371823
0.372410136830084
0.369418599461357
0.222668550321846
0.487329201943177
0.398649964453354
0.417373330026885
0.382678156533747
0.401208518709432
0.557426840140188
0.357818194206017
0.325999741436654
0.3603739516669
0.316877052931021
0.455121699866939
0.360900813323787
0.256699382165219
0.441228399271349
0.519856519228842
0.397349285081734
0.524145881640346
0.505735456461517
0.559797703627286
0.51218538037729
0.450260382575646
0.627648459367832
0.391157888177194
0.548872429746195
0.568099610624162
0.460613833339925
0.461866996465341
0.479210055067609
0.549254831591038
0.497828143784636
0.594764662404087
0.471848643614843
0.591909586704174
0.554000399614133
0.553528579104916
0.503480003705985
0.59611968067758
0.6534980456291
0.609247878252487
0.493423134894066
0.492415470509775
0.51516933163156
0.42270717208516
0.642102289902646
0.576137813456182
0.717214676106195
0.60130514701021
0.459273064825795
0.506860335419747
0.652155129226875
0.511224634836962
0.379116486450829
0.593465523615283
0.55524989837592
0.594295619210964
0.491123631690553
0.641369052124673
0.708723566500917
0.496944465207425
0.569309444246289
0.430037694705761
0.491164595826946
0.699952484335801
0.693744022536963
0.65723476068772
0.564113490582223
0.663869178614416
0.59730351592242
0.777797687980067
0.575341169475462
0.445868872838599
0.455680656486947
0.569379705407018
0.459886513615993
0.660269777371243
0.548920707284802
0.414012927809281
0.672898935461379
0.461987562980108
0.600112202153491
0.527536300420076
0.612056269400447
0.624492784111592
0.496815310061707
0.745123061849647
0.56267441529347
0.616347462944477
0.722185384187297
0.60667221202984
0.565849869335765
0.615992179936097
0.560484540060238
0.612795639263269
0.528826798133093
0.592679590896207
0.68109333222184
0.517499059690854
0.653284246345552
0.538810123283406
0.690349499702302
0.653677409789997
0.725375950786015
0.701526369928033
0.768037920521815
0.692706097935957
0.638260422232369
0.7287663100387
0.678804200616616
0.721029800460036
0.628271979115968
0.781871722575559
0.6254548798058
0.683018198968609
0.669329170357285
0.723326343797754
0.860069986519868
0.743867345657231
0.71385530823799
0.63044093791765
0.714852253274428
0.606043752400696
0.633050611933464
0.655713035857393
0.669181517152334
0.764318862388697
0.729120307046522
0.55001245996627
0.716028623466088
0.664439947440694
0.746167087078714
0.806808074430188
0.596308048719506
0.791487491685572
0.717854239958348
0.863466688616813
0.687520552702303
0.721151514838394
0.578986988438878
0.756913083738441
0.670613495985795
0.829573562822046
0.648139334337886
0.718006751383617
0.788512108004347
0.804427787253579
0.69702672546381
0.713344136456694
0.826647576429802
0.706762554204454
0.765530898848026
0.757209734469043
0.739587987072826
0.794854500725758
0.703491299422558
0.848404137621955
0.704552236783535
0.787372059602621
0.637440861775273
0.680383682866137
0.695854763619342
0.793455846032411
0.849978816298942
0.847379675924755
0.693482876324891
0.768167599385889
0.69066442727578
0.861483651203489
0.702068116389567
0.779565782432147
0.760639166383468
0.683849837360954
0.757384798130988
0.697662947995197
0.631618839444705
0.905021769843351
0.660425662443835
0.776903506514627
0.835718513275273
0.736241530994012
0.740163744998521
0.723945782421557
0.766901285656156
0.731022098863401
0.921969285085243
0.908795776316626
0.70520483021115
0.923724312629533
0.872371757187986
0.986516504945252
1.01154361608591
0.813377711617886
0.812565936310068
0.764348476616064
0.824423118231538
0.803294405104317
0.851566109922765
0.819403876512264
0.982806700328424
0.781208060004927
0.777593549420648
0.791111410605828
0.905650707429229
0.825500786060134
0.902246737617846
0.789035400952633
0.910310737896707
0.875699206925913
0.85049869792175
0.786870380927277
0.810767794661073
0.80635954795936
0.853072063462971
0.805970854043396
0.838417524507971
0.922404102344181
0.914547033649993
1.0305499178426
0.776439987775677
1.01887008417082
0.716210289842357
0.947589976899086
0.999950738065927
0.894205021561794
0.978843291785702
1.03170762787505
0.849623642085176
0.854793977976789
0.999641156003864
0.892282421032045
0.911389864856624
1.05750602474354
1.01712342246341
0.939531620624308
0.889315108513872
1.09065068612458
0.931190419228873
0.95148065550111
0.960489355763403
0.957223982803538
0.936413169596294
0.946773834511259
0.888965989320993
1.0019081790802
0.837269521638212
0.909677554507566
0.918625917906181
0.913768238797597
0.889030329378106
0.886312709408222
0.77418374092477
0.815372954997272
0.913054672806566
0.958264825230329
0.936465648344568
1.0485917493112
0.96710577460891
1.04534184340848
0.934787589587657
0.976203337668452
1.00676501070386
1.02957074207742
1.00815762576436
0.910762430844522
0.934352248275313
0.959718121624132
0.954426040923217
0.935510463452751
1.04887928708012
1.07563096124256
0.878413409635422
0.930841027434251
0.965775282197741
0.922729594422368
1.04769930842715
0.960613508240456
0.982796359525117
1.12976253956611
0.936879191085571
1.14187981985934
