-0.96111094380017
-1.00340112070261
-0.963406269441111
-1.01800156817122
-1.06575508029174
-1.10863868331388
-0.914334837401009
-0.891522299955441
-1.12032491950741
-0.794469389242186
-0.992212105009193
-1.00721923833406
-1.04359485099795
-1.01334301048579
-0.914789844225161
-0.936904648195367
-0.917078596650747
-1.0215561868658
-0.981554393848297
-0.93778576694053
-0.773759254618068
-0.950912764707584
-1.071404201828
-0.904369375019513
-0.863607012410811
-0.893845897309658
-1.0000723693961
-0.987119917110393
-0.84666282159061
-0.88994449771914
-0.96614800248264
-1.06903832631621
-0.989573591225034
-0.972570662494553
-0.8691449429197
-0.824352151453871
-0.939067753304423
-0.777124672092179
-0.931302287093774
-0.883328549144319
-0.77222528484963
-0.837406417237381
-1.06811100330892
-0.959687446126713
-0.894981802822424
-0.859859787897564
-0.952546964592019
-0.897314265209329
-0.935801839595378
-0.799431745037138
-0.946427767552499
-0.984295922492111
-0.923498367733049
-0.893489501317068
-0.932670516588748
-0.899160374480725
-0.828315815787623
-0.836688421221167
-0.941685823923965
-1.03625791839833
-0.853668925877013
-0.982056127324983
-0.799536372003122
-0.768067607947701
-0.794187877472284
-0.827996049518125
-1.00413150189443
-0.819195884944158
-0.857100409552537
-0.781318365682262
-0.872209670026523
-0.905782820562651
-0.985038078590631
-1.19111066754113
-0.82164289187487
-0.837917336328287
-0.905675380430946
-0.97271999086388
-0.757587930504834
-0.817209041742406
-0.786492201503356
-0.864574548504482
-0.935313331518521
-0.884444251173302
-0.638531122469014
-0.773563410794123
-0.918427350902697
-0.824896851989043
-0.876515608725285
-0.933474928153575
-0.907353757308561
-0.761979809395925
-0.866826310549732
-0.72712360846545
-0.783371697914145
-0.804018671684767
-0.821598221858013
-0.704494554973374
-0.778129584529931
-0.768370288487603
-0.664698560718511
-0.750684938317224
-0.923238845564108
-0.853958532248544
-0.878790772998856
-0.619235576599306
-0.738032556771575
-0.733398066044215
-0.852879566795367
-0.639272454332598
-0.602983554154775
-0.721723423116742
-0.763375891170125
-0.965019595596826
-0.912766681113387
-0.928127871795888
-0.773841249898697
-0.747992236478565
-0.876675859738291
-0.761760387431191
-0.656985615790794
-0.895725038308768
-0.701544139129791
-0.830235456658085
-0.783422768682254
-0.723056343213594
-0.845024513553328
-0.619791656654248
-0.768805508217447
-0.763394800505256
-0.752156087507863
-0.789994465365583
-0.844043081055741
-0.691474878067189
-0.689039691112514
-0.753585083286943
-0.733720533226869
-0.742871937504154
-0.757434138803244
-0.738441367557872
-0.780730086463433
-0.668876838074316
-0.725888543193401
-0.696246107653661
-0.663870471237805
-0.591606478136317
-0.731330107709181
-0.6688447069057
-0.785074451602755
-0.59781946399756
-0.72555717700317
-0.800812476905648
-0.565714073715806
-0.775069381627838
-0.606763484599078
-0.634162880598708
-0.862458870427006
-0.614491315316656
-0.702562199689532
-0.592698516047564
-0.65193262206462
-0.681739978090537
-0.581923879155388
-0.728829254253686
-0.584827357915226
-0.70137542403466
-0.700733249597454
-0.61794248947921
-0.717583909203013
-0.617215221649058
-0.731157327763743
-0.646561320306863
-0.602713731676941
-0.700059414799613
-0.577689920630066
-0.516852738973329
-0.636705283589993
-0.743731463576594
-0.767188281063525
-0.698166267640421
-0.640320341691077
-0.550507746390462
-0.5314970131325
-0.564930178714795
-0.625259091134437
-0.606007485654131
-0.673745454167411
-0.530299232301658
-0.578772229629542
-0.768129070243124
-0.563168738146793
-0.602202411593292
-0.655096898723357
-0.641481646948063
-0.444926653833247
-0.758863966224746
-0.600273167274871
-0.598540911197858
-0.752102772283583
-0.573706569330236
-0.507922412528218
-0.667605736931536
-0.447251958000742
-0.700437770049056
-0.557487385561981
-0.624986364292211
-0.436847010742698
-0.599691369664914
-0.603577570421867
-0.617162571602779
-0.588059965398215
-0.717030138062955
-0.545299309264455
-0.525251134794753
-0.604389755302399
-0.538938037839552
-0.606770819623956
-0.531043109404988
-0.595635766828555
-0.592214091025642
-0.748526938275042
-0.655298414522164
-0.585390711586225
-0.488115339509962
-0.587486468523453
-0.614849728820539
-0.504268432108732
-0.560010664145308
-0.628435582198349
-0.614233076813321
-0.513003836814431
-0.540636060323973
-0.592610365111944
-0.603158550091901
-0.573071734092924
-0.54076240324896
-0.462939801660667
-0.608888391167814
-0.406926682324309
-0.493154759958988
-0.51670743734478
-0.532736675815507
-0.559221178645819
-0.54110465218975
-0.562452825338408
-0.561752584361108
-0.496755934007565
-0.595395734730024
-0.535176770856897
-0.485431673423814
-0.441166968957111
-0.525951391836048
-0.407962166164427
-0.445675182195311
-0.427685223950174
-0.440357388281383
-0.505908569224165
-0.434422606238296
-0.511775831633418
-0.595757266838596
-0.457708028601228
-0.545997579966374
-0.503797365664071
-0.530614772071099
-0.395171223225252
-0.261920625233231
-0.415129040153274
-0.443894718440096
-0.56415214144118
-0.458878396552767
-0.630627768674216
-0.454744152610627
-0.466097727886733
-0.4294312710707
-0.418067576476975
-0.398804349746212
-0.604859915598209
-0.455428351910669
-0.421063573417056
-0.349963529180276
-0.500865166562161
-0.347539033618314
-0.49062677412721
-0.649213137606871
-0.345378403471443
-0.50292144045976
-0.454806627428581
-0.423094750750322
-0.380544784488632
-0.438650881368395
-0.440064565605753
-0.265728259678656
-0.456896079781903
-0.365878982794361
-0.420757517886664
-0.284686901640114
-0.293220330469637
-0.423085349582597
-0.327423363201703
-0.273568356392504
-0.410929838008864
-0.33214439048957
-0.357814571484388
-0.282539180723338
-0.323327491445063
-0.323191038348204
-0.459019597629071
-0.425986328169545
-0.292392377122295
-0.478189489314868
-0.335482768797743
-0.391744987212327
-0.419003693119707
-0.398023248538062
-0.353956340306418
-0.376950770301208
-0.401620580271504
-0.398473846873592
-0.336899705754674
-0.424828629023268
-0.257554606152715
-0.458234446092686
-0.387441535731878
-0.442031805272557
-0.269996631746272
-0.439760462615458
-0.462468380190484
-0.270432977324224
-0.39846712027118
-0.250161122461726
-0.353308472174935
-0.436265063017644
-0.253764733147611
-0.504012311186899
-0.337517481216319
-0.171532890665529
-0.306863132180638
-0.386183277256212
-0.253540115811541
-0.328774167113215
-0.0985237677131314
-0.391245453860901
-0.224792847363451
-0.328887845950028
-0.408049335108464
-0.224687683658616
-0.301442753061813
-0.263321564392081
-0.326907474606329
-0.355114716034903
-0.092172144301712
-0.377531645034842
-0.369722950839565
-0.327819903947759
-0.240625164078814
-0.239863901898683
-0.366776767913865
-0.216461112886469
-0.377526086886608
-0.382022705579643
-0.263705050639479
-0.289547152080612
-0.358265031534075
-0.146562503642544
-0.238501157006166
-0.245766185658224
-0.241864456840231
-0.235583076273873
-0.241307085724794
-0.318309435395595
-0.310114493431522
-0.246102388192585
-0.284578452853304
-0.214051349323779
-0.32522206930231
-0.204518701591999
-0.264951572983571
-0.287882628587152
-0.303177201638822
-0.416297770164726
-0.328178873194747
-0.164036415362414
-0.167954772611048
-0.169164606726536
-0.231432993933519
-0.366276761787644
-0.284147512177771
-0.281430517800582
-0.313185550484783
-0.160883289589742
-0.25471026505107
-0.252144461557722
-0.130417059311927
-0.09047421782096
-0.197012851716021
-0.341321248271354
-0.0482648176882013
-0.158170817582861
-0.244304031807901
-0.375654458842851
-0.289645096041153
-0.264732012935332
-0.115621648496846
-0.225238725830759
-0.327633990381133
-0.175888779922324
-0.205359771584023
-0.209508930008416
-0.0663784170016368
-0.171240561333915
-0.257134790970588
-0.146099717044509
-0.198851330867565
-0.146133692313253
-0.290981093704012
-0.311803658478427
-0.0353284735349004
-0.242272040120158
-0.157112511411747
-0.196576745593057
-0.273369785492261
-0.114319144687841
-0.245091598867869
-0.224471107344735
-0.109171421046555
-0.117808491223139
-0.0455638721228689
-0.088500444614985
-0.293217926504731
-0.121146919476981
-0.318910083448502
-0.0349034759219403
-0.0754927747330006
-0.214301561124554
-0.139820177459616
-0.218235117209728
-0.214584278872145
-0.0834477138308356
-0.19711312530267
-0.158729290128704
-0.192760258827936
-0.166857239806849
-0.0311346976678917
-0.0598936509844779
-0.247285258001511
-0.0765378225412862
-0.11637562801615
-0.171068954536221
-0.178268130511737
-0.296037496715601
-0.17543240356397
-0.159436360287445
0.0245235067563574
-0.0988065657796307
-0.107443320227125
-0.0238059218801963
-0.119009246656427
0.00536388736786567
0.0830800215293156
-0.0614769588990736
-0.0842866776061351
-0.0619990736539157
-0.202561174901939
-0.0165340405566909
-0.240593267478596
-0.0383634599154
-0.116020991586365
-0.0848214549923478
-0.0490403790282765
-0.214694902571094
-0.0111492480199867
-0.146488536813742
0.0731173274567103
-0.0850863552332198
-0.0514319960275907
0.045200851937288
-0.0507732303442498
0.0262688582123643
0.0128770368517612
-0.0442892331617676
0.0773117673033438
0.0626832279127446
-0.0343476813653172
-0.128793161569023
-0.0923377391079909
0.0773190633373003
-0.08693968449091
-0.21579686282531
-0.113291709041961
0.0300499869034257
0.0458064013557557
-0.0878871645372549
-0.0967525202196448
0.0848225373756393
0.0506598154872731
0.0692077018765833
-0.0966852247955545
-0.0274932454862645
0.0606145130646804
-0.015439729826818
0.0555979385581032
0.0451031343858508
-0.0180418795713664
0.084575237448044
0.066490764925203
0.0627659580819032
-0.14406122037445
0.0336739804012431
-0.00434055125229858
-0.169865665294851
0.0695343317744432
0.228866541244844
0.0666408620717391
-0.0140528214904751
0.102682061350011
0.143960178001377
0.0707666438898987
-0.0220387668994964
-0.118132288143884
0.139042814838005
-0.0248866796442235
0.103484863268964
-0.0230363341113955
0.0194061519379893
0.0763868287749411
0.0119781867925905
0.0862356708871339
0.0268240395132107
0.058970808310747
0.0992294816355108
-0.0182640981628496
0.0790956875930296
0.180172420911465
-0.0868498506431197
0.123878233759571
0.172021779513502
0.04711552610395
0.0205854341849931
0.0967096381340581
0.146597419526674
0.123121477243619
-0.0745023125708112
0.0503906948028587
0.110415943049606
0.165766575662785
-0.080776948532953
0.196111647505772
0.0763429855426843
-0.0533791913234428
0.116618471653892
0.158077905410795
0.202853310674701
0.118305832313008
0.0332760241989492
0.151332904221434
-0.0025414341932498
0.210419794827455
0.121987841943272
0.106830066442475
0.0685562497626644
0.0729453204771633
0.0275584479110823
0.118995626962456
0.0961408833748058
0.101085295258457
-0.0896570281727387
-0.00795029011195258
0.127199253383785
0.006281492707715
0.0322445327797993
0.0268393094644784
0.290408344944262
0.234318508194286
0.222426620326002
0.262970783760625
0.119069111994225
0.0574861045179232
0.198730777449198
0.152795926748502
0.10669589053353
0.0344057683894277
0.267875895005896
0.0439850855277879
0.295157787801169
0.161536174188841
0.226915138628501
0.270046917609103
0.239799164081073
0.146627869495805
0.301535613518215
0.265158170313442
0.18422721128877
0.336663509627441
0.0646180454416127
0.222075297428759
0.0656192562677272
0.0988443459050983
0.0736650758740969
0.3158426142334
0.314974118951785
0.299639584239164
0.183713596572624
0.177430594005386
0.241466577711829
0.0764609696061794
0.302552764259049
0.216370546499298
0.31389844024794
0.17777298796633
0.0663816646964726
0.340300638326577
0.157567676129051
0.281238271966048
0.323748452342449
0.0798223418817616
0.253017174896845
0.209377020275597
0.0130859334649245
0.112502391690271
0.447930917673752
0.353034973898083
0.233450469421148
0.150145324945931
0.230178608383764
0.404147626425951
0.30242763829106
0.103915358657949
0.11509249700999
0.163520930274532
0.378963657626222
0.244419428825195
0.362200760853135
0.152961099797129
0.238881153214728
0.208620880337666
0.256970953177356
0.164700512392449
0.357986711870431
0.400120866880105
0.386716597105683
0.160166150460822
0.309827750206959
0.336008185202172
0.397813372371183
0.261381933161963
0.245432434020534
0.340135609413074
0.264258272881434
0.3247741113905
0.224200777750615
0.212105690293896
0.472850718451782
0.383225230031872
0.239526807302799
0.272200467606463
0.348497385454474
0.300110303883792
0.387509873184752
0.253453338322159
0.393221530346267
0.415109665142449
0.399131307631354
0.304532928959012
0.418767806904009
0.433274801289613
0.185715774494404
0.264437945818555
0.345928845641159
0.280872648678097
0.110444025221926
0.331848874891025
0.309186846724649
0.327002742999326
0.224367013212421
0.387790092894581
0.287340323278161
0.322681448994066
0.430439165236897
0.355419970989484
0.154956625762825
0.323327319099817
0.42908864882886
0.336474599325688
0.416006184520337
0.309055227961353
0.349129496794009
0.292791102384249
0.319552165043869
0.346084796475465
0.504207323133014
0.393423355105153
0.409868942647459
0.358309527720208
0.404720680341027
0.261194867415313
0.320733372506269
0.220942760018614
0.285786483945355
0.352396800579232
0.368915135579707
0.296061456173488
0.252248483662683
0.531177917923534
0.325028132204182
0.264269395587632
0.405943106469018
0.290353288390543
0.235122639133078
0.529402202808662
0.513085873297572
0.469548864233156
0.470283109717944
0.396593291387312
0.278882993960266
0.433715146460949
0.503019068665036
0.421904584067972
0.417918251895219
0.445854566695973
0.297039147635849
0.380853191570927
0.530168725003485
0.417054532877849
0.372331785822085
0.363994182443676
0.415659586048234
0.439542040709508
0.506096714839967
0.358039338820722
0.561771798799766
0.498030034081539
0.484790093956213
0.4286549636405
0.527735799864157
0.476796487877033
0.447814553505326
0.476033794172093
0.343124681775756
0.436852160429736
0.48604303186608
0.462131885930072
0.474961607466094
0.556413980168106
0.487700051538448
0.467747874081491
0.50698344432432
0.469689746282543
0.487880182353979
0.481450905159814
0.519695670951246
0.525551753092651
0.630528825154829
0.58493065516883
0.509290537733125
0.488284709384832
0.540191776292895
0.559678184559575
0.522308708089752
0.536129695108569
0.535798476856858
0.61055068115967
0.542253877119436
0.552997100465265
0.524278726973817
0.530195069879873
0.451842647866116
0.530379425961205
0.659243559544602
0.465893145832125
0.49224270704265
0.521277582712681
0.622974494168844
0.580540437142052
0.615467075394301
0.588547001521597
0.630080606209771
0.485750005852509
0.605759564929811
0.579061266750119
0.664440465483625
0.419959065667858
0.600145093347106
0.832611655272054
0.531294485909917
0.616440025956361
0.594418202254898
0.747949003537948
0.51350180438422
0.56872351093255
0.596041164283983
0.529248708051311
0.631732634224735
0.669692311534018
0.573464938997459
0.695771008292624
0.626432124116462
0.650345331075201
0.677721944045586
0.630827430078599
0.450624912374797
0.505529911475164
0.564055570523517
0.567708291893271
0.673439890260908
0.590522082712217
0.682962765844429
0.593762518680515
0.468448418554099
0.682517360408885
0.659904329324083
0.592472341035163
0.600897693734281
0.605983053736487
0.537341826377582
0.417482087558433
0.586985972458349
0.588862998221466
0.481715465940114
0.592713165716403
0.607685675140101
0.572596553311411
0.552722334717801
0.610790400480545
0.704064178169821
0.662111938371111
0.572052621088872
0.507792299926401
0.713040571473508
0.662756615129881
0.55092586181391
0.476605590299849
0.710787759239886
0.481464232362697
0.817885137893792
0.602144735645766
0.718705402336952
0.802848126863004
0.721068306952188
0.626608241498493
0.714684974768121
0.732430984732554
0.72588787658293
0.725777184333385
0.742528147156421
0.616248444165872
0.638530149420755
0.552078082431882
0.671163428379871
0.510648880602063
0.738635997909653
0.687117358182648
0.714674206651613
0.590523071660757
0.569725473208335
0.717288045179497
0.736964736837727
0.738135193735375
0.689219204077216
0.562601874394371
0.696156733131888
0.698107493054486
0.734708978021216
0.754839978857555
0.723355589226046
0.776426814724844
0.765945465286718
0.763537317673574
0.831044486140782
0.692516972706575
0.73580302059149
0.858827294827237
0.772354915717543
0.750525203470157
0.663434057005514
0.688112686849185
0.718702264106124
0.873272803025749
0.816449663721576
0.83728177514882
0.858552275777049
0.735217602014334
0.744555191642342
0.799077365456601
0.672181029904135
0.798245905682516
0.817648782312897
0.798779041495584
0.83263750718497
0.808989426032156
0.680493380235565
0.793011827795382
0.922316863374566
0.584564058391134
0.628381861494326
0.65233900803417
0.88715055097445
0.886099055086164
0.874924955756885
0.795495938295209
0.882081652045428
0.722833815222872
0.748525742881556
0.862989763035728
0.660279336877744
0.621679144067441
0.839641910311742
0.832104491076927
0.82525866156284
0.74479480008359
0.831323205603785
0.874888416742874
0.859956801256289
0.756716947004244
0.723703515085171
0.848932992371655
0.905081160581986
0.857702037297894
0.780767540424477
0.838928280504887
0.894505391723603
0.743429152199571
0.813886503969546
0.720083784633461
0.892905681883453
0.833309788332805
0.960282623415186
0.704457660607297
0.870073047381286
0.830622574496633
0.894759323516467
0.681940454180764
0.936285878456294
0.885721987007528
0.757953283526433
1.11954119695222
0.812109337096067
0.935411804396899
1.00159852597389
0.913189289263949
0.880057090774752
0.86767744024518
0.888326767914343
0.837324516623487
0.903318496138409
0.915086456393837
0.950111927821064
0.798658765101025
0.704970362852988
0.954113857989655
0.770223745750207
1.11679076908514
0.973645690266635
0.845727815526701
0.804477085994605
0.88750514115431
1.02696345306109
0.853237448482568
0.869928933814102
0.959400097943353
0.797309603804735
0.794441445624155
0.983693228560109
0.763216381894592
0.952742565300369
0.933904029815844
1.02481210782497
0.954489212207766
0.928169284013682
0.972772230843268
0.924790262881718
0.82637222585982
0.976070885875704
0.824538254550591
0.971769006454897
0.80504680911626
1.01917818256788
1.11065106229769
1.00418145254021
0.858926027073603
0.763063701420803
0.923860642658978
1.01271074113961
0.982861693325517
1.06276594335036
1.01738691178257
0.945925321337588
0.992132233054153
0.883408926166985
1.03653495476419
1.11956165870438
0.995579524116581
1.00263948769667
1.02674108437375
1.08792414182517
1.10469611088469
1.03521576678195
0.985783705175901
1.10001954124112
0.928641536336137
1.0724444809012
