-0.889999250940678
-1.09534317985082
-0.987210076639249
-0.91544454820324
-0.923078829667915
-1.01976630274767
-0.977667912339054
-1.05561382055289
-0.976947453664919
-0.886632591679982
-1.05201852010959
-1.12759299786359
-0.99020538001414
-0.944197356071245
-0.952290567929204
-0.924003504428817
-0.898895025373137
-1.07103238599168
-1.0009077866973
-0.737437451437769
-1.08033006251171
-1.00254830623595
-0.84829801325059
-0.888769043794639
-0.998180428939401
-1.0016616377207
-0.905544205816502
-0.811549530345813
-0.965885477653019
-0.988687803684159
-0.805901005401442
-0.835265218510615
-0.955974968480595
-0.936200034028345
-0.95001684514069
-1.09519577572956
-0.797153348634138
-1.00349511094437
-0.786527118587109
-0.86375492557649
-0.934467383411748
-0.936451886068493
-0.955246418884377
-0.869849884739849
-0.988499003931991
-0.947704265499826
-0.841118458310767
-0.923056737087363
-1.06482184853317
-0.971257542956366
-0.889717355041484
-0.923844101102291
-0.812831123053445
-0.937065504370074
-0.783995244828462
-0.867241454176502
-0.802743068217863
-0.880690419748678
-0.911984526465765
-0.857588368922403
-0.876424271965238
-0.87256482444343
-0.878202453084727
-0.899677433959462
-0.775184328509268
-0.940634245151926
-0.870943482306563
-0.88834803133974
-0.783710689881462
-0.808916792049739
-0.773854590382979
-0.757442579712193
-0.677436817384329
-0.916375378329046
-0.863444020537987
-0.80861392862282
-0.83105205328259
-0.701210637084564
-0.946868658224553
-0.73043472089193
-0.862838242119345
-0.828625600319103
-0.815507377731753
-0.755798719280899
-0.85627616163209
-0.77808259549305
-0.925406080760706
-0.864335996629839
-0.745621353107032
-0.653307674320907
-0.853836630766916
-0.705031161196161
-0.712221599389378
-0.881707664407611
-0.790269695199441
-0.979970238844931
-0.721108915429067
-0.818613453491429
-0.740091259854491
-0.786925103467743
-0.705627764226773
-0.838198146244978
-0.692932190236993
-0.883242510629849
-0.772036337707237
-0.715117062218735
-0.664625424245531
-0.668400596811707
-0.848373709489317
-0.895986425026942
-0.673506896511229
-0.835586461815722
-0.679856873824659
-0.734250162160535
-0.829975389165245
-0.790692213773519
-0.764362785726166
-0.734795685908331
-0.61286851551949
-0.606447471172613
-0.583174653908629
-0.673306944477966
-0.776888232326468
-0.755703113341065
-0.825169076897069
-0.787207276059962
-0.559463353282399
-0.740933008236523
-0.743711240607505
-0.620981665394407
-0.72480033311403
-0.840874656883556
-0.568498351251198
-0.846503245731471
-0.723791210912513
-0.713209608699286
-0.785443175607791
-0.673746774388042
-0.783536852021834
-0.81186937482965
-0.787476367017487
-0.743189154987475
-0.762679299425789
-0.77255843150367
-0.719274020273653
-0.75760525483813
-0.719166258873644
-0.702933137269681
-0.777016671661853
-0.708615078018129
-0.565314025937748
-0.75852073978954
-0.649906165314261
-0.623819171334018
-0.608464794693553
-0.508700524666233
-0.662782456491387
-0.645657296086688
-0.563177327323186
-0.610043024533303
-0.741989994474588
-0.659342473796022
-0.692533046193734
-0.807280770230397
-0.669823958004753
-0.505367335796833
-0.755774592935506
-0.699460297112935
-0.73684160997669
-0.769633229412797
-0.676575675357018
-0.728100436015483
-0.705911788929483
-0.735844485085897
-0.697800945673665
-0.699962894236058
-0.690710903236471
-0.647508964929535
-0.737829392517609
-0.776630955427081
-0.454720826892575
-0.547063040923994
-0.528859545198534
-0.521770935715968
-0.718220979880976
-0.569667321222013
-0.497462215738705
-0.564408053388126
-0.663098716099973
-0.78639276890769
-0.649616698162897
-0.662424826763646
-0.627390538327359
-0.55596289176425
-0.594819390118446
-0.801914127273398
-0.537369943728747
-0.660388158716106
-0.600676201374796
-0.705492634542483
-0.66017191465373
-0.714657263085333
-0.620829496022194
-0.660199940027204
-0.692828005888477
-0.630152920275185
-0.56366605085932
-0.522089223801015
-0.709145978266779
-0.453909997152816
-0.606266799514928
-0.451328394645702
-0.514942086940408
-0.681175259582392
-0.521534115848151
-0.537769654849616
-0.519570091625053
-0.622889096940949
-0.629532912971007
-0.541612025522465
-0.685070402435574
-0.484217583042795
-0.589441606124234
-0.57734859915721
-0.61834163570097
-0.514934571376555
-0.498901126644367
-0.550355136915889
-0.521475862786953
-0.649573756872962
-0.490505542405508
-0.609890113202237
-0.68982443071777
-0.559851994836359
-0.497227712362846
-0.528934997805354
-0.536424879388938
-0.532240889766147
-0.546154438008072
-0.483426291692993
-0.468066576957512
-0.570204288009898
-0.589403213457012
-0.643276610784785
-0.694491325056347
-0.514855685105007
-0.460524165508263
-0.489461444706447
-0.49106581663591
-0.465792801662791
-0.393400847722347
-0.499178906735009
-0.485996960368111
-0.596774603335518
-0.382208303971477
-0.55822657077372
-0.571086434384446
-0.582096312076116
-0.486925040719557
-0.508264358134211
-0.52766931756925
-0.376597604147873
-0.445259041850994
-0.582084392021521
-0.406308665113384
-0.371432293443288
-0.384816346570957
-0.421962033076649
-0.559500568629193
-0.509929810941774
-0.513254479956169
-0.378171985671953
-0.372540730190613
-0.387339847549811
-0.538756877731932
-0.23858303083833
-0.451110928805665
-0.434749319758363
-0.42487809926788
-0.457523317290878
-0.386412122325912
-0.461141364603411
-0.377739588550238
-0.39817023285855
-0.331684879317586
-0.380945074238342
-0.394681934489748
-0.273128145083841
-0.541127869749034
-0.274707975464476
-0.41677314650907
-0.388120127859319
-0.406723472978843
-0.447997390620588
-0.311320500150656
-0.311531034950856
-0.427363531728878
-0.371110740969213
-0.359048319797501
-0.405479777717818
-0.180141581565452
-0.334499409972568
-0.454942261275289
-0.280800272437167
-0.26697650018557
-0.333082747162454
-0.435029379283737
-0.446001266958566
-0.38322403593611
-0.413344252505384
-0.471139892529953
-0.442397188980938
-0.361069041601102
-0.446312695467527
-0.37781611904392
-0.29289046410189
-0.32404340257271
-0.366716848941543
-0.271412866501071
-0.29779910194171
-0.406657648892152
-0.484594108614857
-0.454165274366354
-0.271602328490278
-0.221537659086389
-0.376214685464713
-0.301335775256013
-0.248783073342171
-0.359666817152922
-0.3416887252953
-0.332698459724516
-0.344639543661418
-0.268399611466284
-0.38980857883002
-0.364148893844355
-0.214953368867541
-0.268603354281786
-0.346520429793681
-0.312478946241544
-0.398838661294593
-0.352181974264625
-0.345087330969083
-0.236288879384785
-0.355978720344037
-0.322449926316437
-0.278207877160686
-0.207346347697127
-0.247139362873005
-0.315846054075744
-0.258851028999519
-0.260712666832937
-0.208695489479816
-0.300459381026054
-0.224008538594771
-0.228458176485379
-0.275177066314716
-0.403015775125603
-0.204655926308399
-0.310160697280709
-0.318852384093544
-0.214254428822564
-0.363631194800989
-0.249153009710543
-0.424009110474836
-0.342797661057487
-0.219215344240109
-0.313547910891354
-0.367077428349956
-0.31433618373249
-0.121120907597692
-0.228934164094875
-0.287028100813381
-0.126106054021978
-0.151100340914633
-0.334505649563354
-0.304681261224193
-0.157783864842175
-0.354417924028653
-0.278979613802654
-0.286131647459402
-0.357443351326311
-0.282005826821949
-0.26662244805943
-0.34764499264724
-0.191468032584708
-0.368775432137502
-0.182835069363113
-0.459436357415296
-0.264785973606363
-0.272852676976175
-0.228456688834455
-0.188722331938638
-0.141565680857512
-0.264496188148798
-0.303719478327115
-0.171825313696386
-0.159203435927466
-0.226482038506919
-0.137520441879808
-0.215857696257106
-0.197410250462813
-0.0564885616920065
-0.304657934139652
-0.209735894052088
-0.163773675011865
-0.238436343895
-0.0681284378159554
-0.218732690597037
-0.277953807143994
-0.184826722985479
-0.197835372548472
-0.359802528338028
-0.218780295333136
-0.236971425486879
-0.243266720383756
-0.142679024967193
-0.197913765340379
-0.178977355105905
-0.145498280825742
-0.205869767364918
-0.177358410726043
-0.129980821930728
-0.151800688931531
-0.220712172258154
-0.2364337944965
-0.120498742228928
-0.0647781135224456
-0.0466847230987571
-0.0843257251064057
-0.241357906583403
-0.257262296290894
-0.0631518973587497
-0.202463158220804
-0.249799053441513
-0.103132508368807
0.0200785797443171
-0.28080365529174
-0.191575679578161
-0.181617165062268
-0.201356370585602
-0.155332481673731
-0.329350314893828
0.031811567737964
-0.0625720904020406
-0.0976963253832251
-0.055830934616017
-0.171345476181617
-0.181196071589756
-0.228807469306177
-0.0496063940715187
0.0308869019558891
-0.00578909526468627
-0.160340183640287
-0.233150962000532
-0.0327357535050371
-0.0831292018860967
-0.0345524583937548
-0.0879727109635068
-0.228446582217751
-0.130662654579052
-0.114113028449793
-0.162703923138991
-0.00183814179815363
-0.12277159284706
-0.143614406845409
-0.150172721281252
-0.0302156255647999
-0.0189587863914772
-0.137842518782831
-0.0925259135280803
-0.0245568975092125
-0.151217317618642
-0.0126513016593231
0.0470274033724471
-0.0921868665595262
-0.0916379754280525
-0.0141737609193524
-0.0396107766577735
-0.211723044486942
-0.00658768292654587
-0.0596891367168254
-0.0912854119382571
0.109691323958058
0.00832890611165339
-0.106860570496067
0.00465327690507601
0.127121010485516
-0.18305119929985
-0.0102516931724932
-0.0848554197904537
-0.058652261390262
0.0655028250316582
-0.152004713117431
-0.166976988533827
0.0049276934376642
-0.155292947925292
-0.0649966799502212
-0.0438826288854281
-0.152521929493576
-0.0724883085068687
-0.0571891811384224
-0.05879020948148
-0.00934344127964194
0.0649346529100932
0.0195036101878952
-0.0455676185718125
0.10056463739901
-0.0969834817187221
-0.0712121783880506
-0.024458366353709
0.0767490965203581
0.00267862077112853
-0.118592869328544
0.00568001118360128
0.100991995432507
0.10775544326346
0.0398683848559001
0.125730296837888
-0.0154252586106917
0.0216153835516748
-0.0665237525519383
0.0560108007011331
-0.0275991401693266
-0.0727175190085965
0.279942461746665
0.174122942667894
0.141404898157194
-0.0123056503995536
0.0381052635935362
0.167738852249266
0.0571055671078567
0.00228465799433273
-0.0254219105210594
0.0516480477437346
0.22910376771821
0.181640899154968
-0.0126916409276424
0.088498686403004
0.0684858075596878
0.117245668424803
0.0672905057409573
0.0619404647301492
0.200787061768132
-0.0159640456763875
-0.0118977106940607
0.0901537894274178
0.0897366167559361
-0.101262321721407
-0.000323236608599541
0.215879266257264
0.130073549508611
0.165520494650962
0.106396409110418
0.232375181566762
0.231197572317084
0.140623696472322
0.0608454482314742
-0.00642051439608062
0.152734958147533
0.0472966651500229
0.0964683296020521
0.151850279085366
0.132933935774049
0.120548020196239
0.133502812008526
0.064569752912349
0.0833896145098286
0.210260225269357
0.241930353890448
0.19235022296553
0.142737104748035
0.135098598584147
0.213796397931484
0.305352112230978
0.255128459975096
0.247988594268141
0.153995809806259
0.142972904796471
0.121079050623759
0.161715824210046
0.11853749069889
0.171593519264603
0.110999222364155
0.163917503652837
0.104432345342403
0.226490360821901
0.0744812476366419
0.244536316970123
0.0209626375591789
0.354293079873387
0.0970752385881994
0.24553939210186
0.141784187747751
0.246716755408953
0.263875738173297
0.160361172148545
0.159371410402503
0.301456381912587
0.263362329239442
0.0972170090943444
0.242000589221662
0.138731391178631
0.235449667766508
0.304987146747138
0.268049707948218
0.313819694836713
0.266566247927005
0.123182047027184
0.230019969484572
0.305112527370639
0.211138478055479
0.442714563201294
0.180812319218486
0.17960777792306
0.192324653153995
0.214572675687548
0.136586231457144
0.369105270746992
0.23705047549142
0.261792373341783
0.189491082636091
0.312340950683239
0.25269872573797
0.153772785098291
0.206061242230968
0.341897046460666
0.212089881234668
0.229865202722122
0.165392687605199
0.376968028830924
0.389179206622966
0.336757273439737
0.385219878497981
0.259566204995236
0.193226858677712
0.305413756006452
0.465479653452529
0.174858516437819
0.213374056124765
0.237913466190492
0.23332387788859
0.153338319419222
0.21361954650168
0.253677950103298
0.258535079114707
0.361106380453864
0.208290606525336
0.260499059964645
0.288469523335315
0.257224051720465
0.381645263223695
0.445487641021787
0.251862720330751
0.412786153704694
0.27140177666104
0.40760679014741
0.253237063671369
0.39622704769868
0.324122761413329
0.348606357742323
0.118349800446084
0.455774807752594
0.352166576537191
0.349869983405253
0.352377799543302
0.227047214641072
0.259909656037508
0.28898041345745
0.300911699915363
0.373796318555501
0.184766417176617
0.307884118379227
0.26728085035237
0.333710740372183
0.302682153337894
0.236537380281247
0.356976787327937
0.472832368718754
0.302300967710477
0.367363640160002
0.299606730949372
0.298128792968489
0.399593423526956
0.407485660647657
0.493470726436682
0.271072469366322
0.443032352139071
0.449178750480899
0.375816248744578
0.41120165750777
0.421828096964154
0.468582396158591
0.369204421463839
0.42855200104402
0.477317290420671
0.467715464187755
0.325660440634788
0.438203172986788
0.548528471562487
0.421333245014874
0.37363925705026
0.393972396166353
0.474348475421699
0.64895754999962
0.450500675614329
0.485940181986943
0.327087250112093
0.23867334099596
0.359844997676096
0.356297519844226
0.49032327251676
0.325266212425114
0.439580638421152
0.258533328532333
0.420424850163927
0.413226835224464
0.397292654845271
0.536523586274638
0.457243384677057
0.647292807971987
0.560528761270974
0.485226891363679
0.591874339273321
0.605329041997236
0.413072543403259
0.5974304622822
0.420643205209916
0.433517002098753
0.486678772722302
0.348822672421315
0.421476508006095
0.545790006798201
0.649823324259123
0.730521028127059
0.375285316824172
0.479932171627862
0.411300201882839
0.585387661347665
0.472770398771765
0.495598501664184
0.44184777829412
0.321577849635742
0.435722455718871
0.428928767383695
0.492807200927706
0.560647289931783
0.553103018555741
0.485521404432383
0.439527363314622
0.625089780130212
0.432922742811704
0.458993537237033
0.427945354942164
0.506300562160582
0.458435081621599
0.342585021188884
0.569542687100499
0.547238413189649
0.48086465859883
0.552876934843814
0.547567355907966
0.460033114873674
0.415658152929558
0.508018232724045
0.700113353008984
0.604619616981136
0.458148139862203
0.426225061629983
0.576867988172225
0.491327832169756
0.631743416693759
0.574355893622247
0.484502666213887
0.618755432713602
0.611430147113609
0.557940450569188
0.535638342561216
0.673307434549605
0.486888969392886
0.490085010549345
0.606938560729139
0.648499580854707
0.49336744397079
0.586051649122366
0.569486738167515
0.330040593781859
0.66274204903755
0.501799754471798
0.348507767943545
0.769463668790388
0.637910476269533
0.589643068700959
0.524204449360361
0.490555216496695
0.645401424434434
0.55747851696456
0.642236396905738
0.64453115457207
0.622199583672481
0.638015408217759
0.682101147049479
0.626179249518664
0.586736137315052
0.639755932864743
0.593224696288133
0.659385496492932
0.772952800436366
0.563133788818771
0.486846125249209
0.511205601328555
0.761843555363948
0.672246308325548
0.705444727440022
0.498019225365194
0.640172331244263
0.535943542212935
0.64159387822978
0.543276207804919
0.592835919084889
0.639487161991853
0.727092950157917
0.638521211034063
0.718233289194229
0.634214343269765
0.601442173425387
0.578432737299317
0.545190963890102
0.707735241327768
0.862324940033649
0.691511039084599
0.753907709297266
0.59032096545322
0.736304967651841
0.793448287362689
0.565435923161592
0.701836277486355
0.599956371279669
0.61870386741413
0.638551031808084
0.744005500879415
0.624603952974315
0.637711880551349
0.671823257909523
0.521511099427182
0.622544522331795
0.718684071195117
0.549814026501772
0.846838841650172
0.641279165711294
0.698010320723215
0.583829720686731
0.766574455938154
0.640964345893965
0.731006085815619
0.817663196627631
0.678302122477098
0.78864063927752
0.700526185944275
0.676698086265869
0.774652941609731
0.820250489163618
0.892962714415945
0.621490257310785
0.682859991381945
0.79594187586661
0.860566407388286
0.7207894536765
0.658398474497603
0.652403313227251
0.76965470789521
0.691684436439222
0.668698210437469
0.701326855508651
0.724115721691879
0.828286285505786
0.704817945317574
0.733322934086524
0.833016685880738
0.848846001085489
0.739575777102909
0.736118633473505
0.707683463611915
0.720156174715062
0.606640951926905
0.71323344276825
0.61358598907954
0.772904808914278
0.667106848907448
0.873033730633719
0.921335956727556
0.787155279860318
0.890971548774188
0.754358049163351
0.828427383746353
0.778102546394837
0.719172131776307
0.689272627451516
0.700227350068698
0.725561154630777
0.711406465273964
0.680043286885381
0.655338367336087
0.790429189658901
0.68821310802604
0.793997642382579
0.732356857807312
0.779084891930319
0.73361424035261
0.748695520101793
0.799102683283866
0.882004123236635
0.802193298637571
0.796338386746014
0.723630918126522
0.865379842927323
0.9247221611671
0.981544010109643
0.812695797665718
0.827299979975703
0.885957899209431
0.763188235887055
0.930538492027582
0.787846429157949
0.843754819555969
0.890833512060897
0.944862947427459
1.04499100204144
0.83251149013552
0.806802921277357
0.796992533379415
0.72908388623368
0.779525805978051
0.900255689389326
0.938233838504419
0.913643178747064
0.981421803069618
0.746992424823404
0.916092072377457
0.913380897632554
0.715560497758034
0.775758173147377
0.894140206058144
0.809000781737255
0.908390211700529
0.967457883408939
0.896957491271495
0.950816178981915
0.878395529725361
0.884264144413321
0.884487283901192
0.935579010939364
0.876920432356411
0.97223563207449
0.853844329315076
0.877637319553113
0.96660809245547
0.772353263200498
0.945698864305688
0.907132613266483
0.733421168845531
0.726453701653275
0.906992306944699
0.845884560237543
0.903034835066396
0.811731075530948
0.94602051201587
0.920700523659374
0.98236443405915
0.921958805571465
0.948489827551019
0.917835211908495
0.82986913602361
1.06891823485209
0.97361012936523
0.946516925972607
1.07697760658528
0.886799503298214
0.892104731721533
0.984601381108572
1.00196082257863
1.00548419918398
0.866599573343196
0.975525721355306
1.0181642551793
1.05770040402231
1.00151125964375
1.18751016974803
1.06843760482723
0.937602410272927
1.05456935164813
0.874819958925667
0.954525718010458
1.00352989548714
1.06036051036875
0.956322606962611
1.18161074805685
0.926156543402286
0.969801332923423
1.02005819578748
1.09996439839919
