-0.90489687198181
-1.10227105289521
-0.981951907459861
-0.903788962998933
-0.953063658340152
-1.01022831887238
-0.983698917856228
-1.05165164343395
-0.961944980707617
-0.866118062351442
-1.04526038229511
-1.11597728743547
-1.01207774116305
-0.955525982995563
-0.939642415890787
-0.914964793985974
-0.906637080231386
-1.06085438892475
-0.984116037915876
-0.739965584470565
-1.07092708732847
-1.02358697112477
-0.860378769368809
-0.875662151938387
-1.00001863354822
-1.00683946664739
-0.902012157576568
-0.793545003299609
-0.993135594736833
-1.00450598386445
-0.833610925153392
-0.821746216861978
-0.967907497436019
-0.935640708783775
-0.968147656044629
-1.09315153354979
-0.788077851766913
-0.992797505830446
-0.770613428446014
-0.887057364069699
-0.924830343187457
-0.926794645268304
-0.965230838546372
-0.870655838628687
-0.98997169527662
-0.938557439450867
-0.846619414847335
-0.891931177357882
-1.07564745612729
-0.993388967188667
-0.905035605147553
-0.905335692352576
-0.83159748925591
-0.941002563439634
-0.756473236140568
-0.853977909234477
-0.800861155352358
-0.872678591474733
-0.915420214745668
-0.874735509864807
-0.890212559294452
-0.868266483603403
-0.865845629271661
-0.908864894309764
-0.789085947047729
-0.938142566204354
-0.877500324403665
-0.898709877124168
-0.77810301412221
-0.791518777232308
-0.789914494290538
-0.765083306274388
-0.66906872363157
-0.903592597923566
-0.855324000994489
-0.820956079276395
-0.871990065759332
-0.697907447336718
-0.951502318763633
-0.722081589997108
-0.878521248895491
-0.823547056121339
-0.820437893412609
-0.765341383887729
-0.8391551808228
-0.766412974673945
-0.919762425659105
-0.851257294919462
-0.737986267983465
-0.637852404881898
-0.848531471893935
-0.73073676170748
-0.693034648250232
-0.899582230492856
-0.812336688822254
-0.978336316073826
-0.707102076480142
-0.817173377497433
-0.731235288037427
-0.775873410942442
-0.725423362908456
-0.848345219691007
-0.703809455443687
-0.880499341883309
-0.784129729150475
-0.718425677774351
-0.678935448324846
-0.647895079231612
-0.857542973578555
-0.89621015104409
-0.653529922777062
-0.808659825758766
-0.655081630391635
-0.738608249274989
-0.842719416633089
-0.789112331834104
-0.758366115125678
-0.737816909422131
-0.595383902777558
-0.609745948042945
-0.610899029448724
-0.683916095611687
-0.759007485237165
-0.730995700730255
-0.83844591557356
-0.777004352478672
-0.565285938073435
-0.749530202312015
-0.739342890303826
-0.600443306969806
-0.733172811215166
-0.835078214639793
-0.572147107046379
-0.867531964567745
-0.704870345170973
-0.702558446570577
-0.754992549774988
-0.660831581164931
-0.754334005515247
-0.815726048743198
-0.789209152473606
-0.717194593690356
-0.771286179496547
-0.787556376446623
-0.765008664482442
-0.726678589382731
-0.713170671028284
-0.709984599798036
-0.783501408507485
-0.693971677754921
-0.570424280011971
-0.736330665668497
-0.63860397980646
-0.642661870934112
-0.592848525819541
-0.526729748792851
-0.671602682594603
-0.64262415709821
-0.553587635993475
-0.613216296721229
-0.717333303412633
-0.679719545595756
-0.672705308035269
-0.818076424390838
-0.699175166914215
-0.516257890650247
-0.759021848036312
-0.685415877870136
-0.742466493310422
-0.783574925459336
-0.674734483998086
-0.70735781426951
-0.711347666730392
-0.734708564724741
-0.715440355741598
-0.698754167743091
-0.699266690473597
-0.665348092034429
-0.738329316990478
-0.754450970334957
-0.448409884060012
-0.529662655978757
-0.534878048919679
-0.520859237863583
-0.736887203807516
-0.581409492236866
-0.492556064604564
-0.564486290855246
-0.662819523218175
-0.774884719010804
-0.64731815530635
-0.672307149993421
-0.642952336201554
-0.564526126958099
-0.59552561064262
-0.802340149601393
-0.504306572868567
-0.654291326474801
-0.599699844097154
-0.689753420181056
-0.631406234701563
-0.732337621031672
-0.598042896565052
-0.683779220244823
-0.703272409840281
-0.648995239393179
-0.572776015313367
-0.531082406465255
-0.713070033876048
-0.466971621253646
-0.631867099942273
-0.425225711245119
-0.528638706825035
-0.689337942566773
-0.509334069273663
-0.541433865246157
-0.523017684182398
-0.608926193081396
-0.640770737645653
-0.533788564250417
-0.671511850298803
-0.503719957957291
-0.584494791877919
-0.563848234666306
-0.622180234462306
-0.490858326300492
-0.502328224946625
-0.531228159361816
-0.524599197536763
-0.643254578787175
-0.483664308050488
-0.630124478964943
-0.686018955551396
-0.553437512746433
-0.510634969302966
-0.531024165037981
-0.546050268298612
-0.519983798754163
-0.562522768342394
-0.461871333651667
-0.465766360804643
-0.567698665533712
-0.602074885498171
-0.64246846447198
-0.708837633579426
-0.523504510716743
-0.477668583530453
-0.508940329953748
-0.46320402852285
-0.458973930426836
-0.384665513707903
-0.514608122261597
-0.496239800595974
-0.582543188433068
-0.353536753100945
-0.566139633489815
-0.548583935547643
-0.576603941122593
-0.476916740764398
-0.504978315633552
-0.516153217322309
-0.373609220692249
-0.46973382488505
-0.568835752604724
-0.384452142408287
-0.354030340372145
-0.373467237074318
-0.423626907122769
-0.52089521629327
-0.533516974696196
-0.519712331848267
-0.374420256275344
-0.362856794899852
-0.370734089574678
-0.564902128421686
-0.259624236240331
-0.43968378298075
-0.42770645794596
-0.405526373931836
-0.489962762987051
-0.381664930735105
-0.450269694942894
-0.363305230444781
-0.382382332167856
-0.335302057474659
-0.408728362175476
-0.383936816284513
-0.267403828172213
-0.546466027153889
-0.27053194041415
-0.41096370718004
-0.386089723631413
-0.389130199918249
-0.454900729964671
-0.310829247846114
-0.317074839835836
-0.44086852550779
-0.368070250177899
-0.345624386402461
-0.41130288035994
-0.162142262930238
-0.335451418096132
-0.470930569093954
-0.276533167770238
-0.265772316922793
-0.330816291330115
-0.424491065437152
-0.432560927940668
-0.382241469829675
-0.397195999386493
-0.487237145446098
-0.436518312886161
-0.375502649980853
-0.443025699280426
-0.403719888523831
-0.291550753577547
-0.315509364221427
-0.344245318956527
-0.275390256162921
-0.303205460471326
-0.399322085974416
-0.468496178574702
-0.46183956112966
-0.257115342102122
-0.249643658806476
-0.369561857652641
-0.291145358728286
-0.261604280781914
-0.353931303464176
-0.338960842443759
-0.331038938004669
-0.351621618385616
-0.262486425065699
-0.372950064486493
-0.34354947316158
-0.221669720885968
-0.290911540132618
-0.319184096323906
-0.319171599453556
-0.419153223367418
-0.371806547624797
-0.345957052641676
-0.242983728929348
-0.34957582826503
-0.349424474650993
-0.28696739420204
-0.20737852329002
-0.260971861262516
-0.314045278722229
-0.277132936619454
-0.254879964187284
-0.225529502441079
-0.301945315535729
-0.218296784873354
-0.249878888733888
-0.249605574399927
-0.39983246417982
-0.208382039072141
-0.29963172863728
-0.315003142228105
-0.220399362343179
-0.342415597825131
-0.247797496154422
-0.387043180940618
-0.332054307566558
-0.210508427339891
-0.30812535168735
-0.374351046356179
-0.302032194262245
-0.136343227508551
-0.212908277822691
-0.284548211594204
-0.107825633345438
-0.137506882604793
-0.346439343632717
-0.311988886895955
-0.185438984286814
-0.33581975800414
-0.284614332332384
-0.280245716700864
-0.327796439833341
-0.277587187390348
-0.271578989338878
-0.340527269010215
-0.183724137024242
-0.384772695669512
-0.17728070820933
-0.481895075687723
-0.26144888733193
-0.254604730194516
-0.232603681568219
-0.196859778046304
-0.12788797493801
-0.25052356170748
-0.289539517078154
-0.185174510037658
-0.174953493960968
-0.224520182734141
-0.141260721371209
-0.202057999311695
-0.210707300491358
-0.05595526899577
-0.296838280686362
-0.207992552014184
-0.17732724648954
-0.248022219592935
-0.0616951674624199
-0.207288067760868
-0.276185895620858
-0.198256065035456
-0.212912635878799
-0.345552500651545
-0.201572809372233
-0.224942573888002
-0.245638882433575
-0.135503093496948
-0.196009424162904
-0.182199867079396
-0.142058395113012
-0.200330926657994
-0.169962593805316
-0.141465445544843
-0.16511274580812
-0.231281268550488
-0.224466199372365
-0.117061962242847
-0.0531417205328971
-0.0486374424149058
-0.0826218915582439
-0.241363574175845
-0.254397991034909
-0.0503404971373719
-0.202388208595711
-0.237150687817399
-0.130264545736774
-0.00910086268146743
-0.28832744544574
-0.200266626216078
-0.171310992483025
-0.174408935251619
-0.170015933999385
-0.328541466611816
0.0482364850420019
-0.059268899818689
-0.104843237936588
-0.0571289921567288
-0.170001631630904
-0.161667989666505
-0.234772989635663
-0.0203978504547573
0.0198296231955948
-0.0271559360705128
-0.132713693406133
-0.197604989842354
-0.040914192255251
-0.0860997385050444
-0.0206782205080018
-0.0966926825586702
-0.231754709082239
-0.128997850130573
-0.118343622399797
-0.155744756975455
0.0151470902183778
-0.151211604694919
-0.114694110633359
-0.138576176182549
-0.00363419525292964
-0.011151528539134
-0.141936294727418
-0.0959896689319621
-0.0128921513559849
-0.141111826374229
0.000446363775553382
0.0268048643494985
-0.0983322981819649
-0.0833071640296618
-0.00368063509263407
-0.0332614118401972
-0.219566023037923
0.00230692602101702
-0.0572282164320121
-0.0863298413940355
0.116052463145708
0.0249106528077314
-0.104712872595465
0.00805474398654086
0.132386760378123
-0.174617348191914
-0.0159775681855083
-0.08136975601597
-0.0731055731077441
0.0767032044736062
-0.156317365713377
-0.17514448399928
-0.00501791146357962
-0.140189386505762
-0.0405318971536915
-0.0499362485075068
-0.170947455633805
-0.0838481765873053
-0.0545801027865947
-0.0801287885660393
-0.010644075653914
0.0643531129082778
0.0262842424562888
-0.0290550783347414
0.117039511652367
-0.0821333945492681
-0.0721547094381135
-0.010195915436216
0.08272203560374
0.0121737481983358
-0.0913722105728333
-0.0210947173145197
0.103150051234826
0.0964685744237817
0.0468102088859069
0.120534614049831
-0.00506514923564173
0.00749254227818419
-0.0531069395396505
0.0472759509421524
-0.0211324545807429
-0.0557053264088338
0.277655010067488
0.166164633957271
0.126208066104751
0.00226414575146788
0.033221977974525
0.167714813109707
0.0615551841433782
0.00873712631923313
-0.0378600225992851
0.0588477893693887
0.23336211580443
0.192518222867131
-0.00356308562646937
0.07524950021388
0.0764527928326348
0.1377801056817
0.077260001208127
0.0464010007907275
0.195300531395321
-0.00678977275951147
-0.00336514765670066
0.0819052361175205
0.0798576630067822
-0.103236341745683
0.0262924832441137
0.207393192301184
0.111901333175403
0.168222559595816
0.112157117377129
0.21485968632615
0.220709570520741
0.142183429610287
0.0685676648331345
0.00660903940067383
0.14455789958161
0.0520540835476931
0.101751102970479
0.163977200149957
0.144284029475536
0.115272294963115
0.147284258172566
0.066614024335222
0.0898159574861929
0.219361430231846
0.214551193092006
0.19795966109293
0.149372725901947
0.146806907973449
0.210215348857746
0.343717928246889
0.254555180533942
0.261248631367557
0.181101281464126
0.176148092022859
0.134124258662087
0.178555137084246
0.127182150281392
0.17291462497719
0.102427360148381
0.159277389680491
0.0940070666489153
0.226159834934537
0.0754093373187576
0.241406230333467
0.0241220626166527
0.341200113404545
0.106483220820361
0.254315144890493
0.146347508115089
0.228913394082597
0.255152696245709
0.160620249236465
0.156891044956021
0.292283772640479
0.218403106928981
0.0926243344995513
0.22182460658602
0.162549998196965
0.236230704369843
0.279461522326077
0.264790842262798
0.312700052701123
0.260149578033249
0.113408042939555
0.229491027477489
0.288962725149433
0.235631517452248
0.435376460293473
0.170294492752566
0.155606965470588
0.182172548102638
0.226424014358998
0.123669576382712
0.35890277672321
0.248128800621449
0.252983144548245
0.169798439390973
0.323504036934812
0.248809314031317
0.145901863027031
0.164005888652858
0.344916475378959
0.22134720700654
0.209006635935924
0.157745681916024
0.369782658050241
0.411309212382008
0.3379454780215
0.384516981129626
0.261864474294694
0.212807358045065
0.291645147412124
0.455644161836409
0.188750055610842
0.231068992446814
0.234900289518271
0.252250623937878
0.149003673873633
0.248783957200476
0.257016283786126
0.286691585984732
0.360552523506079
0.212334459399779
0.281120953175818
0.298831582119276
0.256989200548344
0.370932849619685
0.431009043661094
0.246433513820185
0.415681117389929
0.242040346824298
0.410293921581483
0.230281849076158
0.417607300997686
0.315286481713229
0.343218976658672
0.111417194127809
0.453840661414961
0.340343682344321
0.338790239667411
0.333386416664435
0.231662707475805
0.263797119795041
0.290425604319063
0.285063643629593
0.364714245463794
0.190627252720614
0.30380961646769
0.27019116686957
0.334605279243446
0.296615730202025
0.238496373297634
0.333467742790718
0.464831792210331
0.29354705164131
0.349769798815909
0.348541556296842
0.295936773326503
0.41012780237382
0.433866997752747
0.497736213547448
0.253668969243369
0.424736322342802
0.439899091898569
0.372212659204471
0.40868070795404
0.420173772649435
0.470049323206936
0.371728631396659
0.440767590358811
0.503378968224003
0.457697448002047
0.314316092031781
0.440319700851217
0.530925237257286
0.413009693211266
0.383991747151688
0.367085558058636
0.456620156471918
0.658252929227046
0.462384986188071
0.480455143208644
0.33486358143254
0.218315845646854
0.354615331702563
0.353908501784095
0.50042458030229
0.338645088022918
0.423300685278918
0.253612452509423
0.420497461878592
0.435004654395249
0.391512232708342
0.537725463542832
0.446472597892828
0.636929886082754
0.545937112023089
0.490192190162763
0.60452220725818
0.595512844174948
0.418427270445854
0.597871359247528
0.412578377697172
0.440288132700546
0.466525302979478
0.341511287799064
0.43751600275509
0.554790083009257
0.688227759380359
0.710830778303946
0.356559580770266
0.438245635435212
0.408007600482127
0.594199672113873
0.473326113292824
0.501473242632096
0.398929550289439
0.332167252694771
0.427477591526736
0.425218093868125
0.520982463490565
0.576491413867632
0.525135356397816
0.496153591565847
0.437921720420697
0.632541047551471
0.42923983572715
0.453268910936488
0.419913050877178
0.506427931817439
0.458599312531192
0.340213393754648
0.574525031822221
0.526028081302263
0.480867408120565
0.562893020620918
0.537256116991497
0.461106318762086
0.400449705652243
0.510613040737356
0.668598996010193
0.60249920162365
0.463143504974152
0.397105482677314
0.592525991586256
0.480309254356531
0.604797884790198
0.592856376719881
0.504931117803206
0.611349097518625
0.622113099282955
0.552951156066614
0.539923637667544
0.682288141074664
0.472269254563796
0.490537042073652
0.603116390382918
0.634857642997316
0.493094922464697
0.574037301045258
0.575197098677096
0.324629946981195
0.660175332569301
0.490749532760459
0.348411188315506
0.772607029031494
0.658193191158931
0.593717494071364
0.529101191257365
0.486941944258869
0.646619044727575
0.547355905410206
0.680820204479447
0.616860547520781
0.629917931112771
0.629325059387316
0.685930452981798
0.632274139290705
0.598946927464662
0.639242167053919
0.583086264433323
0.677732652960977
0.74916487845933
0.558763883581233
0.504839965359005
0.507170360128741
0.75093813648644
0.658164405183807
0.729161752625064
0.491636430428384
0.640693163077813
0.550294340104654
0.638924758496972
0.521149261667906
0.589616588760282
0.637093273511085
0.742588302354582
0.627112527146481
0.749749609330896
0.647568351281088
0.6092543705709
0.577921145763133
0.548671877087477
0.689312521957736
0.863081545383486
0.693868044091221
0.766477693040324
0.605429660929734
0.727392261189675
0.778758190223807
0.559854739716968
0.689132260959338
0.613279726201082
0.617001594247536
0.647220757122015
0.758481730951093
0.624817892026045
0.639202437981611
0.653540552222711
0.536994501515966
0.630601558811006
0.741743045827088
0.550918933975959
0.834195652243371
0.648815794125803
0.703006242340048
0.57200392423587
0.770095148292048
0.665012833853167
0.718441782892613
0.794016852523531
0.69207671457264
0.77882797563919
0.705612030152831
0.687175249603052
0.753372369432849
0.830804009836819
0.882537099150136
0.607317578303361
0.666533069493892
0.819816286203094
0.857751779629873
0.72074079129087
0.660134573045358
0.678546883353051
0.734304042560908
0.71820303803366
0.652838482419971
0.70449059909561
0.723688982422097
0.830016149913436
0.706199919746635
0.719387958205059
0.835126464767466
0.87363993939726
0.751264969571111
0.748063823779164
0.679878733627626
0.715118297365443
0.628442351197327
0.72782305861582
0.619524676814784
0.762081832050812
0.664886507608585
0.879465646161384
0.90623883172187
0.782800971481412
0.880257371863994
0.788247125998534
0.832180369584736
0.779153015355381
0.716629298767902
0.721675325444302
0.705298249558443
0.717627520629585
0.690275787306906
0.684114132862941
0.66833717022264
0.824780340964183
0.691780368451821
0.795540079577304
0.733157911881167
0.774539118536648
0.730398177460542
0.742942779720481
0.803728818141284
0.856919902824129
0.819060614313162
0.813427363628595
0.716167046750015
0.883220600309528
0.914740423625037
0.985731157027375
0.811841900413365
0.799493937712651
0.888363567388481
0.760533583441919
0.918462540957622
0.810875047409968
0.853180858013734
0.89290177078227
0.956178913368572
1.02926378405807
0.812690062861025
0.83283643907968
0.816598212819835
0.738198172870802
0.774087276831792
0.909970899399061
0.944690000669596
0.908106556174644
0.961360538857859
0.778135206690297
0.913144114270123
0.907699721266675
0.752462217839832
0.77146224016593
0.891150481403107
0.814531377567508
0.899332616796314
0.950973118843225
0.913496026460763
0.931618014068451
0.856087973878391
0.895145412087782
0.904911129056166
0.94099720878965
0.873111448980647
0.976358302076078
0.865391698135798
0.895893736988652
0.962540935134348
0.78203120670899
0.962609472043122
0.904257990624544
0.741970026172198
0.725714531098371
0.905777527437095
0.818208996155326
0.907386415709742
0.810985012356865
0.911065769565156
0.927379133056072
0.999385136652505
0.920892415870186
0.960025885102382
0.91033189354414
0.816571587307259
1.06626224662615
0.976108637241309
0.950995867302154
1.07851866618366
0.867775274643355
0.902924900424232
0.972097350314278
0.994615112943631
1.016981864612
0.840411783780347
0.992824132925138
1.00424611706538
1.05234091603197
1.0320108178601
1.16284695314931
1.07508102357141
0.942311431571839
1.06183532912149
0.874652950871292
0.960488016110633
0.979615453088986
1.06009090720868
0.952239134168298
1.1633781204969
0.922949886165429
0.972977137588547
1.03614636871438
1.10826434558948
