-0.858915286500103
-0.956875343406794
-1.02919322534868
-0.917063785099086
-0.788267906288723
-1.02204895305729
-0.922017551862526
-0.981004023277287
-0.98257491851189
-1.15963353055693
-1.04766896678274
-1.14111086068452
-1.05943436143746
-0.939937152289655
-0.852483980230622
-1.00905685350326
-0.942968176916851
-0.908211128925392
-0.930006533492379
-0.849060039985081
-0.846286156017242
-0.962604097162905
-0.88715881081227
-0.900364177072091
-0.910130345438122
-1.06611240720623
-0.97007212938035
-0.865125410597107
-1.03668678562149
-0.880928277674756
-0.879156852954122
-0.882198829929352
-0.871736531661743
-1.01046452929305
-0.8157815082547
-0.935876484452217
-0.841935834658824
-0.945037957935169
-1.08648821170219
-0.803943475054609
-0.756138944119467
-0.79285890804756
-0.876221547874864
-0.931472434581066
-0.954829752873145
-0.85014775351756
-0.871339894259954
-0.884416533489397
-0.837218770485245
-0.929060661609346
-0.996574955841552
-0.910555277093948
-0.891457845354763
-0.913762243095109
-0.859250834131023
-0.951551017883867
-1.06821662356236
-0.934417951325411
-1.06121511887165
-0.994367720013752
-0.781410981308908
-0.867806634393929
-0.887553667878474
-0.881748414228692
-0.741997644386566
-0.948498494137373
-0.818289205598685
-0.859808731920252
-0.789881236628628
-0.921573477877776
-0.753733071431579
-0.837541350353228
-0.76764497488317
-0.865797825911116
-0.829947870444135
-0.824978815726185
-1.0048844719108
-0.874656954533617
-0.788816886195858
-0.820456476449334
-0.799074991801042
-0.762008056251931
-0.880307934760699
-0.72903861044757
-0.880158955024124
-0.954110359557051
-0.760052005462887
-0.849192227497399
-0.775648657442789
-0.813649640196419
-0.898884446242426
-0.640483632129131
-0.794820421625034
-1.04279456438314
-0.858649276182233
-0.625447947793466
-0.839635087601653
-0.95779655024212
-0.76433261549474
-0.781854031732404
-0.752906924340509
-0.749664368353785
-0.824010663875626
-0.888458525959502
-0.659731505417451
-0.774099508488017
-0.818291467599925
-0.850864211934534
-0.78922973069265
-0.878614494388144
-0.748681136449304
-0.742613685102958
-0.726403294735144
-0.686597553396763
-0.844016548614176
-0.726347846939054
-0.7513665951354
-0.821973887330029
-0.707802697474757
-0.854055697566628
-0.939370155453884
-0.756444000292456
-0.664258294145323
-0.617348961704513
-0.564203044515398
-0.667190587673017
-0.815254262500068
-0.767346312613779
-0.82422110379228
-0.617785269708587
-0.677614922234594
-0.726692098573192
-0.753405540135646
-0.77042532058562
-0.779806282003176
-0.756177077493059
-0.726541595638073
-0.55665950403186
-0.728764648119545
-0.620639205982088
-0.69961520407686
-0.80716703121204
-0.656430902365666
-0.906595794967991
-0.724747419265476
-0.606682820058675
-0.619484359750185
-0.696922234253848
-0.739717105573122
-0.548806024527827
-0.634125528430409
-0.692452364915699
-0.625362367575464
-0.667850174841761
-0.664163396386575
-0.740957443987854
-0.66146811147087
-0.848272258810294
-0.69166102623111
-0.856132333523446
-0.664969678394639
-0.55953764227394
-0.652436907395558
-0.754632385826756
-0.768812033378392
-0.737219727092364
-0.724460914013145
-0.69064199152305
-0.601800016362394
-0.665539674003266
-0.747567137938868
-0.709916227968112
-0.620367145444873
-0.654339033397765
-0.554912909885209
-0.479060113965589
-0.616936781853185
-0.651550131773508
-0.581122395748926
-0.657296374166808
-0.847036191727956
-0.688738781709906
-0.689808312628204
-0.817296021993022
-0.680727733032467
-0.701878118376623
-0.630276406594707
-0.657094233818349
-0.629631944353929
-0.505150093378208
-0.6671905537499
-0.623080454200711
-0.620338456881172
-0.696147011925269
-0.621270504836067
-0.590270055677394
-0.437709443480437
-0.677102574551516
-0.680445606544163
-0.663607499079737
-0.542444413798518
-0.546248331393322
-0.412599682472517
-0.592718912566379
-0.561207762156139
-0.401147607849621
-0.530068470156988
-0.503742421862834
-0.477689086721574
-0.568142336550171
-0.551673567801614
-0.448713135354282
-0.608271167309917
-0.488034422979956
-0.435218769211599
-0.526159629575279
-0.578479639037505
-0.388245324071497
-0.752618435707742
-0.450295908574007
-0.508204673477025
-0.417754851781949
-0.640076761141014
-0.653482053936142
-0.581046425728406
-0.617070571200699
-0.554240063943415
-0.522457087653167
-0.481052774576537
-0.533140952460072
-0.51072305529921
-0.624931877349677
-0.442176167619985
-0.502296629685447
-0.531896437116509
-0.515475857324091
-0.538963143299366
-0.500979112945499
-0.631921284857584
-0.4997604032677
-0.524829731615435
-0.652246705614136
-0.420248187467122
-0.667824223217622
-0.614060009070207
-0.572356327226721
-0.435365589981292
-0.462175223857381
-0.461383649837669
-0.539857268998516
-0.31178232110013
-0.463326322909641
-0.42090777795289
-0.508864806340385
-0.503053590991577
-0.496047293749258
-0.529058032093788
-0.638065884383937
-0.507563551235418
-0.465647938339915
-0.56303475168894
-0.514741327343002
-0.379453467395879
-0.518070780061395
-0.552983697055842
-0.367844945883313
-0.449690649699133
-0.40631594835912
-0.549878650414641
-0.434449034702578
-0.418353414282945
-0.539678178642904
-0.59062021132944
-0.58175454492004
-0.412804006890873
-0.395357874614393
-0.324789289649939
-0.397139132642304
-0.614798898509334
-0.35395838237703
-0.456239340521215
-0.590572447175657
-0.455060438358102
-0.452747933621935
-0.482184040578545
-0.435567685254044
-0.441739919393187
-0.457786565769709
-0.413145120159515
-0.464964654997001
-0.543863220570808
-0.436421253297655
-0.345436377333483
-0.381508424625709
-0.442162617320384
-0.288377537614164
-0.230332998070443
-0.364944497890431
-0.312946206246803
-0.46788375022642
-0.49670525683876
-0.284680082238375
-0.398966615231419
-0.392940467647245
-0.290891600943727
-0.273825162059077
-0.331910949424306
-0.365805849924179
-0.352936835088633
-0.280039825883301
-0.410599824380808
-0.243169584472957
-0.494123974758623
-0.254937427718
-0.321483082106832
-0.439930818591175
-0.388306751392357
-0.483810749368627
-0.310121833167177
-0.299530573650242
-0.351622781425253
-0.345266470833175
-0.376491449259155
-0.268566008608519
-0.374106064088958
-0.239615678681375
-0.320965657577426
-0.34923802123433
-0.397063477653636
-0.384888686587847
-0.376086655885903
-0.277094435069328
-0.211224563117163
-0.39480723078822
-0.41706329912906
-0.17838073346658
-0.250462843374521
-0.344988515091992
-0.316996562320149
-0.236264855992857
-0.335657786120906
-0.28123797761023
-0.236169542156064
-0.306628079076115
-0.428178536811251
-0.302039946007406
-0.289076106039636
-0.260757173671238
-0.271535999093962
-0.3704537743891
-0.295638249555528
-0.335284279740835
-0.311120454412554
-0.223050872155215
-0.440989737482209
-0.197015319772784
-0.175936826981597
-0.319602645538067
-0.231197884950508
-0.35237219848107
-0.289327088485315
-0.344041049711247
-0.267845465764807
-0.161736738212846
-0.293889076014962
-0.501052039377885
-0.418273767538548
-0.275698889292014
-0.192374588262064
-0.318024394354076
-0.153196834360967
-0.282030241016649
-0.371761982441068
-0.275816081804075
-0.244119854212281
-0.369786379683207
-0.169502612213372
-0.32021490609258
-0.238063519300314
-0.378859537555439
-0.245252474714432
-0.280013535338308
-0.344767797906517
-0.298659647342558
-0.107669975326532
-0.234238176371292
-0.279261873029568
-0.187749094573322
-0.325624634788117
-0.247031344977455
-0.25053239007464
-0.17699690925598
-0.0964692801002484
-0.0977454389466528
-0.255759243656352
-0.309960245082239
-0.307473493337129
-0.231706231542007
-0.12320491808227
-0.211697982010678
-0.147071782168634
-0.262792495891816
-0.135750932688038
-0.128934519188552
-0.202707676608484
-0.11868637607064
-0.0832328799501612
-0.22579462090383
-0.338694977436347
-0.122799729261584
-0.113271362445882
-0.112608462889821
-0.24759148503072
-0.334178680086317
-0.0706251650999818
-0.141495188298896
-0.236659649266174
-0.0287837878296894
-0.336422219475202
-0.11252993925482
-0.0269739815896952
-0.218986029459939
-0.150592861148612
-0.0787418804698132
-0.202903414709105
-0.126647433478995
-0.107002873958525
-0.197063436049653
0.0438144321939305
-0.192443099202816
-0.21824851093028
-0.0272721836352762
-0.200843434389729
-0.187609441691572
-0.178305167775206
-0.0862343247363948
-0.0477975008443161
-0.124646430556058
-0.190985914699208
-0.126934579123571
-0.156599748742174
-0.0658005561230121
-0.0719214395230986
0.0180661924921305
0.0330682036070067
-0.235305512114265
-0.0426680437919918
-0.17580736119709
-0.223207256884073
-0.0862478569864148
-0.265937939946169
-0.051531407863184
-0.04879863960464
-0.164263312696384
-0.153254591909763
-0.0262418659988588
-0.0125923399086828
-0.119228899074042
-0.0715609678549112
-0.146450149315108
0.00662151248859115
0.00216885901485994
-0.137952696455203
-0.0251524806236733
-0.149578417170378
-0.081121200206414
-0.087203164167241
-0.052987042941422
0.131551557247249
-0.0936093841390046
-0.057071360333941
-0.0959158902567921
-0.106203311836671
-0.0426248149510442
-0.0211351119743838
-0.120840395975753
-0.0585187896309719
0.0830336455824006
-0.124596243518474
-0.042739966268409
-0.128665006061785
-0.0372185928127011
0.00387755566471703
-0.198290611918884
-0.102739963995576
-0.0784414823160336
0.00206526581518813
0.0525166889665682
-0.00684791199864813
-0.086618885074736
-0.0462482624762037
0.140325966000022
0.0346073671407625
-0.0964351273046654
-0.00918518143834531
-0.0253682218532386
-0.114148652961514
-0.0130710209688765
-0.125057697537376
-0.0772521686743309
0.0705158567443445
-0.0506295048772009
0.0445005786361647
-0.0462371967075661
0.00220491553789016
-0.0170893732098481
0.161597371622867
0.0395743452614393
-0.0777328842867753
0.0907153516022673
0.123251615471356
0.104417216931869
0.0608345618674288
-0.00449790419748318
0.203452159574415
0.0293007242897019
-0.00164147521830022
0.00471283321773336
0.0955267562410466
0.136326347542575
-0.111766714253278
0.0991090003001956
0.0158401011745191
0.0472131269262318
0.0333858910507712
0.0350596107686427
-0.0497947987159063
0.101809216415545
0.113733505063135
0.0779050545363145
0.0346915804371027
0.172738990380151
0.147009104874245
-0.0343494067214167
-0.0332203649481704
0.0500001747750792
0.267536827771163
0.066833201849686
0.0107469412469205
0.0528428167948243
0.12589826726065
0.135796384945558
0.10350875326762
0.0356068182180529
0.073065840226643
0.0148880327066096
-0.0581593808572364
-0.038809975733291
0.0291858657453058
0.0057683772086026
0.12767813783161
0.142202320256579
0.136433549961564
0.181185578266468
0.214456365470003
0.132193303068364
0.108070772448437
0.181804384311618
0.350963425873334
0.0665512439176062
0.132786855280754
0.200950940356313
0.313958607296239
0.0934856291632147
0.266467550501326
0.0878199450284719
0.155862312745997
0.257917573720908
0.122790980833932
-0.000247391598200986
0.203118522501282
0.250176187854358
0.193923002796986
0.0496404487576141
0.215875373269393
0.116320889459261
-0.00287903792051659
0.0751211691474761
0.192893406194236
0.0826589657513756
0.0666808638209895
0.183806348226005
0.0924981389591836
0.284481043773796
0.118323445317044
0.0505828332143156
0.0782860713599571
0.128715704506404
0.0589625280326754
0.31151765383728
0.0475084728369203
0.192462647325729
0.192526962267367
0.171006655018164
0.27449804878821
0.355313410267471
0.187030676317255
0.136686741686462
0.187484584902433
0.162713567857685
0.331152628978203
0.155687533745034
0.263231239475589
0.192891464409758
0.126054844578478
0.188032091652784
0.218947164009566
0.25692615683504
0.0102994537274158
0.247520219113744
0.217117434995577
0.178228692584552
0.055997214745233
0.141530210582896
0.146834663392859
0.118811891101849
-0.0488130551913796
0.422446649282999
0.0648556728518008
0.230692137724777
0.287208516570594
0.298401303963097
0.215475254989401
0.240963660956005
0.263161881710353
0.222845373851959
0.266153202896768
0.146775444720216
0.280165636374727
0.276330264943186
0.236368918933022
0.233422610112142
0.307094151897485
0.247574839150354
0.254694838921887
0.148225908490758
0.266260345673958
0.213489466278297
0.280875023577095
0.352041067755562
0.244944758024318
0.300855629221922
0.115929456277666
0.346014123652474
0.357899993450824
0.341353235548111
0.26645668935274
0.299503905795173
0.440905016076306
0.258734001408864
0.284859707471313
0.425323856594161
0.267569001890395
0.293999910639995
0.374010769265594
0.344014665686353
0.35635675360694
0.231165874998977
0.387477990315759
0.199449199497096
0.45190561310118
0.481947415563407
0.420314884248419
0.4137570013642
0.422756394978916
0.401058020455496
0.392242963628575
0.334785773419824
0.361912376954741
0.274431591503402
0.465820461347014
0.305638698286801
0.308567736584514
0.128405856047003
0.296855576310701
0.245661191599684
0.327523002325382
0.368453925259701
0.40343546689246
0.355256029145222
0.363208344696975
0.321052369474397
0.360072672795099
0.388477571138383
0.411800072665501
0.455391840570088
0.0861600375409855
0.217992710712055
0.428856953103261
0.529809832665843
0.453608075644697
0.357452208006573
0.285417466475099
0.282471460338232
0.229223582845166
0.482815441306565
0.339597522744955
0.557868454844083
0.470834575114209
0.326726138076229
0.464836413251056
0.367210311619218
0.368476642529133
0.358004605902727
0.42638039337659
0.253632950285573
0.32180905317398
0.406725290016281
0.459498741193044
0.435057754241526
0.451669108415285
0.38414081617533
0.532895903547148
0.380134199549658
0.373990537089738
0.512872957991792
0.46167924460147
0.565932789670992
0.545046355478356
0.390921156299438
0.582162509769882
0.358532379654627
0.63609389232772
0.502306438152081
0.518377458483187
0.424961395503581
0.434815173756994
0.406697759760688
0.405099562392165
0.595079024763837
0.478641923113409
0.331889006341314
0.367781747979231
0.306766033672105
0.384531644996306
0.44886618876598
0.473967140744031
0.440044175920824
0.499900810761903
0.37847273778324
0.545535517328898
0.477781336863082
0.530842309542968
0.359560128809603
0.405981926986683
0.555019368888261
0.537792911197302
0.427756316934727
0.397356945559896
0.477931518608473
0.528905697222505
0.51522423878916
0.544996950785993
0.392811870250172
0.478942322980642
0.518370881618402
0.550052349976108
0.49303364371091
0.531785707439886
0.616721521400353
0.407389850233805
0.597584110062785
0.578580816156629
0.437727901456363
0.557185729946191
0.69984525496556
0.448746551143052
0.508740251364488
0.403889190928146
0.580140621939593
0.534000896498894
0.634647188691614
0.506191752421553
0.671756679829613
0.504357241171786
0.413633181593715
0.529383173868547
0.530623231798251
0.578095650764277
0.528825283806379
0.562097115370586
0.666634376304239
0.534428001676954
0.519338047067046
0.542136166919297
0.66116452604528
0.607415002970346
0.584769883946053
0.609443693106579
0.556366855725373
0.585332829558266
0.551559879066023
0.511168554119644
0.574607690571188
0.719356482620036
0.561678152018545
0.680781976217337
0.494400995583038
0.585659215993237
0.511742985865915
0.668277715488278
0.621624255597777
0.434666687163569
0.753933863973264
0.767142592629936
0.755177094970521
0.618347772619796
0.587889040568877
0.706051296207075
0.698765093192494
0.476226347616526
0.657318021396403
0.647948123680803
0.669064113962057
0.697529554221794
0.521522678936192
0.68544624727493
0.559468275535826
0.629050828873785
0.728189678215019
0.666317230478918
0.726048455882222
0.547893224228278
0.579800377027303
0.722988109024134
0.550325871526728
0.637753902421625
0.722679182252082
0.674344088488135
0.60229996678034
0.74087979322235
0.778499173545437
0.758069275691102
0.683980944780875
0.708146249728025
0.751676599645291
0.493881099022036
0.826798881629424
0.629271068018631
0.821674630067783
0.630249591456101
0.796438386146282
0.611602574833071
0.675246897110439
0.654720623597977
0.657995292140954
0.670575190162341
0.683374046835898
0.830892921026097
0.69090627682947
0.615605367921278
0.651091399442744
0.776618089094073
0.614565972693118
0.591962239266898
0.870926827454807
0.688110993492161
0.675512844650677
0.760596479357766
0.852375468528594
0.5831704458588
0.618128132088883
0.574828251822169
0.857379758656826
0.600452686921815
0.734873850595481
0.637120913254266
0.748905544151333
0.766962957095797
0.837600215619062
0.634665772868425
0.671201148510648
0.745008726446885
0.871934745853394
0.770513832100659
0.673624414834353
0.766210199244477
0.811747155542122
0.68215053159438
0.675684981483143
0.774671971370467
0.756481717866774
0.752470942396147
0.73516006356374
0.799806875999634
0.837595147883809
0.810679505324568
0.626168262372955
0.673060839356244
0.719410739177905
0.676276007926317
0.718798894113483
0.857381711565892
0.698785468060623
0.94569160287333
0.70334993152417
0.690179874670396
0.84268310991311
0.781085189723732
0.757569768950345
0.825407175967198
0.727202792921405
0.892187979970683
0.847012564952865
0.748267703050791
0.791977823699992
0.87809567641248
0.727307803494685
0.94082506624041
0.774145865319782
0.936092787698129
0.809355159495653
0.769747695753197
0.793687004753174
0.685377448629477
0.79331237304218
0.777775722954839
0.815765763974235
0.764040664177535
0.920460313341641
0.98071237599469
0.881058761624941
0.800157931378449
0.878711957812179
0.825661835612437
0.817236718871387
0.770821640228252
0.76405654817476
1.04564005767004
0.851617995748355
0.712457682797834
0.943126540971873
0.888821187153361
0.89751668410732
0.819180787462004
0.925651260503783
0.902565110086469
0.874408178171134
0.822911406161172
0.733775288005901
0.915369097299688
0.932457055089259
0.999066988869554
0.976585971849588
0.86794487935373
0.827743848299265
1.00951464561362
0.836899712091923
0.884332223661851
0.80587755929464
0.895710217667184
0.707346091543488
0.808474386138289
0.941739070190183
0.827475205012406
0.919984007319134
0.786269670208702
0.945623952956878
0.974730300835897
0.936223846901505
0.935157798418033
1.02426420317475
0.926395265578181
0.803410199275329
0.986566833446001
1.0794972806359
1.02033712504387
0.819705289154721
1.01604326061779
0.975265604555308
0.810593611721112
0.822882739463106
1.03837054813352
0.939487477428652
0.96626577175108
0.990218110439008
1.05409305188674
0.889741485717502
1.13996209884522
0.821214059773755
0.981154954635488
0.998537451857568
0.955816666001996
1.14015683498368
0.853187121439711
0.906185969800842
1.06348022109189
1.02644001336727
0.907412380340373
0.995775318783564
0.937173870528975
0.9424092582101
1.01239999261712
0.889193939088221
0.886759202276861
1.05348738392152
0.932195377585515
0.941800367779859
1.12155555659557
1.00810965498388
