-1.0311227389426
-0.909553381465091
-0.957330167557823
-0.934052855026594
-1.01359648853956
-1.09679542156664
-0.955564862497672
-0.817274080730842
-0.909382724489814
-0.963298935585029
-0.993803280323488
-1.02592393270938
-0.990368311627005
-1.07563729987786
-1.05301631224085
-0.953028325757648
-0.986800327176254
-1.16353495570769
-0.981552070558451
-1.01626888951534
-0.985515559863079
-0.955063911356909
-0.85142855024131
-0.9592282325862
-0.844708162499217
-0.943470487745485
-0.893404502499972
-1.06086541946906
-0.95804934857563
-0.767934635396261
-0.908295391096684
-0.857008113206903
-1.17457741187811
-0.868350517493509
-1.10371861275013
-1.04310387856254
-0.829546591901443
-1.08959044328402
-0.930291511466026
-0.793953932655525
-0.966650938929588
-0.883279821871266
-0.695737782682075
-0.742776806721008
-1.04991910568267
-0.84941756430628
-0.95844921628739
-1.00005075802864
-1.08760031062769
-0.799706278627087
-1.10216050033676
-0.988210180020918
-0.952163949475609
-0.707619619557247
-0.928061261671848
-0.788466619403619
-1.0315001254859
-1.00947034087554
-0.754191051481968
-0.927182625359279
-0.795479819810019
-0.997588646881909
-0.83937538575034
-0.856000943802134
-0.845102740348749
-0.815181661145851
-0.809765784556199
-0.932132990878773
-0.83821002242558
-0.814538241901431
-0.905415778600782
-0.830005603827076
-0.956251614359942
-0.687614650075028
-0.772079039788571
-0.726220051497731
-0.845947808754599
-0.743624810092595
-0.837931247056506
-0.823365799761729
-0.837075533705188
-0.745198417744991
-0.896533575015705
-0.76310220340459
-0.79123195110696
-0.680702986132864
-0.738872836859092
-0.993491692304121
-0.858955190493655
-1.00753075965442
-0.821077517922783
-0.779887954158092
-0.904484019404071
-0.795626422640156
-0.796947209427781
-0.67325526872164
-0.779637853798854
-0.898044459000693
-0.746757805803542
-0.807746012335026
-0.782745768958517
-0.847596543804843
-0.855090438439112
-0.819193361365922
-0.812858321551255
-0.841110150094479
-0.816032657661666
-0.979417993734751
-0.768492010445573
-0.764490000756775
-0.782993639560386
-0.836232280750483
-0.709641689492917
-0.796645441586383
-0.757108579504662
-0.668396860489071
-0.784267032221468
-0.613072855115485
-0.754478501109477
-0.676435758848695
-0.751738982121795
-0.834671732813135
-0.722047143996526
-0.864298377246127
-0.65682303698708
-0.663950156163986
-0.806858831665671
-0.767858016820058
-0.851436101557032
-0.686754320946303
-0.542096699957126
-0.752333488967343
-0.671175793587297
-0.875370116545307
-0.499293413096652
-0.744828408353931
-0.736984910523001
-0.797734991408663
-0.676897773079959
-0.643224932497134
-0.570671627507585
-0.576047739463837
-0.670387360275511
-0.655483813044044
-0.821385984733432
-0.816681776640039
-0.749203780991691
-0.723120306910068
-0.657631620406705
-0.860359837942062
-0.690057646382508
-0.750558318098633
-0.719364096728715
-0.803677171462426
-0.648391923579596
-0.615459010448788
-0.764796314259722
-0.624067468977339
-0.671294983515692
-0.701664256324288
-0.650631432926115
-0.678506853877432
-0.749888753540182
-0.710499199005323
-0.588933478729934
-0.60786432053383
-0.86776942237038
-0.529926529814978
-0.709233773602066
-0.633325149022997
-0.67937046108657
-0.682537671604142
-0.601366286478304
-0.649867079949766
-0.58214298033717
-0.645538108251289
-0.657768296892097
-0.493691287845602
-0.78215674632712
-0.654692399306637
-0.689230928650846
-0.574772084366389
-0.654968902612799
-0.529015406199532
-0.596887155066316
-0.582025409803607
-0.648488235934119
-0.54476120446611
-0.661989800818029
-0.582531929727511
-0.505790397303395
-0.67943652651453
-0.676562599365838
-0.615185292245798
-0.588432889367262
-0.732628902281125
-0.569246868811061
-0.619042003255141
-0.670979907126882
-0.711140313101765
-0.467534261520129
-0.5497728136569
-0.71114778337665
-0.61737363969578
-0.695429110033942
-0.640908184760602
-0.762086443234252
-0.647447656218012
-0.601332368489059
-0.519530699503406
-0.642641529410549
-0.546755221181796
-0.586547605660106
-0.54696983439888
-0.575781267343854
-0.56798521806381
-0.56571666119385
-0.621628465011399
-0.612416964477642
-0.672698238862007
-0.526835434848698
-0.577633593621174
-0.601094169736501
-0.603732863522875
-0.467496348963889
-0.475344952224789
-0.64919659952613
-0.555659407076114
-0.593268152462913
-0.524915842116086
-0.341271921856757
-0.516840277545613
-0.385497529980547
-0.605115467643399
-0.455268537195617
-0.656641070036917
-0.500942161845344
-0.533977354543811
-0.547465000111058
-0.581614236931943
-0.473123352678726
-0.535833174404536
-0.655739257507535
-0.625626349214788
-0.441020760404418
-0.45401212087888
-0.44680010185838
-0.562158088345221
-0.414695423932648
-0.472649444547312
-0.507536208202252
-0.533159394095365
-0.415534635169802
-0.586804044073609
-0.613343755495827
-0.532169869946568
-0.475953259544745
-0.439099943007257
-0.456150773643794
-0.361247757968854
-0.440655060979719
-0.599192128332143
-0.370079940617935
-0.590487398097641
-0.564109921627185
-0.473766036983036
-0.409306676817118
-0.273436164110291
-0.32907074023009
-0.277139077018811
-0.3777874266949
-0.416261742580615
-0.490148582902342
-0.544595015187875
-0.380354150457759
-0.488685936522404
-0.522092591376816
-0.455602497056771
-0.434262078290445
-0.450171185586806
-0.497899503117702
-0.371643355842921
-0.519639816737311
-0.270876181389531
-0.378197268573754
-0.384644558893336
-0.443865117021535
-0.466367461563009
-0.488078259346339
-0.318554808021065
-0.41653877761594
-0.469789594631057
-0.468487619656807
-0.425845069695462
-0.506046431547035
-0.295480174210101
-0.42175787534714
-0.45486755430515
-0.596847864167526
-0.409883877313007
-0.438301996540393
-0.401389489451129
-0.278164000472412
-0.318197700908493
-0.38141739245004
-0.387020564501881
-0.299751706318382
-0.288563441180106
-0.345853993593533
-0.331618347010127
-0.506563974776291
-0.444618927931041
-0.132582360926537
-0.516340070697235
-0.338257445246596
-0.369865808637161
-0.411886199586098
-0.433590076358098
-0.418314197686374
-0.360068838237736
-0.338603405938436
-0.324069134471042
-0.252717969213126
-0.364309379211111
-0.325472242475641
-0.313019716860442
-0.0939668741190957
-0.276082611128053
-0.349934075190015
-0.161819068519342
-0.507538404576159
-0.397958723813972
-0.285636112524637
-0.274266616036379
-0.272348928815775
-0.23001551469429
-0.431513083068276
-0.290115868306714
-0.328267863570957
-0.378030183496801
-0.310357903286384
-0.215329673942692
-0.259469441010558
-0.440767350438884
-0.228096227619285
-0.17460726117794
-0.214053874957336
-0.228551148790942
-0.349393720053712
-0.294520444863137
-0.184095757691974
-0.387006425095633
-0.214549551304715
-0.33812975582913
-0.299008216853877
-0.278766421308452
-0.244754358634856
-0.289866604765546
-0.236408069152321
-0.327470628896618
-0.378766660576816
-0.325373665736337
-0.322184901336951
-0.206010052964446
-0.191216895089404
-0.172391470250386
-0.331700459840375
-0.261649997675095
-0.22937578412635
-0.16711555797948
-0.31310343711117
-0.225481544561147
-0.445169072195474
-0.196038484951733
-0.326237007929913
-0.303172760764445
-0.183840422923591
-0.282224677010452
-0.223273402809822
-0.23813565495941
-0.358669287531246
-0.274691434783935
-0.262370555944995
-0.337085693487707
-0.277390726807131
-0.270908957169682
-0.376493969284462
-0.195926905084057
-0.0845659937225425
-0.229285933102947
-0.172459025753683
-0.308620571796772
-0.0761088249562512
-0.155209421700302
-0.284141018969261
-0.312124900130833
-0.119968837178779
-0.224057808904998
-0.37165394530047
-0.161494039808846
-0.201527398354984
-0.213200801444566
-0.211814143094887
-0.24676290862445
-0.303472192925669
-0.133927643341164
-0.0810918459777955
-0.325694472944571
-0.119204203467223
-0.143758884237905
-0.144226589066723
-0.225669191787113
-0.15657656864649
-0.242000922393604
-0.261257367369625
-0.0651556320355452
-0.227180595409413
-0.311594180667656
-0.188982350179136
-0.157804504727938
-0.0334616776119558
-0.246391074098838
-0.208596274049958
-0.201383158882781
-0.259764132732742
-0.177408314213621
-0.220043368214702
-0.194342611963956
-0.104651625585341
-0.0640219036754041
-0.148263033636693
-0.12958345906177
-0.223894607288781
-0.118121788997565
-0.0624007966283583
-0.144195617342261
-0.124735893713144
-0.388950994410324
-0.0949715293612035
-0.192320958360772
-0.0406282506077995
-0.157032369820903
0.00334242572605309
-0.1064864504667
-0.0724639653776043
-0.132354023013356
-0.10356793227264
-0.157604880207816
-0.0995915029511993
-0.0489881274792217
-0.267696135511156
-0.152670536365952
0.0727759975237646
-0.0636468774150219
-0.0389401477294766
-0.103110588130317
-0.0665781669492522
-0.0579725070199726
0.0167948778347545
-0.000837282733766006
-0.0662223994388458
-0.115655978741804
-0.045414939953704
-0.000433847015737072
-0.0969252364016789
-0.121617063824642
0.0725134141337493
-0.160763670936829
-0.031771367005197
-0.0310374157107989
-0.0910808393063517
-0.129487240810845
0.0210989497487463
0.0639081298564475
-0.0611635797440422
-0.172336863274248
-0.288048234291344
-0.0755436350624431
0.0547512039366039
0.00767979279104348
0.00089155693231457
0.0202656928522185
-0.111684498247651
-0.0775676435025042
0.0538947641141872
-0.139427338908179
-0.118659458066537
0.089391535902027
-0.254895366734074
0.0712511010798981
-0.00391506370380418
0.121859442045368
-0.105138889083242
-0.0650259429215251
-0.0762124098171118
0.0857020227672004
0.0174760953162519
0.0363145510898582
-0.196614282509832
-0.108192739634011
-0.0473528979284597
-0.0974234098322675
0.0151239972960269
0.010371176806098
0.0541448977832156
0.0574671946757433
0.00194535687985393
0.0986054204728257
-0.178170787050805
0.0153498885218898
-0.138209227509616
0.0680015256664583
-0.0573851049037805
0.0901249899647244
0.0607300775422972
-0.0160019617628074
-0.071990949109899
0.0772430439700956
0.0280925648443996
-0.0129214774838688
0.0472497433260906
0.155627610050178
-0.069035549452312
0.0630626782892167
0.0169514136654534
0.0780497994436477
-0.049952300847659
-0.112964954212654
0.0791653932236855
0.110238130666258
-0.0232030196474198
-0.0767730023331279
0.145585424548951
-0.00574792328531538
0.0761196622304137
0.0213710867852493
0.262671437912446
0.0609666471248113
0.0386769949726232
0.0296415569088139
0.160140410699211
0.0161859215943121
0.0456218180720857
-0.0504259863325824
0.0245816893232052
0.051747133474904
0.101083199233418
0.0765860305524348
0.0897728562380913
0.20570696802579
0.0879171940873232
0.00759825906239596
-0.0840369880028207
0.0196365347288679
0.142699822867415
0.0946188999374217
-0.0522408690807788
0.181480553210853
0.189410126355528
0.0598487827851369
0.0963804953098223
0.0770223302997023
0.192442910249994
0.278659871862187
-0.0264884703979668
0.242381602724331
0.173006855509507
-0.110121950098258
0.142018183965615
0.140347901834048
0.0952930571864639
0.176861529902168
0.222798910691853
0.079009206309396
0.04516559125667
0.103878380869954
0.325370957935428
0.255988088010731
0.147451065293596
0.179748345944215
-0.0412852104642661
0.258236399149622
0.209329015686091
0.0558556998233619
0.0857596351487461
0.0965344575747141
0.166764133443123
0.191391716705906
0.219477410442248
0.0662470602829622
0.121210866477786
0.280965631723405
0.119674002888237
0.221571914445802
0.0645881189223164
0.188285921507911
0.289242909630858
0.244786253719219
0.171358352434224
0.280836350645914
0.131017229375882
0.347041079517509
0.165749084397341
0.345940074689184
0.208353455795099
0.0309733526879351
0.179346624542687
0.289454096584889
0.283577810896476
0.329622187789807
0.173417912668137
0.215041392795376
0.361744082780321
0.316262161325699
0.296941577156355
0.161627734530158
0.105893703542716
0.292513540645579
0.269166269413615
0.0201492597185417
0.224972955663616
0.244522117726683
0.18329913131829
0.284520019561775
0.190404432539871
0.288049715031514
0.112935690566144
0.258339397190826
0.221123765543893
0.392354586579594
0.406544092783153
0.259686479684415
0.119309016714431
0.254731691984541
0.246424374759356
0.332140846511044
0.129813280746655
0.406302321345151
0.264733216538472
0.241124009874759
0.133587192120983
0.318055008210357
0.257927385634492
0.275320469991304
0.154085914941278
0.222763784666084
0.283209028207084
0.383256427026528
0.237240387505625
0.31197743499145
0.399938044967525
0.267612392701445
0.410836427180285
0.439856928907221
0.341164995364742
0.34906694806833
0.309837451054869
0.310738987868943
0.415838128334009
0.241046544893491
0.316211679427435
0.309817682878055
0.350106513025752
0.387132775999755
0.561058927545658
0.424355725652148
0.335914299627414
0.334769698236947
0.273364499010738
0.489127472074437
0.30838050865126
0.403582957996852
0.326015051917987
0.442241727317062
0.244610360611479
0.403910809497291
0.227189976087064
0.25466615241377
0.273436490211467
0.27576073553601
0.452821798461188
0.202724710169189
0.351510508706745
0.299365237726666
0.35434487403167
0.478049021705509
0.441329225629304
0.317610923361241
0.392465995204185
0.410801230185698
0.283901013967622
0.393435994015475
0.324357359326334
0.312782310864119
0.423795196667913
0.42066454895419
0.351807754894062
0.500753353515558
0.461208432632297
0.25023186823093
0.442669787618392
0.521880341768666
0.454804936854679
0.429812353242507
0.337851102178655
0.391191330424803
0.371201585325899
0.40234285139539
0.243632638356318
0.436203215367134
0.55227413274763
0.359778832851329
0.464842096789775
0.586928396141612
0.505942677310044
0.456408406427288
0.377622177003758
0.544932841913195
0.332980831049366
0.430438616147061
0.475174765451225
0.315577664313377
0.481455799601042
0.352846291438591
0.442194360885616
0.352421737184538
0.547709326508483
0.521220862529149
0.366727953246189
0.444020812710221
0.497059237892261
0.472861287729967
0.480242558328413
0.545590862972627
0.359393057651743
0.444150807123271
0.478338743393405
0.595113773961177
0.291896635505604
0.495084145192825
0.428903302514006
0.619807872665061
0.617582627783001
0.418526630451943
0.695561936830826
0.476971475909215
0.545363741921809
0.5829678547213
0.42399855563003
0.475004515680596
0.437837832827288
0.478856751865214
0.477830433004129
0.467284542312836
0.525222236159197
0.419101117032168
0.515644268642916
0.536673187968426
0.402762331234565
0.533246084639613
0.558139461423392
0.502745710035872
0.552210019699228
0.491080597736665
0.493855523700113
0.510494942723185
0.625034295397192
0.54990792525295
0.627274804774576
0.478700383460351
0.424830751779454
0.521269521332451
0.543740108278241
0.52053568131403
0.530452812454046
0.549302032828273
0.508046203276897
0.528920002676876
0.589998716642696
0.555758825259425
0.565204933541389
0.478017482712999
0.581543388492459
0.444444235445634
0.579794249696661
0.493094528435571
0.571334238922635
0.68992363166854
0.513705281142332
0.640716584067999
0.521503843178134
0.51092542486366
0.597176513298848
0.682577702030895
0.506356146580958
0.509011608868036
0.594837125692428
0.631082304736783
0.497057313759417
0.59751989202987
0.524735025064646
0.674327802006993
0.58691358672446
0.599773666255009
0.585764316039304
0.728188402815967
0.573888034841623
0.53788224378548
0.479117964514487
0.707856134975102
0.648591224781961
0.563821462725431
0.683293225460765
0.793256522042151
0.673520646232707
0.627201251443565
0.647966193868342
0.68012909313265
0.495449403410356
0.581025359460406
0.635905106027692
0.701516982715261
0.57828603321779
0.687454254741054
0.645523671548519
0.516270221413481
0.759737819992345
0.698986432234881
0.72937286166291
0.701026437838623
0.551107559668333
0.578051077893886
0.633847141994518
0.806729082865973
0.577784954641752
0.64555045993109
0.670524781719392
0.868916758987079
0.658941625453695
0.695803027362766
0.72946886541117
0.737213968607628
0.625659683217023
0.777264918758205
0.69628552711939
0.840824724721353
0.66217745647878
0.828758206024987
0.666781523347601
0.612432969774206
0.721017692103379
0.678477221879951
0.823520464687877
0.679299306366014
0.763787974273815
0.970284321988386
0.807214519710431
0.582556593952784
0.688408943305209
0.802116674021183
0.640571318724212
0.618291166146518
0.639771293062991
0.881533215951895
0.765326211903799
0.708138073942463
0.639819807952172
0.839135457853873
0.735423190912343
0.693455954554171
0.699100538769434
0.790288977363189
0.718702989479316
0.723480425299594
0.779556148823858
0.652039700925302
0.840418741115702
0.767765526920621
0.981186501453252
0.708812219801824
0.622138851943604
0.818073282644328
0.765179790079675
0.691359756155052
0.853907989323136
0.880480704231095
0.788428658254484
0.587500148011842
0.856476542627615
0.723079637588685
0.776939197443308
0.724637521841166
0.883638798028105
0.714492970763289
0.826632627184076
0.816814616394384
0.721532607405853
0.849706999428244
0.63465896589512
0.89973384029953
0.876381392306313
0.721916766940803
0.711292821963348
0.800915085602058
0.745733652813751
0.643800377129962
0.786253391089814
0.860439428658685
0.801841723314994
0.845242183460727
0.85725339401831
0.853062479835356
0.849424499719476
0.867675653161388
0.838433617084777
0.683842208582145
0.806171558016678
0.88690413466043
0.900907377512215
0.822794476006691
0.879702391156773
0.965942807281206
0.801256650830136
0.837634123845461
0.85714168766442
1.01935702820644
0.78555490434496
0.837145530291279
0.797710371684248
0.81497707404475
0.86012676598188
0.734345711994057
0.829379330180312
0.859175096286408
0.805436124359096
0.697940585928066
0.775592071424168
0.814349649298861
0.806056301642322
0.8002886636826
1.0127479497436
1.01617003439737
0.919673048176761
0.842280297908634
0.758078194543147
1.02651154352201
0.798183330740841
0.993144744712286
0.931637768882626
0.771253200582264
0.962913250029937
0.878946816450793
0.82974408347125
1.11818031541958
0.726402427602625
0.87897671634034
0.86577961477239
0.906562076116863
0.907404584397744
0.873169103940299
0.982608464986374
1.00121304550784
0.92680124109123
0.78353688205501
0.947147926172334
0.830079362410312
0.753020924179432
0.969212930809008
0.863989377460575
1.06136118138757
1.03448872640683
1.0516568868145
0.976889156405502
0.824668621873611
0.907258405984483
0.94185463368738
1.06819067113825
0.761304636683749
0.898800926303211
0.926740554595158
0.900412219083112
0.887480241770975
0.897367361012839
1.06452443293177
0.964758837971997
0.934031838175974
1.03036929903766
0.994475849290088
0.877929976936434
0.974236675465815
1.03939431695477
0.92101319357939
0.96423242089575
0.928465698321034
1.03511823695522
1.06874956816044
1.04651882973077
0.980442774300346
0.957550799258965
1.21662770900546
