-0.905402622439842
-1.09646837399894
-0.980866979683618
-0.901083554842665
-0.960932664487574
-1.02564732400028
-0.972934120602247
-1.07313118930622
-0.975519287440736
-0.900203530362359
-1.04903686303114
-1.13079680207863
-1.01053214057126
-0.959454403840877
-0.931549296097175
-0.929625856117591
-0.903203103501246
-1.06275516064001
-0.983510001595817
-0.721959433140659
-1.08217497542801
-1.0080771004521
-0.86239285874143
-0.864397549107271
-0.990552404947259
-1.01843282428835
-0.932179155517896
-0.811565046658536
-0.995722799062111
-1.00030778102735
-0.82920077041504
-0.854014526488257
-0.969497217625186
-0.938546979454144
-0.966946469133633
-1.12474881545432
-0.795463850334638
-1.00655218324954
-0.779434357359727
-0.913470859986534
-0.94169496890294
-0.931018035508737
-0.962431343446034
-0.866205642627241
-1.01362833882128
-0.925856306925958
-0.841822795725234
-0.943762050159772
-1.07118096597802
-0.973909579094446
-0.934779842229303
-0.907876180317214
-0.840034251429958
-0.952353169947385
-0.767764798656098
-0.830514041169771
-0.813010462250735
-0.866059481596833
-0.91483409060805
-0.864932280606998
-0.869833756298949
-0.874658412391183
-0.886642928686933
-0.907944104980687
-0.783892561023121
-0.943047132676805
-0.86655827496688
-0.895820000264508
-0.792378777725855
-0.785266526634221
-0.764980291276376
-0.766469732712053
-0.676147907097834
-0.915519017533892
-0.851109016278626
-0.81012088640506
-0.858105263228705
-0.6922328153572
-0.948816960452415
-0.727004145846701
-0.884147730364834
-0.815419883716688
-0.810401573143889
-0.756012806271203
-0.853684742335879
-0.790927449931011
-0.928316539078799
-0.846229783062374
-0.731994862799627
-0.646913291443243
-0.838678110365507
-0.713870241348947
-0.702866574202739
-0.899553566661551
-0.800953946407594
-0.976924952297379
-0.697821541040557
-0.819538837663372
-0.741291925341703
-0.777576296316537
-0.702703274123375
-0.85287793262198
-0.689346805782276
-0.888491684846023
-0.779506562459656
-0.715928090469924
-0.662575727013136
-0.663764142299859
-0.852161165024028
-0.912165109209009
-0.665196065359331
-0.807197566046323
-0.681933989656547
-0.746776662646986
-0.81323180094801
-0.800639298907755
-0.738692029374846
-0.74133424262766
-0.585845401557613
-0.617299780448685
-0.580490322450858
-0.682713957842789
-0.766790614015333
-0.750553055372693
-0.838858174098864
-0.789695529474206
-0.57017882400794
-0.748971269056262
-0.739126951666743
-0.619355100876073
-0.728297497095325
-0.815476003433858
-0.564535273046871
-0.84614661068363
-0.706311876081674
-0.688761295441638
-0.787018532349736
-0.66321730905056
-0.783282002489435
-0.834584491863009
-0.797569564875971
-0.714772030671218
-0.760259472871352
-0.754826330180144
-0.756979245802594
-0.713689433139517
-0.71021143367484
-0.702918185848084
-0.765209582002272
-0.716349534144972
-0.595189563114356
-0.757312980518054
-0.656157517437322
-0.626200316169845
-0.604577867175726
-0.536548608880814
-0.671903092343434
-0.639524242733697
-0.531968558969861
-0.603335487359943
-0.719976040639034
-0.671510497728508
-0.697288375254461
-0.809657349608048
-0.684320761931241
-0.503310659940584
-0.773773862368781
-0.686007451303697
-0.726882108467141
-0.752522024496256
-0.669011551668239
-0.718582694851257
-0.71482539635068
-0.714700256760011
-0.71289710283986
-0.714174817287103
-0.672142685694084
-0.648880894852969
-0.754813161608158
-0.755293252788063
-0.450154330247657
-0.520059355688173
-0.502334417328412
-0.546018322501349
-0.718314400386462
-0.576473330938705
-0.492967250191398
-0.555647587949702
-0.65871587496852
-0.782033724044127
-0.653487619097915
-0.671561721661625
-0.636065854557742
-0.572989745152399
-0.600161649010351
-0.79223299529077
-0.539839972693915
-0.678512969719635
-0.586814040210922
-0.689144684606535
-0.659211772908611
-0.730271498027046
-0.593359898306346
-0.676122904051634
-0.693058556606195
-0.630870756072839
-0.56688343677602
-0.515817431740408
-0.712239742036815
-0.476258101184793
-0.607286689212686
-0.419081153417444
-0.528104066393053
-0.684585934465091
-0.515633122077007
-0.525941350158691
-0.508948969493103
-0.596198144741936
-0.631111541024772
-0.522818624167508
-0.68067064179512
-0.490922161062967
-0.585953364639732
-0.573482963265589
-0.626886055751463
-0.495115476655098
-0.493515199375096
-0.549622126329721
-0.527164550178006
-0.633282637782061
-0.46388411119585
-0.605846389340899
-0.679296880489867
-0.559603563594125
-0.50754823779142
-0.519345942914163
-0.530388096268257
-0.532256722520449
-0.568541979879888
-0.498535900424412
-0.477852509334922
-0.571961036884005
-0.599830074545561
-0.630180968360388
-0.724858830947054
-0.5054885183072
-0.468039207181908
-0.522798074377158
-0.466497280288383
-0.454029977254827
-0.358886539959751
-0.509911551303428
-0.487967000045716
-0.58694210318187
-0.391129922019286
-0.554901119905392
-0.564791601036351
-0.548875811824921
-0.489942862619461
-0.509774943207142
-0.515758969434117
-0.355593697718471
-0.44547653161513
-0.578261879986176
-0.377431845496349
-0.372666461643234
-0.374960703846912
-0.41263871484869
-0.538072939810258
-0.519060908690726
-0.521968117397454
-0.378475162064958
-0.386823858411449
-0.375184815884144
-0.55982699252302
-0.238873129862993
-0.465834722004818
-0.418285127981036
-0.427110376298596
-0.471588473246037
-0.375901181749943
-0.463198781109741
-0.372519207596617
-0.401093983354325
-0.341730512810837
-0.383077391213448
-0.38109020565472
-0.292494258333775
-0.541829290850102
-0.281604835670909
-0.419917140766901
-0.382055159290816
-0.417734555694751
-0.456241918373863
-0.290755359332487
-0.321695384073772
-0.434782844754076
-0.377001602269909
-0.370527682735535
-0.405780836219644
-0.175678718595639
-0.324657422588142
-0.457897489939629
-0.269015203429345
-0.261373053343485
-0.342948629216945
-0.422545362230126
-0.434927798966725
-0.386074056468283
-0.409429585686226
-0.463430519557313
-0.446498312798919
-0.366520903895618
-0.435963962093993
-0.423807845941882
-0.279049427779558
-0.324757456280108
-0.383827610757871
-0.275013836333553
-0.309626796949401
-0.419968493201051
-0.452212499602958
-0.447134260201785
-0.260587152550724
-0.229057042217941
-0.378687879848067
-0.294400998134881
-0.259847984190902
-0.368196371170708
-0.340347770904857
-0.329239797495984
-0.342680941183762
-0.262975587245
-0.380579161024522
-0.347782625551104
-0.197273000295731
-0.276024584374874
-0.333649170754847
-0.324802605485603
-0.391865199789534
-0.371055257567436
-0.34396868595666
-0.25339538044715
-0.353536597936787
-0.35043265881869
-0.283240354073677
-0.196508451299506
-0.236457748622103
-0.349655238173134
-0.270940273953091
-0.252990659287176
-0.236768166920821
-0.310343586057761
-0.216479651997907
-0.246266448888321
-0.271709334042386
-0.395672222654129
-0.181034190568264
-0.317251338442896
-0.323269208013215
-0.21747100097442
-0.331241121016198
-0.25201535640212
-0.404982491427878
-0.329200463044593
-0.217419649516187
-0.320068301905859
-0.36357131205105
-0.295205153493114
-0.100176489402813
-0.196886473560165
-0.304998924821612
-0.112116189868816
-0.149697788925511
-0.318045454139964
-0.305103206501219
-0.172666457930338
-0.323992047395982
-0.286924539979637
-0.280166680393416
-0.370730560152786
-0.279741299604305
-0.252588961776889
-0.355741544581645
-0.175520100055446
-0.382618770910052
-0.17839037451745
-0.458743851801849
-0.27371745009498
-0.257680641979053
-0.251833383576773
-0.216959727777679
-0.146241067380688
-0.278799569947256
-0.287527969019203
-0.175033125838089
-0.168744591413758
-0.249174711263193
-0.142878924298746
-0.228612734964705
-0.214380532499251
-0.0452915914416323
-0.310747920476402
-0.213212043962429
-0.157594025676954
-0.248423513340319
-0.0576861465702721
-0.212738961398967
-0.271321093520385
-0.18061410706477
-0.210843397521944
-0.362367279934967
-0.220042842065968
-0.228828430532369
-0.225299174891256
-0.12293756304974
-0.200459061744445
-0.174974752019358
-0.11225371991793
-0.188771069184953
-0.170996288023242
-0.130147951763687
-0.152257454205446
-0.210618111105368
-0.23822141882011
-0.125058282764931
-0.0688648834609614
-0.043971640097467
-0.0841162169530855
-0.233997097044118
-0.271866990376112
-0.0619790756325747
-0.206317705187157
-0.244609417527203
-0.10211944490081
0.0250110929446451
-0.299572981235237
-0.205737061693265
-0.174682504250285
-0.176349609531159
-0.182138930966813
-0.318701748933003
0.0465903013530786
-0.0571330970437812
-0.0943687181684613
-0.041699353849873
-0.173452961424821
-0.161654072750905
-0.229983284507242
-0.0471273057739366
0.0436968493700286
-0.0300889211864087
-0.151439610627315
-0.215280220954528
-0.0352311562962701
-0.0744873380681494
-0.0215552117268714
-0.0843859888775172
-0.233695367209726
-0.128017821689911
-0.102785552608428
-0.157765849070737
0.00547978086790515
-0.139356899392558
-0.12431682509451
-0.136956137863284
-0.0225106006423031
-0.0203795744642792
-0.152157562319973
-0.113683793432788
-0.0152277132463448
-0.153445571319415
0.00724102365511891
0.0219680274375769
-0.111867854410699
-0.112013593341694
-0.00855228757678005
-0.0416625322832639
-0.212649956144701
0.0021647442504244
-0.0499531548474609
-0.0850230165865231
0.128649708307115
0.00942710503271546
-0.100924012053782
0.0166636126662749
0.118640948418691
-0.168348672942747
-0.00773561708422714
-0.0736215290419426
-0.0769762079385287
0.073025367288333
-0.141735736347614
-0.177879913673802
-0.00539870778298212
-0.14568566315613
-0.0484502742867591
-0.053137930208165
-0.141154454276263
-0.0774606178004945
-0.0566714292120558
-0.0617644023617463
-0.0120236117021512
0.0368941775501333
0.0174776486024658
-0.0379167216050185
0.102368597583439
-0.0961525647268277
-0.0713032949143803
-0.0229461854562763
0.0767258729932471
0.00295106557456324
-0.0798134877062213
-0.00349751952280695
0.0924662296302066
0.138508219535428
0.0392037699463526
0.126111634967087
-0.0230598560270912
0.0332118527870469
-0.0672556707914487
0.0668076245725972
-0.0134547054635464
-0.0706127821759054
0.254840704635859
0.157470819014431
0.130574863027434
-0.0118722756023125
0.0326934688908775
0.172335033437213
0.0497309463345832
-0.00707850798165633
-0.0305947032323298
0.0617108390263184
0.232358867053667
0.188906511039863
0.00201259127238221
0.0695441308860813
0.0575980741605073
0.136986997289273
0.0821061240770539
0.0401133817827637
0.207767287197805
-0.00488605544247929
-0.028501746213248
0.0882270767287182
0.0779832585213699
-0.117556079493672
0.0139548118768688
0.22393335486647
0.123916136377337
0.157056825136427
0.117020542102914
0.222331000993175
0.200115003765142
0.160814032006424
0.0674190979904866
0.0216915308620067
0.139675286901685
0.0577654851786757
0.113809501332675
0.161792468165644
0.133715174839052
0.106781949838073
0.138398534561196
0.0571656880931666
0.0890176134990446
0.223018980560624
0.246346731083055
0.203465785776077
0.137388611986778
0.132997607099497
0.232228968911415
0.329743056481523
0.263788988076714
0.261779107784276
0.175613067236135
0.158534550435231
0.139311730752222
0.210099444077294
0.135130998657324
0.164526923893885
0.105277897561406
0.182590632852165
0.104019358030874
0.195695490425937
0.0661882184209059
0.257107271089893
0.0230910318936404
0.341627073662549
0.0977982149641553
0.261502445886199
0.15319680249853
0.218392888818761
0.260596147899555
0.150512237845601
0.1708130647985
0.337900013319319
0.2479049215496
0.104437903977419
0.234133221919424
0.165174723156126
0.235095775581147
0.299123965343531
0.291352463258003
0.321021428060928
0.28699845306661
0.133939004101494
0.220847465972285
0.318666460589129
0.229652005152618
0.429264713753513
0.186205692751225
0.158896127537272
0.196549728851086
0.216143730376156
0.13124140590468
0.366709489078916
0.253675310910296
0.240143431879505
0.166673748134872
0.319253665689395
0.259897330386233
0.15595595979906
0.167548820089268
0.340808781010132
0.205560247476868
0.218219491073317
0.148529368385935
0.372430237666222
0.380454096495715
0.334239917480922
0.380195239502589
0.278046312541297
0.19900282338765
0.288402062525415
0.461057786667832
0.175074133791257
0.207195316539031
0.250098380187176
0.256300882425096
0.144297136493548
0.209248195133245
0.251987348898727
0.267044175523103
0.361563560392771
0.215239467327899
0.280038649733141
0.294083759580826
0.245635817775696
0.389426561990714
0.430144302541372
0.245328565409478
0.426606721000038
0.25435062316891
0.394233327444854
0.24457419828305
0.402028074708519
0.31277856363279
0.335662963204775
0.117782438488714
0.465538444569427
0.357356865466517
0.332448741552577
0.334996888271175
0.234139747208599
0.267372165246543
0.291571647038031
0.302543431357287
0.362607284003144
0.197774737546994
0.308641020350867
0.248339714869659
0.353578295376585
0.295200197780382
0.225939416779269
0.341873229113747
0.477440067595374
0.308278911097004
0.377302029630933
0.329005984209671
0.287670155685814
0.40312620359743
0.435185011434023
0.512256267710741
0.245253848269763
0.419431323659872
0.449737163316136
0.363499912912879
0.40177543749559
0.419887028137421
0.454370631803742
0.361154211470439
0.448959724688686
0.493130595937326
0.48429299315689
0.312580791558219
0.441409011289353
0.549670495493487
0.400707864246166
0.369258117751228
0.387582658050634
0.475741872613384
0.638186647375639
0.457967651558268
0.497635777498905
0.334222558646207
0.197300230521248
0.364265701227448
0.358790236826454
0.495465153656626
0.337546992761384
0.44369904846907
0.258303873814062
0.423660771677592
0.409929450059868
0.416012800609577
0.524025176010688
0.47360483192923
0.622555717858027
0.567515069850183
0.488005895059555
0.606807808727179
0.611175804448401
0.444642785107287
0.608345247693368
0.407015384736097
0.439181325628761
0.475634599402029
0.353347710102167
0.437365391369758
0.537863996121179
0.662328461479882
0.709556945473925
0.364295638553434
0.470152865134771
0.39847231352041
0.596222202507631
0.443854904202482
0.496712561973982
0.426662595350253
0.328186546947536
0.452473252920222
0.419133744463031
0.483853684678598
0.565608558580853
0.556547214117126
0.496145397152441
0.449816716954506
0.631481955066896
0.434937813878584
0.487641526173489
0.432355553357437
0.52651042623428
0.468342524919966
0.346585767510356
0.58065683454318
0.557293536994819
0.477699531128233
0.590523772811194
0.546974496258453
0.45100376958323
0.422296652129673
0.495480331059743
0.669391162550147
0.599153659632544
0.469107139340164
0.415539793739994
0.601567507578395
0.49153783036945
0.611009528724048
0.590458864069332
0.510401800644133
0.620737689733629
0.62008871280171
0.557754331153913
0.525447847227935
0.686437246587401
0.48601302904005
0.483780236435701
0.604401935772188
0.640957137259964
0.496882817880831
0.583419486567556
0.593283532923343
0.320661771695795
0.636945698429181
0.478562569743092
0.346293260062957
0.767092724270828
0.639284914067014
0.595384807317002
0.530387885637373
0.492990332916361
0.649252144130063
0.547140548026576
0.667734584658451
0.619948430479718
0.635248020715078
0.626358049715627
0.69180376905354
0.618477210708709
0.614619534485479
0.660713734661706
0.594512120769297
0.679156563588331
0.761794902197078
0.566774233308012
0.477418390594523
0.510961787585387
0.752315864747092
0.680518151049121
0.72233002601579
0.488236805835406
0.637045246500959
0.537894395951406
0.628972992557323
0.538859530121347
0.583393895558662
0.651414755963743
0.73944259834773
0.613531610571278
0.733617924805729
0.630241530112049
0.607644524760089
0.569648614507058
0.546415747884451
0.688436329902892
0.865321903543943
0.692893819146911
0.762948100755924
0.598456696627062
0.73127810421042
0.781721023202593
0.562021841339262
0.681962189764272
0.611761166602863
0.619895641359007
0.653472683926634
0.736857377621855
0.628660310035132
0.627826573616432
0.664762600968854
0.548236974029627
0.644359071169686
0.742280910311759
0.544605333115573
0.829350906795898
0.643949874888323
0.705184379296674
0.573209910702208
0.769841483123655
0.666638360512164
0.737273780811495
0.805773067039002
0.697627505805245
0.799636068877912
0.69394512346642
0.682710808830347
0.765001156917877
0.831573636905256
0.876022054732589
0.606850804793855
0.677450902295284
0.81843553003858
0.833101878942038
0.730072436837654
0.659544375616989
0.664322728565425
0.746482986469388
0.721286447329742
0.647278782264637
0.6789791189297
0.726072197770869
0.811918078553822
0.693856677150742
0.732421851005179
0.832591781143829
0.863126403873095
0.767517997782824
0.747286257885998
0.681784394115725
0.709951420763592
0.618934595324137
0.744199913196131
0.616244421009318
0.763088616321951
0.662944019160805
0.878783686545611
0.91810112482285
0.778349446822772
0.89225073651109
0.777239270546785
0.828136481209549
0.756171697244538
0.723171217551019
0.697925699132624
0.702656393744847
0.731551030218425
0.698924492509691
0.681803818124228
0.643447366571467
0.809881022840378
0.675708342066753
0.80207625736182
0.736305597976354
0.771013071780092
0.741074353461066
0.727085423490448
0.827204603077377
0.868410997771345
0.816433898802474
0.797915242898748
0.735548686691966
0.892081995045997
0.901445602472298
0.973844832629703
0.835012300013577
0.817734461652892
0.897624917333895
0.771288891386073
0.911898256316015
0.801239351041764
0.848356053289849
0.895070538604234
0.973641424578158
1.01744564528166
0.822587969691457
0.811675229935726
0.812844513705168
0.745084623669157
0.763119126051726
0.924171337937339
0.925616985200262
0.908915541184126
0.986918583737851
0.772408225391065
0.909580524544654
0.91232418919846
0.724854906862178
0.780219549186297
0.882225900707864
0.817384532444873
0.903196613854287
0.959732709849184
0.890931318789978
0.925775047690515
0.886028263657365
0.889644412454862
0.896814484427082
0.934990470007669
0.884079100819182
0.965801374585062
0.86583412287473
0.878532832194656
0.96685602180547
0.773805436965345
0.936990613142624
0.927425807445827
0.730219350255719
0.745227192586738
0.931185902915817
0.828519404477601
0.889845270087451
0.837520207380393
0.915767715001415
0.912132354712716
0.981754023923379
0.914222224906046
0.96482597558178
0.907789280936272
0.820034762637051
1.04326137998137
0.970923933180688
0.936432502431809
1.06697890674004
0.878162937416121
0.88183180719014
0.971916203522634
0.98810762860736
1.01472417143238
0.857990045171954
0.968684968853249
1.01081224110893
1.06143677516482
1.01275535354879
1.14001637692886
1.07572021257078
0.959671310607794
1.07027363614085
0.878667751043913
0.955025176756004
0.980068093163825
1.08826566033397
0.951563430496174
1.17237351036201
0.922394301214531
0.979921817438732
1.0455948378378
1.08595385538974
