-0.900379790468838
-1.08413939206879
-0.982213467697858
-0.904744106022655
-0.937408256123675
-1.01707401778986
-0.969522266442182
-1.07680729586741
-0.976861096096322
-0.90058516577956
-1.08192516228045
-1.13795033254733
-0.992611662185564
-0.925978212518068
-0.940287197385509
-0.927055065595065
-0.910302729512928
-1.06388121422864
-0.985520026340079
-0.732880213693001
-1.08460048884711
-0.997068748875232
-0.857131503039974
-0.889772748383157
-0.996950583281147
-1.00553899600623
-0.906377415495606
-0.820918171385312
-0.984156664202743
-0.999611489015976
-0.82574534442467
-0.842851942094897
-0.969586167170441
-0.935357603492611
-0.960846464036747
-1.10539356470795
-0.799335533740651
-1.00414622245725
-0.784162477345062
-0.883907510763044
-0.917035973188827
-0.915013760478343
-0.938443495818327
-0.887825780383747
-0.982661930109876
-0.9322224185758
-0.838524150300775
-0.906200706697351
-1.05891481350211
-1.00779977862808
-0.913301378707213
-0.921246868302663
-0.834201580709444
-0.940754461396122
-0.756266178752117
-0.844771676784363
-0.820396463182635
-0.856337830082121
-0.911970084013881
-0.861681047858817
-0.868359691509951
-0.878743358877074
-0.894486902259272
-0.922437870902354
-0.771666779009448
-0.924945156506747
-0.8565111744899
-0.890196298699455
-0.77419599134865
-0.79887695623252
-0.74528818318293
-0.722727299249588
-0.686765939848126
-0.90525334997721
-0.851223591180425
-0.817231238948456
-0.854027008606447
-0.697756641963862
-0.953391032144266
-0.737543662934147
-0.877638906430084
-0.8309050448469
-0.823594317804023
-0.773988747516685
-0.863973463470019
-0.785522399737629
-0.947578119886608
-0.85395434864721
-0.7188419480793
-0.653444619382456
-0.838999282039874
-0.706219290282918
-0.695028122972505
-0.887885632774521
-0.803370933923738
-0.981032435805515
-0.708388768561682
-0.809522969901392
-0.735376789754035
-0.763942855205657
-0.713829995177414
-0.85679974943744
-0.697055965654916
-0.878872226408289
-0.78302426377419
-0.726834094534431
-0.679500293920999
-0.663767113635624
-0.849105577673081
-0.892679595136066
-0.653435674495962
-0.793506262848329
-0.657958509532039
-0.75919856851035
-0.824242055430549
-0.766604385976503
-0.746073319572882
-0.733638250175568
-0.58775383584312
-0.615243639403707
-0.589745494287918
-0.677535082902559
-0.767537536892984
-0.744221736004295
-0.828410709164538
-0.77818944441592
-0.550051632889532
-0.72069061106578
-0.743333570688295
-0.628959364842186
-0.736468628273626
-0.849918415784211
-0.560845155576703
-0.853574825853191
-0.723181086878135
-0.712727179916242
-0.772252603874401
-0.667395849961963
-0.787144573292415
-0.828706640512013
-0.768068245407602
-0.73269922051503
-0.786343262002303
-0.75493931228895
-0.753049839657684
-0.720161746199273
-0.731739057136081
-0.713658270582253
-0.771313318524231
-0.702558505675828
-0.563504096144636
-0.752518128770562
-0.634104167671629
-0.624975746028306
-0.585181412846141
-0.511675209351945
-0.645259741826601
-0.648701535663948
-0.547735324653008
-0.595030827236523
-0.730425861934089
-0.67442186539925
-0.699355217267355
-0.791962428393347
-0.688375241063225
-0.514268883368995
-0.752805149814517
-0.698617650621145
-0.732750355149677
-0.778905196313453
-0.682401103643018
-0.722430503944075
-0.713931688396288
-0.73584636016194
-0.691207642301653
-0.69895780805636
-0.681593533337732
-0.661009319490964
-0.75612776345677
-0.758335982836975
-0.427068314029515
-0.538094303387077
-0.528829370241452
-0.532283112501172
-0.69534207800541
-0.592909039070798
-0.478908155624179
-0.545347496126563
-0.675842992502472
-0.791272210212683
-0.645950549026248
-0.680666532496132
-0.628659436360362
-0.558388110547624
-0.595240292276273
-0.805875195651822
-0.537088409077694
-0.678443058211236
-0.583310455369607
-0.687731625190539
-0.65406128924915
-0.711772311936779
-0.591319830287975
-0.67258111446505
-0.706907089639403
-0.649100651374058
-0.564939491934961
-0.539688325548014
-0.711676067575216
-0.492929595443631
-0.610488420864271
-0.431039733986169
-0.512668904778916
-0.704750548123885
-0.517286133236096
-0.538042836313667
-0.522696191955773
-0.595251874225327
-0.621588196197463
-0.530367506181362
-0.7021231545944
-0.490501362870672
-0.602148468414009
-0.585330545605275
-0.637563403491174
-0.505300068178236
-0.495581585052059
-0.550826521715542
-0.511011185481394
-0.638119493319363
-0.454706492753908
-0.619308109727556
-0.694120092926798
-0.555985603607468
-0.487175281393249
-0.534073448336558
-0.543907465550537
-0.519492848090456
-0.552061124863543
-0.4752705920289
-0.450871973178113
-0.579154392597489
-0.601212941334034
-0.637289161714431
-0.701031513882033
-0.525561485553418
-0.460160118806263
-0.484290517385244
-0.50378030108821
-0.460537307738264
-0.370915933326392
-0.48285490694446
-0.468175217531696
-0.566754373140936
-0.371239933469744
-0.560838487271571
-0.569259078470657
-0.583457954636644
-0.473709480250539
-0.497811721771468
-0.527600801190378
-0.36778191197292
-0.454918861657777
-0.57411441941403
-0.38685421912679
-0.358958436362235
-0.36414784786349
-0.403230305822475
-0.552513696442629
-0.50284976624829
-0.523808101457142
-0.372481107276084
-0.360241249742542
-0.376337031060143
-0.552963577359196
-0.244282477482459
-0.45461347575019
-0.429537461768544
-0.409172099764542
-0.480566511218156
-0.385820228627137
-0.475238356248495
-0.389119550323072
-0.383293989114853
-0.345466138889238
-0.3934945237985
-0.385136800554696
-0.298537350636389
-0.553174102574246
-0.284651734645209
-0.409324405234088
-0.389079969064589
-0.397624507006674
-0.434148478146255
-0.30751543042422
-0.318886449503792
-0.425892731456371
-0.376008788275779
-0.358744100809995
-0.403195056980835
-0.176257849180882
-0.333008067518347
-0.446755506821256
-0.286389247020962
-0.277532892589367
-0.315913933536742
-0.402426619316836
-0.443372615441888
-0.354475772183805
-0.424002953200495
-0.475093282143219
-0.434964623110693
-0.378063370240588
-0.431055655605851
-0.40606210797242
-0.297589505603059
-0.334519895381861
-0.351075031988754
-0.271751363939662
-0.293504425720325
-0.410266272102335
-0.460367957647006
-0.446481136288372
-0.273413590710966
-0.220505981274966
-0.385570713133921
-0.299167069807089
-0.251029638563136
-0.335327310177317
-0.312982184023993
-0.33264757032743
-0.329306711963132
-0.265127012923928
-0.370799821601389
-0.366820594982489
-0.20731638455461
-0.274849891601798
-0.343567286085899
-0.324592981680335
-0.404101691568835
-0.3456292811665
-0.358255145381524
-0.251206082325696
-0.367756018134263
-0.345344181636299
-0.284369511244221
-0.184683010788298
-0.253379991442046
-0.342820678593306
-0.247143278978849
-0.268163460926253
-0.226912467987498
-0.309857189014825
-0.202517013003881
-0.231340905500036
-0.262196988485659
-0.40209663141368
-0.183881203186844
-0.318898548414903
-0.298780986974831
-0.195580055119882
-0.354074243408649
-0.255880011084898
-0.428194161913602
-0.324618934354469
-0.210345290451735
-0.325065004343196
-0.368844113233171
-0.290327578918689
-0.128977596649649
-0.20020641066343
-0.279216177975912
-0.106521785297617
-0.135318465246497
-0.328820085969362
-0.325244791010361
-0.157483665420599
-0.327426323497001
-0.282807573497884
-0.279346002647532
-0.359335168863579
-0.264680080066708
-0.277247934247163
-0.337507371810273
-0.180328551375931
-0.354954337064905
-0.182848712759936
-0.450744461489994
-0.266247990045047
-0.251772291512142
-0.223856354890699
-0.206501665935677
-0.145525783844691
-0.253230581886449
-0.293751642670707
-0.184862596387476
-0.178161402266569
-0.231408509084634
-0.141380546800944
-0.215215072487592
-0.211573623787193
-0.0433990085964276
-0.311586948360121
-0.212306859086196
-0.185068663289668
-0.221830370989425
-0.0529905782353927
-0.206865644979626
-0.286760160692931
-0.171509756005352
-0.190992079835475
-0.345081878176489
-0.205691087570875
-0.236338458446364
-0.22188102838571
-0.127212388443096
-0.210323247393347
-0.172772859460056
-0.124825744913567
-0.2027695185581
-0.172312660208556
-0.135710516751234
-0.185237438530774
-0.232223092231895
-0.219793963183778
-0.149420272628689
-0.045701014051985
-0.0490817114048774
-0.0719918895618506
-0.244152650529506
-0.279785842831568
-0.0726687293769742
-0.184452027906584
-0.250478165081095
-0.111634459513912
0.00626331782592322
-0.278032022463724
-0.211573384801351
-0.159438511459312
-0.191428117790926
-0.175690383589321
-0.329702362505217
0.0314147690520057
-0.0704914959086057
-0.0927458515408422
-0.0411681653225275
-0.172601647483587
-0.177539159636821
-0.220472268139792
-0.0417039956925973
0.0271349157883588
-0.0230199579873207
-0.140505434085416
-0.214447218341507
-0.0294550250915477
-0.0712233640505038
-0.0134990314186797
-0.0730117691019845
-0.226884983495718
-0.109873702949269
-0.123317753721962
-0.179261690436759
0.00899248656169018
-0.127458620859404
-0.0880013918146145
-0.130628332066155
-0.0103004095833876
-0.00753812403441447
-0.150641638771301
-0.0889821124572121
-0.0293055254943564
-0.149650755864825
0.000786218455813342
0.059997932545297
-0.0965856349581212
-0.0966572116777024
-0.0145170133459285
-0.0576390096832719
-0.193912591732197
-0.0113019664464581
-0.0565753226362462
-0.102009386329951
0.109098845180667
0.00996339759395796
-0.109128828198249
-0.000361090612097952
0.116317610242342
-0.183733132885337
-0.0201835166110085
-0.0845584265982793
-0.0831756183928749
0.0814135330702505
-0.149735942973093
-0.186085458118279
0.0230289635118155
-0.135063346228001
-0.0269086302354112
-0.0469944939534424
-0.17020006467278
-0.0971571648034966
-0.0455786685049872
-0.0524401940191155
-0.00890983512833905
0.0698147917781725
0.010041328007608
-0.030085095370918
0.118502254797809
-0.0872137026222121
-0.0740377202662987
-0.0249592878004235
0.0763537510412092
-0.00376387843449638
-0.0983936517381043
-0.00894987244919833
0.0892476448194753
0.108405915294928
0.0392543423506168
0.125274833018576
-0.0072943370196568
0.00579940016247506
-0.0598077342669113
0.0737016923479174
-0.0102697417078709
-0.0597185638476112
0.269098115877162
0.178245011803881
0.119020956409112
0.00450992160253028
0.0251872050605122
0.159726523597306
0.0500742770243141
0.0245164189248272
-0.0385083898083784
0.0630369340165232
0.245553595820143
0.164565077292503
-0.00823316331950221
0.0678457448579824
0.0730501575693086
0.13833870427291
0.072389251334318
0.0466980132945959
0.214503808211975
-0.0005068263895976
-0.0129097075243268
0.0838838072599399
0.0720927064320211
-0.09507403407128
0.00889300013478
0.217410479989915
0.107281946822962
0.144545992627067
0.113631483341702
0.21987295855744
0.214326240750435
0.149998710287528
0.0546962792477882
-0.00512029320231008
0.140281520901934
0.0443277536750342
0.0933744498642841
0.154977298862956
0.162248987061998
0.109746543560596
0.166995884144214
0.0575023930163012
0.0967870093863916
0.210333213578544
0.234685616789445
0.189928892135168
0.161735907524876
0.158023932903851
0.228939571793385
0.334770842141454
0.241663142942314
0.2703436512484
0.158700986440338
0.15473867169773
0.141985749924019
0.173124868750521
0.128151635022233
0.162629113569545
0.120685612560906
0.16013503789418
0.0867945061661222
0.22350419997973
0.0952519380992571
0.24497805238516
0.0289613343506758
0.338122757417537
0.116956512271213
0.256282201026053
0.163254821808299
0.263940974881716
0.252984914570204
0.167344031222968
0.196117827534582
0.301291549906049
0.252608291971
0.0913816416916418
0.226266741112734
0.141791193111991
0.244914147656784
0.295091763357294
0.271407511270055
0.313127710064995
0.251318312479999
0.145208877020083
0.238819412190493
0.315084416138988
0.204357639142858
0.432359732190751
0.194074337913398
0.169625962578919
0.165983538886667
0.21241505690204
0.119094280989506
0.360078348026397
0.234465842668615
0.264743403099317
0.193102862654673
0.325724337363836
0.251623020977287
0.152160396126418
0.184487320253043
0.360420230011529
0.21310448365099
0.2291687663686
0.137269959606173
0.38841110492603
0.372549086325354
0.32387884482816
0.388449705293774
0.274865443338829
0.210286007546602
0.306938288237989
0.459737325923823
0.172218775736252
0.2303937425597
0.237458112878579
0.23659869271951
0.158651548758236
0.221207475134992
0.258497601099703
0.262068790038557
0.34336504119072
0.214544903064787
0.269224904547694
0.306041228044174
0.254842041018072
0.370870837209129
0.455232249192583
0.242754416391921
0.406755209121787
0.263876953166761
0.409312871000843
0.240707449658209
0.404659590474394
0.30803890933648
0.342641867076647
0.115854523089241
0.467434704001341
0.350043134183403
0.349667635683987
0.333264101468186
0.220161952342177
0.273958685057644
0.287168657477242
0.298090022715733
0.357454680985742
0.181701853977983
0.312428381427166
0.256940036913082
0.323733684627288
0.303774305719966
0.237322968974206
0.334641356916456
0.467553022410522
0.288030830520231
0.375912947922092
0.317204224615723
0.314038542678732
0.395280547359235
0.446130631869709
0.487578010115727
0.277400933525294
0.431212397440343
0.439451134959631
0.376453210632991
0.396086299430219
0.423852447622664
0.461961462295948
0.369774532829282
0.462105545802504
0.501028891082046
0.455103855355332
0.313433380599333
0.44132868330532
0.544869339278038
0.426109668678801
0.374309008949914
0.403944271825089
0.469539110760706
0.656037144986468
0.454001748957039
0.492785005054763
0.347773695249895
0.209258322176915
0.383761015054622
0.366562855120188
0.49608184305544
0.321906376579841
0.435488869588442
0.263151355499957
0.402832446609804
0.425370462739546
0.410373506463574
0.544272053888523
0.463046620673085
0.643072801007308
0.551503885534441
0.485884541178351
0.604847570416245
0.609860935176831
0.424041764335034
0.607947927379897
0.43907639419184
0.442748289948236
0.47316500599862
0.333324390184458
0.439994626111286
0.53818702479338
0.668711475291917
0.721242776610827
0.368399169237908
0.488306803235373
0.397899474683369
0.603813480795218
0.468363398442222
0.468491424251891
0.430915122534823
0.324014655955673
0.427559389878348
0.420466195461745
0.505490745941354
0.557267488721203
0.52254331236581
0.4806786642244
0.431420353947465
0.63323274838385
0.455340683854873
0.459376135172271
0.40567456700453
0.509092455434822
0.470465226608035
0.331629864042463
0.57396701428996
0.532942136227604
0.485509980731557
0.550766942005821
0.537283764578308
0.458241076694555
0.415262603741257
0.504810935152708
0.678318418574097
0.613253891545414
0.463237943116021
0.408339743949616
0.558243752545408
0.489027098036657
0.615249612147553
0.575533468853029
0.498114752327419
0.610469000631305
0.596454266745483
0.543591855537069
0.51860139457208
0.675823099631767
0.478078985219951
0.498524268491837
0.596939814637774
0.627550571921593
0.486599225645114
0.581075333002854
0.571931503421519
0.334779096683252
0.66713137048544
0.488613987650951
0.35475756186782
0.739429950431984
0.652176932585787
0.599370922780299
0.54085701046012
0.486960038114476
0.63642295481343
0.55130369763063
0.645640855685547
0.622302415062904
0.643134100043451
0.618425023459412
0.679588709954377
0.621020110770658
0.631925874390755
0.653048649023119
0.588218592331118
0.662749388988781
0.761774826586783
0.559725445980731
0.504725654596316
0.499555552532695
0.758534176336005
0.687436266271937
0.708095546733143
0.523323540896361
0.638577992148119
0.542240978400877
0.623842347654839
0.539125442164503
0.583989268131892
0.627774803491763
0.738908809248871
0.635106492847189
0.723600890015687
0.631805390816944
0.605376274574984
0.577601155499127
0.525959434841303
0.704185250052852
0.864074171303266
0.692263769337534
0.744927550459829
0.605969176757418
0.758931122837433
0.789387603379727
0.56224025377058
0.70241552708595
0.61986771125081
0.627294454361863
0.645785183325208
0.761005428753839
0.635728931386207
0.631379880005991
0.650833745183787
0.537991431839844
0.645013335278312
0.735974100859407
0.561068577510634
0.826444436376356
0.620409655767727
0.689334019271717
0.596677088516065
0.774538259595662
0.661732109603549
0.741351095802967
0.805623799223355
0.705609181577035
0.800296550566701
0.713449983714853
0.684982799390989
0.786408777120086
0.829850086955397
0.863859875629788
0.628388006343159
0.667475103872673
0.804173101853923
0.841763340529379
0.721496855287095
0.649906718245361
0.682897365090036
0.734420294943751
0.716494609701743
0.660021709001558
0.69760516375152
0.73215281253272
0.814920598390585
0.698030752837087
0.734479997499858
0.814574093266797
0.857775218395665
0.752810141478952
0.736724579474457
0.667362138935643
0.720558363398993
0.621252021725833
0.738002586980189
0.603207520613585
0.763415204159375
0.654119358993685
0.892258551701956
0.926644143239034
0.776496755894212
0.88048542303085
0.763801419490942
0.8397649118682
0.789457849933445
0.71874285325974
0.69258754029585
0.715842194036863
0.735891699154133
0.689452046887093
0.672304907452853
0.653903954224183
0.810555719230968
0.697822546259237
0.79028788472342
0.746682443792954
0.761254289600158
0.754535242780456
0.744677184730629
0.800336086930853
0.876251699248245
0.821444865582396
0.78982187807994
0.732206234713635
0.855944249183831
0.912831355432008
1.00667584993306
0.82215710161858
0.847954976365726
0.872216649247215
0.781183329316907
0.913851283755404
0.788257390983318
0.834696279271158
0.897320567312535
0.960620079801964
1.02579117439404
0.835426908690678
0.812301869264538
0.799100302923566
0.727617402344846
0.769177860806591
0.904506534048671
0.929450009851279
0.908895694302453
0.969327062490492
0.764389032989265
0.912703043189565
0.90182436100814
0.745092517143685
0.761631588201943
0.907088944779823
0.810857776417425
0.88725057892938
0.967405158230698
0.890849017755487
0.931983241257106
0.872300679429027
0.891057687827016
0.903107151451844
0.94006889482359
0.872345196137718
0.970410729720008
0.880954114361707
0.878596220494164
0.966699633447422
0.772555902380076
0.941296970080573
0.895630838794724
0.730192398437289
0.728212856436763
0.912572918893045
0.834761734874077
0.896764438452435
0.805903202537242
0.928187146094822
0.924305490879357
1.00516140404797
0.917751623063372
0.956636283260868
0.903966313115398
0.797271421815562
1.05336820233986
0.964004991357639
0.946258348584888
1.08297304427993
0.894025697488459
0.906165910871756
0.971644291846858
0.989756368245535
1.00621698381544
0.843286270699162
0.983822721884342
1.03435066028715
1.0466891038341
1.01747032679016
1.16007931202344
1.06366941552904
0.950346456207934
1.05538235597171
0.887097424186075
0.956937947995087
0.981028102434966
1.0756074708138
0.968515582436704
1.17387748161414
0.916610214731506
0.982377407012123
1.03218186096643
1.07985508081418
