-0.850831791402174
-0.975649901608657
-1.0515033335954
-0.94317647715515
-0.804240280439469
-1.00797437140985
-0.930915776176295
-0.988884633398976
-0.944016388844283
-1.17302736973031
-1.02911323689239
-1.12545092132687
-1.06666185250756
-0.949367319699061
-0.855379171716015
-1.00859096546575
-0.927747260532823
-0.911177946846136
-0.93602391275821
-0.855513637612128
-0.868977219960716
-0.970422197885284
-0.909330001418178
-0.888441781309138
-0.926910502733915
-1.05832823698751
-0.964158653429337
-0.873903115741084
-1.02887252542375
-0.897177117622148
-0.906466947761899
-0.896601434970095
-0.887709367475904
-1.00742064701788
-0.820493538559519
-0.946849435565027
-0.835189477193946
-0.929120199782288
-1.07881310744923
-0.805832644606369
-0.720161140254748
-0.795444738242893
-0.878725153714655
-0.939502614755741
-0.940826410826275
-0.833519831428164
-0.87501644915871
-0.886846625522605
-0.839188546007311
-0.970076783167914
-0.986736355330861
-0.929199791499083
-0.861996080004812
-0.91488249371952
-0.845333119178698
-0.953153266206521
-1.07345848587354
-0.941543391403147
-1.06646580602512
-0.980057175060723
-0.791854158885279
-0.860803129523106
-0.896871514329298
-0.892682520418428
-0.735685828074287
-0.923037313243599
-0.810725474209339
-0.838985366957333
-0.776464732754582
-0.901996002805203
-0.770728188473974
-0.828006704572418
-0.775610520506822
-0.852868570319758
-0.806666414056919
-0.831413565878714
-1.01022481106913
-0.874927319250076
-0.812995507522303
-0.819486504336244
-0.803768194173139
-0.793888723731683
-0.897638341703017
-0.725770875452454
-0.859453603192384
-0.941099807682771
-0.744834043307856
-0.85065748213474
-0.764682924701431
-0.815761075651346
-0.894543560033508
-0.641859026149817
-0.770000083179691
-1.02617128814266
-0.832338648551535
-0.634048721876652
-0.822400319443067
-0.938365093424494
-0.759928400249587
-0.789543124875037
-0.73358695356953
-0.729679327913691
-0.831100941881918
-0.874072350310705
-0.661133983723054
-0.774709939308723
-0.822879354761881
-0.849873698627846
-0.808280881187692
-0.893748263451363
-0.758207544162951
-0.752723247516907
-0.752849185243814
-0.680052262339234
-0.842241432771079
-0.744738429615631
-0.748923383507173
-0.832785849795494
-0.722060876662846
-0.838019352710846
-0.934737564065069
-0.749051627697736
-0.663865291349095
-0.619569389056919
-0.554150864570301
-0.675787534714826
-0.79440241669819
-0.749491078800854
-0.839707217444059
-0.614651428578875
-0.643039928802554
-0.71839203345325
-0.749558172618958
-0.751591431767167
-0.802917816459613
-0.770354211997583
-0.732519192057281
-0.586709654244008
-0.698506800820655
-0.620421101344883
-0.701741853387026
-0.794013326527318
-0.670423178748559
-0.882232606787415
-0.748075119874258
-0.593403965627329
-0.613549993070056
-0.696470930451077
-0.73662539537537
-0.53934355944609
-0.636148744207822
-0.693548993446427
-0.642774329890984
-0.666598311613994
-0.648296467529795
-0.755792866385233
-0.67910360794707
-0.862384518926149
-0.699332849020808
-0.846857436884853
-0.668933148308887
-0.573442113867964
-0.666480094314082
-0.734605926663691
-0.777260432283706
-0.761739803954027
-0.72824822020286
-0.683289269135293
-0.604654429939338
-0.646963810470716
-0.756743192481152
-0.733121044132171
-0.622002513317992
-0.657051554057239
-0.546303011638376
-0.444315362274302
-0.626347453707069
-0.663410441479084
-0.593274039094956
-0.662686974636234
-0.822950527527548
-0.69921375373813
-0.705275703566323
-0.824077021709117
-0.698937525552147
-0.714373086076395
-0.620235707315626
-0.687515012172523
-0.630810555837501
-0.530483762806669
-0.654409129694146
-0.640451244739142
-0.600454355221048
-0.68038266326336
-0.621425691442127
-0.60470024405735
-0.428862604935819
-0.681023724177695
-0.655314583556562
-0.639421600683749
-0.53272482276957
-0.515021216303733
-0.455074213241984
-0.579516687447823
-0.565442140828278
-0.399626432721307
-0.52495404885297
-0.493431320139191
-0.489577126754942
-0.567762865648014
-0.561638214016669
-0.453717707454359
-0.597721318606342
-0.511956002641494
-0.447565735461442
-0.526418100801221
-0.574012907786752
-0.406098686447389
-0.726617676596322
-0.459803757700785
-0.522928826458196
-0.446904211114489
-0.653162779850326
-0.650237947791496
-0.569528116457316
-0.610081295447861
-0.550693389170306
-0.517356002421791
-0.470503424991164
-0.523936978738804
-0.523643371689942
-0.612001822188701
-0.414953928735022
-0.488759005094784
-0.551377913387516
-0.523141704722176
-0.547080576630395
-0.532265428176588
-0.63260959932903
-0.48137873691648
-0.513405534001246
-0.641498868476607
-0.419134224934717
-0.652912515504991
-0.595403415739976
-0.582565487449922
-0.459143707320067
-0.498396231934715
-0.425404613407743
-0.548695492256468
-0.328247432310783
-0.462803661676871
-0.416553776361943
-0.50672908037938
-0.517932682420778
-0.488383701384441
-0.538065647769886
-0.650324482434247
-0.49892479255725
-0.482274203409234
-0.572651880800086
-0.532126102736891
-0.367646427928625
-0.519896948483999
-0.53464284329415
-0.353722059526455
-0.438052453774677
-0.393052987222292
-0.536808821809
-0.427522592958052
-0.405063331264928
-0.560777692109831
-0.568484247576422
-0.585347444857768
-0.421345617578073
-0.384722972895784
-0.318895289597993
-0.383503213442914
-0.596143087333142
-0.352169038210548
-0.468713103823501
-0.613685397863921
-0.450294741596196
-0.462340154769974
-0.484892693551754
-0.432304743828549
-0.422004592257496
-0.464543949444514
-0.404054199805615
-0.447554043327123
-0.552046663558405
-0.438705921808985
-0.353558501044066
-0.389152010142495
-0.453980780939717
-0.305065186887822
-0.219459949530444
-0.367902860104453
-0.299128254755928
-0.453482885900395
-0.51244882141849
-0.298474657598963
-0.367499877412893
-0.401036528389037
-0.305107886758359
-0.276026404404628
-0.306587430102735
-0.356836350188778
-0.341867826089709
-0.26909921883302
-0.409840662041919
-0.232192380949124
-0.49279648816655
-0.238959416912919
-0.342608558995117
-0.426934885930018
-0.374424397519751
-0.500125846361081
-0.303435193868786
-0.29560694760623
-0.36573238200909
-0.356388664709215
-0.38309842523967
-0.30170022533751
-0.374552520341116
-0.240874968935877
-0.32850176632347
-0.339209470632492
-0.392697475268009
-0.400532714629262
-0.380639413602999
-0.286589369613867
-0.191648811648909
-0.397985675785814
-0.426916493605867
-0.177322929196316
-0.25833468055012
-0.374832771180664
-0.293160534077854
-0.250386422157176
-0.330955775971532
-0.281936968766374
-0.247669500854075
-0.303120700164176
-0.420709628399686
-0.281764794270907
-0.298686795476165
-0.236261769946577
-0.26996515790348
-0.355634918436069
-0.281011869006716
-0.342621725923836
-0.331791232465829
-0.239754196761094
-0.447733685423922
-0.213809461292255
-0.17876501654303
-0.311119438472918
-0.241838082407477
-0.33599902724847
-0.279286217540515
-0.356562947551202
-0.267815778162454
-0.156134369520302
-0.304561529782998
-0.494556599406581
-0.426057389520957
-0.274752543678864
-0.178636685345467
-0.302059965495421
-0.15133015755388
-0.27019294860638
-0.382613806015804
-0.30359107851241
-0.246613155528291
-0.358821849872692
-0.135676052873774
-0.331248835342137
-0.256494387778511
-0.371604765348045
-0.242134213893275
-0.25622979231396
-0.328175378665868
-0.303184823176583
-0.131501298210562
-0.227363874916011
-0.256046669521374
-0.196607314155702
-0.315575086161677
-0.259852373967276
-0.252694971256501
-0.154051121920013
-0.111936693240664
-0.123853514384686
-0.258158922572622
-0.286101851197334
-0.308517586866859
-0.255469372255964
-0.124876721720198
-0.205297949561753
-0.143975991845824
-0.253768332349019
-0.146059786201962
-0.121587790712001
-0.209316566691581
-0.114226760732766
-0.0968344624359415
-0.234768178021983
-0.327967095515943
-0.118896844611784
-0.0936698330836818
-0.106626542556998
-0.234439593283818
-0.355083398412466
-0.0525747430635342
-0.128459982219102
-0.24161289959117
-0.0425041122867084
-0.310255790969464
-0.109859192143926
-0.026306577843223
-0.214693663120585
-0.125454903658151
-0.0768163269370644
-0.200541303268606
-0.128843918344356
-0.102602991783338
-0.210513220093437
0.0580824306782639
-0.212685110387724
-0.211035366759485
-0.00794255836500674
-0.20946089714698
-0.177278335089414
-0.173352238987242
-0.0614034080658931
-0.0539204064177679
-0.148524669768157
-0.186773620975705
-0.118328729059333
-0.172370332597935
-0.0674937772231125
-0.0760883442500711
0.0116001245596171
0.0176408995221734
-0.2144554144415
-0.0460108741898338
-0.184082626622347
-0.202382830507351
-0.082324711503773
-0.270912665585503
-0.069718148181555
-0.0551340352405577
-0.162879859671209
-0.166088609159725
-0.0269083946994251
-0.00880293421288882
-0.127562116171599
-0.0816594789511831
-0.139115157608223
0.0045338301275891
0.0269003280626314
-0.114690059236996
-0.0239810994218273
-0.154197663965244
-0.0823697824016933
-0.091531616375703
-0.0467519071762557
0.165446504973943
-0.0793383234731185
-0.0603004464063898
-0.099251278130556
-0.0993539074398044
-0.0317672401770705
-0.0234253940173587
-0.131127921821083
-0.0642511218948454
0.0526095789484344
-0.117175113043726
-0.0255560902908087
-0.120488873950347
-0.0529518313434141
0.0262849342650452
-0.21721593614057
-0.101102385983707
-0.0998395838701896
0.00639575032035786
0.0444277968036368
-0.0218025537656211
-0.100510680485088
-0.029045725498758
0.154759653719562
0.045265164133009
-0.0798415466685845
-0.0183726427528763
-0.0178830113240088
-0.11716823406371
-0.0296908208160791
-0.135829220043303
-0.0881806109633212
0.0656244760238038
-0.0650455203868015
0.0165339370406517
-0.053284277384736
0.0104221853567224
-0.0227048168628579
0.152544655233121
0.0409521657313813
-0.0942132926402615
0.0945093401357039
0.121412706311187
0.0975536845713717
0.0835937404305857
-0.0234159826147648
0.221234391411058
0.0123191087228497
0.0044468140771092
0.0176468758249585
0.0987966733618201
0.118974057530155
-0.116115703097206
0.0846248385034909
0.0276291072094375
0.0562237358417913
0.0683246606593417
0.025843503139795
-0.0319760529683266
0.0627956019088569
0.101616660850701
0.094736129720323
0.0367306772637396
0.169367146670102
0.158127734324227
-0.0280153744225744
-0.0282377057932246
0.0475109719674299
0.290037276348717
0.068000923087262
0.00620158514862953
0.055723519940856
0.139885789389004
0.133171819191234
0.11419841896558
0.0456891856267936
0.0908512807941356
0.00705168778731632
-0.0490898796719672
-0.0579024462436742
0.0183631370587799
-0.00263053278113011
0.125365160121945
0.143624255888752
0.148326997284473
0.197408979952832
0.20651196613822
0.124693847363764
0.115079384402773
0.173133329786969
0.363176609351823
0.065211086461098
0.155981015763442
0.195709677004758
0.306763583229631
0.104875244256679
0.276398328869313
0.104109178667851
0.154527983762091
0.272036907500071
0.108508765325091
-0.0282855335220534
0.209882980006346
0.255814627396916
0.220367380379833
0.0711342244950552
0.200372159203817
0.11363680525962
-0.0261670909786273
0.0718154456501795
0.173504041632172
0.0949189910658964
0.0659335516876318
0.163991011254495
0.106199881666224
0.279136736052229
0.11799876951187
0.053404096147261
0.0833294915725589
0.132236733769584
0.066857843653913
0.306832390894286
0.0764218242215718
0.173869401224086
0.198660574423957
0.184426236640901
0.271389243785116
0.326625993072414
0.192696987099556
0.122867809047089
0.200448754086659
0.163013234958954
0.334752404825942
0.171578021684507
0.261693300041415
0.190643678135174
0.121709447526406
0.194825573743443
0.235561424915302
0.24959365383171
-0.00286462790091553
0.27732368666705
0.237695477718932
0.189306992864982
0.0335140867702728
0.153767668625448
0.168172539055543
0.105996353765239
-0.0594956220358615
0.411900016523462
0.0956885765220106
0.249184623507537
0.292310285002872
0.302620881700993
0.185907824948941
0.222068309934958
0.265380153524619
0.231782447975803
0.276168645172712
0.122162164452828
0.276513473261622
0.272412535685378
0.251560186120998
0.217691175628696
0.303713452677347
0.245465923048367
0.259615433044564
0.13524276655349
0.250876008614904
0.232074593451611
0.27856668198797
0.32034908295283
0.238320294831674
0.299635108057628
0.110162229029854
0.349689215339755
0.346284208375826
0.347553797617665
0.253637817749881
0.281611726341901
0.430007881546355
0.272039672430403
0.294298032920163
0.433040972153137
0.260620821923899
0.299282381179036
0.363156896439315
0.343052270056294
0.369846798153029
0.270268724368182
0.402307120139523
0.193841454183293
0.465360998448683
0.468887828053779
0.420225597560217
0.410318143541822
0.419850876582676
0.409468307158778
0.379742711749094
0.331845214403709
0.381449223960327
0.285622551397862
0.486357158307255
0.28804033471033
0.307838327392125
0.137327811695895
0.314024422699536
0.259531428869588
0.331073985147162
0.339966308197855
0.387476176970119
0.345260487833555
0.360944013011331
0.333604594977011
0.347569016498649
0.387482789485965
0.428812880301808
0.473143220122869
0.0792178329173139
0.227974876602249
0.4122193116344
0.524251290986758
0.438231008212934
0.359419700315537
0.297024670112345
0.268747374741676
0.237420258403991
0.479179891324426
0.348701239699091
0.577133426061557
0.499940699709047
0.29981188415535
0.463561329124682
0.345652537614989
0.383446283648327
0.365365013649641
0.44329372320182
0.228616235892917
0.311070201845364
0.428231372700576
0.443639571974864
0.431452454606134
0.449971404434808
0.41011329201993
0.554347993629363
0.386623471358061
0.384028911052217
0.513442430177315
0.465156341121485
0.565339457961375
0.525958987859055
0.351828267895963
0.601634667851991
0.351425049375514
0.629059861448265
0.501666254565961
0.524536478862416
0.425702646828177
0.450099008870284
0.400870665087023
0.396107713301029
0.618501011393175
0.492461431467962
0.32024293187524
0.384547461080381
0.292820227485119
0.403962865511454
0.46551131964631
0.489744149064121
0.440526877350593
0.511115944767537
0.354209140827522
0.56310442058764
0.45924932891495
0.505146281315826
0.342047706282357
0.400104998519893
0.538383770117292
0.520938708354515
0.438490623842001
0.390836847862087
0.48667007418115
0.525681263918919
0.529004718626726
0.541776625001384
0.399159983002562
0.457616987136126
0.523503044245118
0.573470954062367
0.499685049149239
0.536673862100272
0.624952272211269
0.395923860397683
0.597019061992941
0.580915966517839
0.453405971089592
0.589568324436175
0.688906115341855
0.443804882108457
0.506054137385544
0.421175535419072
0.550506391811144
0.541276546622679
0.639818124751632
0.509197664435094
0.675552598950752
0.514835943243124
0.41435326978303
0.534047622830099
0.53548975747075
0.582726224281499
0.54959850067829
0.549583302401789
0.65501160807091
0.529940014161039
0.550646538490651
0.531730737013261
0.68108160115335
0.61529673899806
0.591736752469969
0.600277162012278
0.567140381548343
0.584931328501936
0.556975158731196
0.545607544390533
0.570048070961227
0.712583723316667
0.542189614191416
0.675626521591571
0.520949769488813
0.565184556164568
0.502713602208317
0.655323111728647
0.615100668542094
0.450227018751004
0.754003633014075
0.7916784304222
0.754529823907781
0.634253066827072
0.573967708986865
0.704887256688683
0.7162215149557
0.459168039733699
0.661290474664979
0.62784217491826
0.684403398563386
0.69353040472788
0.522909532719454
0.680519300965258
0.540919350465297
0.624472169375233
0.720307500159486
0.656347950308516
0.74028251664898
0.537640602157013
0.576022984793351
0.698849170747999
0.532913630973191
0.636188292616589
0.722579536280342
0.657578932667744
0.598314249490201
0.750972260509362
0.76810036090378
0.73037119361231
0.673356745922985
0.745598170692593
0.741741240072586
0.499111421168094
0.809611369510961
0.63393544236301
0.828917871292965
0.621726958794546
0.799938848972327
0.614851572063264
0.666838711195765
0.641118237681767
0.647672422000741
0.684605226574719
0.668992205386707
0.824759946430317
0.709889283007674
0.643292911710474
0.663871322989198
0.786667993466818
0.62577061696965
0.602132697772193
0.87204997038244
0.674463078046427
0.688861884329377
0.767236758109884
0.841760867424227
0.581621611727411
0.635662150666257
0.58900254898143
0.869509702593599
0.602569358082421
0.707690006698166
0.635492281048863
0.739105450230148
0.747521319234099
0.858430476094813
0.634638601251049
0.674727388667328
0.732489907483904
0.865284792603412
0.77645797029689
0.683745422316738
0.776656146485266
0.811906141149873
0.675644909263431
0.683127711732685
0.794255328675078
0.745138991162751
0.76711020687169
0.734865212610183
0.793985476120928
0.843404394713209
0.815274145739108
0.625079108248282
0.65427501942469
0.702277474216407
0.668476356040469
0.734770837731938
0.828179210065365
0.693213071046402
0.958637513498022
0.713398781869875
0.695661685527411
0.850939266497693
0.778562650826337
0.771643404861005
0.841647805754277
0.728268645943145
0.888070051770229
0.866195615796591
0.762838205678401
0.809495468863624
0.874971387601555
0.724405057799476
0.961241150185003
0.809357588887595
0.910902555952694
0.830829392626308
0.795446324630887
0.794667862144228
0.666742398205019
0.807669056167864
0.776897664388449
0.814245287333268
0.777366910293088
0.908566516682688
0.987939566413256
0.881448731473258
0.809223101392173
0.887630073151359
0.812895451030754
0.783762225803409
0.759516349186556
0.771662439602731
1.05466833372128
0.863984597053812
0.727304629430587
0.934575152725122
0.864965909333995
0.913195868218835
0.83512868496276
0.916654055091781
0.874978133804308
0.878952031549177
0.80440702020425
0.723011096266395
0.902126015864278
0.961901512650619
0.998721783883055
0.973813834120579
0.866376641927609
0.819576441137928
1.01082637606121
0.859126745758392
0.879189155774351
0.817301889104514
0.909201785801083
0.694686378472722
0.804560968326981
0.939689892336806
0.847604148056485
0.885072972970495
0.773225293011732
0.934083944385367
0.977898949146073
0.936096912953589
0.937913736469089
1.02026898619789
0.919448548743629
0.798918593138068
1.00226711762145
1.09051057558466
1.02332811669082
0.8131635281122
0.98726818083601
0.984979559384905
0.784270875991988
0.828289885364899
1.03104106791903
0.930136717397588
0.948276347103628
0.981307291607112
1.06173014493635
0.900284958750807
1.13004958205363
0.815684447414082
0.984841449871421
0.997483525554905
0.956730342442654
1.14073996830746
0.840234360786292
0.913218205516277
1.05583404657435
1.01237367766092
0.888379931346991
1.00648316182404
0.940943761083089
0.954963879194699
1.00682218129861
0.88242532981293
0.89387150734153
1.04591753544115
0.941935128949083
0.946656454862595
1.1084810717706
1.01498618050824
