-0.965472862371761
-0.990884641858545
-0.980652146833807
-1.01579154282754
-1.06298865653102
-1.12229035904399
-0.910210030368636
-0.915590405814108
-1.11987405261211
-0.808652062569794
-0.999503876645926
-1.0117602122668
-1.04582662904161
-1.02063419218799
-0.908530386379473
-0.929366855489979
-0.929626891777562
-1.03105789820957
-0.995171744047016
-0.954176019265732
-0.788126826656762
-0.947132251243096
-1.07954279363426
-0.909420944361153
-0.872769951775642
-0.886666186149942
-0.979552178337042
-0.994328230725189
-0.857757748126466
-0.880881912465825
-0.971089747976547
-1.05816486472945
-0.996708552379827
-0.956473279311403
-0.856775778114205
-0.848328114910445
-0.946094947992087
-0.775409309489671
-0.947713749614646
-0.875664464253249
-0.755479575774725
-0.855417724118476
-1.03345667212255
-0.976956238479593
-0.905045923370515
-0.86830859305928
-0.968829839288554
-0.891374161662308
-0.952515505397883
-0.797062517991703
-0.941547518322045
-0.995608990122333
-0.92923315038608
-0.875067586361679
-0.925633024316543
-0.877676595708512
-0.81884835624123
-0.832289840772391
-0.973319900243363
-1.04831081852278
-0.834828332100966
-0.987038952944944
-0.774430570916019
-0.751385330694633
-0.779715493903285
-0.808912680419879
-1.00062465709507
-0.829387253702883
-0.825970693913452
-0.768706460536602
-0.875067077280671
-0.932678827461985
-0.971785751109607
-1.19375429259532
-0.86236612326306
-0.840387978253215
-0.909253686305337
-0.981453703812304
-0.759553952028284
-0.807570615593819
-0.776235793894554
-0.869525060412803
-0.93240281566962
-0.893154266388999
-0.642531429150897
-0.773629819243679
-0.92021855357136
-0.827935384519187
-0.874011592904125
-0.932553764237501
-0.909877212578816
-0.762178916147498
-0.862847321153309
-0.756003984853826
-0.815525732984309
-0.78700700790131
-0.844571157919872
-0.728190671456513
-0.769753491034262
-0.751161232310529
-0.673075916600348
-0.723356983622651
-0.930069101739934
-0.869555580625486
-0.88173209590703
-0.612261877943431
-0.744554213430745
-0.732675250253029
-0.850251709311398
-0.646980609610736
-0.596555369973262
-0.698727337618896
-0.764316673587047
-0.978301069339115
-0.892123748682797
-0.925400131613173
-0.758456093296298
-0.739017702520634
-0.831516598019388
-0.735993035716136
-0.659486298818919
-0.906921175755705
-0.691313999276778
-0.823152670643237
-0.769845035797935
-0.718772236225838
-0.826743509399916
-0.651289660198899
-0.783364100475195
-0.759716394688123
-0.75548343311575
-0.768085537706164
-0.867597898709721
-0.675581007489659
-0.681567367874464
-0.746555022515276
-0.730895112163762
-0.733054200164048
-0.741451522430668
-0.759265835664394
-0.777052004358745
-0.652912731540926
-0.717600218692739
-0.680454633749375
-0.673223889711971
-0.585418024183938
-0.735374259169294
-0.669740130659858
-0.76728388232635
-0.588168964499764
-0.711367768982235
-0.777034067972038
-0.570285152620846
-0.765123648803317
-0.620982668282828
-0.635848204385791
-0.861855952930077
-0.60597479218868
-0.693652933721525
-0.578763309377614
-0.662229075934884
-0.680817880629322
-0.587347991658182
-0.698994880737312
-0.61674069872281
-0.671263462270639
-0.696896317421395
-0.618558321037323
-0.722268331892953
-0.601733608453503
-0.725418894073306
-0.653014932996079
-0.595070603824736
-0.706263794404268
-0.57721678495433
-0.533987784495816
-0.620143541769556
-0.731621793641622
-0.762336625344559
-0.702448632688695
-0.653615392475388
-0.555048451761298
-0.535218488259251
-0.553133510009382
-0.636302214663269
-0.61549085332945
-0.671137359984294
-0.527923556906917
-0.573405214550026
-0.759808735983992
-0.573441595544593
-0.596251607314483
-0.626014795957128
-0.630684012663298
-0.453039314890203
-0.762519183118972
-0.599619763703121
-0.574467872085174
-0.742253898533595
-0.569935384097878
-0.490234507807443
-0.677424645267786
-0.427866971050412
-0.667467001375288
-0.556929854431801
-0.638109167644505
-0.425954581804469
-0.589337953600684
-0.597993381670588
-0.606272568475883
-0.588881082394839
-0.713071394620471
-0.533904591857913
-0.553956286941814
-0.61310172168174
-0.523394568825195
-0.608338855064529
-0.530783479368311
-0.554667836872143
-0.590006396849585
-0.744582990989727
-0.647494799539343
-0.572435356793019
-0.49404352725838
-0.604291768069041
-0.60361963912645
-0.513151963471965
-0.551484990940938
-0.614238646077581
-0.613638699370856
-0.487428584271436
-0.53750509505378
-0.589330877005747
-0.619020922761354
-0.555294525365436
-0.549499932810251
-0.477645445367838
-0.630848648800036
-0.408300291040215
-0.510442293678038
-0.492307757516348
-0.509538121343053
-0.568636907436266
-0.533511576566879
-0.571233395135353
-0.572401271888431
-0.51073419169673
-0.585976853965615
-0.550187966283941
-0.460025378016681
-0.431362826408896
-0.525561508225781
-0.418936059139667
-0.452388707264415
-0.411587762799552
-0.440545853199298
-0.502051087819596
-0.444420716854509
-0.5193108505041
-0.605147035477483
-0.438182895135263
-0.534932120566612
-0.498524670479506
-0.568349786853917
-0.386417097965162
-0.257719648017363
-0.395233611859319
-0.45243642923476
-0.55304974757374
-0.476726467761986
-0.630885535692583
-0.480706518490685
-0.462504997486218
-0.449913276368861
-0.410161270309428
-0.395393983483365
-0.607407489998028
-0.48233914308359
-0.41091515518944
-0.344162141660421
-0.48001461471
-0.344298273101124
-0.479584100578622
-0.64288939434203
-0.340779801583616
-0.508198014213812
-0.452921284409746
-0.433961397570942
-0.378945216625192
-0.447656493343681
-0.456848918380063
-0.282596997410933
-0.456905975898513
-0.348732795754546
-0.42411009266139
-0.291231346816073
-0.279722420529409
-0.434436195636747
-0.315780226753286
-0.283627275752953
-0.414968610126723
-0.338481890246456
-0.356788325226882
-0.253495818484484
-0.328249255989367
-0.317112060355996
-0.437982866780832
-0.444241209536881
-0.303415629876523
-0.469131866387349
-0.336920318728572
-0.422037380261008
-0.426150408265537
-0.384332703280302
-0.354754654831501
-0.372570184637658
-0.379726788126777
-0.39896462992395
-0.339029906740768
-0.446957010526501
-0.267068114446959
-0.423568408565253
-0.375138221502165
-0.445712472191384
-0.278894184524975
-0.462578187873168
-0.469207218723777
-0.28387584301839
-0.385615840525248
-0.241064372153879
-0.377353511751477
-0.434238830796427
-0.2570563892694
-0.517241421545403
-0.329099575804973
-0.188751789728627
-0.294087608694051
-0.39385673743111
-0.271745113463638
-0.326169031272062
-0.114573815314484
-0.386136572145327
-0.216454754652401
-0.329998877063125
-0.421316200965302
-0.227001723344947
-0.296190658689198
-0.288457455977643
-0.333577741632961
-0.341405394657828
-0.0660871813158531
-0.369726405182524
-0.33474040957188
-0.332904082039183
-0.218105371037629
-0.236430335186697
-0.388872340006353
-0.202088882200137
-0.382211338575081
-0.36937724661445
-0.270000280080873
-0.278243882917639
-0.362710058674518
-0.142829055268337
-0.234904660333744
-0.235782890746317
-0.23976324083585
-0.225394510899385
-0.225144633058469
-0.3234890998432
-0.324617413222688
-0.262332552532987
-0.280800367950042
-0.210572590464623
-0.330281410302618
-0.200192642105398
-0.27396979618643
-0.316752290805581
-0.305701518028001
-0.420470237049979
-0.327924366140124
-0.157083845034378
-0.178883757291314
-0.161080598217426
-0.246317884241394
-0.341589218881129
-0.283380435378517
-0.2723674634048
-0.309855592926508
-0.157717870518893
-0.261411458813693
-0.258030692911748
-0.159424262953652
-0.101056976811442
-0.226417030203768
-0.360897946247182
-0.051820982724389
-0.137937578465977
-0.256747206560015
-0.368210873780813
-0.286674574134864
-0.247055776770669
-0.10087194172344
-0.239568678141821
-0.334731111510909
-0.200307534929702
-0.196408078879018
-0.204036551811518
-0.0629536770367835
-0.184230059100899
-0.257325949398848
-0.158103601767777
-0.217883153460931
-0.130031005518023
-0.278400604125298
-0.308566394856839
-0.0481363705488509
-0.246652569815025
-0.156048624575379
-0.192072870197177
-0.271281782170963
-0.131870489164404
-0.195835242853728
-0.215978826394775
-0.0856879473876
-0.120093716981829
-0.0654808270922577
-0.133257334657923
-0.291759134297508
-0.111716704707413
-0.293494767738308
-0.0338878869246566
-0.0849882762681966
-0.196519045435711
-0.136883826357337
-0.251662979544682
-0.182621042225537
-0.07403079328607
-0.187172395192645
-0.14365762612566
-0.177941715596961
-0.179614134901862
-0.0383428610978082
-0.0682000067382207
-0.254582155194595
-0.0734777444977396
-0.130686999001814
-0.151032521865105
-0.172156943289919
-0.270328142347535
-0.183605668906246
-0.15737057513647
0.0176504947162033
-0.0881677609529839
-0.10131157131278
-0.0626884790013547
-0.145404258738494
0.00185799026298609
0.0930253270651469
-0.0705374409622948
-0.0587616830860076
-0.057002352362455
-0.221092096895833
-0.00280886947612219
-0.235702626904471
-0.0370026909731078
-0.0819802074914433
-0.089744266888748
-0.0388214067360412
-0.219919401486765
-0.0392905023474707
-0.145527142712329
0.0889248504208111
-0.113928257263798
-0.0186475300700086
0.0579909814642242
-0.0622471401870906
0.00250041806504401
-0.00114373049963557
-0.0401721329958449
0.0834299475927846
0.0900945320085629
-0.0457595632793902
-0.130430471969092
-0.102167104273948
0.0620732104341199
-0.0988805291471941
-0.221766370322738
-0.109514559079912
0.0326880221056148
0.0456829092356537
-0.10188622022273
-0.0573528060111733
0.0809345314226621
0.0660048601419929
0.0520938284770974
-0.109356736259859
-0.0242512770006823
0.0378802756830271
-0.0105172223908771
0.0656957372310296
0.0509320438094165
-0.00381293277615723
0.0692240367935
0.0679795606559915
0.0557376556917757
-0.156509436703075
0.0592781932182448
-0.0124129397869142
-0.165642702741484
0.0696999396440384
0.219356212765412
0.0798036229613385
-0.00410768614559709
0.0875151874063832
0.166661984203496
0.0834963626249876
-0.0172910054244966
-0.120987761656013
0.132442254836973
-0.00476309968528734
0.121408496049205
-0.0303276007308088
0.014351153446942
0.0777032544368737
0.00718342687596886
0.0870526050514973
0.0394969806929706
0.0577372406258988
0.0909027849150569
-0.0210323450844687
0.0758279761819086
0.19364890944675
-0.102356009545096
0.10683245540499
0.165218705890135
0.0492596350822638
0.0315853639771042
0.106822998606407
0.142376877783781
0.102424926964716
-0.0570457063273867
0.0599337023764889
0.114976014775767
0.179100757184868
-0.0558007458230662
0.183374865996526
0.101500997439896
-0.0613723162398357
0.119883664031002
0.152661603885446
0.209732318406412
0.161741659111369
0.0621361912576007
0.163678283191614
-0.0155147268595055
0.207212411751966
0.135813531204017
0.0984036809873517
0.0652444166996889
0.0883276258647206
0.00824206467123607
0.113923850111996
0.111764634145165
0.113170722993258
-0.0837519498043724
-0.0401162896313588
0.103546480698224
-0.00502299601108066
0.0494679260721168
0.0419510649163693
0.266969233178886
0.230833934951479
0.22078593427778
0.262259741350066
0.123415355586772
0.0484968067375753
0.183521180743054
0.155313457658179
0.112997930426442
0.0439721241381128
0.25209353057949
0.05874442823783
0.297350821159531
0.162792710291866
0.257318028708506
0.278275640839206
0.230482488587235
0.159319812836348
0.261492356613384
0.231531130786384
0.167879748742358
0.326145671229108
0.0789465892467645
0.247600553158843
0.08326558257355
0.106986820996809
0.0776939264622323
0.315901812977263
0.330100440464634
0.282726380008649
0.196941977721924
0.177345631224806
0.259256850731519
0.10086165404023
0.30620389152559
0.209402900751211
0.307227352110694
0.17840177895761
0.072727284551641
0.324815943577699
0.151496430460241
0.26980962987164
0.331487581801235
0.0763998377611548
0.264642777758485
0.200264678438652
0.0219325882234701
0.122879678806063
0.456126831635958
0.37461949765259
0.216707241296237
0.164651580737688
0.255703417779292
0.39232047961133
0.28574038604939
0.11205953634186
0.112076825486969
0.151626573635059
0.394330197090625
0.245671350569519
0.351776308604371
0.162379658100501
0.240619558509368
0.206790546098305
0.244345210708802
0.160195186067593
0.348939206349247
0.402515644869218
0.416573617543855
0.16991689209294
0.300493357225997
0.342261553201656
0.395071721774662
0.252557167918386
0.251100635958888
0.346729278913848
0.252997371301834
0.318923211610509
0.238653962618317
0.212520610182259
0.468972680749208
0.388672171621027
0.236393744411587
0.287709088077666
0.333208758113167
0.287650606237859
0.395558371878026
0.235338225330017
0.3885108474739
0.402284125830285
0.404268751586316
0.296257691411518
0.415105953553707
0.444796994642857
0.197414355113935
0.261701850589945
0.36201542085322
0.304981271066676
0.102417326216827
0.324720583052138
0.291889428701557
0.334926609626445
0.220048802812579
0.40437525734686
0.275220128884273
0.32408465797581
0.410343859610198
0.370692759242784
0.158337093580103
0.362671071481139
0.436512467562214
0.343593636775183
0.391282383987288
0.311135208489075
0.354061705306406
0.300676480299712
0.318349007018444
0.345535641427697
0.513278581860328
0.381479031158305
0.414171573567493
0.339227359634546
0.414983814748921
0.266741231314222
0.329410568896449
0.259284237015094
0.287492834073603
0.353432727149559
0.357120669978882
0.293147299607213
0.281710157915911
0.526861655477826
0.338080640266761
0.285718242204375
0.403094543078538
0.29886021031245
0.247013410151895
0.553360895779238
0.501295524609829
0.474666667081586
0.467649516067788
0.393102487575003
0.270462144224381
0.451857955966405
0.505906464662182
0.402632048672101
0.426514918532292
0.451114166406709
0.312561889394497
0.376636930959368
0.531012986379065
0.404561939311102
0.381803306844087
0.374859283503101
0.414153674495079
0.444478977527638
0.517172770797316
0.334595989644796
0.58411896440212
0.511746157912215
0.495024455218583
0.436885427846955
0.530322543528931
0.458177946829665
0.461715348616637
0.4661749003817
0.350271209814842
0.457573890005943
0.521109422373961
0.466328159478428
0.510722773062245
0.535553558328528
0.495756795882909
0.46450803824741
0.478588566298616
0.47018671929707
0.47540804413557
0.489536300494213
0.510015801974128
0.54969018929373
0.650406388942835
0.601748616425191
0.496892980246544
0.505026412283055
0.530123646829221
0.565156194507536
0.538195937723353
0.555548634150412
0.525102260373261
0.61515941764925
0.569957198496193
0.557043903137582
0.51752734436707
0.536262805091641
0.468971608434653
0.546537685140127
0.673967950463324
0.473289224826767
0.501574677628392
0.50669906235224
0.615592802473794
0.587420908427738
0.601236343635139
0.568848591822203
0.63278907061585
0.479626530901433
0.610610596803065
0.58590891254229
0.65400535693557
0.435298341293716
0.588153892574689
0.807710184196073
0.540120110400072
0.617186355942225
0.600460510817788
0.754437497234292
0.551187804975479
0.582919233979856
0.591396201849741
0.529118515276461
0.614679719044637
0.675360636796905
0.571530833485646
0.710402794728546
0.635402351360625
0.659408053508584
0.674398643040631
0.644853458623949
0.45618159982011
0.494982478852323
0.551887627971986
0.562784468617731
0.676397637189733
0.587133931326043
0.691441822457525
0.591522164177675
0.466526496039455
0.716252226968746
0.644252856885134
0.586600866210915
0.60019006071056
0.615080550711122
0.543827300786058
0.431318342774555
0.588589838976826
0.588817256484636
0.476590774630024
0.589997080283643
0.626005468723874
0.571978747949326
0.552361595605336
0.639534342277509
0.69015683079568
0.663153130828462
0.571129964664701
0.503764309553925
0.723988789379377
0.675814557783208
0.518736900584859
0.480728860463255
0.702527159556627
0.477640162921417
0.809872627626
0.590820013496629
0.731528550025312
0.79757333820887
0.729611327009069
0.624454197066664
0.730130613002631
0.761390888967482
0.738255693824821
0.733554592439958
0.729084026285151
0.624480697020682
0.626497374632044
0.548967544450687
0.663523286294632
0.501637086140965
0.723993122537014
0.686482009018663
0.700417862328383
0.611725634277807
0.548950061103194
0.712545932154611
0.747407614621044
0.747730844622527
0.686909239772266
0.563444548878327
0.707278830472539
0.700968310701729
0.718069758459932
0.747916334898869
0.70379999478247
0.791342698974571
0.800159115590263
0.782045260319441
0.845361378478034
0.684159906079629
0.732213492014201
0.865932515241214
0.804434305436268
0.775801252901445
0.66840368633039
0.706752341958127
0.698986944487413
0.870619109400427
0.81942241586027
0.823042280030245
0.871122685886022
0.749405095455142
0.724796763300425
0.803161302170251
0.655848034551411
0.795670489339077
0.820895671382089
0.783255457393347
0.82052069342537
0.815645485877318
0.668469164392379
0.773377202058549
0.941364758775666
0.603468538223911
0.644107499646873
0.662963463973082
0.895595089290867
0.896792250109669
0.874622190790477
0.776358392787183
0.871459058550499
0.776687767656653
0.743968226932669
0.864530484401589
0.63419907737
0.638638150282032
0.818915417783139
0.824542128955434
0.819175853008429
0.763381159995337
0.829845964029173
0.888002818021552
0.863800105502065
0.743575761570551
0.746200534459761
0.857961176906993
0.913615639594433
0.85035743001891
0.771716372250771
0.871786242117247
0.904220644291794
0.735459609754619
0.821331705509848
0.707393505673225
0.892307913472127
0.861621196656387
0.967385962354238
0.703433772808001
0.879935824776466
0.827527306300576
0.91008493232746
0.661849671395297
0.927242788189727
0.894782007487944
0.751319139452129
1.12865650063626
0.80308289837174
0.943682710597919
1.01571406581459
0.921784530309152
0.904665272170836
0.864311770139389
0.898732312917114
0.831201259149826
0.921651280478119
0.90552642957263
0.928866673112333
0.808207754696998
0.71589498638993
0.963152629587592
0.743312279787658
1.10307538360603
0.963958332930502
0.863477858634507
0.82086993934355
0.894279659927146
1.03591761788207
0.862952102475374
0.865688304538761
0.93353268100945
0.794382012865601
0.79012918004624
0.940555103960007
0.769355516853878
0.956911277170643
0.960121950518379
1.02082149302407
0.952167627636346
0.947711727666768
0.973780572948711
0.936296027116396
0.845242960868807
0.970909542797072
0.81683795551391
0.986280619645667
0.832289532082263
1.02136502186383
1.12836758744265
0.997840006192087
0.85783945939996
0.769625445715848
0.928065456743798
0.991065018594182
1.00110364330396
1.05462424656026
1.02338461918637
0.944196980467233
0.996364875994779
0.872706926335889
1.04692276020902
1.12572015071256
0.990435165918617
0.999787600367792
1.01920382414504
1.08933625972729
1.10375208707352
1.04254204761953
0.980085096166657
1.11771387451909
0.927949866901971
1.06918418233
