-1.01351048286191
-0.887329218755328
-0.966181662791965
-0.939073646458398
-1.01925048062411
-1.08657754792326
-0.965327570980208
-0.827959969732831
-0.903697930501299
-0.941164019298735
-0.993986123587148
-1.05300302960213
-0.974794357010933
-1.08498577628399
-1.0639214215453
-0.963841455097032
-0.996673023925179
-1.17145759938373
-1.00180600305795
-0.994612023315994
-0.97732708774266
-0.955676719602143
-0.826986200433348
-0.93732520688053
-0.833022278601079
-0.95473253048483
-0.894619174633594
-1.05218602761297
-0.948492695292823
-0.749977828975912
-0.887655963821072
-0.861318180074291
-1.17335030505242
-0.882575252413245
-1.07507819476238
-1.07388295193857
-0.826669420050423
-1.08872202267829
-0.945927825357498
-0.812287037013297
-0.960740186984966
-0.881107370479125
-0.700718254656872
-0.739713283773176
-1.02858956162474
-0.848318008595572
-0.976577845850409
-0.990372516394321
-1.08889901544992
-0.815672333086587
-1.12896639737444
-0.968399382697895
-0.944418133447228
-0.711557509715992
-0.922266993721759
-0.783732878779081
-1.01688689755232
-1.00294471072906
-0.762870545070858
-0.921561647608014
-0.790034811642409
-0.990491778197612
-0.841512604915471
-0.860227127982286
-0.85420693022547
-0.811404105513967
-0.814361247961674
-0.955403614962404
-0.80646319306641
-0.804247294285977
-0.917428676917366
-0.819266078770569
-0.919041895659139
-0.684429369431998
-0.757146351884984
-0.721580333947958
-0.835642534272554
-0.759348322174761
-0.842419099571672
-0.805317008406205
-0.834016522354883
-0.78776634547618
-0.892684397179092
-0.752224587301136
-0.751534660250958
-0.682804169030727
-0.745604803687461
-0.979667168048028
-0.871088843678743
-1.0123978398418
-0.833038824253444
-0.810562079973489
-0.928294842650138
-0.783764852520564
-0.800829183884107
-0.687545544698439
-0.757769610869318
-0.895152064431794
-0.716227272086399
-0.797319401981659
-0.770367475638126
-0.862164859835554
-0.864922933256251
-0.830998188150163
-0.810179080788021
-0.826242187310228
-0.795264511063999
-0.974326366386269
-0.746735057974042
-0.770494928422587
-0.775688201416042
-0.809950246264477
-0.713615090020191
-0.830442337212697
-0.763287267717132
-0.665078711191942
-0.803189594126604
-0.619979735819369
-0.753544274945694
-0.682574905435081
-0.766022225193465
-0.83300223932916
-0.720467225087924
-0.862897409409981
-0.640830893648228
-0.652892840149968
-0.809109971050529
-0.752194737802446
-0.835839266464998
-0.651567663331313
-0.552616567746107
-0.76309928137947
-0.673844663889392
-0.874185195360203
-0.489008412939395
-0.758134297805136
-0.725266764834705
-0.799826725916969
-0.674330986811198
-0.653042296006929
-0.539963782012651
-0.576820767281342
-0.670567562912764
-0.658815753245555
-0.799237854528587
-0.811673420514799
-0.744313481350624
-0.721839473454656
-0.660623027423709
-0.852189645138236
-0.693033935735181
-0.743085327799683
-0.685804694951904
-0.775862276996508
-0.642111165101887
-0.616042504512823
-0.767596563638892
-0.613874477463578
-0.649048056121897
-0.705485990487516
-0.632173941277567
-0.667429341092173
-0.755034654943664
-0.696024458377356
-0.562151629515483
-0.605745164380985
-0.840990888766649
-0.541465879465387
-0.718897721841851
-0.637066906530839
-0.685462992830358
-0.676366448178613
-0.578253113804676
-0.65552160885987
-0.57485714752283
-0.665294723605044
-0.636718669783623
-0.490118438317156
-0.769495834939189
-0.642978267561509
-0.673710451218928
-0.573028789684475
-0.640714618605799
-0.532001600557407
-0.600115521250817
-0.580772440192988
-0.647749978206025
-0.514692369451541
-0.659357488605155
-0.587784087404359
-0.509299325127128
-0.70002680985977
-0.663450799432603
-0.635728955817296
-0.601394454386481
-0.735472656437775
-0.591914956553707
-0.642579424911674
-0.660568884622724
-0.712408041142529
-0.468842742816416
-0.552200782894372
-0.714486392598307
-0.61235815346603
-0.692375085202308
-0.645757589362221
-0.777293596430438
-0.642423846317149
-0.560986379804633
-0.5216197698525
-0.649445916060911
-0.536389613930216
-0.573178196150155
-0.52641255600992
-0.583762788161053
-0.544738184183241
-0.581610042593103
-0.630580422213291
-0.601543906597497
-0.669764865344968
-0.541829850182379
-0.554585036865945
-0.578826588209986
-0.578977441898839
-0.464654624532192
-0.457872069759638
-0.655491271785068
-0.537203527529946
-0.572566498495827
-0.51222940691634
-0.345806845226534
-0.518557749719664
-0.391536507709072
-0.600547192768686
-0.427466351160438
-0.639281678605837
-0.504976541096742
-0.533658210901839
-0.539020887481707
-0.592681900230257
-0.477312764334945
-0.537843574054404
-0.634193033387973
-0.614798619230422
-0.435694069557079
-0.444826631805711
-0.420425588225763
-0.556748074858394
-0.419633113987426
-0.462171176431048
-0.520239234931982
-0.522599939910817
-0.424169258159022
-0.572325754513888
-0.601736931301726
-0.522360880651164
-0.461881862737294
-0.440707385786869
-0.45601821174617
-0.377544097151898
-0.441493541399751
-0.611854063815988
-0.360962138992367
-0.595629277708889
-0.579858301881191
-0.486145421219079
-0.42326668722896
-0.266552606560107
-0.350300823761836
-0.317129814800679
-0.388498440914353
-0.420063562599266
-0.489785356141532
-0.54295070214815
-0.37052713236274
-0.494997157139415
-0.545011118343789
-0.453412117378209
-0.437620751501885
-0.459432728426719
-0.493302344334886
-0.372307812742614
-0.52537516005312
-0.251006176908721
-0.393344351721687
-0.393910932730565
-0.447902919245914
-0.453934870079695
-0.476656896565376
-0.329025043970632
-0.415388050383558
-0.466509422344677
-0.48264881318278
-0.408863692441551
-0.492621505313857
-0.313168846656788
-0.44519102227816
-0.451191476380962
-0.585617291576669
-0.406039429773145
-0.440482273015841
-0.389724042696456
-0.275089473102544
-0.314550340896302
-0.364589277057611
-0.361242725070596
-0.324518995699793
-0.296992775586515
-0.336089024259204
-0.340729882931816
-0.514886629299289
-0.436313662832775
-0.138453880290904
-0.514602736161861
-0.333462141290972
-0.37467984566899
-0.398992797037272
-0.42627957399089
-0.452170933009022
-0.35850053271565
-0.378540585146933
-0.322003906765866
-0.260071162464667
-0.35807813060795
-0.343032334359067
-0.297265221569397
-0.118470015122806
-0.294527486690643
-0.354053679956774
-0.166857101004925
-0.501904033109791
-0.400840137288094
-0.325615325888405
-0.26013270747049
-0.288358820339439
-0.22230463636641
-0.421083050958237
-0.302660279531019
-0.341376101889687
-0.364111019918002
-0.323872134771909
-0.231537036918373
-0.264727739760445
-0.450979976033684
-0.214866164154132
-0.211762287971221
-0.228827966560808
-0.208954913035248
-0.335652100905516
-0.2661448234405
-0.195131273391836
-0.358332567716327
-0.215478547635684
-0.312175014205204
-0.319404359990262
-0.264821819474125
-0.22536470325197
-0.30481701016476
-0.256135310020991
-0.321223923048891
-0.387368224704048
-0.338265958620978
-0.322857344992073
-0.223761139030924
-0.194423908612553
-0.180476168210801
-0.336128598182312
-0.253129968838538
-0.23810088501573
-0.166439792557358
-0.302427667467288
-0.222210059237163
-0.462598263132328
-0.204811678414077
-0.29647268316141
-0.302938113935938
-0.2000206990159
-0.296513368232527
-0.22940923266399
-0.270781373420322
-0.349532400936579
-0.274396056649607
-0.243907482059851
-0.351304914475105
-0.272895067719606
-0.269379196869046
-0.373246032103986
-0.215605270050165
-0.0954394099527531
-0.24186032385361
-0.18378835684059
-0.290957741557078
-0.0888640491889383
-0.13018144191448
-0.272915633523198
-0.301595036212694
-0.107737967046259
-0.227507949113096
-0.362717500634062
-0.148194582959479
-0.19059071980276
-0.21670010759768
-0.226410522295925
-0.244466394627613
-0.303556192218497
-0.127532641786389
-0.0839702798116103
-0.314115991189359
-0.104597107963725
-0.159106428532305
-0.132814520611115
-0.220441996394728
-0.18754820604691
-0.218672721229106
-0.242668288538734
-0.077686425353142
-0.236943796226597
-0.299976126570875
-0.205836002957685
-0.15749636079897
-0.0511819377909208
-0.236140476402375
-0.203114088776064
-0.193505795217355
-0.239587211782222
-0.182156506813917
-0.19526325691424
-0.177048967085043
-0.10670493621823
-0.0680176564639075
-0.146732893383998
-0.11890120174314
-0.210903168425575
-0.10539399447167
-0.0558035095933354
-0.143700264273595
-0.099708117151813
-0.371283724305385
-0.096439420233357
-0.200541094970452
-0.0447453848237922
-0.183564004605075
0.0159614843372618
-0.0819200170986224
-0.067301325662965
-0.144553854359242
-0.117682978965289
-0.153800542661041
-0.0962211602389742
-0.0617198736915727
-0.257429802231282
-0.139735221806695
0.0709388037942886
-0.045214693584446
-0.0203207202088696
-0.106962951054224
-0.074440371738995
-0.069457612434423
0.0159940398453623
0.00416897758760451
-0.0727564291760375
-0.110518892379818
-0.0410597577793327
-0.00362217085921881
-0.0791021140461307
-0.103017226033788
0.0850449321325692
-0.170342182353715
-0.0232461758351428
-0.0290056501273947
-0.0782889844413409
-0.136562044369074
0.0270406424467448
0.0361334167423501
-0.0475365932179911
-0.169648605853757
-0.293002716712054
-0.069257359191457
0.0650288294428401
0.00430256272875525
-0.0233349757183759
0.0262505418804619
-0.126847422241273
-0.0983533647512539
0.0348865207179573
-0.144462407376356
-0.0896586891048218
0.0754018628520336
-0.245196911806089
0.0889413606607721
0.0191812338969661
0.130108530254587
-0.106638356382157
-0.0823360394418851
-0.0609028066360665
0.0956641592715701
0.0116382048566089
0.0210068792072684
-0.186093579279858
-0.117156759407175
-0.0496242791973
-0.0864873597724465
0.0420762331182713
0.00860220155396061
0.0506616701514048
0.0751418876036222
0.0147009795629304
0.103221613792567
-0.172278152213483
0.01210475531282
-0.133985492187917
0.0723854694169327
-0.0510975456494726
0.0720797552687717
0.057356429369245
-0.0256819921992198
-0.0716647551893043
0.0860841648736156
0.0239839018331231
-0.0188064632166733
0.0333773046541275
0.148679246280275
-0.0711348200787132
0.0589690885823184
-0.0217462078428965
0.0602661349013027
-0.0805517763839696
-0.103528316854987
0.0556615223711393
0.0892745493473815
-0.0285440131383003
-0.0696443711903309
0.149139312290736
-0.00568703170219299
0.0852670418386484
0.0371211599593988
0.261905822132404
0.0738418488120778
0.0480779926087504
0.0370652852725699
0.183912805860055
0.0299119961870868
0.0572414912132509
-0.0158777551637894
0.00785229367708096
0.0696425560176912
0.0979333207064798
0.0760739009650297
0.098999216572584
0.205292872554014
0.10703799758852
0.00406435849825766
-0.0846869805398033
0.0412553788312751
0.16078606546013
0.0865615910170866
-0.0249924639576296
0.170771162411025
0.179392450966727
0.0654475835284253
0.105892214578326
0.070553691990462
0.190352510769332
0.286065639496849
-0.0233766410550671
0.228779201151461
0.203776025128904
-0.0958793388113112
0.148515858220283
0.138794808890233
0.0918091288768206
0.14633901946164
0.217371814465197
0.07605065566116
0.0273964676642954
0.0874259786228086
0.325870436033578
0.257743824531387
0.157646414793832
0.182008482038811
-0.047385836634433
0.257421699180214
0.220334991803999
0.0576438785828071
0.0754827030271489
0.0847898478003434
0.171468393079663
0.195728874234889
0.220241663858156
0.0714562109901432
0.103105284818191
0.287694718621771
0.116344690645461
0.238856884573741
0.056782810053557
0.20000595312811
0.283404559783585
0.268569272126671
0.13887743708774
0.275256224872715
0.105721478107379
0.329875744649213
0.158816640175913
0.324064293066697
0.216751508198714
0.0134645687757732
0.180899689485892
0.269155747958346
0.287322113450986
0.357494344206328
0.184866018895141
0.203903870349445
0.361830524012936
0.29931128028629
0.286335830783124
0.156118527979808
0.10419480500199
0.29069758954755
0.27229896970888
0.022620520057124
0.239661375371175
0.260973141776816
0.190644280492113
0.293494336096598
0.199829666907932
0.288228146603411
0.11101139487331
0.2801790985376
0.205872532521154
0.373635129601382
0.417426286643097
0.238211178472596
0.103372306847579
0.273397745914411
0.242296963783443
0.326050954877545
0.121265416717284
0.427543584562303
0.279433894208092
0.232068273857281
0.160463471687668
0.312291221960578
0.26276798948961
0.276239215356368
0.159520598806668
0.248504135737926
0.260263570366115
0.350267497988528
0.249518378704653
0.309691908093143
0.397438231434669
0.255561762235138
0.40609551151725
0.437523621293662
0.327499896383775
0.363727823128796
0.302896732730805
0.342339078201447
0.422070377639568
0.260194087798349
0.305738707798163
0.290701790447387
0.346772303898529
0.389220616319824
0.533809086626351
0.422749974022381
0.332542532367205
0.334757390775621
0.276123188075132
0.476919636769969
0.3165442294858
0.394486673229238
0.356085063779585
0.439873842832242
0.238332460478808
0.406902377194218
0.200843742131051
0.231097881813113
0.263330473322032
0.286241761739473
0.446926929879226
0.244558501295622
0.35264943925112
0.300764470034703
0.361811049120974
0.462515459432146
0.431765179218203
0.319014679619974
0.387857738726719
0.418274890509375
0.285152938149435
0.381735976186796
0.322169669130019
0.319031892086283
0.423218238321696
0.439871063714815
0.351446070345437
0.495311209395469
0.460651114862633
0.244310012510934
0.433345582057701
0.507666785603483
0.457453493666251
0.438155843256811
0.330203430891842
0.374240530067626
0.394201945163292
0.405114791384405
0.243381702952777
0.43122647377509
0.54709231070814
0.359167465630358
0.458538538072755
0.575496443348464
0.509616118915136
0.471406685008532
0.364738746373979
0.534297302654005
0.359526818400232
0.400861588688577
0.462649883674072
0.336014504114207
0.475124466809617
0.344249173347469
0.463535068196637
0.399001955841004
0.534735138193302
0.509639056099397
0.349362149230729
0.438589436749889
0.494616452514794
0.461404515287492
0.506229305983001
0.556161437462328
0.372742374491017
0.446970764452709
0.466261198476584
0.606686926182789
0.300086506834749
0.508005387626745
0.416155435098936
0.618991123650985
0.619760902083837
0.397932223159478
0.702101630196904
0.483266560420386
0.54003019469353
0.580663808750656
0.429614349182806
0.498294138293717
0.449369091205296
0.483786262680385
0.505261349963175
0.48256912316076
0.516938987963943
0.432887841171225
0.541614977410904
0.553892997366744
0.404080942336052
0.548741562944912
0.550998195837393
0.502407609288727
0.549653350918444
0.502338324589377
0.484089834448293
0.488575544121534
0.623797731031816
0.536324011740456
0.617091832044375
0.472637275011666
0.432347995406557
0.538411634461428
0.517569453977843
0.520985326739264
0.514692518321506
0.559637841845945
0.515354009606423
0.502223600967213
0.610507535060692
0.564173712645486
0.535523245907609
0.494747326189648
0.571719009220004
0.456765012980245
0.566367365498775
0.479830663072455
0.543290023824073
0.712313266298966
0.525508344397875
0.632515086526529
0.545558055842593
0.521142063611986
0.606953374643074
0.701511831167152
0.498724430196639
0.513975370410818
0.595469168985167
0.62888551614477
0.490588121556958
0.592330777212138
0.524902264938379
0.651734799571808
0.576765436923759
0.599711509268216
0.563042347976915
0.712691474826365
0.58458433558228
0.541353913622442
0.478298424524008
0.699065280444135
0.667440305619293
0.570964533850141
0.671078599551779
0.803125263764993
0.6696040175247
0.616048493517172
0.645630267693941
0.666165959258709
0.524238290240187
0.576953937445948
0.614889893738568
0.704587470288816
0.579836437049708
0.722183834648089
0.620952232588296
0.498272561952892
0.755965057155025
0.710133688914958
0.741858786896257
0.697705534723778
0.566789761927986
0.575752721490013
0.650100850556149
0.770993148549248
0.569046910476242
0.637382036251702
0.679382537854934
0.869646270518453
0.659204821629546
0.688776224334718
0.712989771986156
0.742713830929411
0.643493855659043
0.779218464791786
0.661094648873485
0.845918680521275
0.666014889975868
0.830095680366975
0.682557843074183
0.609414720695282
0.724814678615803
0.650622456504047
0.80510123431766
0.682690665358377
0.762364090307073
0.97360585337761
0.820133469732643
0.578060879632345
0.676745500944768
0.7812133349029
0.653315443720999
0.618474131590658
0.666365370894322
0.912496426350056
0.748283267249856
0.713958732881035
0.629004130161522
0.813695618002829
0.738030113370872
0.689300590577423
0.69838317997036
0.782842339213143
0.707589027914484
0.707700314131909
0.798634282220718
0.640401786095532
0.820662191646173
0.750884097848227
0.955954763965526
0.72387918167703
0.634413362862491
0.818174523814716
0.764173315896001
0.699177101603084
0.83855438102293
0.892269233207158
0.759782135591767
0.586971966980147
0.868625027181018
0.70058848858641
0.75784674892894
0.731226376672685
0.880654805899124
0.705917127284099
0.814369802279317
0.830007367106914
0.722059089569582
0.853760809424095
0.656453691720855
0.893519872140081
0.877637147821019
0.745012173841301
0.734507353677515
0.794126581570634
0.757340991240642
0.661446586558558
0.795882522623163
0.865559723045514
0.796979962206093
0.823922929816654
0.870853349940505
0.863714213875227
0.857459503784956
0.859340920769039
0.824781265130311
0.692694822138006
0.8221463783532
0.888618878687209
0.894212415378609
0.839365695661231
0.901195998946303
0.956125489149002
0.794253579325253
0.851082733720966
0.866801688653748
0.994962503918307
0.788346960746454
0.825692837150166
0.821214017119239
0.813732845207096
0.842086990115873
0.737016243351591
0.811802280183958
0.878003538771218
0.812601705324334
0.6878106012954
0.761519347605521
0.816238691515028
0.804134099375283
0.790177830027887
1.02519318192577
1.03261577726962
0.904545738749354
0.847645703034168
0.783124039568506
1.01928491457263
0.773611518323434
1.00084515436202
0.946506086356811
0.758660142609646
0.969704428829598
0.862063009455583
0.816089685137956
1.10605298441482
0.722864736941233
0.88837060097532
0.880548037184645
0.905141763494023
0.915598026201773
0.880822231711248
0.973652480603344
1.01221461066281
0.927380936875757
0.786948386911391
0.932223851110269
0.838084782126299
0.761888200090786
0.985105903784032
0.870258955858343
1.08740403488312
1.02594960310347
1.08199857605418
0.983224409886778
0.824426860631763
0.915506968967431
0.949620634841905
1.0907643440156
0.795738660243152
0.908784536176094
0.912912496260923
0.898611750328587
0.860692307434685
0.902512202696694
1.07559928830821
0.970527415149486
0.936556997833858
1.01112586985656
1.0085703268815
0.859507986108908
0.949643312779921
1.03948882462623
0.90877037343421
0.94343392945111
0.901990339830826
1.03761738598304
1.07242745721739
1.01179711432855
0.958971237225059
0.932350844376918
1.23352144437481
