-0.903564687389751
-1.07911365319442
-0.979009068711228
-0.895130826258045
-0.9407620768067
-1.00889068710925
-0.99569801960699
-1.05694481510706
-0.972652592489853
-0.886278466907426
-1.04080440150494
-1.13339491101783
-1.01541000054333
-0.954335402502895
-0.953837556586818
-0.93024249968847
-0.894937401491676
-1.08190236302885
-0.998361720289342
-0.735457881901075
-1.0771623929727
-1.00151557074869
-0.857520202472095
-0.887694349945688
-0.997530866174586
-1.00672266119
-0.899244054810382
-0.80421333288543
-0.984539184744819
-1.01064809162956
-0.849418793619679
-0.839304771220275
-0.964798669391322
-0.924403021978071
-0.94787926052869
-1.11674589545654
-0.790092314124109
-0.990221003916275
-0.779866192056242
-0.872430133151899
-0.929600764492255
-0.915754637217338
-0.94679295671225
-0.853315248562314
-1.00117776214688
-0.944629234452364
-0.83602191678584
-0.925044069374293
-1.06002348039178
-0.99195905170413
-0.887893932554247
-0.919192830887443
-0.842368427760948
-0.951240240485062
-0.771855751246231
-0.825197625107736
-0.833211176257697
-0.874964974859311
-0.937111754945364
-0.866501455014284
-0.872705909081645
-0.877762258044329
-0.869889319097382
-0.918494794734839
-0.782618843466685
-0.955848901248002
-0.865870572010666
-0.906055243451786
-0.766333053356449
-0.772600186232385
-0.764911642638569
-0.754084566775117
-0.685531784695326
-0.904898942379912
-0.861227347480989
-0.809558333213773
-0.848683857682782
-0.706505585640651
-0.956974813547998
-0.727689927644851
-0.896568921059658
-0.825070583766731
-0.826467631949293
-0.747649781299398
-0.854547870272359
-0.788127553334612
-0.951017088321197
-0.846580933346474
-0.74386859151077
-0.656197299346028
-0.849001728337244
-0.731895795607379
-0.70416736222733
-0.897881254578111
-0.808651179192685
-0.977074543055922
-0.711442847320055
-0.809637534035777
-0.721957433589464
-0.757014893389659
-0.697901589975184
-0.852576026524846
-0.701335834003668
-0.873415900893005
-0.748636089220093
-0.710546623202228
-0.674906953727195
-0.664520395860735
-0.854075390014871
-0.8981383150416
-0.645932930431901
-0.827582830612612
-0.678893348470635
-0.740378874936808
-0.835257815328737
-0.788418893165649
-0.761420860197252
-0.739819295368604
-0.589564345865088
-0.60914334522224
-0.588807751461623
-0.661922010219193
-0.772918240786953
-0.738900885570921
-0.837900775687141
-0.785226394974507
-0.559818964228717
-0.738051995618968
-0.734876813084861
-0.612795371477344
-0.719545351777571
-0.8399441263467
-0.579981185642248
-0.854061071649292
-0.710033356877262
-0.722955171211085
-0.784826782871893
-0.656173556260145
-0.785112778912367
-0.832598571301352
-0.787215995032955
-0.706665025821156
-0.773605582025382
-0.757022684239005
-0.754401329217061
-0.738731178750508
-0.72321183637228
-0.716664252859883
-0.769387882499976
-0.694641794892681
-0.571847409680219
-0.743768036691041
-0.644372703722006
-0.611010667558805
-0.6098179650388
-0.529948001758815
-0.656799277613788
-0.631321056524121
-0.538513505406883
-0.612923152358511
-0.740850186275741
-0.659722139486111
-0.691041956430197
-0.798616059506345
-0.681981066787856
-0.511403614999791
-0.740053463919213
-0.705477417869128
-0.725123258296417
-0.753599384713533
-0.680853725581354
-0.715058957850574
-0.707454265638404
-0.727408384266208
-0.704553996118255
-0.688811384096875
-0.70758307589672
-0.644708386507461
-0.763342697300504
-0.75644911622488
-0.464960328369051
-0.527496828792461
-0.516156033508484
-0.533376893837826
-0.71880739312423
-0.587714797143664
-0.506171087037823
-0.565513959769094
-0.65782548858473
-0.789634814481959
-0.66833994973728
-0.666728733145781
-0.638921931745675
-0.562525382427845
-0.614458068143905
-0.809449825304729
-0.535682170691449
-0.684219943088247
-0.592484363348482
-0.668709992356857
-0.64693341035398
-0.727054037937811
-0.599589080939859
-0.675990764427316
-0.711942024926808
-0.640062131080344
-0.564495735766697
-0.531504858962017
-0.701959519237686
-0.468326322068876
-0.614721441947271
-0.42508684146456
-0.509281799263001
-0.681281030219996
-0.514416058387322
-0.512615323877679
-0.517035988874332
-0.621925556493213
-0.629434126938796
-0.531025849403044
-0.718457539475865
-0.481168834045125
-0.581912654516311
-0.561174369022986
-0.610828112608404
-0.476419605152846
-0.48294905108116
-0.529706732697919
-0.506803203157371
-0.647941400366533
-0.468058511102868
-0.617358424602582
-0.689314899637588
-0.578857176778829
-0.513717736274827
-0.496587619869754
-0.526989931036963
-0.533936839466016
-0.554857400161671
-0.479366736155312
-0.475017006285078
-0.561616160493394
-0.609925084473671
-0.646609223771072
-0.71178872912125
-0.506782851366459
-0.475994630996016
-0.506830375939232
-0.466761040902162
-0.44622619535681
-0.363059350840105
-0.52464545422545
-0.47949151771964
-0.55953124387583
-0.386453256818945
-0.559762344974537
-0.549409467564979
-0.5889375279706
-0.459029481903864
-0.52066690693837
-0.497487097024162
-0.374535465574591
-0.441903895206712
-0.577258739573436
-0.372770926725115
-0.37698192696545
-0.380117919913043
-0.423226978709822
-0.572093121760628
-0.534703531897365
-0.530272144899897
-0.367778159070278
-0.372998981244747
-0.382575344771807
-0.548626552345939
-0.241347984953694
-0.441903723077174
-0.418272195795664
-0.394186535085647
-0.469649070839458
-0.403993542670887
-0.468735921512945
-0.361327394894308
-0.384112360900945
-0.343367166211978
-0.399311798414792
-0.393230466343505
-0.281721236444716
-0.5465514518321
-0.275747295781257
-0.422535551137755
-0.39097805583148
-0.406340659296338
-0.466584120749955
-0.318766327966519
-0.286387218294319
-0.411348481182532
-0.373789107312915
-0.335697591099731
-0.396660066047953
-0.177441385069234
-0.323784391940444
-0.459014168527415
-0.276597057402889
-0.267757342380822
-0.321982405960931
-0.426289671389563
-0.436038813067042
-0.365372526880702
-0.416704847065267
-0.458406708345686
-0.433905627182307
-0.371666818064579
-0.418610952179761
-0.386834906118047
-0.288796217203925
-0.327717059953103
-0.379152028471514
-0.281983687064117
-0.289804589006847
-0.412405267350571
-0.475022320152574
-0.461547794652965
-0.253538937809153
-0.250162279651342
-0.385270706052287
-0.310037886213514
-0.250184808607879
-0.348772868172579
-0.331718286888485
-0.345572673862721
-0.296503518154555
-0.250372581008625
-0.371182735532028
-0.368554966796657
-0.210360791346207
-0.276821310596846
-0.344735735549786
-0.302885197167094
-0.416389743433733
-0.374795974957666
-0.334237770423864
-0.244491723824413
-0.37889307178343
-0.349875630783322
-0.276112224977697
-0.201603939841358
-0.223427835277662
-0.342209632706818
-0.265586555232177
-0.237394084795033
-0.239933362926695
-0.300706852261064
-0.216073706832061
-0.237578810407474
-0.277939972002154
-0.390366697580633
-0.186428659173923
-0.302804675088312
-0.303515235131803
-0.207091519797074
-0.36009091217577
-0.258055961860444
-0.408076804280523
-0.322339862327877
-0.20707291245446
-0.326311039352632
-0.355938528025942
-0.302189024828298
-0.11342104783598
-0.21926669331726
-0.302306085273251
-0.111881920022705
-0.160780827597515
-0.342756696020171
-0.311875571881965
-0.181823738116002
-0.337632151643246
-0.294889477345993
-0.288954994072721
-0.353196883716892
-0.272820521051903
-0.290378383357283
-0.320421224473285
-0.189028311132749
-0.369126926763081
-0.188819631136432
-0.461884545286353
-0.269618940236279
-0.271895451858861
-0.228921514630498
-0.221932580302211
-0.119535221575237
-0.260207880314641
-0.297738179913073
-0.174892526375169
-0.166381954017887
-0.225924336960329
-0.14586697322588
-0.203573611828506
-0.207418171811618
-0.0397285055778263
-0.290107093775053
-0.198475496211118
-0.177113512574205
-0.222731506477603
-0.050109183467846
-0.188155162526776
-0.266862222354139
-0.18587661622512
-0.186938614472174
-0.354000008967041
-0.202438864480734
-0.236640767217464
-0.230247526230303
-0.139455153040279
-0.209156865986549
-0.174132811080556
-0.128586536440643
-0.196146703948066
-0.190226252616573
-0.136141823086086
-0.172168168346685
-0.221576965037836
-0.244331459575051
-0.143298920323019
-0.0641146073299854
-0.0416276415811752
-0.0903243451551558
-0.235280650959181
-0.268580637882486
-0.0469380268697656
-0.182043238847654
-0.238920006239969
-0.112786028755306
0.0197548818076216
-0.282701015999862
-0.183866077203578
-0.163691107104551
-0.161691172334376
-0.177678022285753
-0.334214862194608
0.0345561767092777
-0.0747183382602325
-0.0888924617985304
-0.0511913531245133
-0.183693714787782
-0.187347339083715
-0.238652401335567
-0.0377592791888091
0.020644352861374
-0.020109679957666
-0.155042415691855
-0.228632139058645
-0.0379927536744001
-0.0763136101123629
-0.0188741857693724
-0.071757379110571
-0.228234247276652
-0.114975531511137
-0.114732617552096
-0.14594495291955
0.0262809007498467
-0.152293167617901
-0.0818229214503808
-0.120261391175069
-0.0123948847570535
-0.0182420536356926
-0.141381560287651
-0.0968003600309436
-0.0290992500311131
-0.148867642757611
-0.011306750952629
0.0311876104899346
-0.0909584059325832
-0.118990493147638
-0.0259222238936326
-0.0467015040911862
-0.187862443513845
0.00275076297809875
-0.060519415619365
-0.0851527239260883
0.101807136053553
0.0300609826592178
-0.0986693532574396
0.00538868830334677
0.118295737395581
-0.190963090568934
-0.00103331807111915
-0.0694330560530833
-0.0764414529574068
0.0796974342621138
-0.149264103837892
-0.162730166930985
0.00603516321466945
-0.132089103058886
-0.0398711016058881
-0.0621427317037175
-0.165778919738942
-0.0904856344858092
-0.0375848685388984
-0.0733502688480879
-0.0073472576845919
0.0665581568763218
0.022418223085093
-0.0575365468548353
0.121607530459931
-0.0959223682147117
-0.0588536912430332
-0.0144809301399076
0.0680633621505522
0.0091295250816448
-0.0843843949592614
-0.021311089411334
0.0818262896702083
0.122948360059843
0.0450930129181017
0.120772528369769
-0.0248740561872702
-0.0152069501627452
-0.0662481264072702
0.0863157072784391
-0.0326449770070943
-0.0804962977356176
0.26489282990702
0.16455382123362
0.116354571126955
-0.0315931610693478
0.0366522772480102
0.169615604331342
0.0450949729544396
0.0194749519284354
-0.0264301992213113
0.0675073201045079
0.225032643654176
0.188743895110118
0.000591098836475597
0.0731420258347408
0.0631754881794734
0.120527804246412
0.064676004759624
0.0431458474422369
0.194549042831366
-0.0171457147904106
-0.0150956811351947
0.0838670822921547
0.0824070310894094
-0.122117555044087
0.00198787019775778
0.21731943761904
0.118666393886538
0.146185678573045
0.130179744218352
0.196330369269536
0.205591978604231
0.149316853318756
0.0599504496861713
0.0039012513023774
0.123386115362314
0.0700260724012957
0.0977235092613763
0.156659271336128
0.137337706435816
0.107376360147086
0.157453927668763
0.085571327085975
0.100576365673283
0.206642227958379
0.237738620183284
0.218727942850814
0.171042903187775
0.151579273205183
0.206044891054009
0.305150010556493
0.245702927261381
0.270321421417236
0.168598823687226
0.17393675700474
0.142282800520192
0.170260583323288
0.122734694572392
0.153590799343743
0.125747172660751
0.166744531455545
0.099639527010092
0.212089596813703
0.083750445792514
0.253349426028352
0.0155631809095215
0.358361057153044
0.0848968503316173
0.263781324214977
0.163026504532681
0.232223795581644
0.239132960589122
0.151542507514712
0.174670014260263
0.294644277185851
0.229249524780128
0.0941930420101392
0.246073825698179
0.162578028105674
0.232452689797854
0.307486604341161
0.273443820747934
0.305383120505362
0.268583788855945
0.1258740978178
0.225556079851705
0.294965292875072
0.211233699251492
0.424653880025586
0.192651440026511
0.151938619427141
0.185390067266831
0.221429639850512
0.126785816737021
0.378507399130641
0.24721257766305
0.269848725140824
0.163094178629002
0.315435994216663
0.262967712815804
0.14255608107315
0.179241818759856
0.328435455566511
0.222264099476428
0.218445078986166
0.163177737912184
0.367299805689172
0.393907994730791
0.335273020782736
0.401580612248963
0.256400009892058
0.197305272974838
0.295768118676799
0.451570421755477
0.177752347276356
0.223342754490294
0.24171934701158
0.243738843405589
0.160680211183233
0.230705188371713
0.260248595568302
0.279355973708814
0.347254375341874
0.218791070091617
0.291074285229321
0.292489212349469
0.251586291014185
0.387230420891332
0.461589394494604
0.258992833499944
0.389695949603361
0.252185922881125
0.422799673545815
0.23366563784299
0.398281963915889
0.320151731112457
0.334788927066538
0.120224402162037
0.458518319738458
0.367044927265768
0.363521274905464
0.333029858041294
0.22308995186892
0.282926086714928
0.307815853415407
0.295504558641368
0.352891175889714
0.190420965025391
0.290593737093726
0.260721438669266
0.341684348285165
0.288309423400453
0.223454662643906
0.335175588041495
0.475445741684534
0.297929344301549
0.38363327150275
0.326216569770452
0.308783052772718
0.386865744831688
0.418029235907899
0.48939304161377
0.265831746944168
0.453878540916106
0.442077884768975
0.374521218593954
0.40865052321462
0.410605488919452
0.453866566132402
0.34266390949902
0.438341035132781
0.48905732194973
0.466031241644352
0.300722763389313
0.437632006327293
0.539907675549763
0.414986678248741
0.374000293354988
0.398711657668929
0.456306997142467
0.641807732291149
0.448025388405695
0.496764018884258
0.336926272319446
0.211485530720935
0.342830074313904
0.361247966216066
0.494677546991075
0.325358697303795
0.429911641348745
0.249735675495194
0.415062125026134
0.421081558251043
0.404814585466419
0.540518257117707
0.447504279924344
0.639687356415287
0.555922436903638
0.493178173013069
0.601951770401603
0.600932147344135
0.436778307669686
0.599480455099174
0.431952674628
0.42754887006539
0.469536263160075
0.358187568999344
0.435141443266367
0.547006269021664
0.654549104122172
0.707303536350707
0.37775153226225
0.485559989584948
0.40645321515661
0.598224740753089
0.464020649150458
0.497666707546182
0.443015482157179
0.320454392426846
0.436626113781111
0.441169908786123
0.494825851089637
0.562966713203052
0.534937063130238
0.497719257575327
0.426067307596889
0.62457154755204
0.470835733551881
0.480356632955705
0.40437751147526
0.509102359652942
0.450721182381273
0.351816542568227
0.586389851021928
0.541595210690221
0.50006086687205
0.57736433635167
0.529162229194498
0.467604723030299
0.402732804777746
0.51505628619299
0.69603947137335
0.597231942863105
0.465244521616841
0.404670446469484
0.59845224072777
0.510467600174375
0.600745355835467
0.58000241153283
0.49655467342493
0.62379263702454
0.612450990954505
0.549713957684349
0.548848080530855
0.69052664615795
0.496717227605787
0.468082373754219
0.590984799493043
0.6207644159287
0.516147039728845
0.583845896629827
0.549219049331108
0.333257183842534
0.656854265048415
0.482725958843702
0.341951282644199
0.760527441885533
0.621578003848272
0.603553991749226
0.531489028489696
0.490455828780842
0.659356454164632
0.570462599645092
0.637122793128869
0.613926217296181
0.626372189727923
0.625121575897011
0.68147038138391
0.625314097562423
0.605946871574891
0.671648928006956
0.601976387546896
0.663409689400324
0.746369858827467
0.548757027557007
0.497055517889554
0.506214362627961
0.758010166795833
0.669367576678367
0.693959120342225
0.499158311428539
0.623557553485511
0.544582316532204
0.618736983491601
0.536425781003627
0.584032640771768
0.649593034835866
0.741905413962185
0.626830865555889
0.732790924834318
0.631111230389299
0.627994894648014
0.577264455805684
0.53015115425902
0.714150879780661
0.852309163572188
0.697021542466285
0.753469443065368
0.608263508968651
0.748286535105077
0.776342906240967
0.555874999390909
0.682671724369215
0.627648660419712
0.62413509839129
0.64359730329887
0.756125555277203
0.603986863955159
0.648504427435554
0.667326701395805
0.542672425316783
0.630459803322519
0.743794873774739
0.537168484230255
0.830851829620766
0.631581873764751
0.683959162911283
0.582223717618763
0.763133835953124
0.659617238380725
0.721250002458248
0.795205990156173
0.682595833605141
0.81089074109121
0.70742706965886
0.676755548941424
0.755773978159279
0.837500682200168
0.876256565685258
0.607767391188268
0.687124611888414
0.797745392918634
0.853666858156483
0.74012751515591
0.652488429570671
0.667875084757511
0.736430361761957
0.722834437983365
0.647844676464303
0.673374808133438
0.734390868793127
0.822329901055258
0.717437352404137
0.732848005045234
0.83101213535151
0.844627314976651
0.742150762149076
0.746334686177405
0.674929147533092
0.716144895216269
0.627073984017191
0.725407740062273
0.611959421447538
0.759840671602043
0.666591211289688
0.886491839641525
0.908593706001465
0.802481039081198
0.87818514864558
0.775806449943892
0.830685688690928
0.77298747045592
0.714092920232435
0.714848073328386
0.723300483276588
0.717380195105255
0.692472655780064
0.677012387944753
0.660553862591377
0.815961886013127
0.680412066651664
0.781924738834683
0.731392539119125
0.764462149680502
0.72553771908359
0.731902195246349
0.802605093487445
0.866720465756332
0.832593336253526
0.799725437956389
0.707749356790328
0.864418234332245
0.920458544163219
0.981196131849462
0.812736811461251
0.813193349423384
0.880113005464064
0.762798089499639
0.917189241033954
0.795160542302341
0.832501771960621
0.906230531965019
0.950980205210359
1.02905356674188
0.831493072493139
0.816440157512302
0.797373440395519
0.702281334972343
0.803600385105625
0.909193342969539
0.938639318127889
0.922650837411327
0.981693184155416
0.776273020622206
0.911255794418347
0.891571440379261
0.725093638478826
0.765399233275131
0.908088892829257
0.831248341828787
0.898516967388091
0.966329495604514
0.907255159482727
0.940488624344184
0.860607033372708
0.86945587288692
0.893781758907194
0.927097544751109
0.866992364348587
0.978439445520389
0.860194492787814
0.887926862857255
0.958332115222497
0.779168695676154
0.945324357362652
0.904652116177188
0.73245424192508
0.71017173052774
0.889278372275055
0.842619071345107
0.908367695082429
0.809671770372111
0.910361859144676
0.915692566496093
0.991288013666569
0.92248252260818
0.956726355548613
0.919276424862553
0.810438510612275
1.0385184076583
0.945766588377238
0.926503319529911
1.07059004239381
0.88316868677206
0.895377471511075
0.977341388904331
0.992379101773626
1.02385787710091
0.843874948130573
0.973024930515668
1.02105170894429
1.05266472048891
1.02267142626114
1.16010039590371
1.07436630734209
0.956932740396557
1.07235844763647
0.867061682726551
0.968191188518985
0.969322313719882
1.07849146070103
0.947386674100689
1.18607253996113
0.948989287569872
0.993046322996582
1.01946152666637
1.09846278739376
