-0.849735790715105
-0.949139722458886
-1.0358722791614
-0.936147057973733
-0.777739057139017
-1.00246694791134
-0.913539185065446
-0.98852335111566
-0.969713087488472
-1.17225905239988
-1.02641431460265
-1.13340803620428
-1.05669046161933
-0.941348627050918
-0.858051802937969
-1.0003667378336
-0.935166494291764
-0.909463266225177
-0.926895282886219
-0.816674956438939
-0.851268129092163
-0.940139181967422
-0.898369510396033
-0.9073193333718
-0.911939895070109
-1.05796135120338
-0.97699843744467
-0.849243901007965
-1.01732674603381
-0.910321333719935
-0.890035422586509
-0.884673771141219
-0.878007569691109
-1.02634152884495
-0.809670464690994
-0.942770678028712
-0.835457035055603
-0.938412764113665
-1.08529728995789
-0.797731032307269
-0.742139897144197
-0.801627433351847
-0.859241228850581
-0.938310582147078
-0.962493206205896
-0.859656012043847
-0.870559122459878
-0.890362932565769
-0.819259954244539
-0.928194916672261
-0.983648601685168
-0.924147413424384
-0.889433951380508
-0.919340573914138
-0.858724077722099
-0.948082836803019
-1.07407760071854
-0.934920841610503
-1.07106640023403
-1.00961849626137
-0.801593862443069
-0.86799302511033
-0.90443321170695
-0.89316226840565
-0.774058066321053
-0.944052089375555
-0.792876958325607
-0.848829183891386
-0.771959290417608
-0.902823354542171
-0.770946646461816
-0.842563748947868
-0.771132251049748
-0.871638218253466
-0.824678280196414
-0.827574963752982
-0.997695998277148
-0.877227635146517
-0.829117957228818
-0.8044298760333
-0.799837181537193
-0.787002277755118
-0.886719454158746
-0.750984923511133
-0.873333932781915
-0.936238567950814
-0.752233468878798
-0.869290725294071
-0.77086505095929
-0.821889414763628
-0.910685483431642
-0.639483002223358
-0.782987984739593
-1.04762722276589
-0.838149411474373
-0.628340923644552
-0.823114346233616
-0.9503500731078
-0.761149117979313
-0.80057872879755
-0.763952560507592
-0.728322618039142
-0.847560003110296
-0.866332863986126
-0.659851225835709
-0.777770888615608
-0.817844124090966
-0.875347343014027
-0.807891939396009
-0.905105973147073
-0.760977803528781
-0.740858947510536
-0.748398475599327
-0.699787421606306
-0.865774358390775
-0.719781647206473
-0.761721618504799
-0.8435298126306
-0.725880552215292
-0.840007469790354
-0.937183082719143
-0.759487697740385
-0.64271434726554
-0.631913995031862
-0.560867030756633
-0.643626452833125
-0.815918879723049
-0.752504082237629
-0.837593465240723
-0.615220143581968
-0.623098385538872
-0.715949497329959
-0.748630793182875
-0.791668733602512
-0.791247158562954
-0.781783946522274
-0.711086752391846
-0.569226194903604
-0.734505030721388
-0.620993159509372
-0.674281354178701
-0.781228568059004
-0.658482612431422
-0.900284095876337
-0.743251196612852
-0.598845400281581
-0.614677896536752
-0.689966176590121
-0.753009203126651
-0.547808992346606
-0.62720567776907
-0.684206366191889
-0.623174461427708
-0.6674096399756
-0.643374200426334
-0.772769028195135
-0.675442343787795
-0.872069912967713
-0.702018489753793
-0.852032323006635
-0.666583213916722
-0.591493914106939
-0.658305200567826
-0.748009638591511
-0.788272871829942
-0.74893165477919
-0.728843459535989
-0.688150991662541
-0.599503176753827
-0.651817157417228
-0.733838871016041
-0.731078038982063
-0.606663832077793
-0.67239301978177
-0.559630763208121
-0.458351895232492
-0.625410926381767
-0.646048970960862
-0.598224331629161
-0.658879679875549
-0.840403774776206
-0.689856731358275
-0.698052131082755
-0.818903598372794
-0.687353455934618
-0.698833410380541
-0.649546050894484
-0.678394060758798
-0.635623847100461
-0.527146501303627
-0.643886276045686
-0.616715344596562
-0.631597076015675
-0.691710072785737
-0.608842202919548
-0.59704269068175
-0.434347172100125
-0.689207813548719
-0.655742137340405
-0.651965331683234
-0.542184995464056
-0.540006034517792
-0.442182293830394
-0.594900665624172
-0.564461414256884
-0.399311471698841
-0.539802893854545
-0.479865373528674
-0.481393454164916
-0.572976454992628
-0.551750430491922
-0.453938235494299
-0.590761604313362
-0.480681142852412
-0.431748463349478
-0.509150025686872
-0.566820396020035
-0.393432741886161
-0.734938293271131
-0.453167832347427
-0.530104161872202
-0.447038206333961
-0.660168294927057
-0.656102908829762
-0.574743623961187
-0.611142902877047
-0.547212299357304
-0.532567360536413
-0.473657125033313
-0.530985034107386
-0.519584146593071
-0.616243596841979
-0.441240624099717
-0.486660178028643
-0.530929927256083
-0.518677904232675
-0.551711049781278
-0.513000131528985
-0.63086492209554
-0.471274017407396
-0.516178014562148
-0.64410768865746
-0.389345676489432
-0.669826610780251
-0.61441204259037
-0.572958409220224
-0.449266964718034
-0.482833649351564
-0.446798187543968
-0.557553475275266
-0.322636353970039
-0.473655487260223
-0.411228652700231
-0.497698290166984
-0.514596326146014
-0.491444653474576
-0.535267970799482
-0.628614935930276
-0.500112417875736
-0.468101095503867
-0.565140825359354
-0.525552393659264
-0.373985585162207
-0.51363113460201
-0.541556347082559
-0.367261281166715
-0.451491434886759
-0.382416249006934
-0.56868349942056
-0.41060291128078
-0.42148922461356
-0.544003811210497
-0.570293594108164
-0.570584227030441
-0.413085331951787
-0.393965377960983
-0.315149408605617
-0.372608444715826
-0.597076135873983
-0.338864023091219
-0.471255839761245
-0.580235036832801
-0.417779808903185
-0.453113745126096
-0.491328738610623
-0.444426736600315
-0.433020681225838
-0.457587600409821
-0.42292400086227
-0.470089334313475
-0.52005751528843
-0.448382308787203
-0.336260264677792
-0.384821646611465
-0.452010955889968
-0.306203233946424
-0.231199589242826
-0.370999587172952
-0.291571637660225
-0.468655693079766
-0.517268169510284
-0.319531827021597
-0.40683153004923
-0.381073268659611
-0.305064772144343
-0.284373387074372
-0.306653659073367
-0.359438645597136
-0.347450860534251
-0.263906547916471
-0.420378052048795
-0.255943640162208
-0.488733583054315
-0.267622801769414
-0.335237470696849
-0.432914694828522
-0.381509993961908
-0.478925951225739
-0.263041267595545
-0.263212402569176
-0.353871057769532
-0.349242379778005
-0.388363354704078
-0.26998591747403
-0.378683540167428
-0.236279154384813
-0.342878991324977
-0.359563116403711
-0.412869877848284
-0.372488620267957
-0.39060920376163
-0.287944243961649
-0.204860134430482
-0.38861666343889
-0.428211723902273
-0.194176334208395
-0.23896173796829
-0.363684285250007
-0.312147573522293
-0.221448996848158
-0.345418205940385
-0.298093715314605
-0.233259561094281
-0.314916277705921
-0.439111724368082
-0.304570549536692
-0.299882160200162
-0.254545365963554
-0.276983367291587
-0.343857551100501
-0.313416483071364
-0.354034724898605
-0.322952095976364
-0.227120605673179
-0.435629185510963
-0.200097217096338
-0.169475998328333
-0.310182957257707
-0.235511256991716
-0.340457671718534
-0.264729270792457
-0.350844212205262
-0.271793865120763
-0.140139990165989
-0.289438009659835
-0.492437488893633
-0.432607787496847
-0.274486893140624
-0.162059769053469
-0.312881278523157
-0.168820031112176
-0.275529744743208
-0.376558232303288
-0.299568145224854
-0.24683880564513
-0.349636235466958
-0.164822940562323
-0.319665762353929
-0.267196808585352
-0.360050962339936
-0.256193959713543
-0.277606484784332
-0.327082843233729
-0.308078420460741
-0.121494883280123
-0.222885465456267
-0.28528907710749
-0.201402247325174
-0.339584008541486
-0.24335952358687
-0.254000024431832
-0.178070308975124
-0.121776028361564
-0.115870007470255
-0.249848684589362
-0.304562027562146
-0.315636239935869
-0.229592899060038
-0.132267354563421
-0.1956923112962
-0.141870436212174
-0.254947093329138
-0.129478446964375
-0.126298226831604
-0.225632474556991
-0.108373482126444
-0.124544914988696
-0.217075182280675
-0.339009987781356
-0.0984252178589504
-0.0859339191324454
-0.10019357619216
-0.22982450930541
-0.32951362270321
-0.0652003458787205
-0.117633875347555
-0.232030311245701
-0.0184094427083173
-0.333102129463833
-0.103575135866673
-0.00482547543806052
-0.203934279693159
-0.153708259321656
-0.0858310259579889
-0.201853559376935
-0.154262727719273
-0.103758553948792
-0.178337960649842
0.0320964214812106
-0.188067314230654
-0.220348569445827
-0.00947899808278583
-0.18211012620861
-0.172276519266646
-0.208459465701656
-0.0781535375113893
-0.0670207069204655
-0.148893325087886
-0.193305021425535
-0.122851718658718
-0.159086717040016
-0.0773273945395715
-0.0935569575945752
0.0129349273565263
0.0355683898543058
-0.220016795852738
-0.0386751969495996
-0.203756473472261
-0.209205730162573
-0.0703507212726012
-0.270511342343218
-0.0504591853519876
-0.0383611135770618
-0.156170476579958
-0.177338688649329
-0.00438973092807257
-0.0078085769814143
-0.120270022754024
-0.0750562242369578
-0.135897763464845
0.00473987935103232
0.000537085962013545
-0.13192552917378
-0.041166716893118
-0.142482612158661
-0.0868277783809335
-0.0629715813935319
-0.0425235056950443
0.163657146487351
-0.0860302857414835
-0.0624044956284524
-0.102584552340521
-0.108206578238947
-0.0161166103702604
-0.0137246096769961
-0.153662173192781
-0.0607793691402991
0.0443405810925135
-0.11870698690116
-0.0171542833297119
-0.115143281582823
-0.0554963506537569
0.00671871631518345
-0.185260707898987
-0.0840692374626124
-0.0805684245306652
0.0119259645028967
0.0590412869890996
0.00428934319461527
-0.0819038936238903
-0.0479974473647252
0.145353814253323
0.0479785160608111
-0.0910528557147729
0.00523935255848192
-0.0479070306061193
-0.106778565962527
-0.0311681591019448
-0.139721882981066
-0.0720127734928364
0.0497764083376549
-0.0423661213247096
0.0391365479283854
-0.0538880338118399
-0.00854140726487689
-0.0373410872473189
0.154386952881349
0.043339182676784
-0.091957318752284
0.0993468649444172
0.125091718563527
0.101243049447984
0.0436495341800131
-0.00587994917310123
0.217694032009615
0.0253834880134694
-0.00862330109185974
0.00956302907771634
0.0879077485025408
0.113709142649037
-0.121218953688097
0.0727871077928066
0.0173945512840401
0.0420757835975544
0.0430578360755366
0.0340677663972644
-0.0456198528964113
0.0804568384768274
0.138348581475052
0.0858212447522061
0.0337506460974969
0.161938746023386
0.15225554708657
-0.0270970338968209
-0.0222189200713431
0.0630374181585422
0.271798985088482
0.0920207010007168
0.0011573651306491
0.0571781402911138
0.128692639027111
0.139055330930664
0.128023922514211
0.0429545035067913
0.0786842696731567
-0.00514444522888455
-0.0448133423348851
-0.0226143982942228
0.0400872956637601
0.0249915513252804
0.126391319543459
0.156266588351101
0.133044488466149
0.199343603530363
0.205615493444542
0.117971703294887
0.105131175644134
0.178812692425964
0.345472099585581
0.0734273681258314
0.139461110128892
0.191050678194007
0.309203636545304
0.0826497293728505
0.272349842453454
0.093331860454006
0.185288092360892
0.260901341353886
0.117259974554982
-0.0178826880879619
0.229887096324552
0.247660271454413
0.201924381912532
0.0633912899076352
0.192165778289968
0.122825633295275
-0.0125112123492736
0.0833925244946378
0.185202708021298
0.0715712874176349
0.0548225930756021
0.180372152874483
0.100800031215628
0.297301121135657
0.112946379049282
0.0377167787762375
0.088882362421622
0.140602808726831
0.0670743468884663
0.325118087329544
0.0414513263920105
0.180149242799097
0.19226520358672
0.187926762866571
0.269559500613556
0.326168084405179
0.196829247018935
0.111208106550923
0.194130327827506
0.158835004930079
0.31830935454384
0.166091243414785
0.275591268541585
0.187335021463702
0.126966311863581
0.206362973386868
0.216999552422182
0.251646698357522
0.00134572553761968
0.264937061803379
0.215504248263427
0.201551499901736
0.0330565205681263
0.148411686716016
0.146284789091841
0.113132844689982
-0.0348930224879246
0.408925544261435
0.0899148950610017
0.249610181639192
0.295678991736142
0.273718646441974
0.189934404012041
0.225185886688153
0.27064470583489
0.212987683777462
0.262717329894729
0.137497240504611
0.265975125580159
0.282221575990838
0.225191906576205
0.216386104920623
0.31500732076604
0.2544865406892
0.254400512798868
0.138110951593055
0.258479111745593
0.222277171769446
0.276732604553875
0.327203614939694
0.244684461719956
0.317801078815867
0.097462289781
0.347004520231338
0.352277881381658
0.333298005655699
0.263139284178522
0.303737141082772
0.427581549554828
0.263234574010907
0.294256014793519
0.434512483203087
0.268396408459103
0.303198342324097
0.370249225844864
0.345134939463396
0.373391206624267
0.26130268255617
0.392927051921773
0.176309889109364
0.445074690596144
0.48691456607861
0.404373079526882
0.415505305492509
0.426077506234528
0.405988003246777
0.379264194630829
0.351658326078625
0.37951685684752
0.271320235639179
0.459440608266634
0.305850319404913
0.307129410912947
0.127262421752334
0.299598331046129
0.247845843217528
0.308858406282276
0.361290664857111
0.385686521407156
0.348757176224263
0.378462304778552
0.301979802530166
0.363886642241345
0.399650560413768
0.443898791026776
0.447577885740892
0.0822238261613947
0.205165769836142
0.41529818863489
0.535606807866664
0.431761146671743
0.37044781217128
0.29739725056824
0.266640209467112
0.232240953958741
0.496186941016086
0.33678316742221
0.568712772593605
0.484104296330276
0.312121698847272
0.465928704745701
0.36039040262016
0.366938300277181
0.375514513304089
0.416032183289501
0.228575210305906
0.33261500431663
0.439158892393573
0.444759166372371
0.437966685963849
0.46230292166621
0.389114840749569
0.514583469596736
0.389145133363618
0.370245523191598
0.514024676883973
0.476996606546104
0.549599925984802
0.546199555955507
0.374844576203103
0.569502227101244
0.356346674591613
0.63826077175775
0.511532228322184
0.530510546312617
0.42688730032805
0.436739611724005
0.412685757064133
0.393987763864328
0.602618277502133
0.502028833792934
0.325286883321853
0.371874145989547
0.305976058140869
0.395091791213654
0.469892478186554
0.48393959324624
0.432873810632451
0.507952799816104
0.389865161387686
0.56601738077918
0.464144344729528
0.511759946213475
0.360887554599151
0.382954405374852
0.546450967597601
0.522684854305146
0.418876896598755
0.398949879778381
0.467465811645109
0.541956700814938
0.531348987051373
0.536184270840252
0.387650346963748
0.45737800031725
0.518455170940382
0.566432568496137
0.475239966492833
0.533397429681949
0.616266495702606
0.385553498065306
0.618197292828644
0.578897988760514
0.43964368428579
0.557045557235066
0.703852048120253
0.465063286893626
0.503873076490285
0.4179248885538
0.563202499437841
0.550489776048184
0.637846725134764
0.502789190075758
0.672123906562492
0.523422942899158
0.425447638433543
0.523137345166068
0.555798985693352
0.580674305553752
0.527682402696164
0.56612571107842
0.644315923683537
0.520839825714028
0.527631139968041
0.546465089646534
0.664137540411169
0.60432115331416
0.577751877091341
0.61635110165001
0.558168502160017
0.592873579617015
0.54972096259063
0.523706857528128
0.576249775859868
0.723735560300065
0.547580367763599
0.698129067672648
0.49710433232745
0.574494319191703
0.517055463739228
0.654416134065347
0.603447994496763
0.430191715796852
0.761809247684278
0.793242913915908
0.758617263166181
0.643172492587885
0.564903365516734
0.709233390855311
0.686472788141481
0.472830050821681
0.647898314408085
0.645043691101665
0.690820493128594
0.708530533813094
0.504622204159436
0.679286875799191
0.552948494520656
0.622353816551087
0.731431773760815
0.67566446979595
0.735415064990731
0.538353384902829
0.587216796806018
0.701853830189384
0.529052138877887
0.644962954570646
0.721289457352723
0.663842829165774
0.586752584074084
0.738604407079897
0.77237547213976
0.718054010036953
0.672957110894174
0.719486481438591
0.729038084697604
0.501157904250148
0.812445286009775
0.649360638274993
0.83545268445526
0.65702985807249
0.797453731894492
0.649999196959265
0.648789634686205
0.659579670935511
0.643526034691642
0.670802472496107
0.68407340526722
0.808350167409855
0.696470182475666
0.641134554249562
0.664258335598152
0.773707450633492
0.601017715221306
0.615453504402654
0.888460989079874
0.649480052478409
0.675805374269474
0.767692680584135
0.854222251598524
0.577386923905841
0.630481190719387
0.575953109319129
0.840943083820154
0.609253920272689
0.708886201818522
0.647725339213674
0.738969695894965
0.759605102991861
0.844630614747576
0.635983976237761
0.657132820804268
0.726007825212066
0.852865636671884
0.75095330399589
0.692857905007491
0.775078933635558
0.812246230793825
0.662957408440016
0.668051432680153
0.787389220257643
0.75249610424961
0.73743393491014
0.725049378114828
0.790941538044435
0.839618487677421
0.816112765238141
0.622750266465118
0.68279566375361
0.713152112684314
0.681883399412584
0.748592648055032
0.825529938141977
0.695763580979391
0.969469434292493
0.707886000684201
0.693279211178268
0.855694155369102
0.759051538971917
0.737639205269409
0.838738911662684
0.723830149885289
0.892068230777681
0.865255751246845
0.733928491815638
0.815795861743915
0.894367317472032
0.743389461565974
0.941100852901022
0.795221502162135
0.933150544561655
0.813576028479472
0.768920171140473
0.797447064976074
0.681058276158559
0.795507445128825
0.789708993389768
0.815954208164396
0.754540519070663
0.908840230154704
0.969824562746358
0.911350177310068
0.81180552628441
0.884484638846789
0.830534209131569
0.79618601924624
0.738208734685591
0.767620491100983
1.05563505412745
0.837067915389713
0.725725872367468
0.946207541733628
0.883316422787042
0.921074393114583
0.831497491169092
0.936534217722315
0.896711518601563
0.877289367792864
0.824148549453839
0.723004024590206
0.900212383701068
0.944970148436652
0.985456612405362
0.975040804592213
0.842233521141268
0.823054778652784
1.00486635988568
0.842104897056927
0.879505925986317
0.809284764894327
0.886670731831636
0.695478583727779
0.790862616861475
0.937517608807986
0.825128296384856
0.914364055489504
0.791313290354555
0.932795125908622
0.977236990892546
0.930615670931416
0.946724013050838
1.03731360396185
0.926457721313994
0.806010739913306
0.98485783641757
1.06694539347723
1.00964687717931
0.816012337231964
1.01510454726848
0.975725036312031
0.818022191401942
0.800033530177188
1.03622296743549
0.938383012588302
0.945465056261042
0.996902877003742
1.05521425385603
0.889024694194105
1.12974475451784
0.811070628305924
0.99409815968871
1.00287563589439
0.962561331898195
1.14113850376754
0.870635501690731
0.898650716216466
1.04065412989242
1.02948086025824
0.892153671442668
0.981268903137215
0.955179947676021
0.937183499936402
0.98352950144666
0.884897780382723
0.883854013738227
1.05157676128785
0.936984011048884
0.953787804335923
1.10812614343375
1.00586287052211
