-1.06320325532569
-1.02476196111428
-0.823485720240202
-0.940479596398822
-1.23482537947041
-0.991710671024832
-1.05488965011459
-1.11450912312108
-1.17892873584384
-1.05425562768778
-1.15228907250457
-0.871891132169055
-1.00086436965159
-0.908943172132003
-0.978304538422006
-1.04195051534904
-1.05289608201269
-1.08498312813199
-0.922267732439765
-1.01086704496987
-1.1131724288223
-0.925317427830504
-0.828556341117985
-0.907449371309497
-0.907500967508798
-0.956727840753129
-0.927435843655596
-0.932868265254227
-0.968043124587914
-0.850311311134512
-0.837693304834181
-1.09807831586833
-0.844255959473413
-0.812591300442784
-0.871451434039011
-0.993119897649482
-0.778929389051548
-1.07467489797768
-0.917648480291319
-0.764903763390084
-0.845997129679598
-0.825247072073234
-0.911533617903894
-0.792379866617359
-0.818396721523419
-0.952220376657547
-0.818925758875283
-0.894823152458055
-0.876657266947362
-0.859649233105865
-0.938627192799758
-0.955340671260008
-0.933457333614363
-0.918598993939716
-0.906768056475379
-0.934940295892518
-0.925135049310351
-0.877795959108896
-0.904597409415505
-0.99631550260781
-0.974050143825072
-0.831895251793108
-0.826428690013183
-0.892810827281175
-0.870566954933607
-0.758784431956863
-0.819200726010583
-0.839876832946589
-0.841496175691915
-0.86488158859714
-0.877765684440368
-0.916674371813295
-0.724434669369009
-0.784520321380302
-0.857791039727405
-0.843090680267601
-0.753560149599702
-0.947612831656302
-0.818343572101208
-0.81258982716072
-0.847887617453868
-0.931902929661163
-0.819221040510644
-0.875244655172846
-0.806356858063735
-0.782356051233745
-0.774587637880622
-0.956570083270592
-0.963421990257968
-0.890055228689743
-0.790005362976886
-0.877967618097027
-0.88027063959333
-0.782607618072889
-0.912458605020376
-0.896874807017466
-0.79486220497309
-0.93899233997126
-0.769198592441292
-0.76619237364811
-0.686797142384673
-0.97047995564861
-0.571748949147553
-0.820102366153762
-0.816254778557275
-0.750598089074529
-0.644837285089424
-0.751372985339524
-0.693641120145785
-0.593884486061277
-0.831082535742431
-0.682604235013347
-0.73959668951892
-0.748676993549425
-0.82302320688253
-0.708893061011607
-0.775099405902687
-0.708963330018823
-0.802406887253439
-0.690160776486379
-0.700412640461441
-0.714662573260416
-0.752482737403582
-0.840272140421474
-0.57092398811845
-0.851957658175582
-0.800617170040994
-0.730315967245695
-0.746993640169581
-0.895486481131435
-0.772961184282861
-0.7123968221774
-0.787241308300352
-0.634881576590261
-0.635141878341777
-0.633441830593431
-0.748785786328197
-0.701778412976418
-0.623868680414519
-0.660493832392155
-0.678227803009761
-0.619619305783554
-0.791872597081846
-0.753758897019345
-0.786936046417879
-0.64495332748542
-0.5388792090531
-0.629407574360774
-0.687591788350081
-0.653845028535041
-0.619106854197177
-0.724865207458916
-0.689210023651842
-0.699182996715042
-0.644136353293552
-0.713224650640531
-0.774078554537956
-0.720059456020181
-0.678380108681946
-0.763224212073926
-0.680954692160267
-0.836046155310398
-0.717184621694829
-0.648979964910245
-0.630451776609824
-0.600036782994718
-0.540917617791674
-0.672668548110931
-0.62067956519051
-0.696590769093469
-0.737576811906791
-0.754986559011275
-0.649875572284377
-0.774327487844647
-0.756436456910107
-0.484101044943138
-0.630198722701274
-0.662855663980314
-0.716423726315706
-0.687828706062576
-0.639149417432722
-0.725392271001559
-0.670010089173452
-0.637364540774959
-0.556248816452362
-0.589510766975541
-0.71124271177758
-0.708327629183627
-0.583936568067313
-0.725660097167442
-0.766404092600058
-0.628568902863975
-0.569571055713087
-0.588296770027482
-0.671198521166633
-0.623760714115119
-0.659786009219572
-0.308739227254892
-0.62637314830435
-0.672097993928457
-0.521710728241228
-0.562801150775444
-0.637188927428946
-0.518285611320436
-0.675290305168894
-0.621591124157954
-0.758288537772738
-0.640918380234896
-0.601195086621066
-0.538455228383781
-0.601810334314149
-0.518462788126474
-0.419938440667557
-0.518995242252835
-0.517525788403174
-0.551873143113438
-0.724493346847725
-0.637932873934791
-0.48283663775592
-0.599433362917328
-0.504248026324272
-0.53918702075106
-0.623646735048546
-0.48668628796645
-0.618015823265079
-0.654618740080579
-0.596279449847708
-0.506145285619224
-0.501626781069546
-0.607795403924881
-0.50587960600436
-0.524170320754882
-0.542318410283813
-0.573668580425243
-0.56032243751781
-0.436133416291932
-0.457144891170384
-0.571415436844904
-0.558179056118243
-0.615053970254568
-0.450188478095027
-0.400354407741685
-0.539166091273255
-0.310275513743996
-0.544020678246285
-0.557163255368284
-0.556048751505214
-0.560773434556329
-0.322825133183896
-0.549881979674479
-0.447721989754839
-0.489101287352705
-0.496761198695052
-0.504591261496524
-0.350421989989901
-0.456273437225133
-0.482775981707086
-0.382531708366635
-0.5720300287843
-0.441191032964123
-0.412125392463177
-0.435352815488862
-0.566824058596067
-0.422148466740736
-0.536147972381956
-0.558489885540813
-0.525949687993537
-0.496401337100246
-0.487010964744677
-0.606630991245701
-0.512796912168481
-0.470671970759184
-0.47152103017747
-0.438035916179709
-0.478858544750167
-0.672521304130672
-0.582980586704662
-0.23402038491503
-0.533685226369642
-0.36009358196661
-0.425561776351976
-0.496647505520442
-0.457247070083433
-0.367075963367019
-0.389783866808246
-0.411881684667794
-0.541431321584258
-0.467408659815818
-0.381080159665056
-0.371940832344723
-0.455254985127189
-0.312200486254777
-0.399861856659497
-0.524926120383827
-0.444190772470114
-0.492216784615026
-0.485512666723285
-0.248041161144898
-0.43417119495885
-0.388682231045123
-0.41564744123468
-0.418677327083673
-0.427535279726341
-0.388520007162204
-0.48165472432196
-0.572629005621644
-0.494451398291287
-0.351616073132852
-0.377972462513134
-0.386234020490652
-0.411372770362396
-0.268454681026853
-0.464583629314848
-0.304638481555529
-0.259432991678486
-0.527183542155654
-0.30667590936623
-0.400082966687487
-0.339087523107455
-0.272287451360641
-0.381507957885055
-0.499985513882313
-0.30241437263999
-0.348175334420301
-0.23865045099862
-0.285174236786342
-0.369656558599986
-0.380314893785678
-0.398334895750748
-0.589818250737156
-0.20373135602223
-0.262327433409136
-0.174050658297549
-0.251796349750622
-0.384953559961272
-0.394693579189934
-0.191302239853785
-0.43949082343156
-0.306793102985029
-0.289963600944995
-0.372106117106948
-0.406002093706372
-0.317406906519912
-0.40005308352436
-0.218085822319451
-0.299837820006357
-0.199536275639032
-0.331225816599498
-0.324051762767729
-0.220821684291929
-0.294402882237946
-0.295389421952089
-0.328761734990353
-0.435674406444876
-0.258175551019138
-0.104819013390188
-0.116486882312324
-0.118832305956941
-0.198598250280879
-0.468087569762618
-0.214416168610036
-0.440571708368621
-0.308516375732843
-0.305372006129419
-0.235695761755405
-0.281967402620952
-0.298930811045103
-0.417407744074666
-0.234119298410267
-0.333581342343024
-0.220496415129457
-0.406939790632356
-0.282075611160248
-0.212694297834912
-0.274368806345032
-0.271835853689027
-0.433978326580005
-0.151537329845249
-0.109627971413837
-0.243462772069808
-0.181963143266329
-0.152153792132057
-0.394228824529149
-0.319985620907635
-0.293993584535468
-0.239638126385475
-0.190414062948744
-0.270912563231535
-0.228815823656493
-0.187743599262288
-0.337325759945696
-0.0605393061372229
-0.266867891895516
-0.156987523313436
-0.223487536938328
-0.0993510819233781
0.0271046988321189
-0.341507067192404
-0.187671905252485
-0.171892441666951
-0.229894604966917
-0.214143408471269
-0.0519992924954822
-0.151220588086975
-0.344501117846772
-0.185488499032268
-0.224563199968996
-0.131747256162336
-0.252143101025727
-0.235299918049007
-0.266170426244784
-0.113280156422239
-0.108202102116386
-0.166613930002966
-0.180830933932599
-0.15134070366193
-0.096963989870717
-0.144186750486776
-0.220012833747002
-0.0987360988630239
-0.268165643435242
-0.175112543734188
-0.126859306769905
-0.0500742168019452
-0.167427985160521
-0.293891470046884
-0.103092567406711
-0.133602505448433
-0.160198220101008
0.0118651996362169
-0.0613430974764549
-0.185435283066163
-0.163963449487039
-0.197244943045734
-0.127729878321514
-0.268387250249413
-0.204300649636904
-0.149407335823619
-0.0980180732071775
-0.16250297654872
0.000859922596955434
-0.163528204159032
-0.0570387787562458
-0.114648993846799
-0.176110638300742
-0.0333601468399806
-0.158221923120391
0.0415429015908759
-0.0569966120560335
-0.15511068225532
-0.219883171662951
-0.0677578682967092
0.0301264516885845
-0.0833885653983339
-0.0236356723999443
-0.115359578841765
-0.0508699850020194
-0.0164236849946274
-0.0370850961881928
-0.158901828047448
-0.0349410151225118
-0.168835014778184
-0.00775106598480834
-0.101246454638036
-0.0720276892615465
-0.0695940809062036
-0.0830672846638556
-0.134847461916506
-0.142551381702248
-0.05391487921315
0.0246425126638112
0.00445398621873374
-0.00872778288454584
-0.057530251673727
0.0554043673711819
-0.0535299878006137
-0.125686493990366
-0.0113211310564292
-0.0703403092022976
-0.047432141405407
-0.076466638522833
-0.0219447761497522
0.039153547244129
-0.0814276483553849
-0.0650915085411825
0.0597066561659163
-0.067463925231314
0.0800269069538396
-0.00885320883560202
-0.00324295729248746
-0.136038655750685
-0.0689072041381586
0.0499394107139842
-0.0843944140379745
0.046203421019686
0.129430968524556
-0.0836549121597704
-0.192562040918694
-0.0778062254254389
0.0166501274531727
0.0210834659539982
0.0264501599294323
0.109145979199694
0.106143777884875
-0.00925410339603637
0.0193492164862357
-0.05772001932743
0.0100934961501542
0.120920820549661
-0.024690891248012
-0.043545884537656
0.0605049244465294
0.0600061515773586
0.0113463817264186
0.120743331497929
0.0474918425402443
-0.133389756057652
0.00924222362929658
-0.0389910943039629
0.0611611383751958
0.0235776206917365
0.116158682810756
-0.012275287704361
-0.100393374124615
0.000782141762104125
0.0109595599323917
-0.000189092572634534
0.0641075007040709
0.118345914647793
0.0198581364196069
0.122986607674541
-0.0515917131936115
0.031374900706174
0.124648488646205
0.15080093448296
0.0779889275528733
0.13838179329527
-0.0300560867077433
0.100072489324267
-0.0137681387678632
0.132627754696298
0.0848951640160134
0.0461764414694351
0.0952924298362415
-0.0717390512568834
0.0271173516168507
0.00516284684176528
0.201857653903347
-0.00284933049256202
-0.0220645925328605
0.0235107809744423
0.0204768478318668
0.18318318190485
0.157937795081292
0.113027759655701
0.0743062954179852
0.210867051783751
0.11233720848634
0.147429939693091
0.126148339171378
0.135684864004098
0.141514517772872
0.1627406106687
0.199223665974452
0.152950953793966
0.316669548692209
0.0898785571875114
0.141180921415747
-0.0555535780545662
0.0296200972522692
0.264598826723807
0.135616078779582
0.295313886136301
0.1606804848933
0.038081155180888
0.171282990320472
0.127350400888665
0.136637453902352
0.251697587865765
0.213009503337817
0.0602979799532122
0.0562138434271424
0.0999083277961836
0.279654105412739
0.0859574192486221
0.102116072804338
0.138488965047624
0.244821587712519
0.199804038117601
0.293087789234916
0.0750701095703608
0.361546813771167
0.271150153531689
0.117023013127607
0.187440496938931
0.239862427799041
0.181331275962404
0.0910717701577918
0.222550378934519
0.127035115300781
0.196396088430664
0.159531765425719
0.212443663672022
0.0879465543034231
0.321859296025819
0.316645388285518
0.223692237947983
0.272786888197053
0.34680595520375
0.146686467098584
0.289135827830002
0.200204235718789
0.288389893963035
0.328643635690514
0.218013096306554
0.187424188767201
0.0934145527605179
0.289805903301059
0.217357111016849
0.246053528346321
0.205624067575319
0.199761381968258
0.252346867363924
0.14161035030234
0.1346759751104
0.31294835652119
0.261026429612621
0.28586312530378
0.403236030612286
0.279046645307208
0.30877732415404
0.237708602347895
0.278284003624137
0.250995914379234
0.300455258675143
0.284099881469921
0.360655467859255
0.296551613409818
0.384969830063506
0.165632084671597
0.342595285808447
0.340220469904362
0.285653421112938
0.332263704705716
0.230853892063588
0.303238648645749
0.340955215992987
0.272424023526684
0.349389884861298
0.257214253761847
0.291965799768057
0.319374562956716
0.375642892014575
0.377606529200782
0.292324940504851
0.281244278477156
0.334883501754093
0.338359484952634
0.260104447781455
0.304046264041075
0.32531717354166
0.209886873897597
0.312629377693133
0.322794486972184
0.374511877281627
0.448957048639882
0.343823193105416
0.369223004877647
0.304340353698845
0.268879376991504
0.240093909113612
0.418411712737459
0.324596817619959
0.225076102337312
0.357756976093496
0.379932674424566
0.23645100861886
0.42235059225404
0.395955405153059
0.318229860213903
0.262796506717451
0.390896088840121
0.439673220468088
0.325555913022071
0.201571138011019
0.300843347891167
0.315849822540554
0.326934325845156
0.489407004193526
0.512887788459891
0.253524449141052
0.376016790548933
0.206904316366991
0.495459158177343
0.375849614388632
0.299090900330134
0.384587358623443
0.436130443671001
0.356939959199515
0.524099034409018
0.296126670903334
0.527453702047217
0.430577937891834
0.36425956190932
0.470707588386309
0.500825311654711
0.228792047854144
0.403283561577421
0.442264096752805
0.44529457304028
0.452253558869667
0.598785210831424
0.37060351438964
0.426977180690831
0.419851847267525
0.375905287693355
0.463172547604118
0.42080933131141
0.364645970167127
0.397151514260769
0.230655030255337
0.505067902863856
0.403393071626254
0.407874183144661
0.397828624856407
0.394943513059156
0.542353650870126
0.339881733722445
0.318833222163859
0.35933609085747
0.297939697987604
0.455548760203448
0.374152590207737
0.26496525579332
0.452898333256714
0.519627979382695
0.404629992983457
0.527182570655681
0.537817521952935
0.558360004348995
0.501187786678477
0.443366814204865
0.643691270235875
0.380706176085639
0.539719891252213
0.568817093184438
0.460790748752049
0.468746967803853
0.465043237239769
0.539518682501632
0.503204766869365
0.595253990974323
0.464624206746613
0.598093189082326
0.547880841773001
0.530321228856122
0.530080837812544
0.611606216322928
0.643050183686312
0.594814374818599
0.466754428410481
0.512409603637803
0.511626613097879
0.429161336468696
0.629673678975686
0.583036436171392
0.709713120448766
0.603627010118044
0.481951488843476
0.490679252816887
0.638865020796409
0.496946022167661
0.378498744931404
0.59406061811271
0.54493615814082
0.587733765118585
0.485839695616218
0.635045233340089
0.730433518490897
0.504253927311906
0.58294549206054
0.428749055988039
0.486443734863526
0.67929275925051
0.691820746203937
0.661184088836578
0.581756209364302
0.66736532097014
0.591373750489295
0.760310276972003
0.57649614694688
0.441989599111887
0.468938774555714
0.560724245751808
0.445076644739592
0.666309921705767
0.545199505018222
0.408003329325307
0.688310360006741
0.446460681147166
0.589613152537073
0.530240279103573
0.596483446186677
0.617837964949039
0.512849657937956
0.745569511086739
0.565346803479366
0.595468494042538
0.726587010795767
0.620693340958762
0.571444706565003
0.623105282464194
0.573374036241762
0.645991685727676
0.537204044872438
0.596118778920043
0.691332147876346
0.538198240432662
0.691942021672256
0.541857350566225
0.663210683689688
0.661747337688729
0.728058472030636
0.702905956701976
0.775558496703572
0.671321902589959
0.661973297594703
0.729541885940386
0.679132084748636
0.740050760748284
0.619097135401618
0.76680741939275
0.640759158648604
0.686398018762152
0.695517656165122
0.718145507094269
0.835299261107008
0.755969343184203
0.68860623550949
0.625690481993728
0.704980968777691
0.606895011133679
0.6584892901761
0.651443560311108
0.677118059115471
0.737222386327185
0.751041197384417
0.548195504090797
0.718756951516572
0.640615979455293
0.733208884974562
0.80161576027398
0.60289999168142
0.804147472452389
0.73620773309756
0.86682338838694
0.69996097297752
0.712875655648165
0.589895262468513
0.74787549574185
0.665536523410179
0.839999017505845
0.63374397771244
0.71864175904083
0.761940238451233
0.823621408738304
0.671058932565236
0.726667570600579
0.823794170044865
0.703368866665274
0.753393151879072
0.74806641700099
0.724137356014287
0.810092684961048
0.720092671144383
0.858389140751808
0.717337777957349
0.771787271816945
0.637894485740066
0.688106156703646
0.68996180884368
0.808210577646262
0.858066685595698
0.839203306560591
0.708752707005762
0.754585806016602
0.705603166475537
0.852382678452869
0.687026006560246
0.76994358994702
0.789471063268662
0.683630134039632
0.760974329534029
0.717680716351242
0.632412509137928
0.917601314160254
0.672243763935574
0.771594171795606
0.833357930914372
0.7439750291848
0.746541816571664
0.709246099245305
0.782947827980846
0.698939643174377
0.925500548197511
0.90652267078466
0.731458932287244
0.909461817585378
0.855358971288588
0.974578028545692
1.01787786322369
0.809867997724015
0.788267829036158
0.756749064232429
0.817826728460334
0.812190167558893
0.841890652165833
0.813315150334012
0.990103065027785
0.759861524173637
0.784396851043928
0.789608287163907
0.907749575145913
0.821254286604835
0.882561715189691
0.818375403477591
0.916285793336094
0.89874627925604
0.832575960344527
0.800457701371077
0.812246018148103
0.828578282379769
0.825880465604668
0.812026291927409
0.839357990323479
0.922595919517214
0.929238854690114
1.03342122467644
0.781324607493341
1.01461959403183
0.730265946037537
0.964688678502971
0.989540116350044
0.905511547597465
0.989535027502363
1.02759712194622
0.864124451282518
0.843691624032625
0.973627271057484
0.897432040488469
0.942249595085428
1.05277886519605
1.00260290461776
0.900711041953702
0.882428613868164
1.09060809674195
0.951138152971824
0.969892630897341
0.963724734019731
0.959591279744992
0.925274105252414
0.951563908905817
0.86534128935624
1.01380720244243
0.847791415783184
0.896901607850989
0.91929052259759
0.904793306578353
0.907732846815927
0.893758769831296
0.779253611608155
0.821806707535982
0.914944318943154
0.971228163570421
0.949574256220527
1.05356178061195
0.94793486510026
1.02847741296567
0.937825944777578
0.98858411419947
1.01503638358459
1.02560795315224
1.01747692923602
0.90018646643641
0.93923066424972
0.97380097185236
0.942721902972446
0.907937431817531
1.04729511631354
1.06880179505905
0.84007026473145
0.936659359779039
0.987844905217676
0.923965520209635
1.03136834110595
0.93495530801823
0.999120824621817
1.15195499995802
0.934568704436434
1.13420905740064
