-0.960840099816482
-1.00064216162714
-0.975741503906247
-1.02460026737975
-1.07273006824458
-1.10726888253677
-0.924232373594104
-0.910195217331478
-1.10958559237681
-0.806252566563834
-0.994051730826209
-1.02940750043069
-1.05712918161729
-1.02011761510128
-0.911562970152158
-0.901199132024108
-0.923888155492079
-1.02555584323907
-0.998242312245514
-0.927879032143217
-0.779370904324286
-0.953594001926992
-1.06268396244332
-0.914700656056459
-0.863620278495101
-0.902545172219151
-0.978627838834251
-0.977625019571349
-0.853442360348418
-0.889024836617742
-0.965083885100833
-1.05904755047394
-0.985916351402562
-0.973292188486537
-0.862975148463036
-0.845269492784697
-0.932086039986277
-0.776308687529855
-0.958156267816906
-0.867190701463108
-0.774009889177714
-0.861411903247536
-1.05429004378235
-0.977462811050539
-0.901530771284157
-0.879071986196316
-0.946706621062889
-0.896663476294498
-0.945882477814939
-0.779272858738464
-0.957384256172463
-0.969931951144126
-0.933212729506512
-0.886089526447934
-0.937639456625741
-0.897939143576291
-0.802569196970297
-0.858323122017092
-0.944002470008097
-1.04128166135871
-0.843978781175914
-0.985537924015696
-0.786508188815757
-0.768470241429138
-0.801919510775055
-0.797685189197015
-1.02689082833649
-0.840251539658622
-0.847848501788515
-0.769773419374168
-0.860638850941183
-0.930685273337945
-0.973407624328478
-1.17348838689602
-0.857374553498472
-0.847847840425747
-0.917017049550152
-0.980276347053971
-0.748366899627701
-0.821336888129171
-0.773455776301768
-0.852105393024425
-0.936423167612969
-0.891918979317189
-0.652999450295517
-0.759958480596318
-0.914910991256867
-0.815467987261494
-0.881566934244061
-0.930182983675611
-0.904319567485232
-0.736487834414544
-0.873169889790984
-0.735163496099894
-0.792118333163957
-0.781767015750045
-0.848339142436333
-0.719381386055235
-0.786894519661068
-0.757840121338881
-0.665293556454117
-0.75485465934308
-0.934159685880915
-0.852810796029382
-0.887109553192893
-0.620736009942901
-0.746372224797059
-0.751393544450896
-0.851900269922139
-0.636392812250609
-0.591129871352894
-0.70286284606639
-0.784075032738667
-0.973559681412018
-0.894959032492208
-0.908516115236895
-0.770267413095651
-0.752454289583339
-0.834529719010752
-0.761987196414485
-0.66336543294245
-0.891714867291504
-0.680931101534029
-0.832686915346373
-0.77947450983449
-0.728036868088488
-0.839781894540375
-0.635560336520494
-0.774642525274133
-0.776984487318945
-0.760506771944883
-0.777390760405448
-0.869657982929193
-0.6768186685135
-0.653441521736303
-0.746133860779308
-0.7278176133704
-0.722348220508256
-0.749894899382797
-0.763402382285734
-0.789385829317812
-0.665602061605998
-0.748551062142777
-0.690549266285972
-0.668507746296606
-0.570200243536638
-0.721743262121808
-0.662230623002522
-0.784813490240671
-0.585607647132818
-0.714451563228841
-0.797761175310704
-0.581040113818023
-0.756917135654565
-0.620043233575512
-0.652365961464509
-0.854538225836227
-0.621950582425805
-0.710642010386031
-0.575558426109012
-0.661541609000161
-0.665871418792906
-0.565549381544606
-0.712103068047968
-0.602989395870431
-0.676776503374036
-0.68656516552742
-0.614369518211531
-0.730189287692675
-0.605637177127617
-0.724382402617842
-0.647059251688846
-0.597597300516722
-0.689568622346002
-0.55928405389359
-0.540743256775525
-0.65411602841286
-0.726009888570613
-0.771091328630772
-0.700059301791337
-0.644910643705998
-0.532155818349205
-0.526318265035605
-0.549948618137173
-0.631669614023208
-0.587342023403476
-0.663670742687756
-0.554789040298889
-0.58329139939299
-0.763102040438057
-0.546224320239454
-0.585633833997748
-0.634116106348671
-0.635387039890215
-0.451263910812149
-0.766527678618015
-0.605437222798881
-0.578970607175979
-0.742579272844925
-0.594405279023543
-0.496534982384122
-0.669653642145698
-0.423258050521365
-0.671442638714365
-0.551251748557999
-0.63285075100785
-0.419578835172749
-0.598063818089194
-0.6144335432981
-0.588765680704474
-0.596533978657046
-0.733399543294496
-0.53133555207737
-0.533078923513586
-0.608107016650335
-0.537276331811399
-0.59251739998559
-0.531978503817956
-0.551746858111086
-0.572684091652141
-0.752511440577737
-0.649331753615911
-0.573616496888956
-0.47499330134524
-0.584124854143609
-0.600038291367984
-0.495584840378157
-0.561215180368684
-0.615823989815167
-0.618213404555314
-0.498304809682729
-0.533227405119238
-0.598056124111304
-0.624178928311492
-0.563867405546902
-0.53738534228472
-0.479924853266423
-0.621156185041603
-0.398839914848321
-0.481172277512101
-0.525021324890276
-0.521596122690182
-0.571433833847189
-0.532477987544384
-0.575298023962989
-0.567780197818589
-0.506514927507358
-0.611613213867734
-0.523379762369117
-0.472674137022149
-0.444069789908459
-0.519363734140525
-0.427100352846313
-0.434079477444276
-0.417968558145836
-0.446643229854298
-0.498402874032362
-0.432217350193156
-0.510135418309774
-0.598131737132335
-0.438310730693696
-0.526003858065295
-0.510803230988408
-0.554163982792989
-0.404691220854883
-0.254976135271274
-0.401288960281288
-0.445832934992507
-0.560042031000108
-0.468117853175958
-0.61733710946928
-0.470629472047328
-0.466259941917376
-0.420826153309811
-0.408625367439285
-0.405971546073513
-0.648008437984044
-0.455613686101881
-0.431085405392393
-0.365105614274497
-0.498040187549395
-0.339386710524278
-0.50209990938883
-0.653291287630529
-0.357735936767598
-0.489167992891681
-0.436991433253412
-0.437749575002636
-0.410646458764906
-0.451920810571042
-0.43312620511775
-0.253248409142788
-0.464956847530425
-0.352598394409176
-0.442447061101615
-0.292373888686897
-0.292472247024925
-0.431751750319004
-0.300616090247297
-0.280048295836168
-0.42658747386033
-0.345081872811782
-0.339515670386276
-0.264337231340965
-0.315797118843758
-0.317681672883388
-0.443736021321015
-0.426941948843265
-0.289136525146514
-0.489924543447535
-0.33141915702664
-0.410736565351739
-0.435222991204411
-0.384125328248242
-0.345617886006017
-0.367034387970801
-0.385929660431536
-0.412656392401725
-0.329135262604054
-0.423722411516346
-0.280991800439247
-0.423611101233246
-0.397253822138978
-0.429355170345473
-0.289792224660209
-0.469763452249058
-0.471725514975019
-0.263360037159382
-0.378995312315352
-0.255186803721026
-0.379086025199628
-0.467972448986969
-0.273743525918046
-0.515118050861672
-0.322552495570977
-0.188038550736309
-0.302713702670214
-0.403290272498344
-0.233721806937374
-0.307661744193944
-0.121393353971851
-0.399452820852313
-0.238694101382018
-0.320856316332647
-0.416607529412946
-0.231735278399979
-0.296118033294023
-0.267791421263811
-0.3397647219142
-0.344676269087548
-0.0534512523863267
-0.380221649074227
-0.33847286175564
-0.354744345335531
-0.214626213569887
-0.221517116286254
-0.378878153353727
-0.204863207569872
-0.373955195716713
-0.377268807878306
-0.257072185250963
-0.287858703743685
-0.359596960860169
-0.161733211329147
-0.233725855862541
-0.247246831622183
-0.232899377966998
-0.21344776006894
-0.237145413983054
-0.333300626898295
-0.325548037071705
-0.270393865737212
-0.270226984000313
-0.211835117884579
-0.328992838266482
-0.200644336957118
-0.262122309803141
-0.323768603649561
-0.288926969199321
-0.405422622524382
-0.332734986979706
-0.168625496276389
-0.156110542261567
-0.163722676193432
-0.231408736284674
-0.353639191940615
-0.271291251424227
-0.270655294084765
-0.309054576096507
-0.170845347525574
-0.273225838760003
-0.265012066970986
-0.154713143629292
-0.107202727476014
-0.222560317616248
-0.357567582114008
-0.0479807726209049
-0.145611851491663
-0.251233487560502
-0.367580355261914
-0.270381192503011
-0.271207915454402
-0.119294516508988
-0.234629439235968
-0.331777178873744
-0.196589695170866
-0.204264172004199
-0.209445018080799
-0.0796148645432049
-0.174957528610459
-0.259772743729754
-0.1661915935279
-0.204076258081248
-0.132981846818358
-0.254604843518078
-0.314343627778831
-0.0475922902960154
-0.249068916781941
-0.162223378463096
-0.188754654510722
-0.282669072794047
-0.108422986690249
-0.233721676508689
-0.223601870655864
-0.0795710913343362
-0.0928408304104879
-0.0660502464868514
-0.0906161827460571
-0.288077545139561
-0.102980068703759
-0.313099135272894
-0.0313148783927182
-0.0910358361319959
-0.19359388509884
-0.152176708010616
-0.255203959833649
-0.175656049159626
-0.0657699443101728
-0.173585773736893
-0.13242674449341
-0.179088934238527
-0.160736264378205
-0.0389468282348688
-0.0516848428825413
-0.253493211026391
-0.0617845990868785
-0.12684548209067
-0.170060003930647
-0.187597659243711
-0.278321902599327
-0.150290548195488
-0.148319579236866
-0.00482352677649771
-0.0939287126452415
-0.130126717421225
-0.047469442273182
-0.143782799951643
0.00237619134995252
0.100312037356845
-0.0593584783112872
-0.0756026970702022
-0.0716412806170875
-0.212323761680496
-0.0242310410836495
-0.231551347728898
-0.0337961314149066
-0.0995782635948082
-0.0792268469192806
-0.0547365441257852
-0.221339860569503
-0.0196242128124815
-0.141418574360966
0.0857663717111428
-0.0896627742194601
-0.0295898500598115
0.0556120679425707
-0.0556691493106048
0.0137307306124842
-0.0163620065426058
-0.0399439615695281
0.0802773986958202
0.0944080254148117
-0.0334099322102493
-0.126692426635916
-0.123657754997369
0.0583581779263927
-0.0927307080898876
-0.209955807308911
-0.0958464901799902
0.0323239189134779
0.0455971198976344
-0.0912154351677368
-0.062169864693373
0.08171742800239
0.0697457028142039
0.0669006607194156
-0.10206112456152
-0.0255773082594793
0.0648473384706587
-0.0275289211583588
0.0708484536444788
0.0466988222753212
-0.0117382275794415
0.070629570013516
0.0586049922632987
0.0309887845618889
-0.128017126164098
0.0450140469738525
-0.0033690010378548
-0.173163229401368
0.0562299355801034
0.203997937509485
0.0576476006203672
-0.0213415765541637
0.094745187157271
0.154174934681586
0.0988103336503511
-0.0136176177521594
-0.1444962617952
0.129026021589761
-0.0339997249998057
0.144393378707006
-0.056703012852563
0.0161169058811972
0.0748731564598131
-0.0123598691099492
0.0885026133143753
0.0275765058983877
0.0669241070998249
0.0904184585871921
-0.0183225355921018
0.0860953908820704
0.190317039569443
-0.0906751333415325
0.0978212331331771
0.160485140891313
0.0313917932926453
0.00713340792702547
0.112666871570807
0.13482680819786
0.0996475286096278
-0.0645349035526284
0.0668941068453176
0.11520263970746
0.1875838450541
-0.0820930389598873
0.203689610738872
0.0863076981393421
-0.0482654792678517
0.110425639229961
0.154192865016324
0.192684733660457
0.151069661892511
0.0501897308998904
0.148907233944662
-0.00553572864780778
0.195104366204701
0.129209502183167
0.124768971980352
0.0937727583268155
0.0818467684943806
0.0337776664082444
0.0983240127213074
0.0998833077462346
0.0954715960997893
-0.0711122652220504
-0.027831223662166
0.117796776634518
-0.00706174136573218
0.0527102634087117
0.0337354126250179
0.284983649511683
0.234385835477052
0.219180302915602
0.250458823435222
0.134787393005731
0.0768030776377523
0.185567153373524
0.164116033114001
0.112466471353763
0.0675297626795734
0.272010812200286
0.0344236831805903
0.29551480933159
0.190245746710808
0.247254468022382
0.290725224920691
0.226212876292619
0.132992874356252
0.29237313207655
0.240291862053253
0.192323826947141
0.316671346225189
0.0840248766821523
0.23256392298547
0.0710860309196373
0.119269087285276
0.0871023421861479
0.31661769736709
0.313639731004402
0.288695956891483
0.181929436099079
0.201010361902531
0.27117745565861
0.0820968242064391
0.298965714113821
0.211018415721271
0.292579110794834
0.179320247161253
0.0761919074735452
0.327279971425051
0.154725157810144
0.276341895018727
0.35246752602939
0.0892287148858351
0.254981443538755
0.199315757948708
0.0327552926975022
0.110652378894132
0.44713463408289
0.352721126129362
0.228943094393546
0.172073481176629
0.2430546516749
0.402169256508552
0.290583885829954
0.116521038628094
0.122767236988215
0.160742401025809
0.387018167906547
0.264846591654267
0.367489068430342
0.151036033703858
0.222288895060893
0.206573372163324
0.258212360733369
0.162873017655787
0.353043809192542
0.397908066105143
0.375201795746066
0.175523181087249
0.305823074542651
0.339630872969626
0.410105958158953
0.267281696023668
0.256879102035832
0.327776232836447
0.258813394146864
0.308301706249554
0.236036878033286
0.21963011837821
0.472762535916873
0.38400387186816
0.238976505396363
0.285001192136263
0.345800549403893
0.297401739377378
0.380786061638822
0.243161436068043
0.402929492343494
0.437530485072166
0.38813113313423
0.320548070637025
0.413060581082312
0.429075387928705
0.19618741175809
0.272161117141621
0.366999621087891
0.296505157855443
0.098156133306451
0.31237577781027
0.308288454235362
0.343344920904405
0.228745875495317
0.419675250783163
0.289376436530703
0.321240568443964
0.448049201162881
0.364955582423864
0.187823218760138
0.319781854257655
0.418983957888994
0.34338071638938
0.406271357979652
0.29423823733156
0.347445103585627
0.30088689446537
0.34234700832581
0.326245903700877
0.502183090522251
0.390173136009733
0.420017240313945
0.327135623421309
0.415339109848306
0.267009750167274
0.338573659180365
0.219960934137631
0.276503278624156
0.352816398363968
0.377603316006681
0.314396228011731
0.258006206025045
0.527273532308742
0.349969718151897
0.281172842074622
0.385207021443703
0.288356700956583
0.254960815117812
0.542708876478112
0.51027928535823
0.461015281408077
0.497648577663309
0.407176688019126
0.283053691236352
0.415429632924655
0.523779468768129
0.425968129502974
0.404729459272135
0.462919105906631
0.303529252656946
0.387069618479361
0.542752217223283
0.429285398330374
0.384141597833803
0.38656289364137
0.427478467652256
0.450080747585325
0.501633489582909
0.343992874156266
0.569841539550279
0.483118482634446
0.501405586464941
0.422211084993316
0.523893479228443
0.450766000091516
0.462787042018797
0.460356482219176
0.363488565277571
0.434369709525892
0.5087272740788
0.472441359649145
0.495957025225545
0.538404092240745
0.504880284226782
0.486827156484168
0.49930611521348
0.455084678131911
0.46354632192502
0.515143770307858
0.51567584692763
0.524841792821998
0.652481407199339
0.598684665589349
0.48544317340905
0.48757998021492
0.549407810259084
0.564358370101915
0.541925428271709
0.555670549716423
0.549519334098984
0.615429122005608
0.561674317602709
0.550267033420967
0.511387502372436
0.549463059657517
0.466250429804448
0.52346405012464
0.655240103412633
0.475888409285616
0.505981047667271
0.506220534515533
0.616593219558821
0.572606505514101
0.596720011889007
0.605419515573411
0.648955493053452
0.482321812090971
0.628217379648451
0.593468254483217
0.649981869525433
0.416409671704005
0.566409139930386
0.821334349174735
0.519844232253389
0.594863140861399
0.604029152502985
0.748654043526879
0.528675386230587
0.562716342455014
0.596601300010474
0.54480433682822
0.614472209760965
0.679561460612934
0.585919925258369
0.702290694635893
0.634283779535412
0.652543158180575
0.69095572206408
0.642215864841336
0.44169522015004
0.512491131077275
0.567831303135858
0.57831114064727
0.698705359910923
0.57356467432353
0.687938325139079
0.613028910485414
0.45890051310264
0.70797163447225
0.653841488571824
0.583717132592658
0.600389950798065
0.611542158780418
0.546389261660265
0.433409523365916
0.582493452329045
0.595387537238855
0.509736966195015
0.603749449680553
0.599581419346455
0.565707536874107
0.55094947174952
0.621144203650764
0.702350359569102
0.686306466479213
0.598488001311004
0.51319292269954
0.727029380849263
0.689536918244555
0.537553719996024
0.484001635270826
0.698632106662863
0.496869217863755
0.81666832194746
0.588395732333756
0.737116226808676
0.800299428110079
0.73572929817984
0.632096254006452
0.74280991284591
0.743946197857128
0.723069736689716
0.721422250726156
0.737331000372376
0.604175044119102
0.653477725666232
0.53944047266713
0.661719645528745
0.4946510728712
0.73188824022856
0.68888357846952
0.707849387891161
0.608912475834961
0.569106474710371
0.716544114396596
0.736545186760252
0.746800777018942
0.675615224257472
0.558695361190019
0.70447254291258
0.69024746887806
0.727139939033745
0.750364549950933
0.717147216220828
0.778970387021624
0.796545349624037
0.76450770998299
0.846275541992759
0.686451076214466
0.737141571847199
0.88141814731532
0.781477530055379
0.783378042491341
0.682582441638125
0.696864878799547
0.707278506623613
0.864566042008641
0.81930994441953
0.847764351529667
0.874523626482544
0.737153211864802
0.737281161831854
0.796545423924631
0.645313249512643
0.793620536407586
0.816371011142901
0.800517291879606
0.813805064777661
0.811731253908973
0.677458221557582
0.79166538511694
0.924082265818441
0.58696006240161
0.649662833188613
0.650870164012771
0.907161693209523
0.879030628006751
0.880345130835307
0.762831486224478
0.883642359099142
0.750866185509669
0.757903167472817
0.881547979466885
0.654850530250468
0.624036944180703
0.832124305488545
0.815583542210202
0.817713349434187
0.760059462690164
0.832312632016985
0.877733296494997
0.848919515969646
0.736857554499384
0.738739085929325
0.850002760921104
0.914842702694257
0.867169701394059
0.770043147339764
0.840891249557684
0.90525367636794
0.736527740293906
0.816789875161453
0.715087950146403
0.890805588767795
0.868067647350072
0.976219687933432
0.711448435585497
0.869012374935975
0.807085229245076
0.912433626954765
0.709607590782038
0.94057811151234
0.883481641765338
0.746415443034587
1.12529763708266
0.784756390774669
0.932692413954019
1.00127796270781
0.914211039938198
0.884765603431767
0.873764447097241
0.876805027113315
0.84279248233801
0.896161190976339
0.906367577442572
0.950395095624699
0.797716625127011
0.718431057317529
0.939374340361107
0.745387983983672
1.11295365397599
0.996038411860863
0.839626464113078
0.816826695555932
0.899739599785113
1.03770839071353
0.862244339870582
0.891031697931174
0.970011372545647
0.804893531495677
0.795133560400472
0.974674588315727
0.761642193015472
0.941448069526382
0.956048335928996
1.020315015098
0.950984279723445
0.963414377339821
0.977498182821266
0.943243847538443
0.831320133911279
0.964623513908294
0.829159732601078
0.981853634847214
0.823839417060262
1.01214649361044
1.12137159234528
0.996111822981681
0.861748131226714
0.76641360692711
0.925743483039962
1.01491798895817
0.991594155339382
1.05923169180589
1.03488544118574
0.956060817657807
0.99506914254667
0.882495998237452
1.04613133747224
1.15233461356107
0.986983017543991
0.991276103129424
1.03121345821197
1.09642968673699
1.09582143316387
1.01801198270425
0.971320426394385
1.09293302829327
0.916812858526365
1.06319980868915
