-0.865057854441749
-0.941660499400471
-1.03423974873961
-0.919581018888978
-0.803590469861192
-1.01199226441786
-0.929207724310522
-0.95814867247318
-0.965167524236602
-1.18656440234964
-1.05208682673334
-1.11897504064816
-1.0762264184394
-0.958473437838386
-0.871082966372824
-0.985169315486136
-0.945673730955644
-0.907041579043727
-0.934892594527019
-0.852912329462041
-0.842398123742527
-0.946507039012774
-0.888173091993423
-0.905717395358898
-0.921202375729209
-1.05671214881262
-0.960614274531884
-0.875435404883291
-1.02889942319177
-0.904204940729404
-0.889166302474874
-0.888876818309422
-0.900264011797821
-1.00841601393637
-0.79156568447692
-0.941948287726132
-0.836088510438947
-0.928244313904067
-1.08762751646296
-0.795184127953453
-0.731418157351473
-0.790421851899143
-0.88894447462046
-0.928895008692075
-0.943587010350471
-0.832889044216013
-0.881915505935271
-0.890435612279734
-0.814793645466387
-0.9503835900717
-0.970053147183608
-0.919531248484958
-0.898197336732376
-0.908743435767441
-0.848981610413235
-0.971798151894378
-1.06778554768073
-0.928379600691714
-1.07951429511313
-1.00636979238384
-0.785405431442263
-0.875765066014228
-0.884166781119741
-0.884065375006339
-0.736105271342739
-0.951311895228077
-0.828547275697122
-0.831519317989251
-0.783693587938265
-0.909049941768558
-0.770427888338145
-0.829221736336185
-0.741952931226764
-0.852987572785882
-0.807089017546897
-0.814973643448194
-0.992974350925001
-0.896657091825193
-0.817560408890809
-0.820935876431788
-0.793834545631449
-0.779613014182521
-0.880876191739993
-0.735634166380725
-0.870534414055492
-0.933538273900555
-0.747914781181772
-0.853052260308434
-0.76743804648874
-0.810377259895962
-0.902780469775024
-0.650880095310742
-0.783352047360856
-1.04314132846935
-0.82962403912546
-0.62621591089734
-0.818471352576013
-0.932890858817357
-0.785237620809706
-0.793424919166312
-0.770952860421549
-0.729104134800853
-0.844042833723337
-0.846365760556597
-0.661161292282944
-0.77867429429334
-0.837868888891688
-0.846304128476863
-0.794482387332459
-0.878773849659505
-0.767795481212971
-0.75034636898303
-0.748968864914196
-0.688495957649035
-0.830849866671707
-0.734005152348792
-0.755109002652524
-0.829125825143859
-0.722155848745042
-0.83324261740487
-0.921684003914093
-0.741450049083437
-0.661029722447577
-0.616494265394217
-0.557186633328566
-0.674316464588467
-0.809970334569413
-0.736535062580078
-0.835623328553924
-0.628565985841314
-0.662272166673639
-0.737936958158318
-0.74367574844526
-0.770633021409797
-0.772097991482627
-0.777876533293297
-0.725226488649669
-0.577426130987578
-0.708923438093657
-0.615158115718758
-0.692240727147236
-0.789810823326751
-0.648334632548198
-0.891071630840599
-0.736971244533328
-0.606093523717972
-0.629716939908759
-0.694457888053815
-0.71905738045727
-0.54749031648222
-0.638950497439922
-0.703712985259822
-0.623961704086808
-0.656446297674796
-0.665971841762134
-0.750018725540469
-0.659986405330239
-0.865708847229982
-0.712695779974879
-0.848987497067888
-0.66660899008615
-0.559911341949047
-0.662787053987353
-0.743320557422404
-0.777433948590563
-0.756181404983464
-0.719520282535447
-0.677071786157557
-0.598060955442968
-0.640978792280396
-0.753887430859641
-0.728821147833198
-0.640697849635932
-0.679777332248528
-0.5348087771928
-0.46415390082932
-0.630940864491749
-0.649458967547886
-0.611617974702157
-0.675509960796964
-0.836473854960265
-0.681968224611203
-0.687258845137051
-0.808772508673525
-0.664254225847844
-0.706559002712298
-0.654730702327761
-0.661301739836436
-0.641034841338141
-0.52592778201779
-0.64202152019091
-0.629187708674549
-0.619876038926605
-0.701035623553358
-0.628398542855305
-0.598495646529042
-0.430128357455658
-0.688186787283026
-0.662187472250788
-0.644655448654555
-0.53277791925269
-0.521624374657252
-0.436148880339104
-0.571669709432698
-0.578814402888662
-0.41389890002472
-0.53126731542514
-0.505056716052704
-0.466768025773731
-0.558324219021106
-0.567314343509365
-0.448340463631854
-0.597052232335926
-0.503043533121296
-0.434942349763128
-0.534777075127249
-0.583400103124202
-0.405252961133784
-0.742662818342518
-0.435878524319334
-0.503874821202747
-0.435267935837784
-0.653550976473823
-0.658295588299007
-0.581455522517089
-0.619488443969597
-0.554560283858051
-0.523522384580306
-0.460577530889945
-0.54066969845971
-0.539301319976937
-0.632014108185286
-0.427036891042759
-0.491599796904758
-0.552012442671233
-0.4969448430248
-0.549963783297509
-0.510439329493416
-0.601626130473175
-0.489326939629815
-0.52171313655019
-0.651210894237147
-0.425368331538271
-0.666239008180989
-0.601488867603924
-0.568939191542827
-0.448420925659003
-0.488253436611941
-0.438148431466932
-0.55099546940296
-0.307274993644526
-0.47629613464073
-0.407499097589604
-0.514826324014331
-0.515385843411099
-0.494047575802345
-0.533203292654987
-0.621103144992025
-0.510636096670098
-0.499755302653214
-0.560568744565409
-0.511709167112712
-0.377879840243283
-0.514822680499242
-0.52802510600988
-0.338307418521122
-0.441369439640011
-0.409751439717674
-0.554359779885679
-0.422991949500397
-0.404843701230415
-0.546388265270659
-0.560394970047073
-0.576956822448078
-0.425783672562463
-0.412444750026965
-0.327199579090194
-0.39782986743067
-0.573789833596509
-0.342510206008569
-0.447400694739314
-0.618380895665406
-0.439310107320607
-0.486031466113156
-0.481122941550875
-0.437028750309934
-0.417980650715192
-0.461312854691241
-0.422856572494801
-0.472705436547084
-0.51856840868792
-0.438573385671876
-0.336730475877948
-0.406704280373652
-0.466601433873428
-0.306796309803599
-0.208583173900825
-0.372701475593706
-0.301461687957199
-0.458446293172248
-0.526252222284602
-0.304498350013143
-0.39524690109372
-0.401274029929744
-0.309086523568317
-0.269445566334238
-0.319975761584283
-0.387402843167486
-0.337176574818443
-0.282012631587244
-0.416332116847184
-0.260263969151754
-0.494240373882538
-0.249780404043787
-0.339211473169255
-0.423002175899966
-0.375031480233296
-0.479295613347963
-0.273889443096472
-0.272855215773083
-0.374677076773614
-0.352343177966441
-0.389201754577653
-0.291571918357679
-0.368618402359546
-0.228212796708703
-0.316357857839852
-0.346806194634267
-0.383439905040537
-0.372307285808937
-0.384980015336665
-0.264584041782522
-0.193748654856945
-0.401162366020742
-0.43456232655174
-0.188552326087215
-0.285670956628248
-0.367439788662466
-0.294830050647289
-0.238233446704382
-0.346669046170181
-0.290293360052914
-0.235134206783725
-0.301354393995682
-0.412189215411096
-0.290261704958673
-0.281587467627183
-0.243497017329405
-0.259348362241039
-0.360334254641084
-0.282716697593896
-0.380613388169328
-0.325171411358552
-0.216496918158791
-0.431390473986777
-0.200079624918664
-0.172302154242862
-0.326713313593817
-0.249237152404725
-0.347357522509549
-0.282054761299619
-0.332764499709525
-0.266975302489577
-0.158221327030138
-0.296477860541612
-0.471326760679428
-0.41522093415803
-0.261212658439618
-0.183548906860719
-0.311196659996136
-0.16716186251496
-0.281748553526575
-0.371580152496158
-0.285660712885144
-0.236550990277851
-0.361965491052711
-0.146677753286726
-0.340554912184034
-0.257648012546747
-0.383822320446283
-0.262057212997978
-0.27775195937161
-0.335915575023141
-0.299999772795632
-0.115815544332166
-0.220886304190991
-0.251603610935842
-0.19418362691234
-0.317666153278572
-0.24394453997657
-0.241737723538653
-0.168539461608921
-0.112371149282737
-0.150884451668919
-0.252127003377104
-0.303285934359431
-0.308414966266243
-0.247299227248721
-0.140797040340832
-0.212434114121286
-0.141990386662774
-0.265598361474704
-0.139557319120467
-0.115960676472339
-0.217191353174777
-0.10487667059892
-0.09763444611421
-0.212096139175227
-0.330250099941565
-0.0890907609259374
-0.106779031565077
-0.122975829774729
-0.227913612384755
-0.321839652581344
-0.0574391701459728
-0.138997355639009
-0.217868969750955
-0.031383057400528
-0.331199522143566
-0.116422959683001
-0.0223027939789479
-0.183507284135802
-0.137188270630079
-0.0712277691089249
-0.204272969166702
-0.16121622655843
-0.108254689438502
-0.199102443698002
0.0415993707510955
-0.216038357218596
-0.206025407164596
-0.0057396581072196
-0.19368734652467
-0.181807032709302
-0.170700175724619
-0.0842540764894145
-0.043261830835498
-0.15033360152842
-0.209637443877111
-0.117581274396624
-0.129545116163979
-0.0712868638508863
-0.0959778667461151
0.0144450376112784
0.0304524879311043
-0.21651395222176
-0.0624205603692548
-0.177937880770886
-0.213010872981981
-0.0992176773438373
-0.28638138307436
-0.0644064487637252
-0.0449376511852451
-0.159087405695198
-0.159608276799728
-0.0376838431574279
-0.0108278828243094
-0.126239772587773
-0.0572119478953536
-0.141333002869225
0.0254683275485688
-0.00301191795012341
-0.125180021913721
-0.0441784739070826
-0.156230135993173
-0.0831542391770447
-0.0640862587088726
-0.0438786680469608
0.142359992002873
-0.0877855918941457
-0.0631610868129044
-0.0851269377040791
-0.135351040857906
-0.0255413500511062
-0.0171591809955214
-0.146021888794031
-0.0647457663395495
0.0488730847644779
-0.126050052349764
-0.040276906110071
-0.107160256974855
-0.0625368674424579
0.00514332129493893
-0.217505015864622
-0.104990476014339
-0.0956487956971928
0.0225281461398079
0.053107669186169
-0.0224083822250175
-0.118076831244291
-0.0248824619739318
0.154225634291585
0.0431641053633356
-0.0984858961564679
-0.0185463184393215
-0.0243784673158115
-0.109589427442614
-0.0272235044892578
-0.139916249575223
-0.0759433771757482
0.0747133538167408
-0.0306888116138375
0.0472872181702462
-0.0582061012155069
-0.00177623740685228
-0.0305506630996127
0.1656233974724
0.0299072734234755
-0.0729410429612152
0.10023364363356
0.121364413295266
0.0952654934513171
0.0875103066852552
-0.0118276734083888
0.219526249822426
0.027955966346333
0.00114240088445577
0.0216431829359402
0.0851249780939741
0.119739712283494
-0.123500125661359
0.0821726410490704
0.0241869727307555
0.0345176386212013
0.0543254495867207
0.0443596576143828
-0.0612176839572498
0.0831393246220757
0.113412533576982
0.0961639060394572
0.0363886020150006
0.176358110318723
0.1447572934207
-0.0332595186933415
-0.0421690076994448
0.0453148484891914
0.278069655389981
0.0854900661595029
-0.00550886225294316
0.0408056706143552
0.124823771714044
0.120968801320949
0.118566545480987
0.0391418930604944
0.0676428070421447
-0.00208639995855724
-0.0394299565811592
-0.0396898223130667
0.0180585184563231
0.00654208664324062
0.142633549156469
0.1551300741206
0.138094875057403
0.20553922653141
0.20009170470835
0.1154184212023
0.121633304792207
0.174579025077662
0.356952852582173
0.0488896780291434
0.13141569017967
0.197657064055005
0.307148514943964
0.0986390800170413
0.269278764823542
0.0890243018772613
0.151522487951653
0.279060459160951
0.117498969598423
0.00237655224485547
0.206991739877916
0.279830431354263
0.191144814202239
0.0611672068514066
0.217862457341004
0.121048228792983
-0.0131992720292739
0.0817308992077223
0.194926606453978
0.0829059983315857
0.0624728503143743
0.202282330115748
0.0889040828922347
0.276920172022058
0.104285489303424
0.0492057726692085
0.102357854415312
0.145363040840313
0.0452031863819643
0.301330474014411
0.060999367693873
0.171927663683473
0.196176668506783
0.19777902978755
0.281126115794809
0.340023977078155
0.19062698152172
0.149802787620047
0.198854577765041
0.14911189736489
0.328036704093921
0.164444096554476
0.265171413309591
0.177635627183403
0.12356041242212
0.199706388643923
0.204241149535048
0.250078764305838
-0.0115283836098648
0.255157473564209
0.230752003886449
0.187324137622093
0.0686473466919372
0.158767201204886
0.160609450159313
0.119877857151089
-0.0184616895691852
0.417818740586108
0.073043661299182
0.245722332167536
0.293306753577761
0.328218775549685
0.187857542423775
0.226611699102396
0.257569852361483
0.216177954362266
0.27348604878887
0.138271869352703
0.284382530036267
0.276372348705284
0.266317856911325
0.227677573020189
0.289926068303165
0.239536191399147
0.236159696958686
0.145975937830007
0.271086015533575
0.204355243999259
0.281968578637836
0.308828324619133
0.271789595161834
0.325050435498389
0.116501087410938
0.345107043391253
0.343131433523455
0.343525213875215
0.271095013213634
0.281430690464925
0.440161348931888
0.259079750244451
0.300544287732271
0.428992660570803
0.248428810572266
0.290997420330632
0.353692259624728
0.330326895714113
0.365740553405036
0.264070265323394
0.382311593011746
0.186561054832284
0.466880780563062
0.47516635024749
0.397860519938942
0.42894095743353
0.424202189906245
0.408264887197503
0.374465595114826
0.358856483875864
0.3754980974951
0.27987153576208
0.474515466399088
0.294592630350234
0.309658156645391
0.149060955201567
0.288644102097276
0.25379926538103
0.345126476061055
0.352996275632957
0.386593399054011
0.357369659023689
0.355569381207703
0.296561806887807
0.342423706135671
0.389914515929223
0.434050950268794
0.4701402598746
0.0783576107449933
0.238071311338489
0.418111153582352
0.515905364083478
0.452069216606747
0.385377601144951
0.291040408408989
0.273585762207766
0.24478505323427
0.50256956608445
0.365922509460263
0.570341742921316
0.482193714003007
0.312793765463605
0.478446035366061
0.363815438226284
0.392846313607193
0.392666695303398
0.424790559063856
0.231198750081168
0.334094690267102
0.433418306001765
0.427317277011664
0.455872659522769
0.44286287773168
0.411390952061665
0.525816380243907
0.37935088094992
0.376562315117935
0.514651235074714
0.470791796913404
0.567682604909946
0.551868544405617
0.361829522964778
0.588321799329149
0.328269141648529
0.636472065677297
0.52184031394898
0.528081770821789
0.438522740451654
0.453606526217371
0.410803850804557
0.385134220548009
0.609553126884241
0.487810594532177
0.322518918376413
0.380948216646619
0.331200393149391
0.3738289876177
0.457028416219716
0.482214156834242
0.442101196758916
0.496384226028348
0.375205576061932
0.573005294088069
0.464862080034299
0.535281994068513
0.34808693225319
0.371040959500193
0.521802608048803
0.51054746359769
0.424781130140333
0.396076334054355
0.469280366218011
0.527121188283304
0.526102371075905
0.534750057868011
0.389929522055935
0.459109348164461
0.518221751964867
0.55941521122654
0.494780992730706
0.539661918603091
0.626515085984682
0.402573735845192
0.600443785337508
0.579887214957095
0.444644964680289
0.557647210142517
0.705565004234856
0.457888911374633
0.512611331322506
0.4136508357096
0.55714044013415
0.549507373476267
0.642899149959095
0.506849125790114
0.667589561447198
0.525637469046824
0.410713094564084
0.544799940390086
0.54632018524169
0.587914867259724
0.536766163711126
0.541316978629079
0.648602717416723
0.548695404470898
0.528180645217095
0.541554149080952
0.661644288552174
0.596276109204297
0.581679835739926
0.597889809826158
0.570069881631532
0.589122627512331
0.560962003580253
0.511984986524281
0.580378048223891
0.709856020322732
0.550308002082675
0.683575690343749
0.503472392036699
0.587178917996354
0.501849252302917
0.657106685258161
0.610272174027165
0.437578739768596
0.747120408133599
0.792124211175207
0.751842037131504
0.635537623421338
0.547513341963949
0.72001591778729
0.699680798616211
0.48641205718276
0.651161830958826
0.63568488048244
0.665794548063613
0.706627391785653
0.527569206371692
0.682293223280915
0.557595849173627
0.624946075325663
0.736009992208315
0.670435588737023
0.729946830965912
0.532787003874554
0.588752366333674
0.687819700625972
0.543750992410915
0.641765532276531
0.725895811169258
0.66560279884068
0.611779110317994
0.737516770177604
0.779834512286613
0.730758776384589
0.666603076795423
0.727477125812696
0.772472965149083
0.498473608730231
0.824276450899218
0.646075806874793
0.820909937611811
0.648250391845262
0.786945827323201
0.639320912403038
0.65583986642778
0.662893715567556
0.633603628285696
0.698756391273826
0.678043651622572
0.820538293684669
0.69065470268528
0.636978957574475
0.674001363327209
0.781109234079236
0.635740031416912
0.609243041198841
0.875287475159319
0.66095724936225
0.706553986204578
0.775904215585856
0.838292172778877
0.599987589053075
0.632814304181989
0.558238638071743
0.863928087548506
0.606465482519811
0.702712870547106
0.639504430987419
0.746068269484308
0.775755094506643
0.863329404908637
0.646576788123174
0.665577178565269
0.735542282753137
0.861404240172882
0.772117818145407
0.684546185089659
0.775409507564756
0.807337961946509
0.66982139214115
0.674318285620152
0.792279204679157
0.753630107544373
0.754335001279352
0.72653794328901
0.79070261571677
0.841120965074007
0.832368550489375
0.638113977173918
0.675761539388371
0.727606661593517
0.671835259100089
0.739167200812605
0.856985477236506
0.699534395911426
0.929335033262119
0.719133875936207
0.704904838434455
0.84844473132625
0.77156281912445
0.757867659090059
0.831319834269038
0.73953131382343
0.908536800194302
0.842541124455002
0.744820855742552
0.801128149155285
0.867867742886409
0.738173100778125
0.948595826134687
0.797235138950207
0.939651866885992
0.802867312923783
0.789058734068959
0.800102435537909
0.67979976625577
0.793901798620558
0.792337392358009
0.809835185631357
0.753203609365984
0.896276839300188
0.982511516837712
0.887540709225004
0.801115369077399
0.8581533386124
0.820331714777895
0.808226237063119
0.763549796615051
0.759088839561252
1.05499437622156
0.863574641167084
0.722967175235553
0.9349727316403
0.882396367998485
0.945668128968095
0.828060916217718
0.92551820281873
0.885263904992821
0.868891578599289
0.799238695767123
0.722344153484833
0.919439743772256
0.925285783276521
0.999939173786484
0.978301528315758
0.864146361713872
0.827895916590128
1.01551854835073
0.875974384681888
0.893294221212543
0.801692831037468
0.900059085423695
0.706829154667847
0.804688674272367
0.946823067652294
0.833245108525399
0.897528010277014
0.795881236909791
0.948195179256511
0.968525823376584
0.919834604390442
0.943489354699782
1.01624227024134
0.903621791183219
0.803143827237475
0.976769623126656
1.07669911443851
1.00950021872179
0.823323550898448
1.02240608782172
0.973641925802047
0.805206447781445
0.817887527181496
1.02378496760956
0.946054561177565
0.96834885695506
0.986410373822713
1.07961008281979
0.889684880849596
1.12414632758014
0.828013879853898
0.971540412514761
1.01558193946213
0.959048046317407
1.1553340909262
0.845759953159432
0.90437016997589
1.06797217294049
1.00990616210195
0.890570194434471
0.982910640648173
0.956848219948547
0.951870467350372
0.994442623223309
0.880768316559463
0.87781784074619
1.03919890785389
0.942797340527647
0.947017151234904
1.11226049439068
1.01144371759999
