-0.960904555294188
-1.01501643767206
-0.994704043037644
-1.02680476695189
-1.06436245944013
-1.12259202955823
-0.91608744636348
-0.897107915247605
-1.10199922726283
-0.806734577657137
-0.994574701850975
-1.02321054539993
-1.05506681325611
-0.998192263415459
-0.921738126790784
-0.916133389148405
-0.906201006803432
-1.03382811907692
-0.994805417049196
-0.96792926468424
-0.800007584845373
-0.928306736945685
-1.06372346348798
-0.925913316602777
-0.874315022212002
-0.891879929605462
-0.973465697031032
-0.981507117008675
-0.838021969186487
-0.897976258890336
-0.971635190904036
-1.06606966924639
-0.990586232420688
-0.971086944502033
-0.863666071430473
-0.839684551998958
-0.947068105763956
-0.783178145879602
-0.954023783312559
-0.875242349162384
-0.762485268471201
-0.847083948931286
-1.0612115379959
-0.960314174872253
-0.8998389361119
-0.880022235208459
-0.956679911849833
-0.898233763582184
-0.931152850633499
-0.806263141126328
-0.957829249533815
-0.991766329869577
-0.941612364600969
-0.88978415475908
-0.924637991683089
-0.867863008948342
-0.839984720685539
-0.82474711704986
-0.946929503578197
-1.06355728984991
-0.85949969345775
-0.984217420983779
-0.801106363958958
-0.758512499929936
-0.780961123578345
-0.843746631979798
-1.01006621147802
-0.823575001908219
-0.831619557204197
-0.782166178953731
-0.837633262703168
-0.903737806124984
-0.972727862032121
-1.1858085658381
-0.846725080458745
-0.839661321948602
-0.89837182645631
-0.96287934107381
-0.748498146089183
-0.810139527467746
-0.744556553320753
-0.866588049720595
-0.936692483855684
-0.886026822267736
-0.66057919533239
-0.776958277967007
-0.922721897446301
-0.846983349392707
-0.873976468531466
-0.943386783435503
-0.912326260596255
-0.759332162503159
-0.853116349637288
-0.734065473968571
-0.804107956934812
-0.78417397841695
-0.861597568111037
-0.705478470411516
-0.759822172210415
-0.74635122981695
-0.667312043051567
-0.728125239076895
-0.938155637089645
-0.846729934341311
-0.909976964546803
-0.631076485483885
-0.749917675278466
-0.718827832638698
-0.840699469221694
-0.652433542148938
-0.590120931909979
-0.712288852366824
-0.747873241921924
-0.956448079158779
-0.890481183762085
-0.913009658737096
-0.756351338114299
-0.731432715677974
-0.837926391225094
-0.734818036393452
-0.652733792536102
-0.893926678765549
-0.673038517493555
-0.831979184726312
-0.784558731075187
-0.708486805854784
-0.810003731520229
-0.632077307742248
-0.779236357862038
-0.741909411098435
-0.758529893954733
-0.772251075266989
-0.863137646610554
-0.684481234535183
-0.675264344699099
-0.741322105401998
-0.740173026635895
-0.73173953448399
-0.743425810333194
-0.759160886315445
-0.778980553346489
-0.658235905648874
-0.708680020969806
-0.68827507469368
-0.666499129234899
-0.567979503401897
-0.736543470772536
-0.681104495697483
-0.781329137106923
-0.591873281426993
-0.706496071713405
-0.798155885843009
-0.579041961746819
-0.766251231477603
-0.636696867599766
-0.641102903561195
-0.852776228565014
-0.621755565550882
-0.674132530181556
-0.579242852054019
-0.668670094460376
-0.67699752939401
-0.592391333973916
-0.709383226923273
-0.581341428720908
-0.677811442411753
-0.696708342231502
-0.633769096268453
-0.713296020700908
-0.60170796301897
-0.72273555438951
-0.664464016163151
-0.600364416995107
-0.704744826303198
-0.576349307704912
-0.52480582599561
-0.643494500842431
-0.737863678845232
-0.769029642955355
-0.695223324440269
-0.653448002052477
-0.531444287893514
-0.554150053223046
-0.5565576136116
-0.617187799533265
-0.604817195727099
-0.679435007154301
-0.533184122375025
-0.579407434212062
-0.753271122151366
-0.548493120350219
-0.612082165325555
-0.624667251950529
-0.635601374582255
-0.436419459249025
-0.77256497548644
-0.596157560026496
-0.574122047155312
-0.746377209056722
-0.570944175372325
-0.488281135250224
-0.691563756020523
-0.446819679127238
-0.661181700172906
-0.557143595041631
-0.632353046377042
-0.420887935165446
-0.616580976694527
-0.608384389163984
-0.612868643481574
-0.589955846805884
-0.727010208499366
-0.53828569228791
-0.553715936093092
-0.585376651424274
-0.541410668802625
-0.611477863292385
-0.52769771491717
-0.547650944083725
-0.591049747572302
-0.749850753578404
-0.656315694806385
-0.572552437588782
-0.486267811052835
-0.596606044776505
-0.599169818394025
-0.52553240511768
-0.546361435120198
-0.628729468807352
-0.595385213747273
-0.494464052146641
-0.542947938215957
-0.592425017148728
-0.624596720091709
-0.557079029636919
-0.548274210630496
-0.496731160092495
-0.634126589539403
-0.40645022781984
-0.50537729048263
-0.514093648680797
-0.538881553987095
-0.551755049975913
-0.553405042344246
-0.56469379742113
-0.554256632991795
-0.516172470301869
-0.590929900108963
-0.54958368055701
-0.477336430283251
-0.430460684796607
-0.502229220137293
-0.428010366229238
-0.454452472328697
-0.430658700314048
-0.440606159750075
-0.513613744183311
-0.423945118407307
-0.512933851805002
-0.598541368345751
-0.435356166779454
-0.551175182027855
-0.525853793612331
-0.545825297750015
-0.384291826416012
-0.256062775604197
-0.408490528144238
-0.43780216825201
-0.575131771122155
-0.46484767644617
-0.617035621421974
-0.453348835637755
-0.465094052978752
-0.41952270799283
-0.41628888150026
-0.409344979967839
-0.610728605522366
-0.475900992554982
-0.408240531158344
-0.350482979868624
-0.480555023571545
-0.364813712508623
-0.484385761617976
-0.652870850208902
-0.341877197865354
-0.5119111926448
-0.448304053312143
-0.426127550078468
-0.39156023645831
-0.432745416410774
-0.452990451487248
-0.276604104505758
-0.459188524320657
-0.353237519228934
-0.432683676674295
-0.283846408573666
-0.270723749279919
-0.449077547373643
-0.328265023892385
-0.25318024992039
-0.419423882195669
-0.326601051822306
-0.341248811715841
-0.263635569494072
-0.338628323735716
-0.311299518950244
-0.454343335561757
-0.420843775004875
-0.298049305179321
-0.474890308899398
-0.347917190787983
-0.410466588353917
-0.424708471687412
-0.388147781863268
-0.360327937492102
-0.360854316008977
-0.38030376720551
-0.396445082523008
-0.323412092410463
-0.412887519979391
-0.276945565001359
-0.434326051681989
-0.385344277084378
-0.440715678156695
-0.281288316584071
-0.449683966634824
-0.476741072436901
-0.251841661230084
-0.377826692745984
-0.233492636071935
-0.366984368621426
-0.447888314572954
-0.263078797376203
-0.527417355239531
-0.34677395527347
-0.193336661755252
-0.288679881763416
-0.376870700809585
-0.255901532799783
-0.33265163705141
-0.117289116617304
-0.368382828275265
-0.234479907458159
-0.31926541797349
-0.398777909823666
-0.2386156119656
-0.289179608531125
-0.291542893542023
-0.325812040730112
-0.355833675575204
-0.0620392715385489
-0.387061082045813
-0.352574355414157
-0.358868448466378
-0.231540287386072
-0.236533615733894
-0.384113442077736
-0.223032349498055
-0.388658242542116
-0.369690961859279
-0.252225838809503
-0.286701034140171
-0.364199011657115
-0.149482942815667
-0.236027921502571
-0.240511062723217
-0.248713275457484
-0.223229290427165
-0.243477643930743
-0.334929360955994
-0.321570520081191
-0.242592056684956
-0.268157140702744
-0.212973950835651
-0.328396129679276
-0.193893005443657
-0.27931509336616
-0.313411742205937
-0.282168468291537
-0.416282159258472
-0.323185308701709
-0.159254262319981
-0.157841555573618
-0.178427232788601
-0.22045290668538
-0.370687666216172
-0.299853680340601
-0.277847539333551
-0.335955476247974
-0.160101712766014
-0.248543138060031
-0.249180054520809
-0.132479576559737
-0.11453227040461
-0.207259190824681
-0.363772950180182
-0.0513952554464897
-0.15476821362481
-0.257827907540761
-0.367020907338238
-0.271841024656778
-0.255360080528815
-0.112570817181514
-0.21736588133716
-0.33123010055117
-0.192987273727448
-0.191616854710136
-0.208918738598261
-0.0928324760086558
-0.146902428525416
-0.250807600327435
-0.153206183929462
-0.188736791636727
-0.143230094693369
-0.263451580758738
-0.318338111817443
-0.058362908516356
-0.244273199498033
-0.153753869316407
-0.199666622339801
-0.28499261319344
-0.132957962877253
-0.23169363668193
-0.21098446765413
-0.0769469964237589
-0.12545388137534
-0.0583151005431537
-0.118172471714662
-0.270773604463664
-0.110166385406049
-0.300416243949416
-0.0444855598751123
-0.0876349076578518
-0.210639641096962
-0.153337065747463
-0.256123313216067
-0.19108793243735
-0.052572591708837
-0.180072104932294
-0.125660758341116
-0.155328683316273
-0.184642467923191
-0.0453298363985742
-0.0730318005635286
-0.255144170565781
-0.0705223578372607
-0.130412433483765
-0.151936667906416
-0.175010096584192
-0.284090805179866
-0.157950600776904
-0.17024789062222
0.00366506219492777
-0.0776694633323129
-0.107320591329713
-0.0536709219404169
-0.132569100462494
0.0100304933687044
0.0875053286559944
-0.0731892606692782
-0.0914350394041618
-0.0500292388488928
-0.207749797651005
-0.00921542676002668
-0.216841084830844
-0.0435603544309096
-0.103928556757768
-0.0885952063211285
-0.0425967651991065
-0.21125175069376
0.0126255055145827
-0.134092097110355
0.074270791213325
-0.0879397998665411
-0.0169576784557141
0.0537743483768276
-0.0817735500760325
0.0270661754197717
0.0178772429100613
-0.0441005314555292
0.0643096322839969
0.0935791768437202
-0.0391542585996269
-0.157009167533866
-0.112827277143405
0.078116479902856
-0.0852728808647288
-0.195048853439752
-0.113437062200796
0.0450025197882428
0.0541586305768666
-0.0963777847644521
-0.0590170311692638
0.0826974571219292
0.0645145211714249
0.062525079957528
-0.0910961118567654
-0.0151099153214531
0.0412711369036133
-0.0127347034735053
0.0696427514398283
0.0364656813111803
-0.00428971043394844
0.0694291671808861
0.0649922547071467
0.0613346395811318
-0.154702062069962
0.0572885569164193
0.0244286806324585
-0.165235601588173
0.0601138823335346
0.224602762606047
0.0760023688443008
-0.0221885315099909
0.0796391996309109
0.155336643997205
0.078363433214753
-0.0129292640554782
-0.140506519440587
0.128333446694597
-0.023906281186928
0.0948402927404334
-0.0460037813515339
0.0327062719225991
0.0878528458668795
0.0210083335397114
0.0985483969725723
0.0366942015068124
0.0683945911824761
0.104360056339466
-0.017785431055213
0.0739042718796774
0.179750302151027
-0.101115851507095
0.102009545104636
0.161072185928662
0.0422866944974472
0.0258952513555556
0.0879153866227244
0.151079921221414
0.102104208421758
-0.0372844023791942
0.056788093147854
0.109698329963852
0.190207330351828
-0.0841348934956094
0.196271320925144
0.100384902226398
-0.0493660265441116
0.109816239981693
0.155224130966784
0.221889796652599
0.135834840664461
0.0436928492519165
0.147834925718527
-0.0100566893608497
0.190674502981591
0.147496126640632
0.128532595585856
0.0692836292396539
0.0830488734765004
0.030023828961818
0.111316980271097
0.114546592522012
0.120136851858746
-0.0790226158983851
-0.0307830870577557
0.1097449040713
0.017624931949783
0.0491622488116919
0.0508644492412781
0.260687651974906
0.225505591202762
0.226919347162917
0.268820181060022
0.0903905372773335
0.0600640015101756
0.209730309229131
0.184825530863825
0.104577668907974
0.03908973316137
0.256605603203683
0.061603682139811
0.295534876718366
0.143326794212898
0.255205511339011
0.273229040021684
0.233443142941355
0.132840173244784
0.271354083745844
0.249217830181985
0.177669472515381
0.327367396938264
0.0841145903451028
0.241246223146409
0.0878971870106534
0.124540079509928
0.0845575419673487
0.313093876137937
0.336135878540648
0.283878931852176
0.181634557975754
0.166907075388667
0.277604709114789
0.0694288867533285
0.298610320017718
0.232510597842814
0.28193709404162
0.174454920987534
0.0462620788788392
0.331421936572209
0.151346350949576
0.260420604034249
0.337988150903183
0.0642449703572513
0.262455434023279
0.202202908860243
0.00879645597148673
0.112929199208526
0.457130622705893
0.366096245586317
0.216546909683982
0.161552222657711
0.237104041437435
0.403940240088734
0.303417027250932
0.119384991788736
0.119572352630199
0.160237036538114
0.396557823144379
0.249618884503455
0.336517266692715
0.175898651593511
0.226350070670115
0.208282761280977
0.259057439752385
0.175481877261125
0.36175749414085
0.402184109964896
0.389009333722899
0.174095051712033
0.311228887081048
0.342959693082343
0.399569717620264
0.25530142302351
0.24788891934165
0.344880321804714
0.249521074271273
0.335188973984546
0.240766490405929
0.219419278773722
0.47704452718082
0.373554387155391
0.232432901361149
0.284275252857121
0.340126513592786
0.297207388400452
0.38536795495256
0.264987077816556
0.374622500766257
0.425725752595159
0.400620390984614
0.298374859030154
0.40841669700148
0.45533273220516
0.202817076487988
0.266041977638437
0.363470352150711
0.291414570051478
0.117110108682241
0.322414221572898
0.291664632527177
0.338043188040928
0.216850632929085
0.415531321388586
0.287436486686134
0.309602884205484
0.440156744873199
0.363581609937014
0.180104118549029
0.337697595983204
0.429774117277619
0.339127086266806
0.399178762513552
0.320775648126012
0.32746013562117
0.285344487008297
0.334051744222953
0.340464021915537
0.478522556625052
0.402954661491213
0.391755562410505
0.346041431929299
0.415567800451398
0.279013730168906
0.325908787527759
0.238846878589405
0.289580855698327
0.378326867205715
0.360949219487675
0.294972085793847
0.302179133713491
0.532053177812967
0.319483011976184
0.286223324006513
0.414243179045607
0.286356209357705
0.229559351249911
0.545773928518961
0.510382490671449
0.473146714631717
0.460102149554586
0.400660448522965
0.27803607234897
0.448177975029787
0.512601401799021
0.404914169782612
0.445879640398357
0.467530573101183
0.32513219036311
0.36943875742866
0.532586181851265
0.418227056117165
0.365320961537272
0.356526608005252
0.399041076359885
0.451136463008269
0.48385725103706
0.349391079083174
0.571055512432023
0.481203921068023
0.49544185823675
0.429314908250253
0.521217915642469
0.485281989600799
0.440920218450998
0.463154697425165
0.3678168822755
0.438029196088931
0.516125687791281
0.457981416240463
0.505317585273487
0.546920891838045
0.495440111069478
0.47366465705508
0.468792900004799
0.464269105093467
0.483106369606268
0.500841978888879
0.505005296477602
0.525678193179017
0.646641567795386
0.5916143437941
0.493076427378958
0.487979160601079
0.547413609235533
0.568292596445211
0.520825227490092
0.535745490551303
0.545007525643471
0.607964662008146
0.525559985307024
0.567582007736824
0.508875028090615
0.537854640797599
0.463476967898009
0.540928945912131
0.671374076584899
0.466281849078032
0.497685883554588
0.500404981191046
0.609543414769186
0.595708170943263
0.619736835014459
0.604462883068827
0.633149172766119
0.496535814513522
0.624485631967821
0.585868624774814
0.665689576552573
0.444644832986235
0.563672555222188
0.829667738391858
0.511933553331988
0.602440915976515
0.594012056236879
0.735562541805839
0.521057828645413
0.560394024363389
0.592325395496649
0.541411404433726
0.620361438777796
0.646027146412267
0.564996819089596
0.686941019474522
0.630043419878467
0.67040586663879
0.701675887265204
0.621993563868022
0.454394782850968
0.480008813687879
0.5539804549399
0.582510084172452
0.678314694641533
0.566970960180931
0.683355291304394
0.599742708818421
0.48555906291261
0.710461047388771
0.6670219490312
0.589103171460209
0.583945035040266
0.61562841217142
0.553753532555971
0.425003263641694
0.596124762219696
0.580546477799136
0.501748956393067
0.599381039743837
0.59993498075694
0.58076556844135
0.557879525250907
0.640842913856336
0.716667161795668
0.682698322696423
0.573120889983285
0.51653935499188
0.73135932613482
0.675094609918008
0.539871244909451
0.468632240366382
0.729467040897284
0.47477263498326
0.812417626045241
0.608464512212796
0.73059166906343
0.787932267935199
0.724976079064342
0.618323915095676
0.726164069956946
0.744272166922669
0.736279912158446
0.7337717830327
0.734306699572182
0.600306172948446
0.63244437702933
0.547061729312794
0.668320094434302
0.520100974230446
0.736161530103243
0.68895715642695
0.725541143244482
0.597701976433398
0.555348664256069
0.703551647478973
0.724287850374518
0.720843291639345
0.681348593204852
0.558568296889151
0.701927568603942
0.694663172916406
0.717823279634865
0.760365312389149
0.715085491155924
0.788412352352996
0.786416754695697
0.766240526818277
0.839292577722981
0.684086395237875
0.742292931102478
0.8716575782982
0.792744581755271
0.758486129059405
0.672024439813937
0.687513839620192
0.696659404315693
0.85583205058744
0.816645265972039
0.818076902182039
0.8453578555403
0.755455609337675
0.730112678359991
0.798133695053268
0.663156320365446
0.789019628874904
0.828531341751927
0.790455949719166
0.812494861739339
0.806265574453002
0.705296950734798
0.780137610989389
0.947070034598475
0.614672469785911
0.630012126152418
0.64718194945342
0.892433141650091
0.884273447983015
0.878405960665722
0.764859132024799
0.858101355931353
0.748794305138363
0.749633820874895
0.847081363336986
0.655844389433959
0.621496625993417
0.850107880098056
0.815571426215846
0.82289423471729
0.730969112963903
0.838572413939471
0.884134729138851
0.868230789983074
0.734337577458143
0.743402041415731
0.836310844042254
0.917809497745628
0.864453054386756
0.778704473208218
0.854308841145233
0.902135161962664
0.739299443556846
0.813929077630095
0.725802181232712
0.917990252052371
0.864994126020626
0.974574486666068
0.711326105429783
0.866553453328601
0.821743451135424
0.924574630152074
0.675653537433259
0.926258617377517
0.883348911681561
0.748895107345687
1.12102169652139
0.799909990170432
0.943333992105803
0.983979333106708
0.919849426296899
0.895798557165713
0.847998654768661
0.892993765698367
0.829633407172795
0.89625119120796
0.923677560857923
0.948009328910001
0.788538768436253
0.719689952988094
0.940103065894838
0.74921837881339
1.09509974271279
0.970348015232224
0.837919162477454
0.803508692543289
0.875651660003077
1.05128259615437
0.857817325744913
0.867576984123942
0.960255982614543
0.800723745337138
0.791409266097471
0.959148815347778
0.761096572212837
0.930610368815859
0.93309273439218
1.00463748202149
0.937347650026994
0.944470255030892
0.975529803172009
0.932512716391142
0.831028325313982
0.965247022189702
0.820928877310745
0.989849945216379
0.826566321676099
1.01330481837095
1.12349581268317
1.00963064463578
0.867770493767884
0.749942822514537
0.908144848026409
0.983556763026162
0.992953740257577
1.05426629438436
1.02754208961426
0.951797087145476
1.00556178041066
0.867544896770768
1.02567387597425
1.13501545510803
0.993312398281033
1.00650640129308
1.02864336742695
1.08434590605471
1.07320126446009
1.02623839957197
1.00314595475033
1.10305588131729
0.91315093968178
1.06204922204136
