-1.01266691105331
-0.911151530025683
-0.967784359772856
-0.954383478661535
-1.01998039108526
-1.09524205773304
-0.989652382677582
-0.828154197922284
-0.914438354819786
-0.982042390561704
-0.995828360075144
-1.03890893679002
-0.960539421584553
-1.05153188955735
-1.07099588493683
-0.980618652299069
-1.00433438027484
-1.17112878582604
-0.998578112555415
-0.994200189002544
-0.995702097753423
-0.959859741765195
-0.846671417149361
-0.939285624344044
-0.852284153498359
-0.968043948874501
-0.89504196789521
-1.05264003200886
-0.9472367594154
-0.770795456845424
-0.882193131752307
-0.873066103995852
-1.17553062102097
-0.859653688986692
-1.08453816419235
-1.05177846665818
-0.829190241944296
-1.07871033147837
-0.935775396964023
-0.807730671734766
-0.967081725164199
-0.870178780135645
-0.715798230669873
-0.725301227946643
-1.03479338281438
-0.845771783371814
-0.989403792651252
-0.99846563378279
-1.08704772575116
-0.784490955095726
-1.13546298264151
-0.975588265960059
-0.970742952902155
-0.702713664432874
-0.931074195419772
-0.799633688908058
-1.03706154938375
-1.01013105103811
-0.748707414766206
-0.936436232497714
-0.785508407420781
-0.975704445800793
-0.839138736734809
-0.829753501179392
-0.853313565818555
-0.811125361877209
-0.827941209074805
-0.942191695325399
-0.826329855502778
-0.805414444623014
-0.923373828759326
-0.812421880377694
-0.930474636233167
-0.689556454667193
-0.757623736667234
-0.742499308974701
-0.821172761934046
-0.742580888587428
-0.854935042065668
-0.816798894981396
-0.83363624413876
-0.769896608819532
-0.891607949627535
-0.763550574568137
-0.772856877124982
-0.687259665837181
-0.744293448345551
-0.999677765377518
-0.869802374554087
-1.01047455195718
-0.806167533551486
-0.794400299861986
-0.941664698583247
-0.794596395514765
-0.807613192203584
-0.673426143749534
-0.777801983898557
-0.905427071932118
-0.727358340166799
-0.801513770433481
-0.793575457640638
-0.849755151396384
-0.851236137256639
-0.817624243015339
-0.8062947686655
-0.850206392759176
-0.798270676534321
-0.958000082161812
-0.761366724442792
-0.769296377850261
-0.78223131438703
-0.824462070235849
-0.703262754713503
-0.819777261474576
-0.748128802085693
-0.675526449243867
-0.78379207856165
-0.622971699571591
-0.751577534041265
-0.664617817580683
-0.748413170844275
-0.830311013322955
-0.727754058253434
-0.858182232893786
-0.663731854047764
-0.652102027253458
-0.806461175190281
-0.759426484217634
-0.864997275348248
-0.680857560321103
-0.55711188974854
-0.755918699159524
-0.66367801330012
-0.880944269336456
-0.484925766899527
-0.750430203801628
-0.766151993886388
-0.79470523498577
-0.676168426130403
-0.637638367732634
-0.580159649427035
-0.582130227588046
-0.677944552991635
-0.663665974163346
-0.820074927969062
-0.805408203508926
-0.745113652558591
-0.706443079458569
-0.6658958481244
-0.852009444031488
-0.696338726277587
-0.741049496483283
-0.690033701602845
-0.790526553550477
-0.659976618877677
-0.633610843732163
-0.771014546690049
-0.611349001058009
-0.674814909967843
-0.687959549205565
-0.631978464079113
-0.671391571753931
-0.762760290465528
-0.707933261367177
-0.582553735359836
-0.602049905307294
-0.84239204659962
-0.528300434400446
-0.712652246914444
-0.635078366049418
-0.681882262415414
-0.672390173543891
-0.598336257775169
-0.637201264671753
-0.586913501643528
-0.662834664101834
-0.659306970714257
-0.475819167228535
-0.787328529832503
-0.643395299429497
-0.684742389475044
-0.579602833236318
-0.647119022173724
-0.534715523676639
-0.603431527386752
-0.56611434791
-0.672814052514608
-0.526091119802441
-0.651357032038144
-0.586573700430288
-0.504662373055341
-0.726412443393114
-0.676536742526164
-0.624016825721693
-0.591125650678336
-0.734182702685889
-0.572028094582106
-0.642507107538266
-0.665351078423705
-0.718149606033061
-0.472877007223249
-0.559441844791317
-0.713295058068589
-0.614762445150049
-0.688349856714953
-0.62688073622326
-0.774327188471214
-0.632498989100707
-0.578648317571045
-0.529145055769561
-0.636696998187938
-0.54497264375756
-0.588199460323366
-0.52782574455562
-0.571682677233266
-0.574869502703912
-0.58538050560606
-0.620631782005237
-0.617641876198795
-0.698229876306541
-0.537249817662193
-0.57512848228661
-0.590834541926026
-0.601894997482677
-0.47726240454568
-0.463897526150119
-0.638246727176608
-0.542732356946499
-0.602062932731814
-0.532806830118623
-0.348159871113761
-0.506620871960957
-0.390213453262006
-0.605823464993799
-0.44160464778504
-0.655205275383418
-0.498949769145
-0.510008161052518
-0.529315065111885
-0.597162055673772
-0.483831442661106
-0.523931194814107
-0.626604051195021
-0.619842846723776
-0.420461995192193
-0.445771849742253
-0.445149974936946
-0.554295236203313
-0.426913544382368
-0.468204970543357
-0.517237237178705
-0.495782002752754
-0.429924072271039
-0.587030349089212
-0.610063874884098
-0.543011898090262
-0.451712129684733
-0.430044576669356
-0.454872641961354
-0.386709836328618
-0.43509597420271
-0.612624777609216
-0.376211043374957
-0.5633140335762
-0.592518512587502
-0.486539136645028
-0.419793238833424
-0.262697257434309
-0.341246332297586
-0.302707537513726
-0.393881608031578
-0.437338328074331
-0.488113068179212
-0.542441478107583
-0.370931039749452
-0.471898915274135
-0.530950338383888
-0.432273067589288
-0.421573638298194
-0.45669670023996
-0.483223373677641
-0.356493428975985
-0.499483834852849
-0.254680867079565
-0.373432088308589
-0.393759481600628
-0.445344058587826
-0.460699138255749
-0.496987349456958
-0.340018185723763
-0.376460366104824
-0.473249664965167
-0.469105668028823
-0.40604312600098
-0.513045217073789
-0.28113211371363
-0.435021549773728
-0.43682658476275
-0.60760577514858
-0.42067562753661
-0.433471657513655
-0.40273061085738
-0.278971516765962
-0.310637239976545
-0.370931016608544
-0.371091623965434
-0.3142086876602
-0.283935432561866
-0.334765978889085
-0.337808233791411
-0.513904510075935
-0.43974180920494
-0.148119682876462
-0.511696118487839
-0.321779183405406
-0.353986760635081
-0.401439306699081
-0.439378892172125
-0.441933549376636
-0.364822541582076
-0.365813295371421
-0.32172868572938
-0.244546266326616
-0.371824508746534
-0.349492669755262
-0.301987179404947
-0.108820988160629
-0.275699584230609
-0.339376377200843
-0.160177225014541
-0.496352647116385
-0.402025232268951
-0.314499865785445
-0.271000394451981
-0.288909810436911
-0.235775375392417
-0.429793949483582
-0.297682560070619
-0.342653549810175
-0.373000522598517
-0.292469844960937
-0.206464595464366
-0.27429584239505
-0.44768783550051
-0.207313658020539
-0.174689927707676
-0.226341580931571
-0.21583706020717
-0.362979845384088
-0.282513612417054
-0.221486916769343
-0.366587386694521
-0.229523369179125
-0.317880522781236
-0.295975030032803
-0.28982610938932
-0.215762846593087
-0.312680281912206
-0.233462665021255
-0.337238759182702
-0.394439072917446
-0.342201184165307
-0.333657102435838
-0.20164822809367
-0.170231944710941
-0.1797683733061
-0.341771573432403
-0.283704431980597
-0.227656922035259
-0.160257482149492
-0.305901876541433
-0.236387912875471
-0.448409459992634
-0.18802726504445
-0.324046999689257
-0.292874284672507
-0.175396966680694
-0.295522084741332
-0.232372396878983
-0.274554257716862
-0.359923415933839
-0.248046340867327
-0.243816575343792
-0.362967213864179
-0.265059259176623
-0.261488976148756
-0.372827015337156
-0.217680622362284
-0.0791916759250739
-0.230340031012967
-0.185635202546258
-0.300768875108044
-0.0660136625397906
-0.120711567292872
-0.284051372775957
-0.312582806330368
-0.132818750245825
-0.219875094559171
-0.365653792011985
-0.130196706343387
-0.198670284942816
-0.235498309378921
-0.217087840510021
-0.23368360301123
-0.294260026308438
-0.144934994376414
-0.0793567752772288
-0.315660196749944
-0.102217559194599
-0.14795815776181
-0.15223510920408
-0.243676391825467
-0.183818895185463
-0.232131797916624
-0.243748908984728
-0.0648752465195733
-0.21181509021968
-0.313051586436945
-0.219995230879905
-0.152555161694482
-0.0443155529520077
-0.22316426467764
-0.182715055749894
-0.200980058566491
-0.256104117304031
-0.192584674932208
-0.220886308695446
-0.157141900627927
-0.136316605367057
-0.0740534200369476
-0.142484958496444
-0.121554531028728
-0.210606806736593
-0.10858948873049
-0.0559531687346734
-0.136487274147492
-0.11240669059184
-0.360057202728109
-0.0824122905785451
-0.193724814751016
-0.0565573789110659
-0.161523973928251
0.0231656413883748
-0.114965471880466
-0.0476305471129699
-0.149444804879619
-0.110239035334688
-0.15272253113316
-0.0927252260942823
-0.0473613119726201
-0.275166270705467
-0.160996243875293
0.0721400132507979
-0.0486209401214561
-0.0388650296949277
-0.0912013988245643
-0.0876495934218683
-0.0633252656959407
0.0253600185235262
-0.00763851517793976
-0.0591437436293686
-0.130181556190978
-0.0429317832581469
-0.001561858094262
-0.0927732060389174
-0.113855138945067
0.077956615701981
-0.171231564319539
-0.0279544952929166
-0.029610175356901
-0.0892182979897417
-0.134752893012445
0.0360738549154889
0.0477850909898497
-0.0419245293858226
-0.158739171560003
-0.29407626097145
-0.0659370606839351
0.0638815351352354
0.00414003298733291
-0.0152176816256124
0.0372107476112541
-0.124635938527959
-0.0721564973410911
0.0296701983518785
-0.147298329986247
-0.12407854140481
0.0867991002697575
-0.259834077332225
0.0637951057306248
0.0214425169539553
0.109752864358472
-0.10936716709071
-0.0544842108360877
-0.0640334377700636
0.0982575491731267
0.00515808464776092
0.0229706569608521
-0.192652212902115
-0.126148387344631
-0.0538691936488927
-0.117321974062611
0.00270205185086479
0.0223413464136784
0.0722428160877469
0.0581060303331766
-0.00802826138308888
0.0857999660137553
-0.196579828213777
0.0188278303239941
-0.12465179699487
0.0603785851394371
-0.046608840412134
0.0977329884658137
0.0576419473205839
-0.0314425555883209
-0.0875264726312052
0.112731531927448
0.0386892122769982
-0.0250873882494923
0.051528187808025
0.167916012066339
-0.0665607555862785
0.0856478656029781
-0.0029944095800593
0.0782924593019846
-0.0767710631634683
-0.114106410880306
0.0936173006855912
0.117461973343473
-0.0471450747607391
-0.053288694798108
0.153254523484437
-0.0347849836728775
0.0815240422037454
0.0400802882899284
0.262294591644213
0.0685427251180055
0.0130366033035324
0.0379130172500203
0.166949534040978
0.0454860569761356
0.0518702211061886
-0.0501871329646611
0.00749793472849927
0.0523166078467241
0.0932921727375539
0.0919992178198729
0.103743630245075
0.195815969157339
0.0784471385578282
-0.00921035609795618
-0.0747135374157753
0.0240269459087799
0.153075900117263
0.102850426867669
-0.0262518639936586
0.146935743799182
0.171902744012911
0.0522966850166036
0.110683125215817
0.0903211346197922
0.19035238849737
0.264171290260211
-0.0292274896448707
0.255454069104313
0.195860617825364
-0.106436894014792
0.146993403268485
0.138241929609299
0.0951001587711125
0.153411388111204
0.222345544366026
0.0800798837153134
0.0436918403526509
0.0804444665671409
0.325148422653455
0.256133635220098
0.170585356507475
0.18500514822459
-0.0317621507456672
0.251950870903443
0.240106806169323
0.0519409497948247
0.0924805000710684
0.080970910535145
0.167671157809819
0.20496327889471
0.193989245704894
0.0651871178389204
0.13184813804425
0.29834185892267
0.14346116592773
0.237753031300523
0.0769694371209903
0.183422480322531
0.292771856077741
0.244144128453523
0.162436272849033
0.282292226000859
0.112700141298241
0.338323289995196
0.14050933426916
0.316862151942441
0.204535874140895
0.015057997781852
0.183235905028494
0.295662270705559
0.290053294574633
0.346045088638463
0.179609793617985
0.210001646377533
0.363361751366479
0.30869085146569
0.310632929771035
0.169284615931021
0.0992435855276355
0.279058754521906
0.269000356752681
0.0213514677056588
0.236461507850382
0.242934852548435
0.181008993203987
0.292031847451278
0.184157217727288
0.275878759655912
0.135812531623302
0.276826645853067
0.207507898626603
0.371089254137867
0.407360154239737
0.236979144833299
0.0986105144262498
0.257454308873465
0.258748741699091
0.331712139974642
0.12929603995926
0.420572088140547
0.281082424242447
0.227826270677496
0.157918558017524
0.292043442201005
0.263707119056605
0.280236414165045
0.161456177649074
0.259541982501445
0.264099002503603
0.359777438607414
0.237590602432623
0.322951746153623
0.389188943709252
0.271358072624219
0.435976322078432
0.437991991434093
0.323652304460918
0.358624367601316
0.300876837664858
0.339290201811603
0.410535629817349
0.243024235867585
0.304187328501812
0.291978600459494
0.334624996574834
0.378806920439171
0.548760962426311
0.439175128856274
0.332186174608299
0.346163717792507
0.30067217086813
0.488008787395789
0.312071682029065
0.379987269623441
0.328192464892437
0.443853825219944
0.233653065659771
0.419442819458152
0.210050665288443
0.265217570642316
0.258752514685903
0.282480701987944
0.437615067289045
0.216786856405959
0.353311344869278
0.311521535684759
0.362532881137208
0.479689550012992
0.433612984293922
0.325992776475172
0.394569571838951
0.410036305849839
0.303796177433379
0.392113484692231
0.320097455054141
0.299585982272059
0.423168510179947
0.419839411189413
0.370419166688497
0.487890195746859
0.472256230318384
0.244592645748264
0.465159865651053
0.515690185985598
0.472042523337432
0.408634175136258
0.318717347207667
0.3949449478372
0.368492743744753
0.407668701900641
0.233877482660917
0.428826976861352
0.549444050251523
0.360276443119718
0.450702894164741
0.576202780164396
0.504112332097089
0.46089786778459
0.354049083808658
0.523295008007062
0.33345475000124
0.429346751529227
0.475047015437443
0.319108153508242
0.48227466878357
0.364095228828835
0.468382831066465
0.372415207344935
0.566805363615147
0.513290559795139
0.355585891390437
0.428889956804605
0.485462072564756
0.488494540180198
0.490522833541849
0.526571091631714
0.378192027295168
0.440376184147046
0.475204809514415
0.594829727495388
0.307345441569363
0.476248572656104
0.423510541454463
0.615717234046243
0.622813225331456
0.391605406527856
0.69037536866638
0.505667461476832
0.533323903591953
0.590525265220374
0.434980956218706
0.460590204011393
0.446645677580928
0.4967589034772
0.497025031909727
0.464407635033633
0.517868838454626
0.409725806392325
0.51161466094925
0.546195967516295
0.402899381813456
0.527671490783333
0.561736872292698
0.500598910175393
0.557337894727175
0.499387456495978
0.497032683148717
0.492187820713684
0.621900205110379
0.533510891358801
0.638065955829432
0.467690407975213
0.414656994023681
0.54565762764642
0.515615380899038
0.523342066806718
0.508206188590555
0.545371992649108
0.507484401409425
0.50777424549585
0.587465923943864
0.570742592371524
0.548393948929454
0.49373464012579
0.573556882934007
0.456763887389346
0.5684332345203
0.492050789867745
0.577002651265862
0.711394840313478
0.540980790642706
0.64836995583084
0.539581131774446
0.512875131777597
0.595523483249319
0.680426757294269
0.50640853146968
0.506770281233995
0.575400079649537
0.618178822123185
0.473268448395175
0.595631697304576
0.512741831010507
0.681012826152799
0.570738667150925
0.608399763643378
0.582749082371183
0.703345815331253
0.570158858849869
0.551152721817447
0.481544631596386
0.695435309477636
0.667800679387363
0.56887746130506
0.685227990251066
0.783944594324678
0.670087633629371
0.635644509241522
0.679524748630234
0.649369575418384
0.508111770570031
0.5810180739985
0.612879829796929
0.711052382469676
0.569168763160704
0.698620790493907
0.636633235244948
0.504938126606987
0.749619182305233
0.694206497144066
0.754300116337089
0.702762225250627
0.579920437342966
0.591189262575734
0.629270732318016
0.788147636506608
0.601731424770839
0.649045387682067
0.687752622657693
0.860106000714793
0.645431946225833
0.706193477450537
0.728139014254749
0.762571060614492
0.625003911045391
0.776640856143143
0.659804284975777
0.83535742905361
0.654828328805971
0.828906661740434
0.69170866528211
0.60321115519222
0.701193736250003
0.648220545912622
0.833265434211486
0.678901578264529
0.786504097538895
0.972350568104014
0.812633549490116
0.564872166242248
0.707965569697205
0.772598280990567
0.646871720225737
0.618436590024293
0.644938422064368
0.906970412640877
0.760631737112457
0.703138696933226
0.63748441333451
0.819717235676284
0.735659340416079
0.689620983098776
0.706708837373922
0.785404222038867
0.707239564901149
0.721810796331499
0.767616007986188
0.627014212599714
0.811968405501406
0.755784662096132
0.966396853169194
0.718871531549941
0.612796344577071
0.819023376040041
0.759499495038015
0.711414796784083
0.851248916489186
0.891758543729318
0.762039660918936
0.558611437394347
0.887699222171201
0.727165257102158
0.777543170727585
0.728571671530895
0.891715529207361
0.711941305057843
0.814099527327086
0.814995800083889
0.71779755893776
0.86409624484027
0.647178891205963
0.882291910834334
0.893302000398058
0.720078576684116
0.733648580807298
0.807337264679694
0.745827195678282
0.656205416078797
0.800930901928473
0.892983949823253
0.799909895427978
0.826871617212901
0.86799622064998
0.843566953093498
0.885520283876222
0.860355605244828
0.843160758627738
0.679908684297227
0.825035364292288
0.870484651166888
0.906707503218858
0.800645160831441
0.894066244230887
0.947256634994958
0.798089200936304
0.849672964646762
0.874256179797597
0.992656433697005
0.768285482088839
0.84239894577516
0.804702540930803
0.800732832362721
0.846644059126895
0.751189822118293
0.831603767632411
0.862993294470595
0.805815383956692
0.695177075661055
0.777241763042297
0.822637733829078
0.8162228999216
0.788991861061151
1.01743349835248
1.04380911370269
0.929833673129689
0.855720441310531
0.774468610483798
1.02554850894253
0.803871447968193
1.00455285054382
0.931763899955003
0.767397266590905
0.971212184971592
0.889391296056104
0.810292541570736
1.12143410823654
0.723149536423288
0.882930596637646
0.878153470987232
0.924501959864632
0.910803845194582
0.894404139968045
0.973626168953629
1.00314466744235
0.938644805775624
0.774442457232938
0.93843578119334
0.841146429260082
0.77160161087836
0.976630341902635
0.874515455183225
1.06706494071037
1.02555548340884
1.05325370430255
0.963865713509591
0.822809648802167
0.91876052832863
0.93223112475436
1.06758388067267
0.786007876532025
0.914976244334478
0.920575932939347
0.908699741998301
0.860733169502946
0.902646997308993
1.06236956287761
0.992546600108502
0.930920303151787
1.01272808344554
0.997452278940151
0.878599626899687
0.941485823768003
1.03264878846284
0.911389073416974
0.971047409882761
0.923047525125912
1.04635983198713
1.07759175211252
1.01961151451412
0.968724900839413
0.965304034991071
1.20678215685614
