-0.902443079833533
-1.09509304769966
-0.991110044820142
-0.911279395563916
-0.963102581789582
-1.02147629929139
-0.987114256243506
-1.0577408376761
-0.969807672858112
-0.880217084373349
-1.05064085522217
-1.13872809043638
-1.00833511155252
-0.962164391062171
-0.939885239438688
-0.925598179244784
-0.914465347461666
-1.07095487212272
-1.00178352890272
-0.745662455425674
-1.07178731006631
-1.00405896007548
-0.845274513395049
-0.871926191358151
-1.00860064428452
-1.01412057141347
-0.894626274416357
-0.806930055658403
-0.971860567779646
-1.00464211091075
-0.828454109081778
-0.860144642396146
-0.958806158983397
-0.912088570965537
-0.954377601952797
-1.11451398257561
-0.79713492492433
-0.994949264397864
-0.798252903808216
-0.881895803685291
-0.943886174217598
-0.923237922163249
-0.959229724131091
-0.878892500356201
-0.99114206667399
-0.946623320809897
-0.831763256888617
-0.919607314747105
-1.06577973586225
-0.984707359964272
-0.914113773436562
-0.897003350940236
-0.849857109431695
-0.918220726830912
-0.758827475095878
-0.852724132554221
-0.809138549046643
-0.883769568619565
-0.89616559958772
-0.83723174458574
-0.874748152424086
-0.867022667192198
-0.866975981160558
-0.920662453350468
-0.798248856770997
-0.928844423878862
-0.872725130251865
-0.885006745522082
-0.772087263724497
-0.780406863454511
-0.776446136419935
-0.744141025555057
-0.676947096131766
-0.916289473775006
-0.854489787444394
-0.817355795803382
-0.851069344466593
-0.705159969379124
-0.948745428961937
-0.725365551670645
-0.871923694421894
-0.830490845751006
-0.811181193649296
-0.770536831261294
-0.846782436669903
-0.788152862925637
-0.943901013851145
-0.84581109045661
-0.726446884433393
-0.638489881991431
-0.848714977478645
-0.718877530275327
-0.71346456375769
-0.877767104264854
-0.82151161781602
-0.984428671170708
-0.720748762990111
-0.832537064930507
-0.739094050188829
-0.777888267959568
-0.699706395717979
-0.849765269239062
-0.691663759913508
-0.885730382955675
-0.799580790423508
-0.725921259465465
-0.671113015921523
-0.650982944227631
-0.858502170293956
-0.90602885958497
-0.656587715627889
-0.842952180877406
-0.647544193581177
-0.753459375236382
-0.828822572452788
-0.779817505734535
-0.751872919501653
-0.752192237556138
-0.590607846862146
-0.612776757270987
-0.592522311910521
-0.672074387308766
-0.752064931202249
-0.72044882677911
-0.838178847790165
-0.789419176127653
-0.562276646966187
-0.741931357175726
-0.746684120583824
-0.606260442041584
-0.724435232558034
-0.815560298057034
-0.549400688238356
-0.87295135026671
-0.719927892541101
-0.713915888491348
-0.774517193003429
-0.684798793816398
-0.790520119358405
-0.821994433466622
-0.798929943005798
-0.737311936049212
-0.756126722531085
-0.745446968285465
-0.743761912390846
-0.740842241412731
-0.731247571097625
-0.691784839649654
-0.780284032406321
-0.708491866332055
-0.582393273213219
-0.761651127366824
-0.63664392029048
-0.61081732528899
-0.595172261855262
-0.525742658591324
-0.641152212122037
-0.650962571725654
-0.560608519663506
-0.632196155722837
-0.715548219561328
-0.671894448381505
-0.714495309720295
-0.807630404987884
-0.678101938158758
-0.511119914575823
-0.754958106784604
-0.688675761834923
-0.738597756382273
-0.765345683762212
-0.656000329540101
-0.726252949230021
-0.711046239841565
-0.728449580561687
-0.705662780200338
-0.695144312291541
-0.683087134800988
-0.649917491461841
-0.774099552089013
-0.761192807062894
-0.441029301862741
-0.540176585657066
-0.520446856952854
-0.527642768034111
-0.698376279399384
-0.585845470985346
-0.493049785138615
-0.579479459376946
-0.672227105210327
-0.762278573938872
-0.670275225592939
-0.649897124890553
-0.649036781193289
-0.577032080468941
-0.616200039889205
-0.796631271628011
-0.51775622678848
-0.672327961734577
-0.583473858959614
-0.691687286901893
-0.613421672493742
-0.708390663301338
-0.599122141996165
-0.667902248290312
-0.715059803520112
-0.644517980874385
-0.561511490516054
-0.555143977034434
-0.713447612715819
-0.46994170418254
-0.622817817908124
-0.42713776803968
-0.517154509926062
-0.682614813573919
-0.50525972552872
-0.533117670413813
-0.514184924997603
-0.60130238445564
-0.642570398757
-0.513768718848819
-0.692296760548813
-0.49740842816105
-0.602959687564287
-0.573148138348988
-0.637924704238558
-0.494866073837299
-0.475595673651723
-0.552136487557083
-0.497714630218372
-0.640222393350367
-0.473762942760262
-0.621179646851941
-0.679750502164849
-0.562784314228204
-0.522313145125418
-0.516383808656234
-0.528611026260831
-0.528246554308617
-0.573159758213661
-0.481011904712276
-0.468983115612552
-0.574927291468056
-0.59652800390186
-0.637607267233458
-0.718222855740925
-0.512717704537158
-0.485313003377805
-0.515355459170738
-0.486830885824081
-0.453251617287863
-0.36816884271984
-0.505467257485901
-0.482712735799413
-0.568437830074054
-0.37522448307035
-0.549435587399548
-0.558657465962497
-0.565842179105435
-0.478380506920466
-0.506677972476784
-0.50474291941677
-0.384521489722122
-0.454046594482693
-0.58106903429074
-0.379742270616488
-0.38345207039673
-0.373606986575648
-0.387152139812223
-0.552574508148974
-0.537909280259183
-0.540520479216952
-0.383049887720244
-0.38193949739003
-0.369182938788129
-0.541801059014844
-0.232363943779558
-0.455380856565266
-0.424502618414299
-0.40575582455275
-0.473823148560561
-0.391685296602913
-0.480248159509575
-0.365734683033186
-0.399916116429607
-0.329535826379576
-0.394588892447926
-0.396444081212634
-0.275160720098734
-0.55404214243128
-0.285087993270229
-0.429113908851399
-0.386499982406538
-0.416846859431823
-0.449493974581293
-0.313435926058556
-0.318606102568038
-0.418024332392233
-0.35605979910268
-0.335796394915322
-0.419494001993395
-0.172707683977137
-0.335587185116522
-0.474726697574412
-0.271857287457539
-0.26505369037291
-0.337873559746063
-0.430473359886409
-0.445935796527386
-0.361807064039895
-0.417247759455433
-0.475671683778851
-0.429700396135265
-0.361187486068142
-0.416664574291564
-0.41866750811994
-0.279758056033409
-0.330578233265885
-0.372362730943183
-0.259615118209966
-0.308333092725579
-0.411359212635704
-0.468408164454081
-0.469747173202052
-0.24932363937406
-0.2330560948088
-0.392227191179819
-0.299565679801026
-0.237933168376965
-0.381171210092575
-0.34193609847207
-0.331377893791068
-0.315500011388293
-0.262155259340508
-0.377487411158342
-0.352041947468942
-0.208685635250776
-0.277421176594676
-0.337322931247019
-0.309072683102638
-0.382402538331757
-0.379977765161595
-0.348484422870737
-0.249741975208589
-0.372432901965564
-0.347141733935908
-0.294497832684948
-0.204799000386482
-0.261940338236089
-0.325392164216942
-0.256177156789907
-0.246445117982277
-0.242305348092979
-0.283302041916631
-0.213060899502762
-0.26332645786292
-0.265252547345146
-0.388136233138116
-0.189925093872948
-0.317508901244148
-0.313009348840177
-0.23283965980408
-0.371937327699478
-0.241462877263115
-0.404133461004297
-0.315340049084202
-0.215481099428816
-0.325396295001203
-0.370173525906271
-0.291819945378702
-0.120450192827172
-0.20187162412234
-0.289605603031399
-0.11393854349165
-0.137388322706604
-0.328728282460091
-0.323258241888303
-0.163380993115766
-0.354133498479432
-0.298529300752907
-0.285749368414052
-0.360857552353981
-0.263067614994744
-0.27514244045432
-0.33166709361847
-0.194716085639772
-0.373433279668059
-0.194986527810486
-0.455777054316866
-0.260229620338133
-0.275356918956903
-0.237961531587715
-0.192819928472239
-0.149767650057788
-0.259488824545079
-0.305241006540143
-0.172386322711038
-0.180686207072956
-0.232031457232266
-0.142048174566225
-0.222662401260822
-0.215634464498394
-0.039655402947134
-0.310475747460581
-0.207037547090646
-0.147671458170203
-0.225984105554268
-0.0584149272668807
-0.217998961203384
-0.288406685280201
-0.200533266916608
-0.219312784484125
-0.350748436225071
-0.204762700629287
-0.224074787534968
-0.236172856908748
-0.139725952893073
-0.213546191754311
-0.172641218978313
-0.12733952846602
-0.184846148012835
-0.178364134787305
-0.130729387055982
-0.136343440089387
-0.219554173822701
-0.220276279250009
-0.12370647478468
-0.0692808290294385
-0.0474448082986578
-0.0743909208764363
-0.246996827569681
-0.272329219589963
-0.0707825722310389
-0.182540543968453
-0.256680755370683
-0.0865666559880427
0.00203467769874794
-0.290780340146525
-0.191670658495241
-0.168397946866906
-0.197312288205317
-0.17566833482383
-0.329512835678173
0.0298873700561314
-0.0692519527610228
-0.0781098021404039
-0.0375997220889778
-0.16093260686948
-0.163039002045145
-0.237349537546786
-0.0242949119453862
0.0176686016665364
-0.00970498334660364
-0.142664296701234
-0.235633353554961
-0.0463966656788277
-0.0765059293724401
-0.0272409714071648
-0.0988967365996094
-0.219435618926239
-0.128914429519727
-0.121321553722263
-0.1592899526516
-0.000972134954831091
-0.135748383103112
-0.111661719158538
-0.130753859360459
-0.0288257543193722
-0.0198383350908227
-0.141541130620047
-0.107807079684527
-0.0196338462199719
-0.150324788803777
-0.0114499909500797
0.0113541256333728
-0.0935545379547392
-0.0999766360720936
-0.010942399169125
-0.0615628150787596
-0.197907328247544
0.00391405422885841
-0.0585370742653863
-0.0888292563035158
0.110777130138587
0.0316801520326142
-0.112296184543154
-0.00280884960955152
0.143600859607921
-0.179589611687724
0.0011500066003599
-0.0776502396669998
-0.0561725169836748
0.0645665999523268
-0.137379018721092
-0.174804917315535
0.00793755342157646
-0.146663460892224
-0.0485345596905335
-0.0422246200187123
-0.153243750372214
-0.0929373414540051
-0.0591216387996008
-0.0526477756342536
-0.00312283423737766
0.0853975392870962
0.0328312898552911
-0.0309382748679573
0.112510589268302
-0.0703356882824968
-0.0782509576649939
-0.0265897013291355
0.0693124799725679
-0.000461706879638877
-0.101032093481001
-0.00308261474647483
0.107969604920029
0.109095902556316
0.0717305425656348
0.111305449810104
-0.025353092086844
0.00433423163561037
-0.0816437981632139
0.0578946746510586
-0.0409740278735423
-0.0739782484354456
0.259358892496243
0.15908880541672
0.119434346467863
-0.00528291904148942
0.0392122383713644
0.169369533142666
0.0481264867375633
0.0131360971153189
-0.0255177686408905
0.0651747981610934
0.229606045067336
0.183401002177913
-0.026956467359119
0.0765550187302079
0.0728631150062741
0.16225726657721
0.089196831272915
0.0460776070323075
0.18820035531827
-0.00653173139468891
-0.0369303879982394
0.0974466246382235
0.0722489315531236
-0.10438439007964
0.00629330135378971
0.215523432077573
0.130018806557875
0.173157740294827
0.0979261309474116
0.232242864629554
0.209056687102524
0.143208914115839
0.0588489156111544
0.0232350547996797
0.144861000450272
0.0590460471261167
0.0994023711811621
0.165949057807696
0.133506481155483
0.110122533222235
0.149250643010752
0.0672025709529761
0.0951082481799806
0.220749883457499
0.227333254817706
0.181962802022625
0.155821002271906
0.149097552190606
0.221375874016809
0.329092202852645
0.252623212186006
0.269708834831545
0.166448800165657
0.155736437865123
0.132999624179462
0.179202526129458
0.117269790425161
0.169853627924787
0.109086776799794
0.156970161479381
0.0937109698280033
0.206380921468466
0.0880307838731107
0.242365245829145
0.0148677033396988
0.360971608311987
0.102915162727796
0.267959792429993
0.142866167163151
0.235787869440448
0.250013317322665
0.161332886876346
0.177240973120715
0.291554268101629
0.2387605663373
0.0917305442343799
0.233690087034252
0.162686116745247
0.254282454410054
0.307368695949828
0.276910336279703
0.314314829343306
0.241742661632705
0.118987791435751
0.232798619318361
0.304708784251368
0.215032885816057
0.43497844719862
0.187153416765097
0.170383358085109
0.184883894942212
0.20851598681824
0.127335206962391
0.366886135741405
0.229828014638741
0.268921950518629
0.164359002932793
0.333007926573987
0.257472827833795
0.155038005993395
0.178729696708497
0.355377370680674
0.212420622241434
0.216141762765791
0.173818270182178
0.386776054247864
0.395378318614032
0.318977987203341
0.384652566875479
0.264865104007664
0.19564810848766
0.303203690128006
0.44243494062777
0.163120311087729
0.216646903022504
0.235026335964914
0.26027995216376
0.158181772199824
0.212388647038539
0.246494220113419
0.255568771507151
0.372417667301942
0.196232606977874
0.267435466503193
0.279470398058985
0.251681728889632
0.390769060372847
0.437081817555739
0.258739855254901
0.393829641461119
0.266841878641652
0.415500667345375
0.239798229905954
0.415512412347843
0.313079219663724
0.332271533512599
0.114105255595775
0.432399536250532
0.352143424323953
0.335496690356456
0.311011137160802
0.220689398845385
0.279412067673653
0.300715814830416
0.293577598307127
0.37017754660539
0.18505916227445
0.296649811186992
0.256522668632184
0.34005201314525
0.292585636616981
0.22431258801624
0.330552393264504
0.490818541029034
0.298588628111988
0.380432603139882
0.318868972765043
0.310912019945125
0.388604009823517
0.443229466161833
0.491126905883994
0.267282468484802
0.417170606663514
0.447357483884939
0.394368084728571
0.411674676865567
0.419032831750026
0.45672774299236
0.373253771409951
0.452274351261956
0.491291203362811
0.466460163342339
0.321761578302508
0.426948097304424
0.527266532384991
0.417974437974559
0.360488996204114
0.389061837842599
0.454426704636107
0.6356534335175
0.459670309787836
0.482131883972885
0.308636917951272
0.217187079731668
0.357745749274159
0.354982514543413
0.519844293046104
0.333716400515806
0.444595411427176
0.27592410876854
0.42392436403738
0.433207756157115
0.391117058027355
0.524070563838801
0.464182115740941
0.634280082273887
0.554259858975256
0.502592854164581
0.602975486181972
0.600664122056941
0.415647219215526
0.607876638935769
0.416669186485002
0.443182597259628
0.472590298593304
0.348171080704272
0.436690050605776
0.543679216752343
0.666816416876037
0.70121999379572
0.367025402481624
0.493399910319981
0.425436297012011
0.573290003807899
0.480258899796648
0.498326697712592
0.415540616074557
0.330296552635145
0.429647576535547
0.44993843526255
0.486872822206339
0.546260639483473
0.522265424824295
0.509840715186581
0.432616609407759
0.634604048509719
0.437879525358706
0.457668301516077
0.417497852331555
0.515812229021995
0.47615331391463
0.356427977602492
0.582363490114704
0.527674891567963
0.493806767385799
0.572017326450668
0.530592174221595
0.445738617600289
0.401270510367293
0.512158990954406
0.689201485918339
0.597316520505753
0.4708076815168
0.426664467930138
0.58025254225732
0.495376959558531
0.59495383166546
0.57125489383666
0.502128893277127
0.607371960421107
0.607129956255392
0.551588123583257
0.529329551893019
0.67977113580995
0.504665612889776
0.495036854887906
0.590659075668099
0.610976004665087
0.519112717098553
0.605897646726076
0.576309458795018
0.32885385182546
0.648745590939523
0.465162927282511
0.332712992301823
0.764829604938458
0.653372551405907
0.589175708586745
0.514460558814367
0.484956448271254
0.637750600729344
0.545245651059127
0.656652747305477
0.639925973963464
0.609638171581872
0.620417227942686
0.686470559538072
0.639883681221406
0.598629813611632
0.643152340079728
0.573883857366128
0.678486111760077
0.747137927946932
0.550057842042118
0.480326171638165
0.507155071831236
0.754410511457814
0.671311314470055
0.706986202531884
0.494163741145737
0.634872910518469
0.540178794488601
0.624119641988364
0.538375231650413
0.609083070473157
0.642191478844436
0.739226265290118
0.62714160538025
0.712866805645743
0.631288733007515
0.617151386717827
0.564134236729901
0.553270583707855
0.700789291714829
0.854895014122229
0.698175194802052
0.739659759944339
0.596017064632507
0.752686289080521
0.7809779547703
0.575519956856577
0.682047773180871
0.627655433969923
0.631858696334437
0.645846752798525
0.746695507497328
0.626932158807009
0.654990055854679
0.685515732807639
0.535545419389662
0.64040900366379
0.738169218675913
0.545061624504646
0.820035711186953
0.62267269801237
0.701076424011714
0.57789187846788
0.787498251215127
0.641017525864695
0.727151593333379
0.805244790300378
0.698118871816321
0.80533361658837
0.706291035669052
0.668786869900028
0.765211342015725
0.821084199555364
0.874164634675144
0.606242916029966
0.675048236212365
0.807758928574199
0.864778962111381
0.726304841837691
0.642027755573695
0.651580926369753
0.738021408465055
0.707734385568448
0.669882774180027
0.667213510088222
0.720975075688354
0.824955459011251
0.714741244547668
0.726516795707281
0.838709320778841
0.869616012061675
0.776605969681537
0.756348853821974
0.693579240720326
0.701824424306145
0.61379178215811
0.73991494726753
0.610933123343064
0.761639886877329
0.656835054656689
0.874918266405652
0.920555684581006
0.81642123845518
0.883636063080725
0.768013926457122
0.840551701978137
0.76553012450011
0.71441672565899
0.696780740514872
0.708418920124003
0.719468958479977
0.700172026405089
0.679495897577124
0.647474042655751
0.801787391415846
0.672653096507006
0.780695747948346
0.732051891633022
0.760424913663954
0.729373794408906
0.736517555655846
0.805595227309778
0.863854538704279
0.82275918247099
0.800948628340208
0.725297159456805
0.852057081294469
0.920434912454096
0.982225276448578
0.810031697541796
0.830410232781008
0.886024205175954
0.773772295255765
0.931321022682
0.781830064932527
0.8484650894978
0.890908132927919
0.962789472212095
1.01513463032612
0.831325179446667
0.810874339436585
0.803912673204249
0.718631706776057
0.794130214402087
0.898296787457366
0.92245608393813
0.911836904919821
0.986921177463354
0.770585916918067
0.930835026320079
0.913923764112971
0.726620756813672
0.753650676920115
0.882194470645164
0.833127225834716
0.878716954048149
0.973733073370865
0.899636090155365
0.927314425705873
0.877324285085956
0.886801409867044
0.90689708826869
0.951798074683419
0.870982800295757
0.988906605164486
0.851411694951313
0.88211305824356
0.9698834263658
0.788092287534539
0.943533133156704
0.921480939163268
0.715344124490815
0.723944122037667
0.916649547858772
0.847526102224842
0.887772223599704
0.804222582315933
0.936433665871704
0.925045163170112
0.985644575682918
0.912416560369192
0.96270496901105
0.920169580392337
0.823563955321077
1.08067092282284
0.982437862190822
0.939672435583383
1.06722037614321
0.888788746975002
0.897961783496029
0.971548233429148
1.00676065631717
1.01981082461891
0.843920575248727
0.985481817501329
1.02633273716323
1.06131483992114
1.01121544669522
1.18995940446324
1.07996103197658
0.938616420262297
1.07110925607239
0.866763318215041
0.959846860006432
0.980914838322386
1.0809610020625
0.952604174336728
1.186548154458
0.91945106655651
0.96214323322891
1.02166625948711
1.07062246185431
