-0.862821985926352
-0.956493464410832
-1.04383940871679
-0.936498225644043
-0.787102066965049
-1.02433691133979
-0.917393529685963
-1.00183373617469
-0.979402188944794
-1.14666616399534
-1.04566531934213
-1.12773166411906
-1.06678112343941
-0.958093587612389
-0.874986601038337
-1.00113286373845
-0.935482573258339
-0.92292142823341
-0.928261933269601
-0.857280544416534
-0.877838153989535
-0.968227327544615
-0.894436155408347
-0.908734661007747
-0.928622397500281
-1.07631814164674
-0.962717242099376
-0.867962486216348
-1.03072500767983
-0.896903234202146
-0.888298496419917
-0.872748270981693
-0.894408387110442
-1.00793862651849
-0.798698455983189
-0.925704375519998
-0.844844108830568
-0.933465945314427
-1.06432754405543
-0.816661707640967
-0.752415088437297
-0.804384302320693
-0.880916117829583
-0.953268504234707
-0.95434714045356
-0.849728649728454
-0.891881731995253
-0.88064990565164
-0.824848912647029
-0.952747356180232
-0.968510057259804
-0.903865123841585
-0.879991301682894
-0.931053020675837
-0.867248873796071
-0.955645381734248
-1.07357605097287
-0.952205793191479
-1.06901433626809
-0.983547993649381
-0.789640184316597
-0.863635810964939
-0.896187102570816
-0.8856414477897
-0.754548021407999
-0.93722928602826
-0.819777295454269
-0.836330526196112
-0.767375430343036
-0.91242828586402
-0.770169017136195
-0.832593624719824
-0.769374806038569
-0.872163163852205
-0.790558544901613
-0.820965713758751
-0.975822110068773
-0.875403733919017
-0.83274551326223
-0.82145097786941
-0.791842567703996
-0.75789707271993
-0.865827416991677
-0.714366863366965
-0.887373594731331
-0.946464812704705
-0.76651737250073
-0.861903279382486
-0.779521044708049
-0.814676829456809
-0.898678338686299
-0.627464234712925
-0.791728091818961
-1.03625123089599
-0.828362693599609
-0.621760238544402
-0.822605564221667
-0.936379317177905
-0.749583632184549
-0.778071045254348
-0.733799448000532
-0.734826408611736
-0.836882894196701
-0.8731883205486
-0.641243008725589
-0.777581714986538
-0.83336191414794
-0.843777105106315
-0.784945187413748
-0.871970242228215
-0.755342406477723
-0.733984180863709
-0.756411929559107
-0.681871682928746
-0.847978151068433
-0.733771849999489
-0.762221260814172
-0.83364736988932
-0.737757860437425
-0.840748768096323
-0.934745660132637
-0.759768558082399
-0.667440306268931
-0.627167691010974
-0.573058070388405
-0.663106780404665
-0.804287191539646
-0.729553741554819
-0.830960256102681
-0.611672338550827
-0.638780094013656
-0.732361519541939
-0.740952605312987
-0.769778545770483
-0.777511954391704
-0.773679110989258
-0.725524084271581
-0.562922708315713
-0.713424381527834
-0.60385657640379
-0.682321066165641
-0.791568843377209
-0.657255321336708
-0.887699559099634
-0.740228004389406
-0.591867878407607
-0.629359997377326
-0.705892181720873
-0.73491592014621
-0.537279144256117
-0.648791486142586
-0.691009862024255
-0.635831366450408
-0.664637697929896
-0.661896397762792
-0.749283158842807
-0.67869649481921
-0.855771705674963
-0.698917851527526
-0.85525838030241
-0.661982958297031
-0.573577722976778
-0.694291183654813
-0.740585061340547
-0.764604337453704
-0.749358489924666
-0.72526159839615
-0.669166872899087
-0.600962904771303
-0.659026284580863
-0.744257422796542
-0.729523863178239
-0.616085381647588
-0.685959679398312
-0.562895933824715
-0.483403682122094
-0.63887968497611
-0.65775378714396
-0.595478362980147
-0.662928009977947
-0.845061149694421
-0.687415935489447
-0.68013725888733
-0.82633561823317
-0.685567136944537
-0.706227959224423
-0.629444639291608
-0.664543430002958
-0.643676716075725
-0.522674035175165
-0.640729629081572
-0.61681223979734
-0.615678765603075
-0.707534711828092
-0.625410496757838
-0.584054449085261
-0.427653327194317
-0.684312299685749
-0.669464094785491
-0.643451305038517
-0.53380693334567
-0.540385561686569
-0.445259132431251
-0.578897388048129
-0.559558882057008
-0.410745806965416
-0.529296887697844
-0.501239909398103
-0.498941526024191
-0.543742870343175
-0.57578969308289
-0.462943598004867
-0.597075684242696
-0.473010535444266
-0.443274495281191
-0.507366016852813
-0.571724021299377
-0.413527175605872
-0.751272006936188
-0.438070279844974
-0.505879711888821
-0.4284909803265
-0.627105644405358
-0.634073085793923
-0.588378883819477
-0.60328906965397
-0.551779192244259
-0.53119179294986
-0.467260104722406
-0.527910258436798
-0.52004547073055
-0.602144526163057
-0.423889051424446
-0.500622937170539
-0.548616520745341
-0.522683967412445
-0.55251388204657
-0.523801621571518
-0.610909318766568
-0.477354447325372
-0.514066135432023
-0.656251070964154
-0.414552619257398
-0.657596099344881
-0.603255201283227
-0.589133402487205
-0.452400656410065
-0.481937306069417
-0.460154717932143
-0.538590841554679
-0.300882027642808
-0.449375271817542
-0.407513420110671
-0.516569594866214
-0.506004102466142
-0.486451528259327
-0.548413816544748
-0.639544020501294
-0.501486978751374
-0.492162244565857
-0.574797874333537
-0.511638215631477
-0.373185651599796
-0.518025673216232
-0.529059433097696
-0.366041794660568
-0.44901026979332
-0.399424727695277
-0.541181200998483
-0.447127377485272
-0.39868487240405
-0.542276011141391
-0.577376593277905
-0.591941633432575
-0.412385887054983
-0.392385951609609
-0.340983126025634
-0.393776337717895
-0.58931310005723
-0.336348751538778
-0.469038307976924
-0.595612925559178
-0.447623693809764
-0.486786074541233
-0.472345329707401
-0.439565511126536
-0.4317703436609
-0.467841405047376
-0.42346337893089
-0.486130476473876
-0.532665311019235
-0.424909748222474
-0.338513177037967
-0.383732714477825
-0.455788893831066
-0.322451656522173
-0.224926797546857
-0.370235502279839
-0.295631036290826
-0.468334828910306
-0.503550004827673
-0.30981385290299
-0.35860361684703
-0.405687379182191
-0.327016424382389
-0.261824719317985
-0.335333965122625
-0.363765681277526
-0.338818727887381
-0.27962259264029
-0.411444339838782
-0.225836916130763
-0.473651256083571
-0.249339592787229
-0.32340883794511
-0.41493066053165
-0.381246788689078
-0.480157688501597
-0.276466787590564
-0.275571689710641
-0.35274103720468
-0.338633299781898
-0.392665310065905
-0.279711460949393
-0.384957512265458
-0.221524077106713
-0.306568272614721
-0.347851382039339
-0.380345865991354
-0.3847898991343
-0.367537717836389
-0.287350680572422
-0.218655343349151
-0.396642214303474
-0.443843224109924
-0.181753532913689
-0.254148070181898
-0.354620799006378
-0.319178408208174
-0.23102209664089
-0.32503179687506
-0.282287287126185
-0.230563714107589
-0.305846611175666
-0.431979862983629
-0.276019901295234
-0.275456531242305
-0.231776418000103
-0.268373846306817
-0.365396377038083
-0.286669241739353
-0.352490957227744
-0.320265162505556
-0.21891182400783
-0.457685282751807
-0.198218230531263
-0.172203485106847
-0.317782238145123
-0.244479578803521
-0.362031104771031
-0.286303781328842
-0.347237995170939
-0.257444471240282
-0.163724301395649
-0.296275957015429
-0.480246110545844
-0.439113336310567
-0.269956053921186
-0.163635628218885
-0.327255239668771
-0.142627410654361
-0.273556547204014
-0.389355105339912
-0.268092208706101
-0.261708074704798
-0.357710912108659
-0.16270193206462
-0.338707435783361
-0.250421802932935
-0.364013495147352
-0.228239046983923
-0.260678230739399
-0.343686429232782
-0.293060301266148
-0.108113868875831
-0.236599444241524
-0.262027923169616
-0.203620732681334
-0.328782794171672
-0.244594915193325
-0.247644258540676
-0.152253563996404
-0.100419936126231
-0.126138730366583
-0.245847633994842
-0.300641833406976
-0.322191160804956
-0.241972287035074
-0.139781348343063
-0.198136441566324
-0.149724873141665
-0.264171024807353
-0.140004260526162
-0.133237370933704
-0.211917132194413
-0.124805362429508
-0.0928474835970445
-0.219573071380872
-0.333009873398761
-0.0970807551050856
-0.0918945921051983
-0.131986035325609
-0.228914569228975
-0.348817212793911
-0.0696140751894108
-0.121999884964694
-0.236505664166209
-0.0256892609963036
-0.337569690744576
-0.109437833667587
-0.0352191457852817
-0.21674735583527
-0.140459825873836
-0.0837154756698218
-0.198553148577817
-0.132325153218178
-0.0981893016036034
-0.211029404450195
0.0402750476469129
-0.19028454814543
-0.211204848039486
-0.018314715524528
-0.218484373232626
-0.158666894314105
-0.167659365896059
-0.094030834364619
-0.059694146368522
-0.142266959198273
-0.198026666980179
-0.117653293059123
-0.161850501274078
-0.0924583075757582
-0.0876619604368011
0.0167632594129706
0.0282287744789152
-0.218788779452356
-0.0460356615145787
-0.1926083127604
-0.202285847278247
-0.0764160641929805
-0.279656040606745
-0.0498201908373818
-0.0618972297327067
-0.149070549429489
-0.171346041955876
-0.0267035941251325
-0.00497470419358334
-0.126638655391504
-0.0790736390416414
-0.140178925085434
0.00806806817648121
-0.0123221848700801
-0.107487683920343
-0.0470304507521047
-0.160063518057422
-0.0909824741963725
-0.0695067783351508
-0.0652381303763065
0.150552665801927
-0.0822948147538792
-0.0649698897451461
-0.0824049254294908
-0.110264749408609
-0.0227959717120401
9.06425259861282e-06
-0.138999705740459
-0.0867016093041997
0.0599366424112664
-0.122827087815988
-0.0292486383715812
-0.134477641710718
-0.0587803056969817
0.0130126867594183
-0.224302466917529
-0.0992145980630069
-0.0985591434370665
0.00847639000235054
0.0430334255047774
-0.00412421533406631
-0.108899309465006
-0.0308947641161295
0.157673742454237
0.0473786758026506
-0.0953886626258086
0.000581922563114609
-0.0435851453919673
-0.0863897551077866
-0.0234259600421935
-0.125184167322007
-0.0753323248063486
0.0460806409064986
-0.0577966112959889
0.0399927103458124
-0.0684259930040022
-0.0024885366958835
-0.0191026326175121
0.175037139824845
0.0358091686481276
-0.0639845643355149
0.0944403886567667
0.117061906554439
0.103048901178032
0.0515447074171561
0.00578307542222002
0.227485757715525
0.0324692691737662
-0.00660327477459136
0.0327920808950157
0.0956975979525201
0.130724704472105
-0.135758959046953
0.0846541380983744
0.0294012675749646
0.0405806236355458
0.0337091288868831
0.0291930620206054
-0.0571139347879545
0.0756164580894831
0.111738420751325
0.095757254030905
0.0323067269542356
0.158999393024561
0.165728361196051
-0.042076183382978
-0.0157241054966934
0.0455599820518418
0.280407388009193
0.0801249121358354
-0.00349304047852957
0.0389116638952564
0.132605820032912
0.139580982313007
0.130475700134409
0.0398016317708005
0.0824883362434699
0.0199580709035903
-0.0338037451343071
-0.023933101099947
0.0402569457802201
-0.00922537763384488
0.119919396689794
0.139323225334746
0.138535437329775
0.202429479540906
0.199103947788146
0.124585657321875
0.114338853229138
0.183619626422778
0.362329435226762
0.0748394433931428
0.123596943501326
0.182446211245152
0.303583948211466
0.114254250563791
0.294862228794955
0.0840019926318817
0.177367939329127
0.282291436853098
0.105955233614314
0.00758228315893709
0.18132158856535
0.2568609810459
0.202077962641462
0.0605538449059538
0.214702010388528
0.13229910189848
-0.015841353851348
0.0670846956541341
0.189949947340564
0.0930597270767379
0.0712683572874314
0.182178329342383
0.104378857484285
0.28866664898692
0.126788093196404
0.0419242118663074
0.0996185711034517
0.13126694793759
0.0799454541174044
0.317581437443339
0.0453521346208811
0.178967783394287
0.212309496756047
0.173629794476918
0.265958118148447
0.325047185028449
0.179046205179893
0.126376402866879
0.1761525446251
0.155368830978045
0.319123002806665
0.153472263336252
0.257039902308438
0.201667925499456
0.120612483619467
0.179053661789437
0.224957306981633
0.248651373387197
-0.000311525933012732
0.252020164356856
0.225990268652622
0.194181279022111
0.0736413845256179
0.169609719479097
0.152700568768176
0.111396797628867
-0.0460367137189132
0.416477605794708
0.0883708110218476
0.270912652305398
0.30727762085777
0.304189203683884
0.197829373376255
0.228626033383061
0.247966636720605
0.212151384885854
0.266876370040934
0.134376522189457
0.27391741983779
0.269179532351378
0.234078277123999
0.207522356566283
0.296919892923769
0.251991158891937
0.254232884902772
0.138655274545284
0.273134005582099
0.201958816030837
0.286095344346203
0.313582762071367
0.258059817590829
0.325538723972431
0.109630455796483
0.366780369351633
0.354428047893404
0.338553926295492
0.269996820964116
0.281283351744363
0.445560387793171
0.269360943361571
0.280672098245069
0.429398827767157
0.282840660232865
0.312532737473574
0.350161644722727
0.328911398406659
0.361309799098659
0.237075350165962
0.408539617351851
0.188490079931909
0.45371783715021
0.479256522687402
0.397741526063753
0.417238520043378
0.439750457718758
0.38465456152959
0.357626821180345
0.345446322416532
0.361856825816225
0.265083138359551
0.459135179211616
0.275924129290177
0.300965817516693
0.145354512121669
0.291968786387222
0.247582162831328
0.343592127068569
0.357917277810081
0.375611261587614
0.357361844407062
0.375629654965546
0.313742200864825
0.357388648413087
0.398977302345034
0.425460200611583
0.472445138442096
0.0744368546820496
0.226232032563365
0.402497374985642
0.534062389628595
0.442622664431847
0.361838087770644
0.281807293877043
0.270564786638483
0.233872068369005
0.463592405571587
0.35192205544103
0.578970271175478
0.466867479113119
0.316711782565704
0.447737085458874
0.366896580640567
0.389797907003697
0.367805437466972
0.421944417046037
0.25037292864156
0.337125707461301
0.402249337568296
0.435646785463185
0.455353886262271
0.468784266751826
0.413458020668383
0.537618273148253
0.411913382189701
0.380554725300424
0.513821611719025
0.46336704693829
0.565184520932869
0.5499839175092
0.372529328585201
0.583350356724101
0.363430147770565
0.626022776398903
0.520872971820461
0.547176789082939
0.406696798104729
0.454297420078144
0.404079424458936
0.3865048791574
0.612925543731446
0.472328907227146
0.318356597982059
0.348797251539179
0.304563343076804
0.402715013535787
0.462294090012177
0.477410888314645
0.453593290694146
0.50100395426499
0.367546494780446
0.55049723903031
0.466748795699562
0.50233717502871
0.34786857691226
0.392655434379624
0.538415061156432
0.538143955142731
0.423164915296285
0.394247914119713
0.480257982887797
0.533362916453924
0.513432066935127
0.540977418132624
0.398436284703919
0.475114949558711
0.520497559413038
0.567815082418743
0.490392995388597
0.525931730864564
0.636850373253097
0.403645153226292
0.606886513707973
0.592273731273559
0.448012206094024
0.576449438320235
0.683930277814181
0.455676937037972
0.512258105774491
0.408190947962812
0.564524069416371
0.545500994061269
0.636590648278139
0.492265090507992
0.658946566644192
0.503809399864131
0.407562479133964
0.529315371606107
0.525189217046411
0.583007611643986
0.526299653828318
0.578159654374351
0.649344121919317
0.532142953849232
0.520005282325252
0.555805918324288
0.669001286441271
0.599762023113057
0.565979640274611
0.610041069726855
0.571446659846876
0.57673732168401
0.558392868245715
0.515337327734501
0.568103600772486
0.70413928117304
0.566961074306656
0.675626367302877
0.50405721462722
0.57075646750898
0.508001478411162
0.661565491587016
0.626522670491635
0.436294688444381
0.75030031401248
0.799884942340486
0.738418089049429
0.647310518049556
0.564878545073181
0.698190015902494
0.720930532641468
0.480983148557383
0.666278722000783
0.626298441947102
0.68114427472243
0.697195271126386
0.525068226069899
0.670694901525575
0.545034860250957
0.618418041947797
0.731870016035332
0.664629008257123
0.736140738071497
0.528226618577081
0.586852167434427
0.70661633816821
0.547254690727489
0.63820823326744
0.758342680219215
0.656163789812359
0.591404637985168
0.723803219589865
0.790348643144479
0.740494121622045
0.665236413737048
0.735480448575654
0.735694358331412
0.489093658557182
0.807308197953187
0.626159406666378
0.83780173838712
0.628688094283321
0.804594764769214
0.635904306138441
0.646959469339031
0.655111063917908
0.632751958667021
0.693311186662593
0.671236867036956
0.830236196626713
0.69142053130338
0.63700592466704
0.675469563789574
0.767664081783314
0.605650764278174
0.617437859132098
0.870106768919579
0.672496386760423
0.68316220947944
0.752552992655389
0.854874240352497
0.575062607134035
0.6221187043828
0.558978001125369
0.831903832249863
0.60634193881145
0.712855386229113
0.637394236728625
0.747075746200967
0.767142903672513
0.866444604490099
0.630254228067174
0.679298507170371
0.740708269352193
0.849723914572825
0.764780203174493
0.681242369345483
0.761517197253544
0.810085780000421
0.677421649387949
0.673814278571113
0.809064951227
0.746561865524028
0.757504303078684
0.736197790818735
0.77471961014178
0.850020242039596
0.831552411714145
0.642145446945937
0.675083509656504
0.723903355780973
0.678754125662674
0.756091700511184
0.844360396345694
0.682857311729537
0.949053303834531
0.706524045606629
0.699767800981874
0.848844333743962
0.76653099091394
0.758657576601822
0.839705961394235
0.714767746313807
0.904000712453559
0.856964210478363
0.744392804417051
0.794613680356522
0.871324919692042
0.763428264460876
0.956744023066388
0.790012942803867
0.929270315761245
0.797731696221311
0.79039406665648
0.780762236134108
0.700504925887255
0.79394800989423
0.772456694217616
0.824793804244602
0.764599213765285
0.91860099812003
0.989207052523458
0.879336300127581
0.803453730243473
0.883723643033681
0.826516130506277
0.809855703849415
0.751817952786786
0.776594478175648
1.06405001886438
0.85011644445971
0.725173501172475
0.936556938635487
0.905576574133952
0.9197678344893
0.851569341631817
0.920532880297861
0.877641340564308
0.866338390668393
0.818487987528665
0.729081987083539
0.898161400741364
0.941015894894189
1.00365367085532
0.975165062070093
0.855952678999648
0.809945356360642
1.01798185950104
0.8502257139322
0.874840899114617
0.789271060664206
0.884781868131866
0.69018452243888
0.792714639210962
0.937176024596593
0.837810253891299
0.905852835991
0.81148353964831
0.941055359844363
0.962148621377453
0.942365449753538
0.932803034956271
1.0099256741904
0.918191687122163
0.842115282536635
0.96700290092938
1.06605299429311
1.02950341314111
0.820286259481342
1.00637509091509
0.973760139116485
0.804477487194382
0.816325283241911
1.03030972246364
0.927145899936517
0.939400557430169
1.00240149640695
1.0712431916079
0.892121461177866
1.13459782010788
0.819746020578722
0.974192275347378
1.02819177338142
0.970612203950904
1.13455998707047
0.848842937483918
0.902138066305279
1.03757497891681
1.01421243838318
0.898946028587572
0.981717738499945
0.9531885992055
0.9653723705382
0.993502306067308
0.894805107090914
0.884486378082819
1.05754246971382
0.940855812774773
0.957058344720767
1.1078500414474
0.985277602505116
