-0.874898942383267
-0.975371802326923
-1.03464440858469
-0.934574360715445
-0.797519721144236
-0.974547951666696
-0.93677336006871
-0.977350651227252
-0.973623528270016
-1.16348474024036
-1.0501274835152
-1.14631959310457
-1.07875624402465
-0.969567158389474
-0.864659239386288
-0.98941791115984
-0.954249236289629
-0.890611356696442
-0.931577519385427
-0.85234966940732
-0.857130983106282
-0.961808008159534
-0.917279299291942
-0.908054632490105
-0.923508572668688
-1.04435581769086
-0.979528458435773
-0.864587846307834
-1.02580016393907
-0.913211800623345
-0.884682953917829
-0.877084077399899
-0.901181612579567
-1.01279879826125
-0.799313720056655
-0.943235806928964
-0.830439713873113
-0.917753012076401
-1.08105057123432
-0.805287891331014
-0.736605423781479
-0.782013299699304
-0.876392240101338
-0.939955028151223
-0.953548451815703
-0.851954028743479
-0.88795390860821
-0.868477686941439
-0.827232737308027
-0.944637741591211
-0.980749207726813
-0.926109583071892
-0.883639024237536
-0.911922028570222
-0.835685565861564
-0.964512845302878
-1.06635399202915
-0.943120153174581
-1.07892718437642
-0.990012571757262
-0.783711186409259
-0.864924822956349
-0.894484095651269
-0.892869316044784
-0.755516726109603
-0.938285016156114
-0.82056948188457
-0.846634159081921
-0.784497035230049
-0.901519524457588
-0.75663041257842
-0.828797964503225
-0.762995642809381
-0.89000851463352
-0.819229836401351
-0.82387821856351
-1.00660356476339
-0.887335219353699
-0.832830115987147
-0.831356363224218
-0.808201864356443
-0.765935713188308
-0.895245958786667
-0.729573321358609
-0.889193641996406
-0.943993682167268
-0.750245685257258
-0.879028025200368
-0.73871559241501
-0.816224498764576
-0.901551961942847
-0.627074129835275
-0.786785905616897
-1.04976965712405
-0.830459181851681
-0.641080209569872
-0.824039775892314
-0.945025970537602
-0.758993244259113
-0.789408785268109
-0.758075879239342
-0.724042862217279
-0.823854305894109
-0.859810744646603
-0.666594373955266
-0.766137787192115
-0.817032849735005
-0.846812830233337
-0.794219345578749
-0.890426443653846
-0.744877165278233
-0.736210035909683
-0.734637647653058
-0.687775343735389
-0.855420109940193
-0.728215908344276
-0.759922101238521
-0.827581610033798
-0.735159174056532
-0.825032181580278
-0.926651152818599
-0.752819482172231
-0.649907486205954
-0.626722485293707
-0.551378296210664
-0.671660883268475
-0.812159009499374
-0.738279769623055
-0.836544611353648
-0.607147604929023
-0.651344155236755
-0.720295156802385
-0.755008988635745
-0.780077591982369
-0.781919147873869
-0.771972945017569
-0.740727621391784
-0.56231929639486
-0.717302036002046
-0.608799447649188
-0.691584547385493
-0.776433403799601
-0.64947316299845
-0.890909736867062
-0.73558473577304
-0.61186122606243
-0.634520429123529
-0.713595807685902
-0.734416918880506
-0.553937516379674
-0.646274738567532
-0.718377502149712
-0.633599890034616
-0.6645249477512
-0.660554674628099
-0.762791775850326
-0.697312809170848
-0.86508381708523
-0.696821846472977
-0.866555129891311
-0.665938233917143
-0.567512222068981
-0.664414631935162
-0.747390815967993
-0.768255314962361
-0.744282718980574
-0.734674216573621
-0.667797733855574
-0.581571295046445
-0.667863888592533
-0.742215829187556
-0.733553150757791
-0.641534932364187
-0.681103286717496
-0.541654076313033
-0.460876091912922
-0.633947769027983
-0.643943308649233
-0.583154142919896
-0.663951683940955
-0.845287059401526
-0.690846590653699
-0.695798120744758
-0.822597775048123
-0.677493198982361
-0.724854219651234
-0.618476889961208
-0.652878600879366
-0.63152082835131
-0.533354381800209
-0.668389784593033
-0.62626878168706
-0.627213062340188
-0.701083155355067
-0.605333116475686
-0.598690708047889
-0.434206089030208
-0.688724062952381
-0.671975177144808
-0.65534250734533
-0.548772517985865
-0.541438854207924
-0.424210071783765
-0.569852667333861
-0.552169719692788
-0.388997312186417
-0.540906630366865
-0.512933655330826
-0.475954664807895
-0.546303611364486
-0.567144151091111
-0.480441139162754
-0.601678542386469
-0.482688328341899
-0.433917049825835
-0.517465698457948
-0.578227793691026
-0.418181289787939
-0.743429537389134
-0.456217800291765
-0.516494470626453
-0.434968969822609
-0.643588264570336
-0.644800020251668
-0.591599062173906
-0.619003826856185
-0.566135547094593
-0.524717322979686
-0.459210665183444
-0.549172499296554
-0.527414509139413
-0.620752963472245
-0.448007294818151
-0.479989439881961
-0.542027499414536
-0.514278157549238
-0.556260619071385
-0.515962104952156
-0.620509924461385
-0.499494424859256
-0.529241623224123
-0.656289254817865
-0.425412583000283
-0.656235703800152
-0.586517967676159
-0.559301893423759
-0.449808907420278
-0.490059078695036
-0.445586871038364
-0.535541727806905
-0.318817854022439
-0.477040667275052
-0.405999826367754
-0.497096326042382
-0.519758246198345
-0.47549130735755
-0.523214419696537
-0.641260727844272
-0.497698801281806
-0.488935560185577
-0.57513169646338
-0.52901554882865
-0.379095204224766
-0.511851780138175
-0.534204878018241
-0.357027067805799
-0.448948392119742
-0.408170945216827
-0.548103023502648
-0.43269971158137
-0.401662869359675
-0.527563581246137
-0.583205964741492
-0.553891026365259
-0.414596153378014
-0.384814265238339
-0.319719410254755
-0.384629073487488
-0.5913318751742
-0.331985933808154
-0.44420196028531
-0.602108582048603
-0.438817717932177
-0.462198045308414
-0.492250298528112
-0.442808804376451
-0.418837362503829
-0.463929544665609
-0.421880136325807
-0.468495259620889
-0.512510702920751
-0.427904428998364
-0.349392995996461
-0.386982503782449
-0.446702953371497
-0.303818591041471
-0.213072187446736
-0.398457127847493
-0.295765661113018
-0.446037733391343
-0.527616288122016
-0.303867520721996
-0.377285963222319
-0.404985387288986
-0.317404569870602
-0.273370400027505
-0.307367053676873
-0.347679562264006
-0.33729986563811
-0.268943892029366
-0.402750302538615
-0.247398319830586
-0.490884591451148
-0.250554037562437
-0.351314661029333
-0.429100859874088
-0.364568382582456
-0.465165999069739
-0.259790520774207
-0.278814112949154
-0.355452605002649
-0.334581517852206
-0.399780061041743
-0.282549346869203
-0.377072797354154
-0.225857417127429
-0.324983191396333
-0.333166381729486
-0.393199733020492
-0.399021644600666
-0.372061354310605
-0.296578999262094
-0.199332325117244
-0.397995483387721
-0.426699012405828
-0.172772731432627
-0.243101230332114
-0.372854894468461
-0.301039473259327
-0.238834210698908
-0.339546561954645
-0.286341619293072
-0.245076281185752
-0.311695906662877
-0.419256075627586
-0.302093599415308
-0.285043063996666
-0.231684178003598
-0.267538826656944
-0.361698413881247
-0.2845696819896
-0.342348884314639
-0.318823422593581
-0.222304690883557
-0.438252508948135
-0.19724880943145
-0.171709083103488
-0.302462037903033
-0.255283968929263
-0.336664298658527
-0.272225472639612
-0.351670509885374
-0.250240494756896
-0.169089425154528
-0.310655608189519
-0.491656250657989
-0.421158390912103
-0.272848889791238
-0.157627874889443
-0.318686588271558
-0.151627730965024
-0.30209681070158
-0.401072701056752
-0.27274881075618
-0.243423286927907
-0.371227726092958
-0.16613666690656
-0.304233814298595
-0.260631735486935
-0.377083890565257
-0.243298828220867
-0.289896846731443
-0.337249182364507
-0.29627162797109
-0.111638871828631
-0.2217438972389
-0.27668847369915
-0.193057623388192
-0.323885207698205
-0.220885570808155
-0.256834465056853
-0.158695512279219
-0.119512843552515
-0.134017249657651
-0.269191884174014
-0.297535341540275
-0.294796879725464
-0.239595165785287
-0.135276566329773
-0.184118294535645
-0.145801602159496
-0.258532081841846
-0.138418995118818
-0.131202060349972
-0.214299568102771
-0.106009109141458
-0.100235082454129
-0.195084631892416
-0.351198930979568
-0.109077985063329
-0.102063831764392
-0.113857898111503
-0.247369904426041
-0.33722371970862
-0.0541685792938629
-0.122715998229232
-0.240596805084868
-0.0195589560275657
-0.347422739892145
-0.11661345609767
-0.0167698705220354
-0.200039522482003
-0.158340748967722
-0.0942790113516641
-0.195416650776472
-0.132044732883582
-0.0948851402814289
-0.186945316611108
0.0528343750160571
-0.198927240932893
-0.213252101131599
-0.0106959162907079
-0.209804422507334
-0.175170493869373
-0.176193044757367
-0.0831438900015984
-0.0520509750298044
-0.143439436563919
-0.188653435686439
-0.113955708351831
-0.150482448006442
-0.100274236210069
-0.0949915965082487
0.00302242970173172
0.0405080740185177
-0.21535264529758
-0.054799091603548
-0.1780649906012
-0.218091708714005
-0.08436445528235
-0.29267436039167
-0.0447720479252665
-0.0577227671915689
-0.169943438063831
-0.163400116386309
-0.0351436946397059
-0.0135006272358328
-0.13766848384368
-0.0447241307095371
-0.139978752248849
0.00861641623221037
0.0143167735662582
-0.0875979936045829
-0.0286646572995385
-0.153381240053064
-0.0759147749290169
-0.069895370464554
-0.0421356973899953
0.171294463972108
-0.0958288783789312
-0.0634621729002751
-0.103569629865801
-0.123934002574326
-0.00437228572284859
-0.00991292628633142
-0.119512369620973
-0.0847431483392653
0.0438572718261909
-0.115784331725842
-0.0247881860874994
-0.113675597091205
-0.0422093565338833
0.0141258945270532
-0.220638558268786
-0.0858716729345022
-0.0933402616795696
0.0164742899369708
0.0596937128239193
-0.00776964889902184
-0.112232949445205
-0.0438311462721115
0.160602696251207
0.0549786355087612
-0.0859069950240495
0.00521063831613139
-0.0471062023526322
-0.0955203757665182
-0.00775281267931013
-0.130706442778383
-0.0511150251371608
0.0539392044004976
-0.0452482953985493
0.0297957720225152
-0.0503232803594642
0.000175854188344429
-0.0287193491936238
0.159778555506728
0.0515002901140668
-0.0859450068968764
0.0864513670310245
0.11386025935192
0.114757112117077
0.0822980221260032
-0.000699384989869218
0.215436577682959
0.02147584807676
-0.0157590129750046
0.014097022152633
0.104287881480987
0.121878306291187
-0.10810536684062
0.0848049660535589
0.0495077467234351
0.0310847594186833
0.0512034756823508
0.0406905254427786
-0.0473417379433484
0.077084348479103
0.127361032634064
0.0938778441004745
0.048894672636033
0.144947480071907
0.154594588002023
-0.0352940562381724
-0.0140190009313695
0.0655018937278071
0.279331024577377
0.0747548408077092
0.0134919686922655
0.0304699984430779
0.113698810968611
0.138341634462163
0.120959709477366
0.0600950168936413
0.0668522646129608
0.00251448488694384
-0.02756918364293
-0.0486550759255879
0.0204150698070242
0.0106194190912856
0.125323488715837
0.13943707910517
0.116352921793761
0.204320225552798
0.211727538436557
0.119117029686246
0.108810349608423
0.1571798873634
0.329081292293885
0.0611674874556167
0.154598580380951
0.193355366932158
0.299503256064476
0.106275231608645
0.30126065063578
0.105897876350712
0.174943193563192
0.260916437449375
0.105876011344104
0.0030370830365585
0.211736927302635
0.27223056951547
0.19171383138851
0.057752279571942
0.209917939802456
0.110150986018333
0.00612398403326399
0.080672868220323
0.185941285141914
0.0950047016761291
0.0685714098439511
0.177919724777439
0.0996820276842473
0.282419699011428
0.124514519014381
0.0619025690417312
0.0957378003096789
0.142935769988273
0.0572378116711488
0.295492050059494
0.0703236865655045
0.201629618068429
0.190790251980823
0.18592701155595
0.286602073903284
0.336764340662233
0.178712712825038
0.123869352218528
0.191672145350095
0.146555843818802
0.322401922956077
0.166715668188092
0.270381659121
0.187639444734749
0.141549762016025
0.176816530842174
0.226404651846324
0.259140500530518
0.0273090092659496
0.271203471048589
0.224186347546394
0.192930061656585
0.0607415915495567
0.13644786449599
0.139107235721222
0.10531347223422
-0.0397314801403241
0.42133000796071
0.0714865095909064
0.244938315251067
0.290423711619652
0.308200317157154
0.196433478777606
0.24430297508529
0.253503399155538
0.203625280154033
0.255589415812585
0.142221824974798
0.249255489701227
0.256663846939318
0.251762492834631
0.210158584111584
0.29098275344219
0.242233132218561
0.262577670169644
0.132473218667253
0.282478983696133
0.224164262233036
0.283852731455929
0.322988123048558
0.252718965087841
0.28391292167943
0.107136346751491
0.336980066048983
0.354027440246713
0.336077939312694
0.278633211490131
0.317184787117663
0.426415819808612
0.252107951565482
0.293711009516396
0.432273105785435
0.266219216307181
0.313238021038838
0.393287045344208
0.342756705674713
0.378567214773725
0.243763674464216
0.386738779005905
0.185317907834549
0.451750732411721
0.475491505967375
0.399476610493231
0.419914072401015
0.425035989501356
0.399346435998726
0.397390211800974
0.34211788788331
0.359958365486244
0.276523405738921
0.468060180539687
0.289957955881508
0.319726095245188
0.140518520577708
0.297381235862921
0.2553026717764
0.321002024985136
0.372541770599839
0.389575284488717
0.349421569383968
0.366322283163124
0.319454498607837
0.348223420774251
0.406091163555883
0.425932967765484
0.460759217391527
0.084461619546335
0.240383968401366
0.396099276505368
0.507604423474974
0.447896824086964
0.372957799075666
0.293454263767217
0.272741805378521
0.230874314743211
0.47845599106668
0.36069407357381
0.599202841008893
0.473983113126485
0.311785664427419
0.438072779638961
0.365584922610981
0.37712470995354
0.367361889162125
0.423366373523199
0.231102490521608
0.336678020644921
0.439233223169013
0.457136567052425
0.451651335093707
0.444777285960627
0.401543988529687
0.52581843115068
0.386749836951447
0.374682031385905
0.538438155284367
0.469589406294835
0.559286203240347
0.542011178245905
0.374198406818851
0.574855575200822
0.330027458182968
0.640911728601365
0.506062990813458
0.527268978081724
0.420032619616324
0.445142613775424
0.411555641710245
0.40129211445101
0.594504410976494
0.471035402904382
0.320060650061918
0.35730714260293
0.307519900241636
0.379114392697868
0.455316870118423
0.504956777546251
0.444472676893498
0.505325070763491
0.369950896855253
0.558403909342652
0.470670455805605
0.518402052834064
0.348640981841089
0.384036488439592
0.527912370736215
0.531301505828941
0.436505961379365
0.391761994302614
0.457595168141775
0.526421013413357
0.513360854011753
0.551512912697017
0.391468269812374
0.468529684334776
0.5116531491193
0.572909733369917
0.496471690482051
0.521580400751867
0.624909624233364
0.411556300107077
0.598611819441463
0.58322523660731
0.455965302625513
0.540972392007492
0.693293700907444
0.45458048990061
0.525234914414638
0.420008850787441
0.551804659075758
0.550645848149342
0.645776265915398
0.488982993087138
0.641140143013593
0.530567961538386
0.407760291268229
0.537266725610065
0.52681266413285
0.585770152139459
0.518193230042298
0.55219318271533
0.653579008803318
0.538327564223677
0.524102027079701
0.543859220877578
0.653915046515995
0.619362287108422
0.573053228412394
0.591280819709496
0.575858005813845
0.595826061623503
0.555471487443797
0.514894641769416
0.577726793789337
0.724546727710744
0.556176656831206
0.687671879518926
0.507081115064512
0.572719991872435
0.500268912631621
0.669127583714574
0.630740251336508
0.440443345698786
0.742783683702724
0.79621883768395
0.758646501594195
0.627611723857805
0.560801995348505
0.716253253466038
0.705497617263877
0.486840918160626
0.66128217860585
0.614512576402519
0.693693268448512
0.718361063346548
0.518724295061366
0.674108598528682
0.559064283139757
0.619509578555175
0.737762500208127
0.663427042291439
0.732338684863468
0.545404437545691
0.59150639323508
0.687054488034364
0.528979675740525
0.634169459267659
0.740289536919334
0.657481599152569
0.618700133020593
0.737960604124609
0.780962747289183
0.746176308796355
0.671558709763727
0.714324656487138
0.732026471089174
0.514987174703022
0.820276863653774
0.640905755374039
0.814790416960245
0.648797222671484
0.794755139760167
0.623268381912242
0.662082512008973
0.66590223779887
0.625499951362727
0.678438861949943
0.688270435690161
0.84804954730208
0.706430229888787
0.63546962281424
0.681989065662561
0.750689750053229
0.616959588499131
0.635386688798606
0.894838245235881
0.667981954360662
0.693998987622992
0.767243953584456
0.853274987394428
0.57877545107879
0.621703410172
0.557162346306051
0.859240471887468
0.597407481366488
0.71105967390843
0.622889173244004
0.759123596995247
0.755919904506031
0.86862442633274
0.637611919683886
0.677584409879877
0.732902950255927
0.862153407017365
0.765000543816265
0.70780220957071
0.756768806109913
0.808207363482439
0.676206593976172
0.659379813908974
0.80097675716912
0.750329927582093
0.758470756917305
0.715257115602795
0.785263833111984
0.851355204786823
0.807218410147419
0.631012090704559
0.661883760322825
0.694939744635821
0.683575827280822
0.740238202094699
0.855293785342333
0.703433377257905
0.950840514939266
0.719128814453657
0.689359353440563
0.848699764492428
0.761666823101172
0.767078401599705
0.835330662637333
0.739608131965201
0.893326659058396
0.858130406035484
0.739008646606566
0.772066768660571
0.881493341604941
0.738233648374766
0.946226815323596
0.789903491921499
0.947777012300365
0.801578188452386
0.783172919138741
0.791578292400441
0.666514028155572
0.800027503107639
0.768385973063356
0.810439117815724
0.76602395793622
0.895225246155714
0.985979859279953
0.87890477591303
0.786002425161476
0.883708449566066
0.811762489981073
0.800780707137572
0.758760918624316
0.748735533234573
1.06420333129178
0.854877267757636
0.718756385596485
0.935037537652195
0.888758109720787
0.927070140804365
0.861271702099116
0.919916594224078
0.884352352374831
0.863479443242751
0.808755834804801
0.724411627174191
0.919208413211692
0.956097982673097
1.00174170601946
0.969118585779446
0.849327111774542
0.812189016156881
0.998739747168273
0.862127179882762
0.892225317103569
0.801014266984624
0.899943790797273
0.701009603554013
0.805482824811107
0.936325600953167
0.826898799958862
0.925079109447176
0.803798126738665
0.940744399568635
0.966323222331494
0.92344599155925
0.932918206192944
1.0284208289048
0.91067208441651
0.801451841052666
0.98789614520401
1.07856724121091
1.02623893751595
0.81358755818826
1.01216971211485
0.972839479818466
0.808268314547349
0.811812575158259
1.02441982125057
0.938108697025219
0.958860847777877
0.983740477799408
1.05499993448502
0.899244130266854
1.13117584844917
0.828684975400739
0.971004422389854
1.00016777431637
0.974725983876292
1.142936678967
0.861755041075084
0.904155441618989
1.05880904674408
1.02704003506953
0.903854185127444
0.989031566024384
0.945308387257006
0.974287155287022
0.975438350844286
0.883711269923804
0.882505163223619
1.05499961697546
0.913705440772441
0.956864774297589
1.12248033231336
1.02269027406126
