-1.06189583319987
-1.0307735125868
-0.824226202652503
-0.935761205714091
-1.2325902312891
-1.02686945575381
-1.04774784466207
-1.11469535606911
-1.17101889131008
-1.04412961335948
-1.15075125106288
-0.889081425972559
-1.00317593134535
-0.897303131415556
-0.979688644188134
-1.04668330227965
-1.07007250255133
-1.09248653340954
-0.93011582363215
-1.0105418340477
-1.11036521115373
-0.919470024541703
-0.831700858543216
-0.922587165292171
-0.901724019252166
-0.956767040262834
-0.926409033708448
-0.952491575120333
-0.96369527835896
-0.843608877598316
-0.847527389419946
-1.09702746365056
-0.850490059988878
-0.845623694944408
-0.856807733857451
-1.01865155094595
-0.775623980301781
-1.06378005145636
-0.913707822354469
-0.769951945527516
-0.846433544111042
-0.820524793423825
-0.919817311215345
-0.796437857868064
-0.80727341288491
-0.978547303406351
-0.814401104820943
-0.895393419486463
-0.866276974464939
-0.872747379901908
-0.90716734560992
-0.950191596798673
-0.946381992361556
-0.926632700592297
-0.892128599086508
-0.941915882399985
-0.920926354917958
-0.883052880175896
-0.928528130277619
-1.01312265614293
-0.984391034281278
-0.820132018754387
-0.831795226272897
-0.891394425966573
-0.866473426382806
-0.787811594861829
-0.822629206299487
-0.860860861715487
-0.845707008769995
-0.846342014163049
-0.910676298194265
-0.934633441326838
-0.707467924549926
-0.780730279650519
-0.84780003246225
-0.833575618745644
-0.764208472729347
-0.937618495538558
-0.831687941597963
-0.785802609630927
-0.858303474266032
-0.903793415204649
-0.804135995149453
-0.880236545501578
-0.792946808539062
-0.78417178638416
-0.780189985763446
-0.972064670824978
-0.941033280317042
-0.875534055576381
-0.788018549770797
-0.878013928497338
-0.9007198963607
-0.762054060529495
-0.895113211995412
-0.895328281190444
-0.791350102321441
-0.955718502162584
-0.757461191973892
-0.762956834147104
-0.687130265329555
-0.987403268274373
-0.565081998877718
-0.805511339036901
-0.827865700978035
-0.778728282120265
-0.630515808845105
-0.766442013060798
-0.660557339474418
-0.58279138388172
-0.82423894373642
-0.719436584819051
-0.74280686324625
-0.734206104415559
-0.840954707902369
-0.68932652700121
-0.779520361146804
-0.724973012282583
-0.81170954441232
-0.685509709587492
-0.69638511494856
-0.730181680942975
-0.757911230658505
-0.834165232086005
-0.57799342289446
-0.862105957465013
-0.805852799656603
-0.717134075459383
-0.744239511927642
-0.898231082351074
-0.778329890314055
-0.695637215825839
-0.767375178405097
-0.630962010414416
-0.650392854688412
-0.600286767149485
-0.768251935682788
-0.693879472180527
-0.622328960358225
-0.64889566800102
-0.673434943637801
-0.616759690087721
-0.811867439150501
-0.746545865206371
-0.804102162003054
-0.65265778064898
-0.535415836439262
-0.640929455736212
-0.702758311457379
-0.663514643922532
-0.622606357791101
-0.71982703494699
-0.704339122175979
-0.703791146380287
-0.630577341872764
-0.733678323914828
-0.769728582840428
-0.704560524892095
-0.688975909436963
-0.730240954100237
-0.703774683198835
-0.829823589269024
-0.71226944445851
-0.672543212955628
-0.6221505460588
-0.60194683247388
-0.535443844111644
-0.651004131989802
-0.633497713012221
-0.705723048493464
-0.714377349557659
-0.762253804467658
-0.670198992103247
-0.789917851850201
-0.766217832299729
-0.498626464725445
-0.629138476106592
-0.651627779522527
-0.711139227698277
-0.687911823184286
-0.616683620634545
-0.725373498766977
-0.665320904158546
-0.647822590313833
-0.526411368705011
-0.587364572515762
-0.70285382110687
-0.696616974230561
-0.573249881570816
-0.718850325289156
-0.764242154463107
-0.611191643346377
-0.592225039003926
-0.582391331921018
-0.673643404885289
-0.631930868970711
-0.654323398701643
-0.319785746984251
-0.628513798031289
-0.657014183007632
-0.526688120280642
-0.564248080077931
-0.639335077175575
-0.521822104865748
-0.672812807629499
-0.623050826939385
-0.740125678747879
-0.655145546702946
-0.606653495199851
-0.524198511692336
-0.596829731739438
-0.528160106046331
-0.399592319119104
-0.523416917861381
-0.510193355333004
-0.530573967533128
-0.708917562756203
-0.637476519208539
-0.492958282672426
-0.620510471317957
-0.519809779091275
-0.524911892679588
-0.620294846000009
-0.486126183769862
-0.632870061258817
-0.63341438905291
-0.580718612386468
-0.500079462657878
-0.502625271737763
-0.589423484679722
-0.517529902114112
-0.514902121958423
-0.549056842347721
-0.576526635095627
-0.563425355757546
-0.425867830738381
-0.455851793663938
-0.5515351654188
-0.577474960050869
-0.614606889363889
-0.469771157121606
-0.382157101252887
-0.549727109978251
-0.296884641108653
-0.553217689448607
-0.563200585660993
-0.544241730174707
-0.566676918562936
-0.313255505562854
-0.536398383780522
-0.450100862232182
-0.480425174479367
-0.535121632924623
-0.483242296667947
-0.358360822207211
-0.450894617624709
-0.502530013779215
-0.38015812419713
-0.5691141323421
-0.449255236201995
-0.447121473532918
-0.467263155974805
-0.553393748419162
-0.422988251883617
-0.52434542698624
-0.556373546855057
-0.523287717120619
-0.501852418867783
-0.476040414620014
-0.611774718306614
-0.527376765937952
-0.462515330143844
-0.454573700052484
-0.426538460566429
-0.486199353702153
-0.654606001837697
-0.584248133122092
-0.230476367534003
-0.528719312801549
-0.35559639596916
-0.41803017197417
-0.515857277948774
-0.461592363493157
-0.368068234416782
-0.389953494157764
-0.420850543238415
-0.525597337044178
-0.458136365488353
-0.35910780404718
-0.360670531827965
-0.460869486211468
-0.291865657600317
-0.381620298302693
-0.516677899990021
-0.449079216090712
-0.475525010676219
-0.477804588433162
-0.262452974701925
-0.4006607909995
-0.376345608524714
-0.411965268943637
-0.390011753747311
-0.424303611386171
-0.383652829305432
-0.474293151195444
-0.550178660355043
-0.50581739486373
-0.376218653995909
-0.38490599654553
-0.390435323609999
-0.404089341575419
-0.290082708133393
-0.452512602302946
-0.286842882204522
-0.258541208072694
-0.546977236288103
-0.298132102529518
-0.391366232696577
-0.336113048652821
-0.26685467111294
-0.378833682521385
-0.490179806600815
-0.30192918826895
-0.320627796567559
-0.23669698401146
-0.282723244180984
-0.378205919603564
-0.368983219341087
-0.418095359205379
-0.572798629616397
-0.187878418914254
-0.241603733155995
-0.181604162895207
-0.255540968433389
-0.390127053623308
-0.386580067623701
-0.214735228794711
-0.438536584130902
-0.288576921661666
-0.295455565071568
-0.375270370399835
-0.402775993104025
-0.332777390701099
-0.404228398344387
-0.219014216078329
-0.278973228065292
-0.193347458129266
-0.319467237169266
-0.339123484982068
-0.23656181069704
-0.273280353980966
-0.308026122766277
-0.342562329369682
-0.426884425737063
-0.241084787521841
-0.103920626856045
-0.131700842931831
-0.121070250354126
-0.222133124694361
-0.490398277171793
-0.200430012619528
-0.44474254554032
-0.294800342629781
-0.326944061719631
-0.24253512347895
-0.290538378773321
-0.305206632878871
-0.41704013255372
-0.216598874611248
-0.314670393190116
-0.229916515199809
-0.408209571488967
-0.277254918258231
-0.195420727077639
-0.270777254523305
-0.264424916593885
-0.423674288732734
-0.122759564239881
-0.115347247719818
-0.25025561636881
-0.182295298406057
-0.15023347634194
-0.390797216693186
-0.301553725522216
-0.274614224361584
-0.231160895105628
-0.213266152937942
-0.278355460928968
-0.228613564824737
-0.182298708643559
-0.309175718260535
-0.051529426294292
-0.262212583447736
-0.153789626968399
-0.204679147374812
-0.0936956332346783
0.0262607654214763
-0.296192426277594
-0.200877222813334
-0.173621763957759
-0.209123886607621
-0.213725403345542
-0.0623946930731043
-0.155823999332783
-0.323426043001303
-0.189522252682814
-0.234781197574538
-0.121668591777923
-0.266228094713774
-0.229352656806285
-0.249257254246859
-0.123837759891299
-0.104718843682414
-0.172862115843595
-0.181599547430562
-0.146675524364642
-0.0641083046473627
-0.130108252570064
-0.239616263603844
-0.0935427971015378
-0.305299751730015
-0.193351186836783
-0.13682700903831
-0.0724411817268191
-0.15660262407536
-0.311083893558696
-0.0998198566392419
-0.140153915239701
-0.164899916708616
-0.0131351359302377
-0.0509471061250404
-0.190859830727492
-0.152878272620509
-0.182049934553838
-0.132142704659261
-0.260997576769505
-0.200792306041098
-0.174109176562798
-0.111175132606146
-0.183815968945515
0.000311385760710213
-0.160633215355001
-0.0631893259873839
-0.111051095273506
-0.14446998828999
-0.0273420626782042
-0.151716707286843
0.0278878979747808
-0.0502614027082796
-0.160501882974842
-0.229944342118178
-0.0686785676380771
0.0318545986763457
-0.0854086680998012
-0.0138342535783543
-0.0947417654207479
-0.0412800489922199
-0.0210851389614565
-0.015770288019007
-0.136181036087649
-0.0268992836093308
-0.180597376088553
-0.00514086555784899
-0.0880587080394816
-0.0900123643845219
-0.0559670771287544
-0.0985193030942183
-0.141309195876539
-0.126599186792065
-0.0729234037176086
0.0208870251029793
0.0488002157116527
0.00993206760839949
-0.0668445684177917
0.0580782533741944
-0.0492826077799842
-0.132962347134325
-0.0117567613971989
-0.0564120240152214
-0.0344148582791225
-0.0899307729778066
-0.0396258248309622
0.0287263037875506
-0.0685178801293221
-0.0484007544347943
0.0484859221234978
-0.0715972547535427
0.0777326143072545
-0.00192694401249655
0.00414957564534294
-0.150645934306137
-0.0823071367854826
0.0609554831483641
-0.0931856913228804
0.0322616824341482
0.134901709838335
-0.0780926530843424
-0.197497477613456
-0.087908379638705
0.0149512987294592
0.0315710280423353
0.0217958770747972
0.093529251576228
0.113109360214746
-0.021661320900392
0.0345967091768957
-0.0577914024581439
-0.000961539395123914
0.120221983534763
-0.0217550845241687
-0.040993164496822
0.0169808437514426
0.0296356846924265
0.0288725479260153
0.100188414079485
0.0199172927729657
-0.148590530378564
0.00230005873923255
-0.0554211476642995
0.0545894299262275
0.0166639193451036
0.115710455413602
0.0132148667092222
-0.0747411472248114
-0.00277740069391672
0.0228052113244722
0.0154272019513646
0.0653611239892593
0.102111217774921
0.0170734691955396
0.127335450150648
-0.0594744267364507
0.0248970073264035
0.146678625155714
0.147913776824847
0.0827859989607898
0.138042928266149
-0.0353037089265251
0.110134205112127
6.87325778231671e-05
0.114402137342053
0.0652202336446632
0.0390617872334993
0.0782408655391764
-0.0537776039938055
0.0240001755149676
0.013464419214185
0.181023414822368
0.000736823808461597
-0.0100340738756101
0.00874960485688701
0.0224844758612625
0.185669847204819
0.142834382237452
0.0925680399948915
0.0644682023487629
0.21225908448392
0.118675434368426
0.150826681616065
0.130721298926437
0.129448931027595
0.125973996068044
0.159876391293461
0.190600239406512
0.15356493806739
0.319945668889308
0.105883839873924
0.120809842957338
-0.081449047932512
0.0346076840326482
0.242009691142715
0.133013044968641
0.298678995094121
0.173665678021712
0.0352200082869277
0.15455637681335
0.143015074947971
0.151036105305664
0.248196870219503
0.203098519803822
0.0495611585906501
0.051764671043097
0.107410054955771
0.296842525675958
0.0812655252320615
0.108611287410712
0.137756699402043
0.253987822182609
0.216867408347961
0.289947127020942
0.0665099883222637
0.343803655288792
0.284697541246263
0.139503879975642
0.171168028028148
0.223884616350323
0.206186644190653
0.0925861260547342
0.205954270253076
0.135775465788728
0.228472719966325
0.102821974619209
0.195838346661704
0.0895239917292302
0.305375164411319
0.325249986324467
0.228592578033053
0.303946837465223
0.347113386824241
0.138433074954726
0.297110101981203
0.193930674331122
0.295590716114844
0.329982473759276
0.228223914563311
0.159429811296438
0.116996628271122
0.303944114705013
0.22002795878842
0.244072738148609
0.213406550902472
0.192790050098374
0.249695558032216
0.146298891603913
0.124204823502615
0.289739806966372
0.261663531820431
0.291774871000574
0.397094770141555
0.276097703758738
0.30132884901783
0.238923183731959
0.258791114994431
0.248951363768621
0.292306389447038
0.295001237003556
0.343185508595668
0.336738823961709
0.38782687955522
0.151232689010553
0.343551405069885
0.348779847345546
0.275875478996536
0.342693424827183
0.240103654543097
0.306983210864049
0.328079047733769
0.30236511001769
0.355154626589443
0.244461195213988
0.299231271440141
0.296298793806233
0.364848123037611
0.393174241215566
0.271368155609327
0.266273744479492
0.347337144938359
0.31514712678063
0.257337457185536
0.286555608343173
0.326341772325129
0.203347448524377
0.34972245215548
0.310449052129947
0.356259882366304
0.461284780083074
0.34369347193004
0.373640600236009
0.301520121025931
0.281885857699192
0.237006364712735
0.406745048576628
0.322580370810361
0.2296302996905
0.365759803271828
0.369143756360627
0.25390733021644
0.407282255002005
0.409090173630076
0.342463218537482
0.25289456888026
0.381187914282719
0.469957489838173
0.329944158594146
0.222545578808942
0.299131023199459
0.315569908247962
0.35032446236515
0.475148696072146
0.51878800402858
0.270555423644174
0.371081699904432
0.201869435408452
0.514856930442851
0.357838735126876
0.298567481268793
0.384478694508915
0.409942573154975
0.35415744300907
0.518020363632414
0.305825291615148
0.542504127592383
0.426110179172411
0.359390231792566
0.460341102843816
0.495496840077133
0.228425868472544
0.421429673613584
0.432051996468017
0.444755030681888
0.432565953992787
0.606228882450525
0.349156544623497
0.428405738493142
0.39753860632417
0.366977297933876
0.483823401121417
0.423594148199767
0.374496958101263
0.392255622366264
0.245858632476916
0.496976104289137
0.422418984579606
0.434512534768523
0.385776237623198
0.411126445930127
0.549001727842629
0.350896961266259
0.320750642333375
0.357125558274225
0.327061251678983
0.45281117215059
0.375006519817858
0.26408841201892
0.457252885559475
0.510437675496251
0.404583718653072
0.533882364701659
0.524539650529431
0.556037902313888
0.503146501976934
0.447333039200639
0.627317260670143
0.381271914906917
0.553797989518489
0.567698078155528
0.451129619915026
0.451612157691362
0.44188803077961
0.54885132265764
0.517974346149275
0.594341902613709
0.457598065650773
0.576015115966626
0.555350963140118
0.546715110324803
0.510353516247126
0.596926859806297
0.651779803475413
0.614074423158375
0.470218972803987
0.492122054172467
0.515910155670346
0.428133597934303
0.609758242142721
0.567076437014067
0.699870316424161
0.590707523502296
0.460248920821557
0.47963072883296
0.635403987036298
0.50343648734515
0.399814576798554
0.596402653682331
0.572343579124362
0.592689396376565
0.495544694359427
0.631036213922085
0.718668687594561
0.505090469313095
0.58586718412748
0.425105437090448
0.500763430715889
0.69421659130389
0.67640363395505
0.673237805392381
0.57242765991352
0.682754354923245
0.602651464258102
0.767373810008866
0.581331257940351
0.458597920830674
0.471372518969411
0.55155372290904
0.469586526229252
0.681609401851423
0.542213444319421
0.413090907183203
0.663156555263069
0.429171387694396
0.578947235510345
0.52175982105058
0.585187445429206
0.62879953134155
0.503368459039945
0.765047225545869
0.583884854782901
0.603884600332465
0.717968518561298
0.636850730287429
0.562371920288857
0.62462389764767
0.569440765275192
0.630686898590307
0.535437546251664
0.59587508742023
0.701151944143809
0.537729861894381
0.663816166649385
0.522298957699756
0.681979350317412
0.67074012518342
0.726485774976841
0.707159188921169
0.771771681418959
0.672875499035976
0.638507045447638
0.715890103490153
0.678566675297127
0.710000879004871
0.607826191319707
0.772282486831911
0.639376558015771
0.689593426408887
0.694139221166333
0.734756331620106
0.856659221472772
0.754152445242237
0.693306031763019
0.630930297363398
0.709169096964162
0.586235765843542
0.659660885351998
0.658228180220688
0.649708143934147
0.728600256291975
0.731036967085781
0.557162716496326
0.701896069832074
0.644777224948251
0.721504632332075
0.805497665244971
0.630896449612909
0.797118919863142
0.729979916515678
0.892726256119956
0.69087727761283
0.722149936048451
0.590319929559625
0.748152036155043
0.688127318264741
0.800810361437936
0.62965205275752
0.725282066641385
0.792315729822928
0.800034248129632
0.702101095609801
0.719843119978342
0.832449905697215
0.678208606247041
0.760078431062878
0.759952785419964
0.739260229971322
0.806022102411875
0.726245648654854
0.847277636120324
0.691571390253327
0.783300556306834
0.639323653826511
0.684986795771122
0.681678139117844
0.792542557155231
0.860811416145921
0.832918519123803
0.709946806701563
0.750967738543523
0.713479697196468
0.839908152079699
0.69460924394769
0.767792332223243
0.792074013537014
0.679778751980835
0.734472635595185
0.683097420914811
0.655084392317949
0.910564682234868
0.642738266286516
0.758124254405701
0.828273301981689
0.727514449929858
0.736777805184433
0.72765150300595
0.781544853691088
0.705291601172088
0.912496761382956
0.874536628121958
0.706393668979648
0.919309643708641
0.85805969317849
0.967751599068108
1.03162197013078
0.808058318404062
0.786232462771183
0.752014947816078
0.843739862580305
0.79910248095975
0.837604520693623
0.812766792479243
0.983082345977596
0.802510722616655
0.780054431692508
0.789241166084615
0.898387350697258
0.850750727933548
0.892898014144227
0.821224877349892
0.896393669011898
0.899927812474219
0.821560596966699
0.792079107265189
0.794755839684714
0.789517864975596
0.825193641593835
0.802161858131311
0.834581500197673
0.922828687413786
0.925816460254588
1.04311699167265
0.780944316159656
1.02578412897708
0.725495190423764
0.970308373613958
0.990552406287302
0.907426322513521
0.977470934632385
1.04007698691985
0.87589027520842
0.866751765679592
0.990566570062331
0.878929159575624
0.931066490054541
1.03844988885771
0.996841874226079
0.935145763811554
0.887620987590974
1.08934127458471
0.91942261979574
0.967591609145671
0.951185925050668
0.949603490399907
0.933833724944296
0.949303506382289
0.882860541094693
1.01748179411033
0.863629520952721
0.899613369332055
0.900096554328867
0.899036640410202
0.871898587344711
0.888519333304677
0.756783585920108
0.812831153859962
0.909287337785511
0.970877600867421
0.930147408847719
1.06826302729006
0.984919709056887
1.04478934710475
0.941291061052143
1.00118737526466
1.01942707652284
1.02502341355046
1.02392581236523
0.908995924423746
0.930890399394148
0.943251383524388
0.955453786614505
0.935498455439011
1.05460590242808
1.07481708713587
0.841901118343957
0.923702087219871
0.976807869992208
0.92586083623786
1.0470567093144
0.933912047098743
0.979504720360982
1.11972964486654
0.931713153560988
1.12245826165028
