-0.958305110909294
-1.01890166119786
-0.980621867108645
-1.01482954379942
-1.07159883633335
-1.09117146551883
-0.92467392541453
-0.893426897447233
-1.09333879636316
-0.802532454997996
-0.986062576273838
-1.02398032287282
-1.03527163628786
-1.00283412700865
-0.912309672578821
-0.925547864547474
-0.927443767970937
-1.02558260597972
-0.984654842108775
-0.957869159086931
-0.813232264624279
-0.95701831146815
-1.07214527483442
-0.925530198503784
-0.846388046832533
-0.894211785159698
-0.960511471873983
-0.967975289679752
-0.857111771785631
-0.901805959243459
-0.959987211525695
-1.06163618908133
-0.981714568775255
-0.981988263233839
-0.844841798960631
-0.853726092774956
-0.929009005268582
-0.763401776726025
-0.939811882269529
-0.881341487963106
-0.768419623346608
-0.858355521405865
-1.05244755136011
-0.976152498794545
-0.888672004210864
-0.875328229790054
-0.9557352392255
-0.900758459358676
-0.944622342746343
-0.798700914331168
-0.952943184815616
-0.987303221106719
-0.920723709962861
-0.901837608715923
-0.918851353764777
-0.876070724113842
-0.830793404182286
-0.818638884526082
-0.951515549451608
-1.0386035817017
-0.840535433336451
-0.982657843184541
-0.804174666738081
-0.793091566245423
-0.776377079638294
-0.823266702272526
-1.00758760879539
-0.854646288951755
-0.826904295770976
-0.759624438474458
-0.844320005151481
-0.898372381665188
-0.966959552060651
-1.18179466986694
-0.851769858869264
-0.839020164119707
-0.879948318141124
-0.981549361732505
-0.769086338245476
-0.822719196784697
-0.786648908935427
-0.846242652521138
-0.939491430485749
-0.878925207539192
-0.654161902162541
-0.785358056967139
-0.902996312932959
-0.829771279302558
-0.898790681434831
-0.927863707677265
-0.910253924138534
-0.755690742147974
-0.851888149460795
-0.737425005327551
-0.80423597388783
-0.785319412342358
-0.843642565019613
-0.71338828653191
-0.769634344682659
-0.751827779801237
-0.671256550680342
-0.729726207282341
-0.933061866625894
-0.845719338308004
-0.911128496242029
-0.605301061642967
-0.743549363244794
-0.746468919362152
-0.852012870687473
-0.637446571727078
-0.606076863881207
-0.700529715457938
-0.764413162787341
-0.969247251313851
-0.918975851382489
-0.928108400784564
-0.748605903417779
-0.736508554540577
-0.862454454999195
-0.739208142867894
-0.639424389260308
-0.910824045276253
-0.660626807011479
-0.835913080779962
-0.776601442445564
-0.706080023548728
-0.827716372314985
-0.636550782682911
-0.788519560707671
-0.767462241076438
-0.771324001617986
-0.764706716249238
-0.849277195632335
-0.673557112952163
-0.661111432124684
-0.731220089852986
-0.743720277076477
-0.714939303124839
-0.743789117722104
-0.750172358955542
-0.779185223019517
-0.654511475563955
-0.716167731548743
-0.689024630337056
-0.69651582433563
-0.594512475882797
-0.748080301215708
-0.669478286715204
-0.800971655727483
-0.581519345285055
-0.729426552818957
-0.777164194401318
-0.563029086707009
-0.742633727053142
-0.610577929391113
-0.658687902305258
-0.859940550732818
-0.601043854457393
-0.714228060683432
-0.596423036384299
-0.656716156914655
-0.682636123159384
-0.585622496809554
-0.693593501122758
-0.616733156462199
-0.701073631670582
-0.698093424123584
-0.617957544733868
-0.719123356463623
-0.600480655258936
-0.730737559522406
-0.64952120042942
-0.595643991146616
-0.682200698480815
-0.56125224789037
-0.521571856349411
-0.643924799107873
-0.752637141524747
-0.786805489673741
-0.697638125311805
-0.654099971263835
-0.557008539134395
-0.545500892348394
-0.537026692118311
-0.635660046132237
-0.608486926403217
-0.663720375274803
-0.547978100605704
-0.580954130896565
-0.748626558806854
-0.567072738126313
-0.594528679325149
-0.618541603795854
-0.627701694403684
-0.460174214705842
-0.764314414829389
-0.613062558013362
-0.591783278663985
-0.737666569893271
-0.582755286075039
-0.510393941259984
-0.652429846279482
-0.440182895195194
-0.667881323020544
-0.549862370365336
-0.611005959573814
-0.423062239753679
-0.609493124120012
-0.598603555320345
-0.609456230695245
-0.584965592039754
-0.726176977766387
-0.533451558153262
-0.549292941861367
-0.621126888887639
-0.535792195269025
-0.592411696050007
-0.522345682840543
-0.576081979555942
-0.582573959437591
-0.761684516603066
-0.645076475443425
-0.5952661167147
-0.485854115891588
-0.569466900872984
-0.58499483710266
-0.51181820763136
-0.551336557277386
-0.616562253460247
-0.591197634160242
-0.493549288057326
-0.517504609857099
-0.595386222535412
-0.61126376206133
-0.577753927214029
-0.552472690556594
-0.462186632159355
-0.613558155180296
-0.394673113376555
-0.499836968344992
-0.51396501337095
-0.536006819941079
-0.554865048167851
-0.548740125131883
-0.574930669102299
-0.575417150681317
-0.520409778798008
-0.597686896538943
-0.535357438367348
-0.478520812634583
-0.436531643134537
-0.509411214936708
-0.421065532445928
-0.441019066375605
-0.41284504061668
-0.446195695515395
-0.506899514522033
-0.411190248343945
-0.511683684458298
-0.593940255376947
-0.439786134651722
-0.534416744411297
-0.515671101985856
-0.543656627872266
-0.384128549345475
-0.250044583794485
-0.393318694176724
-0.459606012292666
-0.562493159893806
-0.467675297438515
-0.630597872257526
-0.473775098824801
-0.437089097709685
-0.426779896905893
-0.414431008537368
-0.389403899356178
-0.611648445766564
-0.446556382496638
-0.413003218675034
-0.34246194642367
-0.487907628368084
-0.343312198130292
-0.494647061401582
-0.65388230934685
-0.34367802939998
-0.490929999305939
-0.468892652974702
-0.44274435872579
-0.388477752535995
-0.435745170120432
-0.440578055116489
-0.263850774904765
-0.451040466862987
-0.386044592824676
-0.420038700374352
-0.275212558328437
-0.302123332566878
-0.446536382644824
-0.331564182950748
-0.266270574094714
-0.426280094689346
-0.339280815107592
-0.350656409074855
-0.271578587074213
-0.348601599978128
-0.324110915939336
-0.465086973731179
-0.448123773669312
-0.300822016229339
-0.467900399459721
-0.34759767506621
-0.409897243244624
-0.4258012246625
-0.388187259466336
-0.366413107822337
-0.36083011950112
-0.384668481367163
-0.402557837221252
-0.314623055247703
-0.429614862782235
-0.262439583864846
-0.441545192006175
-0.371498476756678
-0.448793359935477
-0.27010988801478
-0.455531353027174
-0.473823916380118
-0.274640703192815
-0.382215725577377
-0.263697126452095
-0.377980500161663
-0.451378569767643
-0.257764555474218
-0.507635484933111
-0.341072443163415
-0.189333439842314
-0.286673416716765
-0.396620157103567
-0.244934926801468
-0.320909602596919
-0.14979020561314
-0.403495350326406
-0.242889190545938
-0.297399629312176
-0.413372877144605
-0.231086455531939
-0.291542455873299
-0.271249915145741
-0.330665117711442
-0.342953941865245
-0.0551516311372608
-0.404824781905615
-0.345731636765494
-0.338833838576687
-0.249895668680209
-0.240555528418345
-0.38237470941137
-0.199079438514137
-0.367808725712046
-0.358602442657563
-0.274325953093303
-0.290951641800377
-0.366692772920837
-0.164370251505173
-0.224634166457457
-0.25222722034143
-0.237356673780585
-0.228778834002303
-0.249065056255803
-0.355843685486466
-0.304914252482848
-0.260397944759006
-0.282045706097082
-0.21195071254864
-0.349129639590974
-0.183779358545292
-0.272781123013332
-0.324576843731955
-0.28909913419386
-0.411791350379336
-0.326585203267104
-0.179339051155598
-0.163194717737512
-0.17812768035019
-0.240226778355148
-0.352769241322916
-0.291252383901629
-0.270101034545823
-0.323127665789328
-0.165804161080317
-0.245784634280694
-0.246448061328533
-0.140438628229033
-0.10191480217981
-0.213273302579901
-0.350357970339031
-0.0601804575711074
-0.153890764972125
-0.245696451862785
-0.36817812054994
-0.252330883885876
-0.252949566709519
-0.118781171136079
-0.235540725986489
-0.330239459881115
-0.209067157962744
-0.210075857467413
-0.187947917031596
-0.0662336229169857
-0.160620239665986
-0.242610466880993
-0.12748240194027
-0.185099205040546
-0.143889274612569
-0.269884357002051
-0.304089180163019
-0.0474201857337045
-0.228508783463294
-0.142688874495153
-0.193058747332859
-0.268004643996726
-0.0970365383459858
-0.216760801100606
-0.227536726228417
-0.09924353839259
-0.11380101004379
-0.0736025592316627
-0.103386979495332
-0.309833573820522
-0.121507691393112
-0.297991336085135
-0.0372913869499879
-0.0909366016744187
-0.196146401801901
-0.145276297785918
-0.250200964347924
-0.173541704843195
-0.0779018516689695
-0.174632772129789
-0.169290927814009
-0.190672353796152
-0.186037460030072
-0.0518818025082121
-0.0613158013414066
-0.24003824086495
-0.0877043018381542
-0.126685421960152
-0.151321310729857
-0.183457254262075
-0.285969651000116
-0.161897851993422
-0.157446190671666
0.0195525100050113
-0.106918943707086
-0.11175893602208
-0.0617396550827631
-0.138769363145079
-0.00186337656580249
0.0771465521466462
-0.0707913526229634
-0.0738903306820885
-0.0415509948182312
-0.210402977265379
-0.0257725873904031
-0.220952114565863
-0.0324590025270958
-0.101642099728294
-0.102099583248898
-0.0368333426727916
-0.21639201633101
-0.00255842981224375
-0.160701032616334
0.0791579744623385
-0.104081912525781
-0.0243475070347432
0.0600584471191839
-0.0537426586348709
0.0123747496708652
-0.00875145953090709
-0.0536875508718567
0.0922421281585417
0.0901310059529254
-0.0359977892067544
-0.14538371095166
-0.113138844559288
0.0649219502962844
-0.0648569785086821
-0.193686915077563
-0.118075374931753
0.0182192155370568
0.0344449162074051
-0.0825322170618431
-0.0582757960903211
0.0772343358398873
0.0489177395506362
0.0622934516246382
-0.103719103064174
-0.0180063708340982
0.0496154479739385
-0.0347478716143656
0.0783210782274714
0.0443379546964814
-0.00774350913581391
0.0563451275709872
0.057252067637822
0.0500997008152151
-0.142204089073939
0.0263150467148402
-0.00588277392905284
-0.179649859186525
0.059920483677269
0.221143515287336
0.064891635722568
-0.0100770667390326
0.101146985199212
0.154487300526599
0.109041953339125
-0.0305103042293338
-0.135107569352923
0.133698521615709
-0.0138446699782464
0.137576830575439
-0.0589801334950954
0.00161156325639556
0.0783887476869774
-0.0199682954496711
0.0936956173301269
0.0306835911937939
0.0931309065270192
0.100337134280881
-0.029320588135337
0.0856026507596734
0.184419167981686
-0.117412598045723
0.0957072425396415
0.172203124768812
0.0420197521606586
0.0331056023944033
0.0978449202676189
0.133774104569891
0.104564936466922
-0.0603688943414564
0.0659986343102471
0.100371458925903
0.165787236077238
-0.0752029471306142
0.192187645773873
0.0920057348801592
-0.067085569277207
0.116092738634794
0.160833526136336
0.220918096167164
0.131487671914736
0.0433346294849206
0.158682369671987
-0.0237117052800353
0.207560221538861
0.140307197426318
0.125944436167273
0.0678605578259215
0.0839375314934618
0.0104309349730264
0.100903698508924
0.104102271292555
0.111153953376091
-0.100253756601858
-0.0202574124406951
0.110741276176251
0.0125376180888337
0.0607749775442128
0.0455923443090818
0.269472606777558
0.235846391437624
0.235700052941706
0.263477152675666
0.124723582724072
0.0508840740124479
0.191288405258846
0.149330057103061
0.0987249743019565
0.0557715474671549
0.264791448958765
0.0496056592820548
0.297192326158507
0.157366170008461
0.247489693887815
0.273212032755334
0.21675636403647
0.140206160448834
0.27605299235555
0.246210330011782
0.197473424028767
0.31481124223763
0.0681650592521052
0.242246362998898
0.0773305830075434
0.102542112689074
0.084166854106473
0.312211767023306
0.316091635273778
0.319055554267491
0.18023487795867
0.165670373022552
0.267130026909613
0.0943783279814311
0.289044735799444
0.211600100750559
0.313170669997336
0.178096044718305
0.0648047880352751
0.353858190808118
0.156762361695751
0.285770238291804
0.349930007912699
0.083208119491316
0.265814543860199
0.192602021858178
0.0180442060088875
0.127609010898782
0.444790670074557
0.364805687742941
0.223540275224003
0.165185108101544
0.244659273708065
0.399415700983055
0.298482781078663
0.112497478532723
0.122837373992682
0.158897211178687
0.387407655052379
0.258538177083615
0.342336018073025
0.16363500278796
0.239312149086773
0.198894585228796
0.26118720957128
0.175486831485697
0.349204554087558
0.38551945429767
0.393133826818337
0.160202811039634
0.301038871723938
0.347438391503464
0.398209647988851
0.253421932932737
0.256467272209001
0.342010534006479
0.262358459222326
0.318861012778972
0.229099263158246
0.203455455011509
0.479918191995792
0.377196694966358
0.245180605742374
0.286384854316917
0.337195174828713
0.295365468151793
0.400466512786833
0.252803856244408
0.390278489780796
0.428119604453832
0.418589993739697
0.326087329212981
0.423638292058893
0.418183002567875
0.177372114940914
0.268918165672448
0.357604796952758
0.306846933665672
0.108385564360536
0.31322886007051
0.305541836591307
0.331206784107257
0.237620924049296
0.417873212773224
0.279972399082828
0.302230057909767
0.447550812138894
0.3613153546932
0.162318269768831
0.337418358033659
0.450296095161018
0.328124505476418
0.404082171722774
0.316758278999071
0.329853445608493
0.284792465472757
0.330429021012276
0.327513693407059
0.499982735854679
0.404022790444752
0.41716753004165
0.333760297354282
0.395221034061203
0.282441340369937
0.332979142011856
0.238059881681393
0.275717406163389
0.349661800295424
0.347962222364347
0.302106442524721
0.261588219746915
0.535127122424813
0.336334054754012
0.266968831982195
0.398942911136902
0.293404378046846
0.261617777991463
0.535352929668154
0.492849862824524
0.463473977782131
0.47536662054367
0.415576296792096
0.290085641863426
0.432835907791785
0.48804983548274
0.426552108724092
0.417288935035915
0.43908240265844
0.336043694722622
0.385289467612259
0.541679348317429
0.406065432817071
0.372920384033544
0.375961305660161
0.407588686959581
0.44459331524221
0.516064953361107
0.346289178496743
0.559805764094989
0.501537833778405
0.483267376230858
0.431349184467403
0.52554632712857
0.474826706237838
0.460718697260778
0.478629672341076
0.356365090101161
0.430295421691014
0.502231242652397
0.473050537538635
0.497093647943429
0.550110600890529
0.481378024081084
0.475342588803548
0.489895265450739
0.455898893547577
0.487136865890061
0.51390210625259
0.508836516098843
0.537051568241302
0.642334518381736
0.579683227373081
0.49854643556133
0.52031696711236
0.527502204516704
0.555753250796744
0.537961601632248
0.549888947470716
0.547109992318573
0.614203042916895
0.550079968473359
0.563056206830534
0.501576963347115
0.532337114136851
0.441432953715516
0.518555122915865
0.671249254309221
0.463037738871203
0.505046256856892
0.498047853745107
0.619787778047599
0.582812748730285
0.611848955628284
0.595584915143034
0.652927161625789
0.483348479280926
0.620069531166294
0.585589502628807
0.647863309137126
0.428268232000445
0.570206972707078
0.818314879149609
0.544346379016841
0.620401522432866
0.60486290760305
0.742053054434192
0.506515216850623
0.56344262544805
0.596600854837737
0.54752749424224
0.609433085977208
0.664465706541003
0.588944408285357
0.692801648638505
0.63323963541765
0.652714798709813
0.682755578618863
0.641153087858822
0.438354363166599
0.496086071120502
0.570481517045267
0.565757770373234
0.68578299344849
0.588589036383559
0.703278984782023
0.592967495943344
0.478636310264015
0.684806478910595
0.648383757845829
0.590623831854464
0.58434993190617
0.616610516930072
0.523329686486658
0.419004766139294
0.584153166553907
0.605306854983992
0.489551800933463
0.579287276638937
0.61245539341182
0.567471252785235
0.548534219892964
0.631383428237747
0.702907027340813
0.678489882693802
0.577973247624694
0.496032274525932
0.713957390243309
0.664669802835343
0.544219929476896
0.467416267161234
0.732284055489704
0.503540624118875
0.806978563954527
0.597637054705237
0.714974364877032
0.796576105113719
0.719739457255925
0.634233871110122
0.737074987223657
0.744094488474027
0.720755283075068
0.730392120905261
0.734105181729556
0.607421149118696
0.631911251741762
0.544822191314298
0.655937179260174
0.522433014176155
0.737323189097964
0.687670379765298
0.693992091688767
0.591044291350103
0.561196293619247
0.709686774564972
0.729612380996998
0.715460427337684
0.686102483709677
0.575153230079974
0.696744839047102
0.687406087276904
0.733321299963508
0.761127254002613
0.696713695294308
0.779128303539976
0.787866611706471
0.737668984669922
0.837067547219623
0.68604202718439
0.742978916699223
0.872134561947578
0.806930876001778
0.777816521032634
0.684903372801858
0.704449352338745
0.689190501977095
0.856123971769846
0.811818037006419
0.840176666731263
0.876028567193765
0.739758201543916
0.744199831911665
0.812694151793839
0.657630854084405
0.795241863041622
0.823866093706561
0.780615459475588
0.813636170123301
0.808003271170875
0.688214553742611
0.766849561477565
0.912849077837988
0.602094844970243
0.637444090840371
0.625512875467891
0.895691900981862
0.88757832638081
0.893140026202012
0.772518331954883
0.859579895945102
0.750267500303415
0.754669116761139
0.862924588049157
0.660247684879404
0.623957176508333
0.835679614610718
0.821445028247736
0.817480825883459
0.749161545303124
0.833618038974596
0.901576886849324
0.857770987291744
0.735400372104854
0.736825941732904
0.849352479255604
0.91185293119774
0.894905824747815
0.756794732854215
0.848236405052623
0.88776005363684
0.738879771123161
0.83076422257589
0.714899380038297
0.893426880617052
0.860371145824561
0.994558402107929
0.710107494641675
0.869421008846536
0.819922887160095
0.910462692936782
0.690989919928792
0.931650121987532
0.893049473022972
0.746561331295614
1.12765686505395
0.806681697816044
0.930318502713725
0.991076659558459
0.927161996940518
0.886040497445655
0.859010154594194
0.884343856699819
0.847223331243579
0.896131685540384
0.905348514447676
0.934034542720586
0.763920602780574
0.712879991326694
0.937776174411064
0.759077964300685
1.09309568381374
0.981798968909017
0.83956855189487
0.800354182918024
0.899974445040549
1.0522861975727
0.870278392158566
0.864528189006386
0.949681993060699
0.801159638562654
0.804294417147831
0.964286237636533
0.769242067291958
0.950778909970216
0.944118146202319
1.02202656560578
0.955082791310679
0.95411323139883
0.950633252962188
0.938457209469821
0.82039841051648
0.960248452952638
0.849506326149337
0.976740757605556
0.838137809618581
1.00951665877243
1.12577836402349
1.02730913240177
0.865935074646629
0.749847696954541
0.936887953360953
0.985112288844864
0.987483834686347
1.05113137635314
1.01645691231321
0.945264392857537
1.00418452891007
0.869407717770129
1.03659755921716
1.10516988778731
0.995593337107491
0.970559034867699
1.02465866952057
1.10447242894952
1.09823095660472
1.0281120844576
0.969102050410305
1.09397447378535
0.921829375187478
1.07409781803663
