-1.07498690185078
-1.04494311361233
-0.819560787706338
-0.935595621911694
-1.23844467937132
-1.01505715202933
-1.02892572191544
-1.10528246884943
-1.17514073802426
-1.05551446842051
-1.15775771576349
-0.881205001794426
-1.00014014722737
-0.917770177476885
-0.993440692733995
-1.02263256254046
-1.07563545489917
-1.08106915194106
-0.906005929585419
-1.01608205337503
-1.10936500968689
-0.90492004564013
-0.82465814854209
-0.921160662894312
-0.894743762775016
-0.967765583931633
-0.924209799665291
-0.929180910003451
-0.954976134714849
-0.843247430008806
-0.839091918100397
-1.10982464077977
-0.834296690992131
-0.820011289492781
-0.875822774628837
-1.01762546893983
-0.763244580416965
-1.10200728403184
-0.918597509991865
-0.764922176179069
-0.831792673910015
-0.822660614658618
-0.912047234470308
-0.804448119840846
-0.827069364908831
-0.974498303152182
-0.816553670251714
-0.907643342145663
-0.848781915751355
-0.865188206256952
-0.91101341079887
-0.943910667851533
-0.93572659498235
-0.909512448929998
-0.882444862629323
-0.930752944909519
-0.912963599162209
-0.87440085438291
-0.937055287723982
-0.989009901597781
-0.99191803604843
-0.814943847835869
-0.819041348532636
-0.899020248894746
-0.874355592197088
-0.765348009091783
-0.830055559805963
-0.840441116431438
-0.838099951937048
-0.847648455225146
-0.888996544781924
-0.940627217728125
-0.726170955084951
-0.775600538776199
-0.860381253345269
-0.832345546848284
-0.748258703033321
-0.949834446878008
-0.828032262800685
-0.81965367189522
-0.868108436855708
-0.91403201269299
-0.828339500877704
-0.857966916511864
-0.817693629446449
-0.769543669793933
-0.779525772616857
-0.953081868104265
-0.952477577975028
-0.885332011824969
-0.784485671702166
-0.873887656742133
-0.886091189322163
-0.771699771037809
-0.888109287379762
-0.896390799179858
-0.793446865756404
-0.935175339142139
-0.746896652193415
-0.760987848257597
-0.674521496490698
-0.969228582249377
-0.592415491333053
-0.811456616388654
-0.830226998403334
-0.756916311745833
-0.626221709892959
-0.746717887475322
-0.668265872249088
-0.596872301777458
-0.828417340080673
-0.690124873249533
-0.723427301458253
-0.710006148733388
-0.820248427221902
-0.711534423568169
-0.778035860806969
-0.728116250192617
-0.816277543575238
-0.68779683209523
-0.705778994688416
-0.74630323675959
-0.742892045450573
-0.84648552031553
-0.578537436594823
-0.872913585973888
-0.818884999189589
-0.717775432822866
-0.716517424812132
-0.891324584474513
-0.768779018706937
-0.70855180318169
-0.781144216091888
-0.628587261968718
-0.638926520554098
-0.616297728537568
-0.757410217950741
-0.690259438453836
-0.600541778119338
-0.655914723569592
-0.663059537453558
-0.597877607057635
-0.804046271328929
-0.740514101822289
-0.807306490840949
-0.657641306184557
-0.534433247052408
-0.635970563017738
-0.681308181834059
-0.656805024529795
-0.62911846420737
-0.736812350204139
-0.691939069549072
-0.676925296248165
-0.646844275146458
-0.723147057376419
-0.7692662303512
-0.698565330128452
-0.67415050783297
-0.749784630819902
-0.689962049823257
-0.852359141864089
-0.699888930733211
-0.653411544223927
-0.617980676324526
-0.604993945888948
-0.530480167913288
-0.670395309186326
-0.624431709797828
-0.702792978071842
-0.749597920156924
-0.75900957886975
-0.67650784383831
-0.789309948369854
-0.753825701702474
-0.503707349875119
-0.645122445948421
-0.658833516576206
-0.720240652963206
-0.692259011298553
-0.643320522732052
-0.708475989463423
-0.688242997832922
-0.624374104014914
-0.5298218466971
-0.594150133320191
-0.701953919813539
-0.702203403877481
-0.577714602310563
-0.715201255622738
-0.747407269534132
-0.604588227848782
-0.596712810389105
-0.578899834030009
-0.65434316517235
-0.629729030443552
-0.661957320865321
-0.315371509599372
-0.655104226359929
-0.663627769177986
-0.525036224000735
-0.575100254844975
-0.653242970354464
-0.533063139741868
-0.671487008582525
-0.636322179541626
-0.752974086493855
-0.677123997911617
-0.60825923166633
-0.540365193256818
-0.600746147986413
-0.527287544118529
-0.417325912936195
-0.509010006767655
-0.530940886245964
-0.540850539786667
-0.701214001616157
-0.637933046627426
-0.495904635774894
-0.606423287572544
-0.509291507291853
-0.515990731090862
-0.595578061176837
-0.481743356477894
-0.595776635955015
-0.635986110756734
-0.573141414048407
-0.526986995048104
-0.514421385745649
-0.609299593121465
-0.513560964870756
-0.519807941136499
-0.547599442055726
-0.573385868502164
-0.573686287109867
-0.455077511520376
-0.463903503683589
-0.537100305598879
-0.54756292975148
-0.614158173673968
-0.460265268552789
-0.415531623406903
-0.52989212952847
-0.306960130942726
-0.52471115050888
-0.553005713212695
-0.533878860552544
-0.560194003234781
-0.315461484187093
-0.531928591042123
-0.439499814130125
-0.486294093487068
-0.523961631294698
-0.485726411631126
-0.359917835380336
-0.46137159884768
-0.497381213442448
-0.382294560304316
-0.577967970003552
-0.452401447889763
-0.442317722266416
-0.451961096159915
-0.575371182129942
-0.406133125912365
-0.529082696105858
-0.563848328930283
-0.52995288328159
-0.478289774635097
-0.46317517492319
-0.613871726360333
-0.525606497272089
-0.460495220475991
-0.463405480154733
-0.443027915313909
-0.468879029678974
-0.648678995322948
-0.60549636489591
-0.239087245427649
-0.532403175036376
-0.36079512257485
-0.421496912949372
-0.489375077692251
-0.458293705470442
-0.369092701820408
-0.376715628763467
-0.422084708007163
-0.529778250582998
-0.472433099794746
-0.38514348390732
-0.385040342434081
-0.435688358274521
-0.297362447615294
-0.389311071009141
-0.49089997318074
-0.443399993637266
-0.496495287104175
-0.495255879193444
-0.279542457005145
-0.428110618459024
-0.394542065143166
-0.401014241399665
-0.403764020540602
-0.428914115690849
-0.390346760798833
-0.488547962185046
-0.530053562350808
-0.501430450585187
-0.342359523177084
-0.381149919536264
-0.384107390086479
-0.395214639155356
-0.268519378814814
-0.436311495359706
-0.308246486034404
-0.252590361854766
-0.545052266352256
-0.295100866780521
-0.398126079268118
-0.337293279876416
-0.259947896813603
-0.359453781899647
-0.474186201981919
-0.310666256454022
-0.349927012118195
-0.214750620126426
-0.279574412179854
-0.376751435065049
-0.377342716439174
-0.427499975630696
-0.581691721432685
-0.18891561143163
-0.243191322915067
-0.171742035472806
-0.270893527253805
-0.38323150859967
-0.405148136777756
-0.185445383953364
-0.437663571211815
-0.297332345272891
-0.301124565310705
-0.35574904085799
-0.400433265175535
-0.324286321350132
-0.397095008747609
-0.220086971388266
-0.281255214091726
-0.206866003894424
-0.33452587681294
-0.335629286414924
-0.23658838053591
-0.272341104750696
-0.293536144806312
-0.337603692994654
-0.429698869241997
-0.236724988468116
-0.090322388012096
-0.111588607189858
-0.130926277286346
-0.207586176852478
-0.487733846926482
-0.211078161022367
-0.424569946926038
-0.300689422174522
-0.314664644847819
-0.227591113590358
-0.305528228642068
-0.300966374639113
-0.433705549967179
-0.220702777183935
-0.316966774507549
-0.227327855434208
-0.408216505438217
-0.265128326932726
-0.206727956586278
-0.28085450350248
-0.277939448070317
-0.418191420498139
-0.118542512754012
-0.0944354957716917
-0.2359565256999
-0.181912427604333
-0.142913292080095
-0.388088714977084
-0.310557903347399
-0.298296322260252
-0.22860505945829
-0.193280438124181
-0.272718708507692
-0.231363272530755
-0.191054685011499
-0.299527408009175
-0.0643603523275935
-0.272117799988979
-0.158930460052577
-0.201426836375231
-0.0867031780588848
0.0207150740716022
-0.315928064977854
-0.194453976272711
-0.170181732772885
-0.211391842274101
-0.224084719535705
-0.0601028812783308
-0.141835997461892
-0.328235858340245
-0.198343225245134
-0.233636391282064
-0.136265691179823
-0.259036964978012
-0.224462221908511
-0.251119819145246
-0.108375626115016
-0.129545603093709
-0.164999742419627
-0.183162689749345
-0.141394979390415
-0.0969463399649957
-0.149550135965192
-0.228385120976231
-0.118436347631186
-0.283328901166421
-0.184125227234808
-0.142425636033805
-0.0586604107586459
-0.147730607030923
-0.300401610648534
-0.0904063583570275
-0.124157047234046
-0.150522553787491
0.00974477769876751
-0.0379987937082075
-0.182396760781531
-0.1465797548661
-0.185981319474706
-0.114378667125397
-0.253278441872117
-0.21170536511977
-0.167007443762044
-0.086406788999363
-0.182269324694124
0.00891799996929542
-0.171632448621649
-0.0687815085219679
-0.125599860040075
-0.151323300968128
-0.0371492468080713
-0.144966666940886
0.0360948879079991
-0.0549919990448931
-0.146668690048241
-0.218179052449091
-0.0550799408086019
0.0255416015611555
-0.0660310116194156
-0.00641599185240484
-0.103141832189072
-0.0397309984695058
-0.0241365936337212
-0.0338166817562774
-0.152012404890886
-0.0445543123138441
-0.160137701996086
-0.0222180919310487
-0.0929901301898508
-0.0920530113833972
-0.0627100533204461
-0.0982191614382078
-0.152500685758695
-0.117421733691458
-0.0738131399091635
0.016226897308058
0.0264531596929084
-0.00818724598274398
-0.0646251859374178
0.0371538003565932
-0.0467638694485557
-0.12729200273716
-0.00948368390211599
-0.0752085306868762
-0.0353081667554948
-0.0925796032257944
-0.0279332031135481
0.0409777359115961
-0.0817630848585218
-0.0491140715341186
0.0516111098638354
-0.0584612815059031
0.080651379010987
-0.0045351514698612
0.0168885399553277
-0.139009320452166
-0.0764049839182235
0.0448610033454798
-0.0993853019369807
0.0441254828899889
0.120752153246653
-0.0792779411083299
-0.204837021784635
-0.103471585476652
0.0259645208748903
0.0343530532734159
0.0375211272875203
0.118064774718044
0.108283445684483
-0.012729183544442
0.0278998041627663
-0.0385491349683403
0.00490064886329125
0.110278331264652
-0.0256557080414465
-0.0244564788240382
0.0280302770641858
0.032136989126446
0.0201779198085131
0.0998238954640673
0.0427995573399478
-0.126459070405528
0.0125821712664793
-0.0463348842101337
0.0531643683680027
0.0446859942264877
0.108522745154352
0.0121892060990178
-0.0822703674114087
0.00212136690219019
-0.00485417947829525
0.012243623911359
0.0751565579040435
0.110451450446283
-0.00497823145685576
0.125637490817665
-0.0683310425687782
0.0140242126680397
0.147408600707604
0.150293385967685
0.0803668029920149
0.131446077560575
0.0018109427983873
0.109263298764972
0.00479377641238464
0.105518614879526
0.0738212285104561
0.0185311972877886
0.087562984797902
-0.0720297376207684
0.0419818583970629
0.000577173808767096
0.211626429565167
-0.0105438298547483
-0.0208495619391783
0.00527732875996227
0.0264123884572217
0.189305516575905
0.139632887762417
0.109079453299686
0.05398015883948
0.220808673708149
0.111690903253027
0.136652602060436
0.120231692775265
0.141140574215136
0.124197462089894
0.161532421822266
0.175925026395108
0.154064589497342
0.307450522993461
0.103392455477618
0.121037876575483
-0.0727490095221856
0.0443240029996367
0.237825381361239
0.127544031560272
0.290882739428433
0.136667982022308
0.0385639793096968
0.158675279455743
0.135545616444435
0.142120743113444
0.231367354871314
0.205318807265344
0.0688621842541939
0.0825907977843691
0.124573394218751
0.295410588386372
0.084718147355967
0.10012162973258
0.122741141850625
0.252564028600655
0.188718778144492
0.301329274967168
0.0697969883519612
0.332620244150561
0.276791481811873
0.122454538984732
0.179711474275483
0.227798437215772
0.208906873145601
0.097880389714889
0.227044570784937
0.126608892844635
0.222416486793216
0.127286140930886
0.218062216098909
0.0662338663052462
0.321644571744655
0.33421154640776
0.222377480449214
0.302087963474966
0.335652098942463
0.156151061979513
0.289592708438242
0.196491424666219
0.299152399078349
0.308161747995094
0.191472246676919
0.162052526091872
0.108407716706804
0.311777051898816
0.221496978250022
0.26229900221559
0.21687766720316
0.193473798061524
0.254504136341811
0.152481602492151
0.131864503238331
0.292995326967485
0.256272667887636
0.310769209751813
0.407900509281787
0.290855391272002
0.30411664516992
0.253147590612198
0.240040308272118
0.234181533568243
0.290150684530775
0.292171480880572
0.356168878119123
0.303914304047617
0.38155081462115
0.166982550369854
0.358376079468774
0.34923750624789
0.272657933719636
0.339125843105453
0.241658367087943
0.289232955203445
0.329655326098629
0.281581338143515
0.345915271263752
0.244878959494658
0.287203501729646
0.301610872015575
0.35819333172253
0.37081616709225
0.28626106136489
0.296743348930857
0.359363994377089
0.349759208386569
0.2517988419628
0.310664047570209
0.321667725245746
0.218566150118951
0.316470330236415
0.335980898784834
0.373811117914042
0.453902393691983
0.359170805180842
0.36887270295138
0.284969537048486
0.279679413679566
0.253253098202887
0.39850470030996
0.308020459538406
0.206992813476211
0.355849201392497
0.354076692387429
0.263287436773748
0.40593840405339
0.400263963088
0.3278661725606
0.236653707371993
0.411776077726211
0.455059179992193
0.333178782985422
0.23615965580934
0.306545102768831
0.316937336855449
0.350539680697207
0.481217387177111
0.50999458578572
0.265012969794612
0.35944157779961
0.205683639466148
0.514678870130457
0.358395290948378
0.295090312972923
0.397057262197908
0.423582036341825
0.352726364641335
0.536775799871655
0.302058331820298
0.516268642778038
0.432580973583279
0.374800006404054
0.470747943083447
0.493785501249695
0.225840969689986
0.393640637568913
0.430928428474067
0.437197833202712
0.468938490316246
0.622308456435713
0.351667109324568
0.405651180773602
0.422285719952292
0.375907643504735
0.472817453308995
0.438176119750037
0.362039633276197
0.40540403915995
0.216560946287797
0.492560769414422
0.411514033931455
0.403072112051439
0.376641575229798
0.409930295423098
0.538605180274515
0.34901778991631
0.319162604695822
0.365236986726173
0.318749468948208
0.448766761592533
0.379325198615747
0.281173557260326
0.466470440858302
0.516039762626896
0.398131542520078
0.5309127180949
0.515311901309517
0.543315295973419
0.504175978492511
0.467940472026014
0.647491217580891
0.374939808235243
0.546258608938598
0.559071080114667
0.462808348823225
0.451763116695207
0.454314159112533
0.553320296798147
0.510832771376308
0.596208115251991
0.447728960552408
0.622099938516122
0.552128806757729
0.564589408571317
0.53075116089274
0.606008625499514
0.643452747743326
0.5914828899577
0.472601296904727
0.497459158794928
0.52269310022702
0.410477519387407
0.616983010109038
0.576080815048279
0.717589442989072
0.609883772583325
0.448419108047673
0.485183668685064
0.626515632671199
0.504709285976337
0.39254997301476
0.600136152852542
0.544595845688193
0.583774636772798
0.497642695341878
0.614604042020147
0.722613458133151
0.530702582157008
0.58870652358052
0.434810063568318
0.47501078646346
0.681959927206138
0.677809717286035
0.657871845662176
0.56562165939781
0.665098358866428
0.584854372983463
0.766910451515619
0.574508878184469
0.442351591622616
0.44941337431961
0.561987466072419
0.454018931858007
0.675500589761641
0.54324566888065
0.42115173907399
0.682746651147162
0.450779173420004
0.585408178771332
0.514853444316655
0.58688392006776
0.627294400332501
0.503523695840573
0.747399262306024
0.560758720633442
0.605313054013394
0.711090797111609
0.644142395718835
0.565154842003824
0.614806309521662
0.574881903295501
0.633092972620902
0.527730065190953
0.596498799217734
0.712410481558584
0.527564840789259
0.670479182574846
0.545607481530967
0.670779977446644
0.658151974547146
0.724221294251137
0.724556884966233
0.764924099933356
0.681773121860823
0.653503135308563
0.724294484510531
0.670810440194518
0.747535154770907
0.619401620205363
0.787732704406674
0.645544144417725
0.682028461018055
0.687927663162736
0.700492670416575
0.846775855809139
0.773078045037221
0.670931951333444
0.625716251475052
0.689371950822598
0.600657768578798
0.656513012620554
0.660390071300239
0.666058965143699
0.745220627121615
0.73347925552507
0.537447035984153
0.716838175698989
0.630367145549825
0.715715880865369
0.83070148605029
0.593623725529029
0.786333578072763
0.717337204940908
0.876447761820842
0.682866408881254
0.729741370045538
0.590605708432686
0.722837266656684
0.69169382813884
0.820755074712288
0.652145645999981
0.730027105509287
0.777252599270937
0.810501499385633
0.707026243663629
0.72761539396156
0.820230098372586
0.698746068468806
0.767964867829722
0.743791203797928
0.742440604455985
0.795647403723691
0.712602136603675
0.843941902898791
0.698028363279075
0.774288296167543
0.625904501946601
0.696233558488236
0.693532164644793
0.776670272408109
0.885435603868717
0.845979481393482
0.682787578020549
0.746480900285858
0.702636501192329
0.841864794804144
0.690393456936113
0.78507564185687
0.784999605285939
0.684958021100028
0.747719539057338
0.691029373283554
0.637347760250823
0.924229825396591
0.683647237859504
0.757141294860906
0.844217914318586
0.730469869064394
0.722045344549582
0.725874293074755
0.783613715175507
0.709876804295451
0.9188731960983
0.890955596377145
0.722234631326718
0.9094557617878
0.852372780898454
0.982545157582916
1.02269050742218
0.801688633464982
0.792939899149001
0.748528399908258
0.820163751527946
0.810878291594385
0.84189512202326
0.805246208246089
0.988027873315375
0.767783774041234
0.784372031899734
0.806819901688042
0.916494494991376
0.824175198195222
0.875139549153616
0.830174691806166
0.911253384058023
0.877684529408096
0.836576788974255
0.784795028842011
0.7941572288617
0.807355700345809
0.845968775808406
0.792353553796765
0.836794456019186
0.914943178584553
0.92908923513421
1.03960209887526
0.77648747635383
1.01579996825493
0.725133894114233
0.95389316198821
0.994204147613883
0.908397550210315
0.99285544933909
1.02709453326449
0.853752019350358
0.854683461262048
1.0026895523677
0.889257635015292
0.94320354108598
1.05182523331558
0.993946039124755
0.922119082793123
0.880086011910555
1.10235926085003
0.951450054707919
0.964482103180141
0.941349101320406
0.943375195239768
0.917208216460457
0.947882036901347
0.866922097560669
0.978966770260387
0.858048180996085
0.907780339659669
0.91595070712221
0.911079621987805
0.887459385692389
0.878493180351026
0.756370566139873
0.812210316018902
0.920231067211171
0.98623020525038
0.938459563314987
1.06706092250852
0.996075623253393
1.06352943433323
0.940970064966733
0.979446602729355
1.00608495386763
1.01019105924736
1.00344517448264
0.89129778760616
0.946848848307333
0.956996578777828
0.963088423812447
0.931810907604538
1.0640323678754
1.08224588861721
0.850091122008676
0.926928579591643
0.994771321018177
0.91388320816383
1.04123859017441
0.918519648155328
0.996841015563984
1.13199490231835
0.927416154287743
1.1370436184988
