-0.962241121961631
-0.999318049031198
-0.969011093103535
-1.00797910945857
-1.06105044334559
-1.09793598084221
-0.916737630518285
-0.902393381943303
-1.13692649964581
-0.805859455899325
-0.977575945003686
-1.01656706590329
-1.04464859191946
-0.989070473273247
-0.905550853828231
-0.920492872064723
-0.911268034130757
-1.0098311047157
-0.991830139162919
-0.929094934250029
-0.786010695626992
-0.946670237830258
-1.086952421635
-0.920738249639865
-0.865203378838861
-0.891307937884677
-0.987485199974955
-0.977609063728377
-0.860510244227747
-0.888449275397513
-0.969731733802608
-1.05749271480067
-0.993539376059205
-0.96795087950182
-0.860056341837441
-0.831873628183089
-0.935965669752036
-0.780901243000689
-0.936892704276241
-0.900414608315513
-0.764391714876816
-0.83000118525954
-1.04750674553589
-0.952956872338407
-0.91776562597214
-0.873764073829477
-0.969737689007178
-0.871378033397689
-0.939580927992045
-0.802971032835937
-0.956735647147994
-0.987163164319312
-0.927899808966623
-0.895752824916492
-0.924170943070625
-0.882686539022546
-0.829197879114264
-0.839747403260547
-0.955679616928473
-1.03803905278215
-0.847520653545509
-0.991408114715817
-0.796275587167288
-0.774476254821804
-0.77578589842797
-0.809205551551112
-1.01480091969169
-0.831949684492207
-0.827194041979286
-0.785181563728461
-0.870134566706704
-0.909991653443628
-0.963864446050674
-1.15110565190909
-0.848567761957756
-0.825409646212341
-0.909311990952943
-0.978278315864898
-0.745192665002235
-0.822479922164428
-0.772846773677729
-0.867834454529198
-0.942517827487394
-0.887081746791213
-0.649335739487881
-0.763843317904235
-0.912976977226318
-0.837474983659511
-0.899422805883638
-0.925099957319906
-0.913170051647032
-0.768031478098594
-0.868663514623952
-0.743938666405412
-0.800332254984015
-0.772728098298674
-0.850015963996701
-0.690989183298359
-0.790528204439158
-0.753516841881787
-0.677708618876077
-0.736050421283036
-0.931315098301022
-0.833074796302319
-0.897780259964121
-0.602142191784229
-0.755579743846613
-0.740298132118622
-0.825202977634309
-0.641888404996546
-0.603365622083284
-0.723455987228761
-0.766219726030871
-0.961405358719038
-0.887665952212663
-0.909670125278804
-0.778060569736011
-0.736616087189139
-0.848175368700521
-0.752587986500944
-0.665039487437696
-0.905433063188478
-0.692188486818356
-0.831966782576166
-0.775093869924618
-0.696214611890963
-0.842203148481689
-0.602307045049474
-0.755084935921414
-0.730893345790412
-0.76775668515253
-0.763182626077241
-0.862908760521115
-0.67010533961562
-0.69074247498277
-0.743348862007742
-0.741273320524573
-0.718717566814274
-0.75487082944756
-0.747796792069279
-0.786770329548917
-0.642094240500888
-0.731703593253115
-0.703481941926882
-0.668243926566569
-0.584657749451538
-0.74280978473869
-0.675358798119693
-0.791323953853741
-0.591018568097109
-0.730501987637511
-0.778793185887724
-0.577169590035278
-0.753686737253254
-0.623238018787531
-0.647005289907628
-0.867978741091721
-0.617133121606072
-0.698360304720095
-0.578585162353493
-0.668613697607313
-0.674306805640668
-0.576331951731967
-0.709385118573924
-0.593794385128765
-0.679252619206112
-0.688523476205993
-0.629086969878688
-0.70721388548969
-0.607436066625034
-0.730151294268149
-0.653704606150544
-0.61963252356181
-0.682906416383831
-0.568624925699667
-0.537395344276304
-0.641039723192734
-0.741171232619043
-0.765707529848703
-0.681981172443589
-0.652519564128472
-0.544953846061635
-0.548232396515287
-0.55997175432855
-0.622329247369408
-0.604989002842562
-0.656200476164023
-0.552978548561846
-0.602593548688523
-0.752369542582267
-0.584228299955905
-0.597818864462015
-0.624426823301487
-0.619527643881937
-0.456716049675984
-0.766420606511253
-0.594926666124824
-0.574941902200904
-0.750278000867888
-0.579129012390156
-0.493564377481679
-0.663174305705311
-0.45000756799551
-0.669630223749983
-0.549547803092493
-0.642068304936981
-0.432031552203158
-0.612387324607254
-0.610701240665943
-0.623177951546273
-0.590023793915965
-0.717424954906289
-0.538872027149211
-0.539091193111815
-0.594215963109733
-0.526282228470923
-0.623665502512661
-0.538473376844332
-0.589537081601898
-0.598590216144498
-0.752287320678315
-0.634909829490896
-0.580077181603608
-0.473104004618052
-0.583256221578519
-0.61623668010026
-0.51783185638068
-0.560134800902678
-0.611209020782115
-0.619642220997012
-0.491757607105424
-0.537595367429729
-0.609733561339732
-0.616815229326323
-0.557891638810011
-0.547342852922558
-0.494235974856526
-0.621787379205241
-0.405519420519771
-0.500253409534229
-0.507358396232135
-0.518592897343796
-0.551216987047128
-0.511791984777081
-0.567003673085695
-0.570079355989123
-0.503025097814925
-0.594422432366907
-0.530190546121729
-0.474052928208495
-0.432407936874078
-0.519913167252038
-0.440760549834191
-0.430289359960344
-0.38675133256055
-0.450238978035889
-0.495830187871699
-0.418601205740639
-0.502942088494655
-0.569185876413078
-0.434187289821524
-0.546476215358328
-0.50804270120502
-0.519180752933767
-0.373473756845516
-0.239332420596241
-0.419461405182399
-0.443828867711779
-0.580930760754655
-0.461063324853075
-0.632741723163759
-0.48497853575164
-0.473519479362717
-0.427318909421856
-0.397924050375295
-0.399133802369248
-0.613121950146675
-0.463105254195145
-0.424860215730411
-0.350739315990493
-0.481478021073598
-0.341872198331132
-0.481169071102705
-0.656184819102137
-0.342457792322118
-0.519878569336707
-0.461708390398935
-0.44853756085267
-0.39157306470995
-0.443705377464719
-0.445035084909886
-0.275360495370657
-0.472012265907374
-0.370508596290062
-0.435771235864365
-0.282573919430391
-0.277238170352234
-0.442638103512995
-0.328878550003907
-0.273180405357257
-0.424023823036526
-0.356852832129906
-0.348958745788881
-0.251320367579118
-0.316824266598214
-0.319293555814601
-0.476454071804515
-0.44589766652902
-0.32689453967614
-0.481447634936504
-0.343762713933493
-0.405098426654246
-0.432444323828311
-0.387190701377047
-0.357169895367202
-0.38030816460456
-0.388275668858495
-0.407259556296032
-0.300765211943127
-0.420616010548145
-0.2758024499048
-0.428808702029614
-0.375640774242566
-0.442525536569071
-0.272573841306185
-0.449497628804971
-0.489867146001625
-0.261516862936251
-0.380553516617757
-0.249757616025902
-0.384828317693057
-0.45287496012482
-0.251212982816141
-0.507090696379097
-0.313255077249223
-0.163613712657238
-0.294482865093081
-0.386756233859633
-0.251242034498418
-0.327872702542854
-0.112894327537832
-0.393848013650116
-0.215888193505446
-0.322933977589246
-0.416886442495036
-0.246150993312588
-0.301493279249297
-0.286201527838612
-0.333792068009977
-0.348202146201521
-0.052640334582271
-0.379545544798681
-0.336151468440368
-0.341680360207396
-0.234114911150456
-0.245991362424617
-0.368353003299017
-0.205381043179447
-0.382554991350739
-0.388445585373285
-0.249116089712411
-0.286522587379188
-0.348729507717243
-0.148539330316691
-0.259585854640205
-0.240444515680332
-0.22422397103806
-0.210500409131425
-0.230669202912106
-0.334344085046242
-0.310636594805835
-0.266614967305095
-0.267388066177023
-0.200635546223991
-0.340568300687097
-0.21266413719733
-0.273520290473195
-0.297566849776021
-0.272028165428626
-0.410089717179596
-0.320261856901883
-0.186077775804582
-0.170013176305151
-0.165211739449485
-0.247622033371576
-0.364777118170253
-0.290054859942248
-0.281348857674907
-0.318914801117471
-0.167423056064516
-0.264790298363508
-0.268126408083061
-0.132623345719042
-0.10925083716247
-0.204916786576557
-0.369278222502571
-0.0473848152608337
-0.161390056292976
-0.256998187952882
-0.371367684526746
-0.251003139895786
-0.252141432682986
-0.109993644744969
-0.239960206383862
-0.329647208488069
-0.181577562935184
-0.195227401234087
-0.215111939806556
-0.0757608018356558
-0.167204473788944
-0.237682685333591
-0.151202967785015
-0.186527885491521
-0.13854752446182
-0.262364263067097
-0.300083250712466
-0.0533651389884219
-0.230515833737969
-0.155716102345571
-0.175205587384828
-0.278613180642019
-0.114826004714325
-0.208588110110809
-0.217625346356502
-0.0892807951367555
-0.10851225950597
-0.0598350802783619
-0.115105744363109
-0.284693774776278
-0.128054001277267
-0.313385283187337
-0.0439838418740419
-0.108375198752151
-0.192272269817814
-0.142738028432629
-0.250994209630004
-0.183624824923038
-0.0814987773828174
-0.187922899538108
-0.120326726185585
-0.189528835134765
-0.18014412710809
-0.0458185257760781
-0.0584141627552942
-0.257793694132001
-0.0973246626282799
-0.143226895096207
-0.1482871829469
-0.188466098404329
-0.291589939864585
-0.158901129551619
-0.162982547588853
0.0306249114714556
-0.0802113518454299
-0.124314346744389
-0.060589891702222
-0.11124106611882
-0.00328108121962347
0.104772839925285
-0.0777032795958852
-0.0636877084804359
-0.0661892827770693
-0.199527117504616
-0.0370610554707058
-0.242195465985723
-0.0385282214350375
-0.115495203304439
-0.0895250476847921
-0.0525179962325657
-0.228991960167966
-0.0100691510295567
-0.130194036918365
0.0797532427726036
-0.088671141909024
-0.0349056832053669
0.0504824236985677
-0.0519059677332585
0.0077068249568228
0.0216367810673995
-0.0606147715222015
0.0891945953791163
0.0733496778285282
-0.0264527222697932
-0.140410617978779
-0.107185484809081
0.0710560053420025
-0.0823265489993831
-0.199645556190241
-0.106724342042064
0.0397530706170272
0.0298744465619505
-0.0928577471860553
-0.0694381379467445
0.0696886570664194
0.0479253765342527
0.0607845151725431
-0.109666431853946
-0.00765556129562011
0.0442799733256794
-0.0230666311259301
0.0753685142966061
0.0497548915981978
-0.028654688706906
0.0726659992664055
0.0453784266168104
0.0496236410610234
-0.147827346489537
0.0264350069449704
-0.00021130514800508
-0.158609778729269
0.0698742439226362
0.224345238553681
0.0594689063347863
-0.0129414659960678
0.0856296087895047
0.153500156603915
0.0776499731355141
-0.021227533757724
-0.140624038431579
0.135843042386668
-0.00758838611189651
0.109875365545392
-0.0500768370936924
0.00930506408962193
0.0784478025409482
0.00552239781103165
0.0847915432440813
0.0203083484739113
0.0712140214695684
0.0907892266484108
-0.0315424368068642
0.0861901148475327
0.169035409561183
-0.0964758915854867
0.108759803007641
0.165936878336511
0.0535850459729781
0.0133130737511626
0.0934285638347471
0.147758174759789
0.109697515898882
-0.0498674367010124
0.0543047160842436
0.119356399280266
0.161979076407641
-0.082717981345284
0.186521360242941
0.0818550265539958
-0.0387866168131827
0.110259640747644
0.162413069703183
0.199724156982146
0.146315674603139
0.0547095326549889
0.153967651288459
0.00602859204122512
0.201782995473703
0.135417739778656
0.120429267068956
0.0559512986590966
0.084172361083441
0.0180248270705383
0.0960522452408878
0.100834820991051
0.109527113649451
-0.0546177609875238
-0.0322535320877401
0.0917566791429776
0.00976225089514836
0.0254422480593468
0.0455536787307778
0.262586771726085
0.235775431328472
0.256653472379519
0.273095733891042
0.108965876636172
0.0779533891235837
0.194583866048191
0.161275803024743
0.102364623247331
0.0587440144134166
0.26227055654611
0.0347829838735251
0.292325363435971
0.174322330083752
0.256175306190126
0.277382554036466
0.236124871178365
0.142343484656875
0.274754214518088
0.222595059268692
0.160645810472841
0.316500545527711
0.076739848901003
0.238824814192034
0.0820550538546139
0.127764151838554
0.0720542560466435
0.315495708278986
0.319854671825391
0.296137441428648
0.181337492041524
0.172635417700455
0.25654878244927
0.0857634964289801
0.282480878200462
0.23135789783673
0.307582434015112
0.168301008714665
0.0655979742738296
0.340977895179942
0.162786975405611
0.287504963363652
0.323880277441583
0.0806503021375376
0.252704612178312
0.202191773013678
0.0210153780778557
0.108876590417742
0.453110896520612
0.368133789113004
0.219129549586779
0.170234339642929
0.229545365780422
0.413523006301288
0.297156170760486
0.122420915213214
0.118766422758579
0.162892134564569
0.390152672408739
0.253449597038369
0.365004505982287
0.178830006419951
0.23903306683239
0.206392442554585
0.241290929706605
0.158424663304403
0.346219436796311
0.386002265119688
0.38266599354688
0.161008057820182
0.302563084638494
0.336344022877672
0.391274680617176
0.259151406516569
0.261062565872587
0.338115111102297
0.255400676485026
0.341689295025728
0.243957985287183
0.215077521526446
0.467392474160701
0.38526318117686
0.244093272316162
0.26697629355717
0.337602132098947
0.29573002216107
0.375252722206009
0.235210152920937
0.382986109497544
0.416037980797122
0.412222985096059
0.299251358732007
0.433551710914957
0.426787878551269
0.211519166633618
0.28326616292829
0.36608556952028
0.279444894668598
0.106531495074573
0.336547131131638
0.301099351528291
0.317616639574189
0.227912035916228
0.409049084349535
0.313120699018599
0.322275628407167
0.421640582368938
0.365677516550145
0.173292906018821
0.324660136153319
0.417076919309285
0.339151088247959
0.408153299645874
0.323186464937673
0.347290351801778
0.279923572394718
0.317074309932183
0.346576823194008
0.494688934517739
0.396519328304436
0.421036184402853
0.355251685799419
0.393895023528196
0.274017280434979
0.331716420210912
0.225339943645809
0.26331178500266
0.359278621985417
0.37601364103595
0.302681568549708
0.270306043766307
0.537133527970665
0.332727109643999
0.278771968765775
0.394730478266726
0.295799688194775
0.263568990683888
0.54427778007529
0.490039947243224
0.471584804397031
0.460699832362848
0.402352224869116
0.282376447336865
0.424630183879206
0.492444794902786
0.415185282762445
0.40644022143295
0.435939530431684
0.305748491189115
0.383334719056305
0.539124346449572
0.40351355615067
0.384979989774649
0.375542116024277
0.404534486675909
0.459453247301586
0.49796897179642
0.35255387407169
0.562172125547552
0.50050483437061
0.493736273555951
0.443898629495678
0.532582610846857
0.446579639243874
0.467773166959513
0.47752499525382
0.349558400475774
0.422630418962536
0.515964889468062
0.471062086011777
0.501969176192582
0.535040654817179
0.489312904396297
0.473414305522105
0.483104395162445
0.466018863905355
0.48060096945654
0.502310103744895
0.483344281072534
0.500984215446201
0.655653704225418
0.57115848583841
0.520047310347736
0.50264495864119
0.530212677889428
0.571444850879474
0.535111002095924
0.565068252546459
0.535005378866766
0.61081167193023
0.547177400068743
0.563510716087578
0.519443494137241
0.533089453232825
0.447720815125131
0.513438481667642
0.659305914823675
0.464689442688857
0.503819796083493
0.485708969787771
0.629900412325524
0.584098762967385
0.623685312644954
0.60105580539851
0.646939318118896
0.497282560002101
0.625008844400624
0.575152779419224
0.650842124890441
0.424746465275384
0.583996172860769
0.819125316512183
0.533168685929734
0.61914461072354
0.607549480865016
0.747779233667829
0.506416624434744
0.581554456860265
0.601375999952066
0.529584357708994
0.624041626831573
0.66318221938158
0.587963890741431
0.695834857606907
0.636549369775061
0.6526604972361
0.680884861473539
0.634479048040403
0.467196135920131
0.496917397230779
0.564427989008115
0.582300351495834
0.676375435019443
0.590621458036463
0.673900124362936
0.576355817024522
0.469277078634688
0.713887429224621
0.635442946704194
0.568809222992193
0.588862029792527
0.609098961318767
0.552519491964988
0.409890753816815
0.582945512071667
0.594839121566069
0.489840451435169
0.594960932777649
0.602893257484788
0.559638894149096
0.543507003755965
0.639010577392215
0.700547539951494
0.694797196301172
0.583204620961879
0.511123581131497
0.722719108805538
0.674269252774615
0.525989539095202
0.462659749439214
0.707340113493338
0.492018424549146
0.815034027576389
0.595187108681289
0.737562836925141
0.790499604311224
0.719175704479895
0.626627861732184
0.725966269548965
0.749280123187681
0.727873931943498
0.730640110284188
0.731938168812882
0.615039412852669
0.626455988798597
0.535221280507678
0.665573672990645
0.505152998752714
0.712831204476477
0.698212578618626
0.698237695154832
0.598730667944136
0.561083098250967
0.717756293077159
0.752313257057052
0.724139421679201
0.681966550578746
0.561561779710691
0.695165436621261
0.7017560548433
0.7301521134002
0.759636535505989
0.711424957699417
0.778743395292666
0.794010963535455
0.749798936937614
0.851230603790134
0.682265979975861
0.729788641354548
0.869528071701735
0.78146992764117
0.769606178429528
0.67495504413471
0.698398918099835
0.699789813099119
0.869121825008255
0.78665805261951
0.830146531004742
0.857668205333969
0.766538495318295
0.757935334162903
0.803813094010124
0.667610584560256
0.776287620760622
0.818005790569809
0.80113896955974
0.814064414593739
0.822850178910376
0.678803969863099
0.785774189078265
0.934079891600362
0.618377366686184
0.645603312038971
0.627912600127879
0.914491500873641
0.888242922550761
0.881368997413166
0.798243922123363
0.870976245123245
0.753716370221984
0.754403449509971
0.864055820567794
0.671476309589484
0.611693089186708
0.824980211879992
0.821534911427619
0.818239652152959
0.747063502440826
0.861633804109691
0.872587099199418
0.850217386184776
0.741265338513106
0.726229672405958
0.845366714086586
0.890911588633355
0.856751064925618
0.774195539656361
0.875555224174688
0.890572334662178
0.750883944639368
0.837745036922988
0.705728000437655
0.889495334770315
0.856506454146176
0.956787896180334
0.702599100697624
0.854655317053566
0.829769129309736
0.930224823894401
0.675538502775791
0.929880664814397
0.881458620700553
0.73495062250247
1.11774584674369
0.788936580588866
0.928069148183522
1.01152516450059
0.908805879471934
0.887026674280527
0.869127667814516
0.884535219292986
0.842821307731356
0.911122151795072
0.934075865935696
0.963104627449534
0.786056771818064
0.709870480843382
0.955165480585701
0.75321820858506
1.10223230197828
0.990746580557814
0.834963852060297
0.788885901805879
0.890745844410347
1.0448034074024
0.873387892766922
0.872912463506862
0.949135303746603
0.817144563078638
0.792660945092929
0.946396343533852
0.768654363021963
0.944323320049371
0.959822284603393
1.02067892810009
0.958280722681836
0.948702685511562
0.967679336612735
0.925466855204596
0.82849962038219
0.97911944896772
0.836677223676772
0.971217585297342
0.826313197390066
0.995893109323897
1.11896777041197
1.0036486662432
0.888763994259333
0.778370827196436
0.93321817778467
0.979252112110874
0.973581216950741
1.05788308559592
1.00835833582436
0.954229926399187
0.996690381584195
0.870269971219722
1.01994489185026
1.12083444570608
0.985984325712898
0.993770012084899
1.03744530948989
1.08026392733852
1.08995352077676
1.01420664290681
0.971865121596677
1.09051515945196
0.945995351137568
1.057465717077
