-1.07471604560258
-1.02994555179394
-0.821795676938856
-0.939732948935069
-1.20318356202467
-1.01786532910516
-1.04540133262968
-1.11080450088289
-1.1721998304227
-1.05579630021124
-1.1541807163798
-0.902611260137946
-0.964739443888248
-0.922249517036719
-1.01319836990628
-1.0323372961404
-1.04783998812915
-1.09224995639212
-0.90955138816821
-1.01115594871038
-1.1028829664017
-0.910552042050406
-0.823814608499448
-0.901615699734648
-0.909643444599162
-0.980000387032629
-0.93302497127621
-0.929539300312722
-0.981517613615075
-0.850153392546629
-0.837451867893135
-1.08468266603665
-0.833705672026233
-0.825657902022044
-0.858595137952763
-0.996576571112712
-0.775609845780489
-1.07783745863138
-0.915691068006318
-0.754413409835416
-0.844164255295767
-0.84010672131691
-0.920075285588085
-0.799296266051381
-0.822524715999971
-0.989544377045098
-0.804370754781058
-0.898779314082125
-0.872562045849582
-0.852192842473252
-0.915598421204842
-0.947850526384099
-0.930982315705293
-0.919721752155503
-0.890231417545527
-0.947952064452681
-0.918338828625621
-0.874360568111712
-0.920169860379481
-1.00094872538936
-0.993968743993682
-0.829866173705067
-0.813654645832389
-0.900127352973077
-0.872740973046034
-0.783856365812661
-0.834622174059146
-0.850302990856886
-0.816390018732345
-0.852687306698993
-0.903380642945626
-0.936548846417701
-0.72540715020703
-0.755255545557281
-0.849998139586179
-0.838645084682394
-0.758018622814524
-0.951121521410024
-0.834829510795041
-0.816329142785456
-0.842419288624499
-0.921037596924373
-0.799348317306483
-0.84710552768448
-0.793031790973825
-0.783108365945644
-0.787839313369327
-0.937844896523277
-0.930827458714877
-0.875084477796015
-0.785688692161984
-0.880258221372858
-0.894909312980065
-0.782776083114835
-0.895912136338404
-0.895539107335402
-0.800796755964471
-0.944415816570542
-0.755748217517892
-0.749375583095756
-0.683531085651955
-0.958882212711149
-0.578528229714829
-0.816194292508051
-0.829066809527167
-0.75517977023128
-0.633869103770641
-0.738614774107501
-0.669821101021363
-0.592979540827386
-0.819394770938517
-0.687884857736225
-0.730781381627045
-0.74198801729281
-0.817684371141819
-0.688328696710384
-0.766654268975326
-0.725602790038926
-0.814420657038156
-0.696879914083555
-0.71780422532572
-0.731386173056787
-0.770534051707173
-0.839850937913988
-0.577379814416108
-0.878871389440203
-0.806313564292306
-0.725971376160153
-0.75484549544783
-0.897927044331981
-0.762163854348513
-0.716770909143902
-0.775725525320766
-0.623984904183575
-0.653651449817263
-0.613995216660557
-0.750955734264051
-0.714130432027452
-0.585708136033514
-0.642369624443919
-0.687897963622102
-0.618588668379678
-0.798854089843937
-0.76101412787031
-0.784775739752842
-0.674476202122429
-0.526489151295847
-0.634330150836932
-0.690203006893366
-0.646891545367102
-0.622138950824899
-0.725598510171567
-0.698406519872405
-0.67340186050343
-0.654469503287624
-0.732300746296683
-0.778033985421225
-0.701248826895932
-0.67320401533291
-0.747662097305432
-0.700196012037779
-0.844605957495811
-0.721433864351741
-0.669634987529766
-0.616649249173618
-0.606506806992687
-0.540246073827076
-0.660348733592986
-0.625004557560601
-0.686433147412566
-0.754736022551644
-0.766610973851846
-0.651928251848927
-0.776320817440783
-0.760456092039994
-0.509890624942178
-0.636612839564124
-0.658772590918667
-0.703694806303223
-0.700352868524428
-0.633707384876581
-0.718653427336243
-0.677471103189253
-0.636996356468274
-0.528120864362241
-0.615493372691598
-0.717442934860389
-0.703191031207643
-0.562226502362439
-0.712838529897584
-0.745263508578993
-0.609549359284477
-0.58232297272667
-0.595366219702944
-0.680377595612621
-0.637399586561457
-0.663365278733003
-0.31134332209204
-0.633608394636954
-0.660269676902839
-0.537317383160456
-0.570339218545991
-0.644617771941217
-0.517993857011732
-0.661634079604051
-0.620728656709936
-0.75377165009059
-0.657641778647591
-0.62027085821254
-0.519512987450519
-0.600167728575743
-0.503379923616745
-0.425218759003601
-0.539846968396679
-0.509771856976573
-0.546726239910027
-0.699544669732173
-0.627367403950236
-0.496195684123464
-0.613200874469523
-0.49570749565453
-0.522597957745332
-0.595775019555854
-0.505409385365375
-0.615548564222377
-0.623687041446927
-0.584619168765818
-0.518815387449452
-0.502158558185543
-0.620421615583394
-0.529073241814083
-0.500243612442664
-0.528886511894397
-0.566942841657797
-0.57244960371664
-0.440615021572762
-0.440453852784398
-0.540098916758017
-0.562840843396516
-0.614159988196065
-0.457901503048758
-0.413314706793295
-0.564647360175644
-0.306017829531437
-0.558403693741937
-0.569893892766575
-0.551772912008178
-0.582025533836498
-0.325444573994118
-0.555099652587287
-0.434632011330915
-0.473033558976806
-0.515408253246284
-0.49163455353472
-0.354608152560635
-0.449770519230259
-0.487820655812251
-0.387587305587246
-0.563197013974458
-0.442062725397575
-0.435300355803063
-0.446014433100901
-0.55046521310236
-0.408517493822418
-0.522255938373665
-0.547717061114725
-0.533457785691305
-0.493401259555881
-0.496463044466188
-0.607832339855522
-0.51611165995554
-0.481442107437157
-0.472902537349796
-0.442058739273024
-0.487532820844329
-0.652722031579522
-0.600600779299824
-0.204576852314816
-0.538367184065722
-0.3533367556227
-0.41178720283793
-0.517048789973613
-0.466153076434236
-0.361151148653475
-0.381950568270457
-0.432081101791645
-0.533442988063046
-0.476226119243833
-0.367550714182284
-0.360577968114519
-0.452846688328243
-0.292233490795737
-0.409904703924416
-0.504048528444929
-0.431043511841571
-0.477157803302227
-0.467348026574729
-0.266429142437721
-0.4213982709326
-0.40178802148291
-0.410197413785216
-0.396189541222356
-0.423833410359081
-0.376654566560782
-0.501452720151934
-0.553929758493926
-0.508443574063913
-0.363798111245244
-0.366688530186761
-0.378078115407899
-0.403258596332768
-0.270145718492402
-0.448023474046612
-0.301687437676208
-0.266167285194604
-0.530678821322788
-0.287280609626679
-0.418147773144134
-0.322211638189731
-0.269606000704632
-0.378860646479559
-0.49562048732898
-0.315821696378532
-0.34040607715561
-0.211856160044145
-0.291294985334747
-0.371875732140163
-0.38958950839761
-0.402965523636802
-0.577704494549474
-0.214690213874882
-0.259082676216379
-0.178095610033263
-0.258207461222767
-0.376306663405688
-0.397193993041146
-0.190900705627166
-0.437537156681083
-0.2866250051385
-0.28972830116123
-0.395030883308057
-0.389922795526464
-0.319413437557483
-0.402733937245172
-0.223658152099584
-0.275369388930642
-0.202247733891538
-0.326960110903214
-0.326430771087603
-0.207191104774641
-0.256940974495238
-0.303496668678307
-0.323745783740161
-0.431161914765514
-0.249242419550476
-0.108517052454906
-0.107376058954108
-0.135062263900655
-0.20226778159903
-0.497115041474876
-0.214643435132937
-0.423022846411368
-0.297984758487975
-0.336298329908384
-0.241802292596951
-0.271867944083183
-0.295258323997007
-0.419714346235997
-0.200502174631187
-0.317354467805196
-0.234390019487596
-0.406710732844862
-0.279480187331783
-0.215887406871014
-0.29008076584455
-0.269230769753626
-0.409509083951612
-0.107139442340265
-0.119578209781254
-0.240720555777917
-0.177239326927654
-0.146923918220538
-0.402825404940503
-0.315458082212592
-0.295817405824227
-0.234908343895856
-0.201055740142369
-0.263683735157412
-0.207613755003085
-0.18853962600931
-0.297225764037799
-0.0436245963190013
-0.234612136706766
-0.152739303416493
-0.205907941792403
-0.107518389308905
0.0209649709685894
-0.308989268878432
-0.196182533100782
-0.185073662991618
-0.235693566367471
-0.204657676434054
-0.0649404589220659
-0.172813706930769
-0.317332958116652
-0.193522529450663
-0.217685943147939
-0.138087367709321
-0.274893793208159
-0.239009962175191
-0.254085743737538
-0.100132860213632
-0.121124915890534
-0.170188817319289
-0.175289635237454
-0.1397688305224
-0.0973969051267712
-0.142122320140839
-0.223209064798866
-0.104731938502927
-0.288658047148712
-0.179314315369195
-0.131834624287903
-0.0642474507800071
-0.147371194147863
-0.289102082294529
-0.0894522150081819
-0.139055558028132
-0.150661311409154
-0.00690076999679941
-0.0527400681592422
-0.164419757877821
-0.148329092877821
-0.184316700063177
-0.136046217941681
-0.266352197535707
-0.223926276659178
-0.148592777433702
-0.0944006872234079
-0.186543341278634
-0.00198913112989465
-0.167485728643272
-0.0590257139088739
-0.103615723399021
-0.152146496683836
-0.0357276065145268
-0.139739725883429
0.0377592495107102
-0.0475683016161483
-0.163872956291222
-0.209460482374931
-0.0727872508779722
0.0156480166506296
-0.0617685644337659
-0.00852731583581256
-0.135189607173775
-0.0552223222305731
-0.0195160894387947
-0.0214050014302995
-0.121005541991997
-0.0424035819078854
-0.150552917377546
-0.0171442467052428
-0.111348102258197
-0.0851809027471216
-0.0513184692192508
-0.0935341718715142
-0.14746869149901
-0.140960496975198
-0.0695552956129312
0.0221431221205008
0.0377660981463037
-0.00699905610091091
-0.0668760596843783
0.0459095978361156
-0.0407484543852353
-0.13968861643139
-0.00487334012861175
-0.0764268260825851
-0.0497556373323693
-0.0844842416122499
-0.036748642165568
0.0369351524020296
-0.0553716515371407
-0.0404613640322109
0.0553695779164945
-0.0562154795468806
0.0917989424921699
-0.0103922883924328
-0.00920829804630224
-0.137663751228887
-0.0903714247489506
0.0488529727851109
-0.0905253486317961
0.0379465042205992
0.123064572920961
-0.0694783312340082
-0.209588034486064
-0.0946325883746298
0.0132751069604688
0.0397078233600347
0.0432422727819502
0.109538409507447
0.1003933567301
0.00463131050133959
0.0361132929412776
-0.0491551918249616
-0.00576935916200273
0.105987789625588
-0.0430477892353567
-0.0482888078176167
0.0432772452983792
0.0582504099068388
0.0423025788293935
0.0971079953942389
0.0265739775004423
-0.163828351710506
0.00396154772965794
-0.0375854875726875
0.0624051231774487
0.00384129906083443
0.0973642183122857
0.00300772002488543
-0.0995450284040101
-0.0118141977223077
0.0355543356752188
0.0302675347388701
0.0770277412435357
0.101966228148141
-0.00219482878047816
0.133637415746887
-0.0698467426061315
0.00433823939434386
0.131036456452843
0.16086365542866
0.0851567066288199
0.150589931349802
-0.0340357298476826
0.0938566613943985
0.0154105002887744
0.110047935727918
0.0750696314663575
0.0369093681855099
0.0796036287981418
-0.070101099436223
0.0350693044295521
0.00923664669034538
0.189969415881599
-0.009803079503292
-0.00805810986863455
0.00267979646846538
0.018305517629176
0.172028904377249
0.155259064138003
0.113794121064647
0.0721792315237939
0.209855483194727
0.103879338220986
0.117353678073605
0.130505167869353
0.130096739660741
0.14609011195957
0.169299464570592
0.178531020773938
0.145901242190972
0.315426570339029
0.0963921899378274
0.129835852596147
-0.0788735169214447
0.0318002069087626
0.235335200977965
0.13331900652741
0.279761905828751
0.156412315500339
0.0591570096775648
0.170251097526744
0.120981814874363
0.113800826881869
0.238403314396918
0.217806053644066
0.0637670263465097
0.072421027734265
0.143699146775521
0.282129225229241
0.0835754627804672
0.11194306368799
0.11145803832357
0.247560733319308
0.210603584477535
0.289713956929103
0.0928764563870973
0.347066601532856
0.26535412667182
0.111170981788666
0.173823025830606
0.236357422996987
0.185174348697234
0.092358997117303
0.199813186889561
0.131770338999923
0.216658230866892
0.130306702078174
0.209253509486216
0.0791772369446347
0.309399983213607
0.312753299816412
0.234410058689544
0.285168268131047
0.336974485727621
0.153767042558994
0.29949076132691
0.165376721631159
0.296108244976159
0.32989883619628
0.223902836421362
0.171418893209826
0.101591952787071
0.306434566913629
0.237133573845057
0.262124373292625
0.191193237122779
0.205096388772209
0.236271204330248
0.132222399918536
0.136937988484294
0.307100814340622
0.251324043972574
0.296383929461094
0.402752978405117
0.290945548497055
0.30704205357709
0.246066700967005
0.267713544242016
0.244682205186897
0.299565634135942
0.28753655138125
0.374534103313012
0.302808816401932
0.400796324657777
0.153384267686629
0.351420634744325
0.346706691118018
0.277854012508287
0.328725662582499
0.245125180142659
0.302123421886473
0.341097600725599
0.290734331080366
0.361628718437363
0.225065396598051
0.273479091155794
0.315085352986673
0.357472386539097
0.379435313734696
0.279032908414149
0.266672990379526
0.376354975767172
0.325533430724667
0.25100673544433
0.293942785024277
0.329033141300211
0.233498003806106
0.312163801632661
0.336137014855969
0.361088968096278
0.455977392330315
0.350946960052762
0.370512798701908
0.298031983904497
0.289514840460351
0.246117939154372
0.395749697984399
0.307656486960814
0.223896589263838
0.348136791641898
0.383414110484878
0.248502490975131
0.407280097727043
0.404093846796235
0.324276373958815
0.242324959456877
0.384994675007769
0.451445117375175
0.333350750014394
0.23587765189359
0.292863614147655
0.337325079278916
0.348128373590132
0.469848702242595
0.521145853145638
0.262936776790698
0.363708727958939
0.202188823539736
0.493018556260674
0.37120215892689
0.292704764503142
0.381953740509085
0.422458736986686
0.360503052761874
0.535056217974034
0.302984229594041
0.511516465045257
0.420658367366102
0.369286662649931
0.476068733303169
0.508898587335914
0.24041185012318
0.401146689753845
0.439756896850812
0.441759154712509
0.434546367328069
0.619677596864591
0.366001160468901
0.438625307416618
0.405710133961752
0.341728520675744
0.477567598672522
0.423419326982674
0.36570042442993
0.389788518644898
0.230268774300145
0.503405757443476
0.407682788174112
0.413011481209954
0.412316789160068
0.399699727179651
0.547334051013876
0.332503857185177
0.325042231092715
0.348837462641203
0.325832705601956
0.440806626432008
0.372077309569089
0.279780829300952
0.474268938353623
0.499591234212586
0.396544314201474
0.546208436779491
0.522345325259837
0.549025875334184
0.514588654627132
0.468179781383286
0.620118973231456
0.359956451646377
0.558867225682881
0.553520718628239
0.461169182554577
0.467611096060919
0.459886809700847
0.544595268473041
0.519800265756497
0.597112784186045
0.461596942051086
0.591698626744117
0.561830620155036
0.546782103472286
0.512300764092389
0.617564288615341
0.653201355598071
0.5862119629499
0.464682378300516
0.496830800962004
0.515166162381826
0.413418415316725
0.611593922820387
0.577319626972151
0.690483914644035
0.595932988734139
0.467355885532881
0.489418562869115
0.631723690312862
0.504362832971261
0.385695446186163
0.598955674264513
0.560992035330244
0.58889219248363
0.463372535050325
0.629038602784347
0.720942190929467
0.521248546627408
0.567104857188205
0.429770612476064
0.505598092564816
0.690154824777187
0.663816707979455
0.671892575928726
0.576261040938752
0.681437369902471
0.602727787995767
0.777136721724439
0.587402390426305
0.447747247580881
0.470587622802138
0.537156683157858
0.459765446485457
0.665271979598068
0.54234690398626
0.419586655043439
0.654630752367827
0.429969209954543
0.603806687147085
0.505722572238782
0.609772453989337
0.631549046004132
0.50474801058504
0.764431154663005
0.574695948448534
0.61535348903035
0.708012793946422
0.605064126466718
0.568652115197213
0.611085127091184
0.574758766472898
0.64539707273817
0.532443624911721
0.598808872521653
0.714064036251974
0.53825120556549
0.691619212370572
0.534575084494542
0.705363301628335
0.68608955723854
0.737237434125686
0.713636649991514
0.748678267865028
0.686649482532229
0.666107478935362
0.719902208259248
0.668830966952573
0.73793232423468
0.625826929384108
0.775162311458981
0.645824984590397
0.674557969798861
0.714558580552911
0.710265862811066
0.846935489232232
0.755553635735827
0.697932684979008
0.622854338066511
0.703229627508881
0.610995022099452
0.657490279029032
0.663525360203208
0.676766329600182
0.745219308693712
0.738407639303952
0.566347661277861
0.722571270446526
0.628441090904405
0.744765681176232
0.804721148087462
0.614221026918042
0.789350877549182
0.735286280184729
0.868655884671046
0.687242768135819
0.707552104811229
0.593135588527891
0.751399277533419
0.670120617103149
0.829184176725729
0.636262487791027
0.734273438301113
0.78641150257877
0.796470162327635
0.707949094670857
0.722975521545848
0.812973625597003
0.707116863477352
0.779872451520074
0.759688334892567
0.741779242556745
0.809775302642659
0.714905067817641
0.852392464393843
0.702262104414208
0.774290389413363
0.644863442558799
0.695209999818492
0.673413877871871
0.790143006666879
0.865844231514234
0.836339641722536
0.693976383972394
0.77210626406617
0.721010270946682
0.850084292650992
0.694757902378382
0.799236994074789
0.769484908180543
0.681953345582226
0.752613329934747
0.693862974712713
0.653780527052954
0.922909755216732
0.671967937232823
0.753557474328045
0.832763730600075
0.743209542006
0.737973881889268
0.709176625505615
0.790917351190216
0.741709102668112
0.926222130060852
0.885191647613071
0.736530916944996
0.93338944542709
0.858537640229875
0.971823360041105
1.0191808557427
0.817708894973087
0.78237320079854
0.747874108740709
0.84475693145598
0.80531325610267
0.853082632525398
0.80393880645042
0.997672918585812
0.76281286697579
0.78198979346626
0.791210830521452
0.899758040949727
0.827588490998723
0.883094076864762
0.827127015666482
0.912025267420504
0.902533989631517
0.842707567571072
0.798116207410401
0.791415043553714
0.815049915864825
0.823323340992002
0.795728027969924
0.848061677635319
0.902710730138023
0.926200378910667
1.01539609652353
0.796119551776852
1.01575799485351
0.718651177440623
0.961327350670305
1.01143756550116
0.917376698404607
0.987907850163711
1.03363379998261
0.862906257667879
0.8544907088657
0.994990720735232
0.878285971950566
0.933937394198495
1.02769669587343
0.992535553829937
0.921086195225706
0.884348337201113
1.1068984191668
0.942758376135873
0.966021344458611
0.960888143380671
0.954590269040797
0.92539408893979
0.946365571806105
0.873086893297594
0.986875593554243
0.846054426022977
0.902920084203606
0.914831597020763
0.90329675540264
0.895936353964457
0.883338200020973
0.764484529055244
0.825514300421472
0.917674424680166
0.948140268849625
0.937142582335761
1.04742729904801
0.989281684939266
1.04918964158984
0.932003563193516
0.983285448785692
1.00277458571765
1.02173026842125
0.986379273049846
0.911961512287833
0.941280123721829
0.954459132518538
0.949539883627407
0.919634409868228
1.05978338399138
1.09609924414741
0.834462094095261
0.942801752719076
0.975726736970936
0.928581409174804
1.05144548092202
0.934145005890386
0.991492018828875
1.1228930745406
0.938545760725563
1.1290631035811
