-1.02095060240553
-0.884303759161169
-0.956409933975623
-0.925956989640243
-1.01560292797875
-1.09268325915467
-0.997229121384048
-0.829033010919987
-0.904568609575973
-0.959851831518327
-0.992821374931371
-1.02927911657575
-0.976412341162039
-1.05615294238969
-1.07377386222911
-0.971918797937336
-0.999917316617911
-1.18787413245628
-0.995028236123174
-0.999445765136512
-0.993619182080838
-0.949350666148978
-0.853555604332641
-0.943793233257223
-0.84035300652851
-0.952414201958352
-0.89101045351474
-1.0562344596977
-0.9739342797123
-0.773598143330642
-0.904935197463606
-0.858031954878773
-1.17616512457413
-0.888636788678928
-1.0978123425991
-1.0635973028866
-0.834737326050332
-1.07421653786346
-0.941104566678576
-0.819746415133611
-0.963101853976651
-0.884770127091297
-0.706076864374072
-0.745585379749198
-1.04333383255874
-0.857786643325371
-0.977527666566601
-1.00103127425266
-1.09032051219211
-0.777001153281766
-1.11797629019502
-0.975863714366207
-0.948046019663468
-0.708946263873403
-0.95159107632083
-0.786439763164669
-1.03772900851354
-1.02746157501135
-0.772353209519633
-0.941805612354362
-0.795268303230985
-0.964131194950044
-0.847076462974132
-0.853813746592866
-0.850730885406353
-0.795040104329068
-0.814030325797028
-0.928451808039282
-0.827360946550183
-0.813285044206915
-0.91007021609319
-0.826287241778303
-0.949900955615001
-0.721620911929535
-0.749224628494481
-0.739476690561634
-0.844848012509263
-0.73683082201189
-0.843462549068949
-0.804998271430691
-0.833256724730301
-0.761378484668674
-0.888111220819378
-0.745460747545829
-0.763289805235574
-0.680086055210647
-0.751422658093975
-1.01373830452297
-0.843901031964683
-0.999374292228829
-0.821456223328582
-0.817376327158822
-0.926501891354805
-0.792699267748118
-0.804985195925122
-0.691452153391728
-0.779458721797083
-0.903444899127736
-0.730873141289163
-0.809537856453229
-0.785815943597341
-0.84225423770252
-0.854031640709512
-0.817337736382147
-0.818644570125792
-0.849719507812868
-0.777760581674934
-0.978874539684079
-0.766379786565499
-0.788851918355738
-0.779363646752072
-0.834980972496127
-0.715016416048287
-0.821054143397603
-0.758523460576124
-0.665462719830123
-0.783073182582949
-0.644049944979169
-0.75165855499486
-0.656537893358711
-0.762537620987091
-0.83679572362996
-0.729253243447986
-0.856779617645955
-0.674183226772142
-0.644633620439105
-0.795191354932124
-0.764665474871134
-0.856300810632755
-0.693671121930143
-0.564214112634574
-0.768452691365475
-0.669983642147983
-0.86130823467959
-0.500958641474003
-0.745065949868902
-0.74876566653878
-0.793602469203281
-0.65420293368884
-0.659472608691712
-0.561421050677016
-0.572647682836962
-0.688733274696831
-0.650566902544262
-0.804987679940718
-0.804711545338235
-0.728513517228306
-0.716951460505652
-0.651391411550345
-0.856541416297168
-0.69707690928711
-0.733005934044392
-0.690110629331865
-0.785332199638604
-0.657621799589462
-0.623438379864394
-0.755721200061787
-0.60719992084277
-0.652394681049734
-0.69391418457804
-0.631880662901487
-0.658276991768785
-0.758754661509111
-0.714366827631673
-0.581370147056324
-0.591948691514415
-0.867611470400393
-0.535809816852051
-0.717968570810085
-0.639512050970671
-0.683709555688826
-0.675144037581365
-0.59278623861653
-0.643244890644327
-0.589733609235957
-0.671770474975185
-0.63781383044531
-0.468198738054256
-0.792486283639641
-0.640203541511886
-0.679058250071768
-0.57583390225301
-0.639441913365499
-0.548667380341243
-0.574903120793376
-0.603591092493601
-0.658433591738814
-0.537708048999009
-0.647428646582646
-0.585930396050061
-0.510139197796204
-0.706396736084148
-0.677055619864475
-0.609522051069838
-0.59285135043396
-0.757590114708847
-0.566308221902227
-0.631826436698094
-0.662400113970444
-0.693704877653436
-0.481655237934958
-0.516205512449454
-0.715036802491266
-0.606545161910136
-0.689791104761098
-0.640862873368645
-0.739203733053543
-0.660650323029729
-0.573320519762068
-0.511333240838489
-0.651606885889123
-0.541464967841576
-0.58838008672014
-0.529219806129849
-0.572892959089905
-0.538952950371766
-0.573820600619176
-0.631286319311083
-0.595773843662408
-0.697529165209248
-0.535042107309377
-0.567767507834849
-0.581166692487302
-0.599749322600634
-0.48092669914278
-0.463417563810392
-0.639695564650706
-0.556232556827181
-0.588680108469816
-0.532628954718108
-0.325513883642094
-0.515596452728873
-0.385728514351805
-0.623592879440493
-0.441638927354703
-0.646227911886515
-0.516803065646831
-0.521675720375806
-0.532669087515317
-0.604250818870312
-0.480968376401646
-0.542390607466566
-0.639705501658777
-0.622569845709651
-0.41321228121067
-0.435918837351977
-0.431665612961995
-0.535682470269375
-0.432971086039989
-0.434708281776551
-0.51297840083099
-0.493623117701361
-0.429860112292827
-0.569205715510537
-0.606654893420067
-0.52411309023453
-0.452491630247337
-0.444931060422802
-0.465300562164364
-0.386053124517469
-0.424972112127894
-0.597522005935828
-0.351787986030762
-0.546689824211788
-0.583427617828445
-0.483436841653113
-0.421280519699125
-0.269629001694762
-0.352196576317417
-0.294628052411431
-0.377839170380343
-0.399252446009255
-0.484869269131631
-0.533827667778898
-0.376635472547165
-0.496062829173044
-0.532583839013629
-0.42503439813317
-0.437996022970619
-0.466259481529971
-0.49183204824083
-0.372396438310366
-0.528268633273031
-0.267842454774589
-0.387421278878541
-0.366784385488716
-0.472117888968105
-0.44833707753445
-0.487849245993258
-0.323924772282227
-0.429927819989328
-0.458727644346777
-0.473315057784956
-0.411888451608737
-0.50986098260922
-0.296705312786099
-0.445191192823962
-0.44511168370394
-0.61612414829641
-0.432670304030089
-0.429525428550374
-0.401446261823365
-0.278667531202023
-0.322763404812845
-0.367961666836444
-0.365711654324514
-0.309705574826205
-0.286857069095256
-0.345752681337646
-0.341446727742278
-0.508314247834161
-0.438587089342659
-0.140469207097698
-0.514615517907242
-0.327450826489955
-0.363431287295426
-0.404237209227004
-0.433478133313536
-0.425443447298925
-0.35130779456802
-0.361746206377849
-0.309757424468988
-0.247572479360628
-0.35134377470384
-0.330323063211196
-0.305919197712876
-0.111026545626267
-0.279103990579259
-0.352768429136561
-0.172706312360572
-0.483657623907056
-0.40207568534806
-0.314502114229057
-0.270389776005386
-0.287419960606849
-0.209835697343283
-0.417863508748001
-0.311989574559186
-0.35039075057686
-0.371340333326569
-0.300475575264983
-0.224598723217938
-0.290126498760194
-0.442850195744309
-0.230721223720926
-0.176354658324202
-0.229119314881793
-0.208957488563557
-0.360497003920589
-0.289642799311763
-0.202918102889721
-0.38438002498985
-0.214375030822868
-0.338418144798672
-0.29299637541168
-0.270358392677611
-0.219910007495016
-0.290914003785246
-0.229406678455165
-0.323169992296614
-0.377663314373565
-0.336187798109316
-0.336771323312208
-0.214794511055298
-0.197315836697726
-0.183184397759161
-0.34582274445681
-0.287456232052197
-0.235419272645184
-0.158063157550336
-0.317033720641526
-0.23634343140721
-0.458775902841207
-0.196881128635799
-0.307440819938761
-0.310563277324526
-0.190213980871114
-0.294119896961024
-0.207590267342008
-0.262512314124864
-0.362985611039939
-0.26923578839468
-0.252141212187537
-0.338618923032621
-0.271549222800579
-0.277910308281594
-0.365749656715634
-0.201983714003099
-0.0879883754948661
-0.222042960712893
-0.173689029545004
-0.306858531559465
-0.0699970903653119
-0.130447881806422
-0.284812573262579
-0.299314448411121
-0.121728230703086
-0.230567933949973
-0.364558882326844
-0.139592359525924
-0.203918058413615
-0.198307980771467
-0.212717944495929
-0.246305480334687
-0.302964385612141
-0.126819460948106
-0.0765848520207898
-0.325655581449926
-0.117735814217327
-0.140289139086869
-0.120435709535857
-0.209265556929882
-0.16619692564927
-0.245650877086679
-0.236548981288307
-0.0435790007488148
-0.233095303061796
-0.311327085181095
-0.213629009362971
-0.14407612604167
-0.0379697243234021
-0.224686000915663
-0.189208565431229
-0.197273413666149
-0.252937391007521
-0.185381146038687
-0.223107039664564
-0.183952430456788
-0.131346979949225
-0.0581253938487593
-0.136350427671141
-0.120494260366641
-0.22117144789984
-0.0934517108017741
-0.0336671408676552
-0.153781350849385
-0.123268030593776
-0.386888591807985
-0.0890195027718641
-0.208127268957705
-0.0514187712038918
-0.161211947562535
0.0094755307918873
-0.0977565554267699
-0.0585187047111223
-0.131506369653921
-0.111987245382049
-0.15977572830767
-0.0936299414725347
-0.0405569082620894
-0.257988742281918
-0.137883671093483
0.0610156448730449
-0.0626946659189251
-0.0501846885688918
-0.098622768098135
-0.0855713336700085
-0.069434257414701
0.01157725960591
-0.00147958586548946
-0.0620625236585171
-0.127250718852501
-0.0498182820369331
0.00863059810787244
-0.0995783464217211
-0.117868463143759
0.0743338525205637
-0.162752722767617
-0.0376807352806048
-0.0408899913672967
-0.0870869103948094
-0.149733336461835
0.0237624891530326
0.0339182883160737
-0.0417021096367628
-0.152761701272104
-0.29562943620872
-0.0630606731770337
0.0668303009882788
0.018802943539178
-0.0271771424379268
0.0353311690182597
-0.112909223316006
-0.0730131868638841
0.0332042005691758
-0.143108174089934
-0.119354787252408
0.0747467304862432
-0.262914750074726
0.0743068148254433
0.0290369543464695
0.114155793835093
-0.111025616486865
-0.0577601612610862
-0.0686696246163047
0.075729948566
0.0110974128542929
0.0463108671892504
-0.175534323690508
-0.106766667734688
-0.0319054398578312
-0.0858478531425859
0.0315414076392297
0.0180457293855448
0.0661099593163646
0.052334958672153
0.0195337242046159
0.0887436647481931
-0.181771064972447
0.0146932245502826
-0.142547380010731
0.0582926008300157
-0.0824431971062781
0.106567164637288
0.0705570783838697
-0.0288485232357023
-0.0799904973368815
0.108256429751328
0.0444322338949328
-0.0243376303554744
0.0446472682181066
0.161312565753925
-0.0529956335003642
0.0582294319780707
0.00389393952190625
0.0830697088739046
-0.0881096075217647
-0.0949205324174204
0.0845767337040525
0.0918139106946585
-0.0219703917917056
-0.0736740524856097
0.162631843515261
-0.00583007196150668
0.0808809958615603
0.00969987867426709
0.271494486997125
0.0798123121760497
0.021316840383438
0.0442132659133056
0.17415952073588
0.0427914911650309
0.0608254364147122
-0.0336740878858457
0.014149254425054
0.0433353421154235
0.10177980772026
0.0745286241251511
0.103956551355331
0.198563588191334
0.0762432932701151
0.00772413869658414
-0.0704465649939451
0.0220637395650933
0.133584904579526
0.0735937671151262
-0.0526520464765328
0.162934003915171
0.1936402992366
0.0798258495441481
0.11247510061292
0.0638442741343958
0.197331793281144
0.267826630147999
-0.0287143479738495
0.217227553744663
0.187546681330229
-0.0993828386663037
0.150175604050315
0.120749842965946
0.0846763339287743
0.168057940535736
0.217200007825032
0.0797849213056894
0.0319766740675616
0.072144406462685
0.322092187531095
0.260077331317179
0.158591350602647
0.19238234224636
-0.0485646103893779
0.253828816409862
0.229607044747013
0.0633187249646085
0.081704603912754
0.0750485015542027
0.156760691770828
0.197251851098714
0.210782011320858
0.0799864808904805
0.123489647476954
0.281482579754627
0.139247142460523
0.238598466472283
0.0589088112673292
0.203341956689896
0.291196997306817
0.249015132703752
0.137071528431466
0.266723799519309
0.133960247110465
0.314460646950914
0.150939857767415
0.320364675464201
0.210169693044586
0.0164906131404425
0.182846374222591
0.273733857759675
0.271047233814711
0.346876146721124
0.200447588036305
0.205147964814497
0.377509129584953
0.314117052082697
0.280953823977002
0.161770931157221
0.0997051687150661
0.283033365513766
0.272380460667602
0.0358599426109635
0.25236734463087
0.243507075162216
0.197861160266715
0.287734652723502
0.19064589333879
0.309382915702661
0.138365503727347
0.279615845908947
0.216202170678962
0.383792188268111
0.422272882990919
0.262556238358287
0.108060814902096
0.254676756734456
0.251910655917566
0.332385269200387
0.133911111503624
0.401459470591462
0.274658198750864
0.25394223648229
0.154809968605499
0.284610298530968
0.265080048021041
0.277541520846087
0.162689715439671
0.262726586008827
0.2666957712851
0.348178815603884
0.248511129529571
0.300454017726464
0.394355826265343
0.28005194906577
0.439852144938796
0.441672045208696
0.333819319623621
0.360277698387479
0.304687688575278
0.343054690225999
0.395572365958807
0.243054967762564
0.294043207091351
0.319712785151278
0.359426997066759
0.377450385117034
0.539181089099658
0.438586833412931
0.323758850409381
0.328353172177764
0.279531004123221
0.4656464811064
0.318067897089477
0.397244095034961
0.340462358163185
0.465386308884954
0.247509756549051
0.408461207887335
0.235609651217217
0.25946424276274
0.252934585069369
0.271604480733943
0.420946443813066
0.212334204199504
0.344344093562111
0.292630248943229
0.356107293132441
0.480557628261612
0.435389673544623
0.324223641606494
0.404099531409127
0.420704161090116
0.289226754607926
0.366591139743498
0.329135450018897
0.310490465255886
0.432368235971573
0.441599119552814
0.350672981501785
0.482214714682648
0.474467654120842
0.250969425534294
0.435379057875975
0.505729847573833
0.459508037308655
0.407481176822216
0.351796814549504
0.397866706964473
0.385002050271242
0.403068344503178
0.257182323334109
0.449272855111705
0.550003079483965
0.362621899815583
0.461361941391983
0.578515258646143
0.495919927374972
0.44373840387411
0.353282421823245
0.553212394418014
0.36199995492606
0.42197297765262
0.484127507730302
0.335547884674272
0.478131905531057
0.3392499524787
0.45497120464833
0.34626864022962
0.55907179694576
0.531205221648376
0.370747828632427
0.442390129620398
0.49932719484458
0.467120981131292
0.476950956387982
0.542410150603474
0.380965109275649
0.437799373323556
0.468710596071288
0.571249092106745
0.276141406840827
0.477135004231895
0.405491032734802
0.626953959763613
0.620288534877175
0.413731746946659
0.696356104686912
0.490518094926611
0.512143811500115
0.568145628360448
0.411230762865012
0.476257103102256
0.475912179958725
0.474183651519246
0.475445209315123
0.460345732615745
0.527897431221026
0.432142103936934
0.511039371976861
0.546476172542279
0.383846298370732
0.523177004610682
0.550591011455762
0.508188718082188
0.53992578742156
0.495246884441368
0.496141586599907
0.491548902406942
0.599124752781586
0.547192588849671
0.648880000549814
0.469258390516278
0.42511868818315
0.55260721039266
0.549048331025183
0.520228400813388
0.521842658301336
0.546525191291797
0.508927560303993
0.524524530995208
0.588458473401154
0.569134686740466
0.521876371513638
0.489590857879451
0.573469513692281
0.459130925343398
0.5498768631147
0.491127771066673
0.548940074330706
0.699461120190527
0.508724638135192
0.637693271424972
0.515921776342229
0.51974060603226
0.588405657819291
0.672221252620027
0.505666654554587
0.495895440080741
0.588081616224373
0.644187282342805
0.495081038247219
0.601243603014864
0.526872641763403
0.656394129788804
0.576525321137794
0.611948669100095
0.581483031533349
0.703405471251892
0.585973734546007
0.562374623674464
0.469251794017891
0.710254969177546
0.652111347033693
0.563661645594733
0.689412216934591
0.781134364190527
0.666677154800365
0.628108438093536
0.652801024823369
0.670473601664921
0.495315455927181
0.577683330104014
0.613993934169844
0.729868406685082
0.578101024726454
0.705464077203694
0.637639219264472
0.520248357559271
0.753870310130559
0.712308965352457
0.747720978106738
0.714922078380503
0.561283936188448
0.592864783620245
0.642982955148648
0.783964217797413
0.578163499519781
0.643735009546859
0.678066526185284
0.864231193376936
0.649223879649539
0.692175571623887
0.718522084142443
0.774070936893377
0.631557290050111
0.794270942139334
0.66793561355027
0.837470493245563
0.67317470374468
0.82943264546288
0.679074454124514
0.61968049627524
0.708200368257381
0.661967351690385
0.816500805696835
0.66854810847204
0.751344972146658
0.969926660026193
0.817987238651398
0.586562971123047
0.681032371754063
0.793020303415651
0.637642427264821
0.615616052770141
0.651139485865264
0.915409732725638
0.742294103805292
0.702181281439826
0.644402325079559
0.832953539149676
0.736715756002291
0.703423814604592
0.709176796740883
0.780055711094758
0.726841536807416
0.714137962151522
0.792661824534568
0.645660708748841
0.81536847154436
0.743049051055702
0.975141265957989
0.715355015519
0.630722751734579
0.808651427617091
0.766415891894813
0.709055263928468
0.865007923289322
0.890014456724678
0.774386463232387
0.570783446947998
0.875126302176221
0.716817673913888
0.782580578782683
0.725934099083057
0.906812950048316
0.693981101557742
0.830550937774637
0.825368766263116
0.735222742125782
0.836415305937964
0.634864071783212
0.895379116331071
0.877621923667964
0.73210465557325
0.721970433876138
0.802993504347041
0.741846671871487
0.669741895549515
0.79293648623451
0.852113142996889
0.814606161062604
0.833659274622891
0.880360878149341
0.857705605719741
0.846162569642583
0.875069677095177
0.849287475181507
0.702995536532146
0.80031538651745
0.88113257600577
0.898518961063937
0.816738443150911
0.88749170317992
0.964208568006936
0.793223730563492
0.828059283228549
0.846514197483685
0.996916097289821
0.798484641281561
0.829754497719154
0.780212681341213
0.825423299025241
0.870298966160814
0.759222006992906
0.799506860437833
0.857112607490845
0.814700823813429
0.695161661610202
0.768191723970026
0.815504382135134
0.808599447580888
0.780498040901642
0.999177834723811
1.01647199615032
0.939978400968368
0.873164065272036
0.739752714724105
1.00824764808016
0.804199470613485
1.01541155096356
0.931310401085214
0.758626259546902
0.961497177420193
0.872001818474945
0.819153187957886
1.11579837981064
0.719429220006993
0.882969228493256
0.8875468466025
0.917929491144206
0.90848227188797
0.884839349834702
0.995483907526853
1.01807845604266
0.913325955115089
0.77493418295981
0.94470959167363
0.84744173751307
0.751235118159253
0.978675795978587
0.856289394359409
1.06347024799714
1.04764223529644
1.04524206778228
0.972906268523875
0.818740687258924
0.910720746047223
0.93073285380755
1.0860732843756
0.791752712475483
0.908546713743083
0.91673494967315
0.904657178645662
0.846895633828914
0.904313416272913
1.05806834806253
0.979062451262484
0.945793883272361
1.03883324452658
0.996131350363415
0.840960814978148
0.955003183743873
1.02955330287679
0.899335051688902
0.965946695173196
0.919025541731928
1.04735749298137
1.07124287485397
1.04200021258745
0.980034730660375
0.95671945078432
1.23248334787465
