-0.853695404315691
-0.955698263675956
-1.03240065227674
-0.935980960495558
-0.790999669100278
-1.00640643515863
-0.908142586222726
-0.991542093440137
-0.969568529221549
-1.18681802940972
-1.04260132801808
-1.12321524163378
-1.05248232401634
-0.956453149023097
-0.850330583793855
-1.00490755868972
-0.945734552107056
-0.919851228042372
-0.945378542156177
-0.850443060795275
-0.859326556413229
-0.963121444660531
-0.919253772979492
-0.901779188535601
-0.914433538612209
-1.03915249584717
-0.977432502578027
-0.873808838154658
-1.02843333000586
-0.885580205757338
-0.895795796345387
-0.89116445469199
-0.898901245643878
-1.02435409368974
-0.814500029898255
-0.934823736910916
-0.845654614304914
-0.925898254965384
-1.09238413927674
-0.806845171916659
-0.730215581617292
-0.781783507549293
-0.880276040075402
-0.943270303379565
-0.949465115789643
-0.842650148051685
-0.870132184010987
-0.881128965778824
-0.837407184573725
-0.9502993468925
-0.984827593792304
-0.913376667783902
-0.892541332646266
-0.915853592412549
-0.849638277684683
-0.933304909234045
-1.07731256418566
-0.947791450603248
-1.0733443752551
-0.984377956918638
-0.785864742354548
-0.871725500267926
-0.890057732229909
-0.903822424344915
-0.737887352123714
-0.931634886960198
-0.834912713445416
-0.85803359607816
-0.779863440727024
-0.896008022871794
-0.73336989042333
-0.822896083405129
-0.75073160853198
-0.869618365412192
-0.821467500192853
-0.816582115868582
-0.989850009699724
-0.87001305462828
-0.849768122905687
-0.845630380906253
-0.803591077965346
-0.761542689599144
-0.882302209608562
-0.745599600616823
-0.872529837389667
-0.943213525595329
-0.732801825238018
-0.862016948803074
-0.761136550942068
-0.825408999497818
-0.919897041980157
-0.643846221454393
-0.783146815906702
-1.03975322876508
-0.83851092927698
-0.613035389511971
-0.834505790830329
-0.959223421987477
-0.747507204601283
-0.785164386906082
-0.763157984448692
-0.734808749193234
-0.823742416249943
-0.871739421062579
-0.646707338369363
-0.767974692705331
-0.817307493387173
-0.845851190438086
-0.798924354264478
-0.895936022612411
-0.758336401949316
-0.740397438036567
-0.746053283798071
-0.699785932633072
-0.869967927010206
-0.744067512525323
-0.752537614970157
-0.845190065437482
-0.719315041223182
-0.845612541880221
-0.919230831789519
-0.754589345460004
-0.659535631678863
-0.621509546124259
-0.551325597324388
-0.680141485028118
-0.807199563420785
-0.751357813650589
-0.846288031024108
-0.620758656266903
-0.63648533834101
-0.711339190664873
-0.748069138183081
-0.770471092485697
-0.795422182701177
-0.76218551542396
-0.697829144135206
-0.565338308184558
-0.723865814101292
-0.612444841202089
-0.677285667057971
-0.797776758482341
-0.667120490496161
-0.904853579597339
-0.740481835114105
-0.612539203516659
-0.638789274919376
-0.674460918691198
-0.739684275812673
-0.556383376504801
-0.630216370897429
-0.692493216349535
-0.640444989642365
-0.65839774788608
-0.652904247757257
-0.774477944798422
-0.674992775000479
-0.864842239092215
-0.700247587649827
-0.836205110640797
-0.687663518602104
-0.564413265839855
-0.649385797946846
-0.746272087793762
-0.79052206086798
-0.741571410829077
-0.718317791100321
-0.673779040737138
-0.599916807209992
-0.668009764542694
-0.735458864974701
-0.717638750923074
-0.619939654288428
-0.671251817640153
-0.56346772649823
-0.481027146240101
-0.647108450509949
-0.638410563307281
-0.603236972674722
-0.654879119696506
-0.850402558415463
-0.696169341514095
-0.711107877294122
-0.820674386490087
-0.703440597275077
-0.722329701380355
-0.657893559444133
-0.645515803414095
-0.622950162176007
-0.548240482918412
-0.658392736662623
-0.600502521855245
-0.619022988180504
-0.719010298311255
-0.607493352874739
-0.585347733618002
-0.436159089791064
-0.676082059560433
-0.646543278748708
-0.625411990280934
-0.527877697406557
-0.541325672892809
-0.433592924641721
-0.588874866206291
-0.562472164282629
-0.399772843317159
-0.509309184288429
-0.500433498791594
-0.486387112222921
-0.566988063525725
-0.563118733168453
-0.458596905820025
-0.588439177305261
-0.488311778795616
-0.432594850585301
-0.527997789199124
-0.580027846558996
-0.416365647218796
-0.751541389298464
-0.437555843200844
-0.50603921629529
-0.448649660504312
-0.64560195798902
-0.642469695466694
-0.571117652151912
-0.635044804207704
-0.551676604112966
-0.536661924046472
-0.480885504983441
-0.526139653205335
-0.520856664603706
-0.627730545269465
-0.440463461598594
-0.484701072706135
-0.542368797627003
-0.517656989826657
-0.572907889027536
-0.509627994543561
-0.624235231905128
-0.4890815611032
-0.537152491141242
-0.657707397375797
-0.427939035595653
-0.656660067287715
-0.606866889551015
-0.584771156258281
-0.444080264473752
-0.505266234097732
-0.413748767540788
-0.526123031460906
-0.303479992297214
-0.479701014934899
-0.425219978395322
-0.501237849010141
-0.519921614738825
-0.486931867302616
-0.516442525606557
-0.626364000828678
-0.483709704106171
-0.491054142944654
-0.572737134744286
-0.529787026892388
-0.355870227257729
-0.532123609357162
-0.549203800598266
-0.359704183379473
-0.451942837739325
-0.399096842236607
-0.559864171078387
-0.415342484249717
-0.412923568978111
-0.528554303666637
-0.58276827877623
-0.582799034067868
-0.400638129597394
-0.398548103673826
-0.335430545545674
-0.380376375324016
-0.601989236269188
-0.332092803359901
-0.464950471634282
-0.584778395900627
-0.437666872927454
-0.487404689532303
-0.469894154797651
-0.424409320393096
-0.426648507198171
-0.447521630370668
-0.423343597913246
-0.447910338522188
-0.555018017460616
-0.421880154769391
-0.350774986419078
-0.372732165614278
-0.459688541034116
-0.308282942395217
-0.209058080547261
-0.389586697586141
-0.302616453498
-0.461131438282743
-0.513190457772951
-0.302487793310271
-0.403262282771929
-0.403156053570796
-0.306676161765756
-0.261251381214107
-0.323963380239268
-0.371952744203025
-0.337795113962037
-0.282973714118357
-0.416640143981846
-0.262797717353205
-0.480833156933619
-0.270632607577259
-0.328382450458553
-0.422922518433405
-0.375427085305964
-0.484913302448189
-0.286682658382656
-0.292867267638226
-0.361497731603903
-0.350203957005891
-0.402486451820431
-0.282170217959682
-0.388814949512146
-0.226660705152785
-0.320584414080775
-0.348358249361184
-0.392145047348569
-0.378501559379263
-0.371568506328152
-0.28978086219566
-0.224399841049469
-0.401040010767938
-0.423672303517549
-0.191539926671343
-0.248479194122215
-0.353420191499072
-0.30383416329822
-0.227739709449754
-0.347895488631552
-0.294977744388774
-0.231072432462433
-0.306287887193716
-0.42787964020535
-0.283181105385094
-0.300211828038785
-0.220788224166353
-0.271832177185454
-0.376245295506648
-0.297334251525596
-0.326275320284921
-0.32452980945314
-0.22726020663226
-0.434422482730676
-0.217356575446156
-0.187399338896342
-0.302081901151693
-0.2495956031951
-0.358123553560299
-0.258189688535415
-0.34557502576438
-0.284474127478376
-0.138890154035144
-0.299940560269551
-0.482707798574836
-0.410932165849927
-0.261478616817757
-0.176396490606607
-0.32857120589962
-0.168683713837245
-0.290775348113115
-0.388478225441588
-0.283843439974499
-0.247248950316628
-0.369562192961952
-0.150268071483278
-0.348219254011326
-0.2644129607951
-0.38395555760125
-0.256357778946287
-0.264232505342731
-0.333346659069159
-0.299421567758975
-0.104993031102543
-0.220376913243211
-0.271190101268835
-0.21336842938401
-0.295098364460587
-0.25088675294352
-0.246331125362778
-0.160982855303905
-0.12891856540959
-0.118197052076443
-0.25827574283022
-0.319418349927096
-0.287606844887697
-0.226535902900702
-0.137955945732904
-0.203727587999879
-0.145467820761694
-0.258783054542766
-0.130213005867103
-0.11383629247167
-0.20492652082026
-0.113081047586363
-0.0950909160580019
-0.228261690404279
-0.345157962523755
-0.0853967006444988
-0.0961465446687575
-0.118213764630018
-0.231601861401005
-0.336460556375712
-0.0560799308392873
-0.152551073540711
-0.232934561891747
-0.0182111001202927
-0.324516503261685
-0.110869449500916
-0.0109102514224395
-0.210142082161894
-0.143559512731927
-0.0680735756182008
-0.214429424229792
-0.134869520677598
-0.0999251856638222
-0.181079315433111
0.0419053046141492
-0.185222669115262
-0.212367892367135
-0.00287015074483352
-0.215924810317542
-0.172819572737416
-0.178064002093957
-0.0694338904618248
-0.0551354710502588
-0.138328463593585
-0.228667320831468
-0.115294426956502
-0.15891584951138
-0.0870185002962958
-0.0786883419914952
0.0249400100828013
0.0223533333244358
-0.214499837369057
-0.0579139939978571
-0.19539186001601
-0.204129126293112
-0.0774513691504067
-0.287987648282332
-0.070763794641712
-0.0337455623145222
-0.173005162994115
-0.173991733226014
-0.0206470429841742
-0.0188730983941563
-0.119919243496474
-0.0769760045736784
-0.148048529459396
0.0161828250556759
-0.00101630316017507
-0.107239243428459
-0.0462383436735882
-0.13437564652761
-0.0859385625735839
-0.0748623837518576
-0.0749986174341011
0.136485064903569
-0.0986328602652252
-0.072993907689484
-0.104002505892603
-0.122539553174621
-0.0128348434362437
-0.00312560589919995
-0.136695671318129
-0.0622139037484797
0.0478377502873721
-0.109927099826952
-0.0175112664643285
-0.115947278633632
-0.0450813107428302
-0.00709203282346542
-0.220032722643317
-0.108836636952225
-0.0917455768482694
0.0189344387987864
0.0590349281579195
-0.00200537642098097
-0.0988721074325739
-0.0445121126760085
0.1605315733557
0.0546615546494537
-0.0981397675169216
0.019452206791759
-0.0240204994030292
-0.106648819844722
-0.0298982299501832
-0.147813496133188
-0.0798499903791082
0.0507715845931908
-0.0601432291654937
0.0379977907806966
-0.0433914642518252
0.00221045236324205
-0.0205059141798039
0.173568938699066
0.0470279772947765
-0.0691296774143574
0.094646079387369
0.109496749527918
0.115902471414388
0.0690872771946291
-0.00196700768593764
0.218793583973569
0.00811926356330091
0.0128386076049348
0.0126119605777739
0.0944872597422889
0.129245805439676
-0.12966055171501
0.110165325517758
0.0264091404752002
0.0316067143071502
0.0538964051983691
0.0441076595724002
-0.0428093987764499
0.0921373713724588
0.108634526737781
0.102255246989676
0.0182910153914915
0.159199094250472
0.155070659898319
-0.0515940261861312
-0.0211933681835292
0.0545639055161792
0.287282362878002
0.0847484125545015
0.0138621501759711
0.0332546749955785
0.122258265963438
0.130496479923074
0.122666525744326
0.0479085429628097
0.0701897960194366
0.00046970424474752
-0.0379354352194147
-0.0221130121817886
0.0219801542087828
0.0221113415012241
0.143959029592108
0.149879405688045
0.133446408316228
0.220266466516539
0.199248661870185
0.119901363165023
0.114761382132399
0.186515706988257
0.339891913241032
0.0630289849964061
0.131918012607507
0.196616620025728
0.309732648434501
0.0910867049667783
0.268583569003313
0.111223341884672
0.170775619201979
0.274443384215765
0.120922807880476
-0.0176624421359868
0.195853177878954
0.259956178045335
0.205463441187165
0.0669721294481805
0.203729890232981
0.11532050036562
-0.000387076432934393
0.072416495808051
0.185286473267967
0.0891041511314315
0.0643271467024571
0.176442559187189
0.116904368415719
0.285332459176526
0.120461130563916
0.0661876281490276
0.0960191030121206
0.131404175570612
0.0472544960524141
0.311233223950962
0.0741454301627114
0.187080221646552
0.193543684930083
0.172918352227595
0.278990358484686
0.349059082404327
0.185846702343828
0.14061668028863
0.174963751959239
0.160474937099384
0.309080912468603
0.148633562184132
0.276193448670434
0.202254490327613
0.13003544804276
0.160136491317211
0.2076062357117
0.256687647577246
-0.000270410169171592
0.264247367874014
0.224804513444925
0.185406017269414
0.0607755430267308
0.153940599592293
0.160085587399821
0.101327669105455
-0.0368415851178849
0.414793560658355
0.096647289850029
0.269962748877898
0.309308312256363
0.3251566595745
0.203435550739026
0.234265380289301
0.255127930770652
0.220791447021238
0.264525543463221
0.143254568751714
0.279876832152067
0.259924812403303
0.244290020354119
0.222596638267375
0.324000965962027
0.248641798518287
0.251048275116353
0.127877407970804
0.260662139648444
0.204021176087182
0.270824323749279
0.340459534244211
0.231806042736101
0.305114564602388
0.113359903915286
0.354529809446324
0.355172794140587
0.346276965983862
0.275163826869677
0.287705832624901
0.435806999774725
0.255355147850138
0.284455926989263
0.439531669484877
0.255007888539013
0.306878863146565
0.365764646407384
0.335551939201437
0.374892705118783
0.254975342768086
0.389820532362445
0.189310779918027
0.459853643034173
0.469644942389041
0.398171600020863
0.40887629435875
0.424362254747047
0.407161893618621
0.368857403456381
0.338396713354621
0.370789807420088
0.268535243897824
0.471160664816422
0.314961101546086
0.322303897515268
0.139402654987261
0.308271947754792
0.250221905934112
0.333548167990231
0.365519705250189
0.394483516902289
0.362050268612069
0.357568424173394
0.308767709000424
0.346256780235569
0.391586058248411
0.421069178928209
0.449940302781207
0.0896343360648982
0.209112671999381
0.413962629396025
0.523388522147117
0.441600664004696
0.352271205174254
0.293959536283659
0.262268026444301
0.242703986557902
0.491836223340979
0.351621642718257
0.572273062587315
0.476550372433785
0.310554335523957
0.464935839114707
0.365650382669004
0.387326362182403
0.375371124227914
0.437591698441504
0.24210645556109
0.327419287120628
0.413390700329492
0.474332479083564
0.447533586276499
0.465548270366702
0.400337152635781
0.524071933083297
0.387750257409885
0.382663175226846
0.505902413121013
0.477518009933342
0.566057223300713
0.539320509846825
0.379887440342739
0.58366664018429
0.346331873709374
0.622930627010051
0.544805597495615
0.514017095663351
0.422488556039158
0.44672148757637
0.423216027344427
0.410722095695577
0.599998794485024
0.475941171311548
0.316910157794295
0.349513021624441
0.314797046983802
0.399910538839636
0.452240579352801
0.471521167758446
0.42841835339088
0.514409372077362
0.387752934301511
0.564907279220826
0.475697111364383
0.529027195353999
0.359172286249636
0.379640689129825
0.543404455972679
0.5239347771037
0.427475384128223
0.387215339978641
0.476882142155516
0.51671138402723
0.524967630372235
0.53658930930032
0.385603838037809
0.480953054366583
0.53107537375115
0.565991047603173
0.511213843057072
0.514433930657842
0.635491800262615
0.404465741671648
0.607524867462552
0.567396159293895
0.436466086903941
0.568627752937246
0.707973458078478
0.44694568857518
0.510146850485076
0.420552426768004
0.556406571891759
0.567236660782631
0.640107349861724
0.495929058138691
0.665140101745334
0.5384180526752
0.403516426149834
0.546267581442827
0.536725251538768
0.57715126798317
0.537171466956128
0.567340242528209
0.656932128599408
0.541794102810478
0.554641609372015
0.542774780690003
0.666912204091395
0.589955709583149
0.570535265232904
0.588588618830474
0.573223949209592
0.598610048712723
0.551035207767372
0.528633675629343
0.577981060023726
0.703307883757938
0.546250997225536
0.665203857125469
0.50518222059412
0.548339914993715
0.524199232971762
0.64168679001096
0.618473150503228
0.414620690881294
0.735409649309143
0.793745794156439
0.758734720031021
0.617824348953667
0.559894232815243
0.711701616117778
0.692646011580995
0.467047521001443
0.65866138350894
0.648401026646487
0.689834997496674
0.715982352124897
0.511494706521831
0.655280788176486
0.549169359446331
0.612401751733678
0.726444071830749
0.653050968155603
0.737995721138547
0.544345719126285
0.571488583219777
0.709331607748958
0.52261375154911
0.640690974879154
0.736674590134174
0.662540532845723
0.590724742490224
0.746205603055557
0.759605036440226
0.738807843116956
0.646038469693277
0.722612637017234
0.753187465106651
0.526663977771365
0.82375275486366
0.636357451804387
0.822380516436466
0.631616329737636
0.771888961868878
0.638091534283293
0.659623333961322
0.662263086406328
0.621161421755125
0.651516011124883
0.66570746361117
0.81826199454012
0.691640027437312
0.612094495944218
0.67987005423354
0.777366226348642
0.634593766252214
0.601972023629287
0.873404486924663
0.678605436182891
0.677142310106036
0.742110379077508
0.840968232028743
0.586427618114928
0.640447683533055
0.557082506304937
0.856365216838299
0.61036889361874
0.706982575124542
0.623182956285215
0.744486924463422
0.753501999379854
0.852156066843831
0.657863953213672
0.67779322151925
0.735799535716341
0.859199783175568
0.771935153210571
0.667334041370025
0.740772445259713
0.809166707343016
0.667711773166754
0.671333403914775
0.788197907377172
0.762794439531634
0.74241535657114
0.732709311283403
0.807259964437862
0.849149828031235
0.817955218469835
0.632066597942563
0.66021196875654
0.736925483618695
0.672562330664849
0.737397415808478
0.859254146069816
0.702116880331632
0.943988060521131
0.721752802032038
0.691405604850909
0.821734711062501
0.763628054223439
0.773181826707013
0.848142215412994
0.727692961802777
0.899123037919537
0.841439101293566
0.739320039711075
0.795026680242777
0.889408283318281
0.748262150627175
0.953388430292253
0.781203622350598
0.947049974224846
0.814804073269302
0.786114108106057
0.796491503229418
0.703603498441852
0.806307928671601
0.777347498032581
0.813534404723485
0.771155398116883
0.929435822322723
0.986941241853312
0.893829367184287
0.815681154055686
0.874902781688226
0.828036076841962
0.795413614354182
0.772226938008322
0.781665709036837
1.05557027918062
0.847054020018643
0.723714796924244
0.935609739037526
0.882282980957585
0.910831065444356
0.836774389045704
0.926666255952703
0.881762431721898
0.894573986779601
0.816908235565592
0.732988607852831
0.892488172852359
0.951437874915294
0.998742396363814
0.969956237810402
0.856583800217064
0.811157239755451
1.0134793812671
0.847213716972409
0.884603390948596
0.806976689937357
0.921325274710576
0.719216438139554
0.800446432329861
0.937503273928729
0.837204445220192
0.904833261511406
0.780161291780597
0.936035051157064
0.980417663779495
0.945847748045495
0.926818937545753
1.02853834057054
0.910212302479518
0.812127099095928
0.990266824047791
1.08060543225293
1.01599387440511
0.831437216904441
1.01731223959055
0.97373428727029
0.829482015081497
0.824010279203519
1.03110201867263
0.937370031474129
0.965057641827756
1.00148482364166
1.06719250997379
0.884927689030041
1.13273998448646
0.817769689238369
1.00227153629881
0.991577141213889
0.955043645758131
1.12544386627625
0.857323602897511
0.906193185796238
1.04104200341987
1.02583306145014
0.909246583839752
0.989997419880821
0.933943386637218
0.965394351839798
0.98367551648625
0.892364403730309
0.889965053090585
1.07574840911771
0.936593424265483
0.949143116888836
1.1044548798524
1.01189116606345
