-0.924688935103965
-1.08477956051271
-0.96822516531966
-0.911098006292638
-0.947176860856892
-1.0201948705923
-0.989032708748426
-1.05391662547742
-0.967977630733485
-0.882846010999517
-1.05519041441553
-1.11555468594125
-1.01032041898125
-0.952608124753863
-0.958639898326303
-0.93589867041554
-0.889493673809447
-1.08734006087894
-0.985618721701315
-0.725573464054993
-1.07864126200453
-1.00493990401573
-0.853364220829731
-0.879221104998046
-0.994658720582791
-1.01016713118843
-0.892476899588944
-0.802995718723749
-0.999862172492513
-1.01207182020335
-0.811539473020957
-0.840101428707591
-0.963109569151806
-0.93114705073684
-0.958190094412631
-1.11058310371511
-0.802527426890142
-0.983354648751171
-0.785851706810412
-0.897936401865195
-0.939260210126379
-0.914994713130609
-0.952652377890549
-0.866988335742669
-0.98529269641331
-0.927536236403908
-0.83446466960071
-0.912744563775652
-1.05763283793617
-0.974134843257088
-0.898153537840775
-0.912037801798068
-0.835624315756898
-0.939459709928486
-0.764476894861022
-0.838170234161354
-0.810971594850857
-0.878730902825665
-0.905269719381377
-0.872789038252842
-0.868168937111945
-0.864689518781175
-0.882100899324252
-0.935276114523442
-0.788991518744387
-0.955338800692939
-0.893951816964123
-0.907710611371157
-0.783077038771087
-0.783839406660421
-0.755487439693335
-0.74493462856863
-0.680202504307245
-0.907821885193545
-0.848082482619847
-0.804945764311225
-0.875022706634874
-0.695713342905151
-0.955863151282979
-0.729686034291884
-0.886812698220226
-0.819841849302507
-0.796200060676924
-0.751208893518924
-0.849783496910458
-0.784828887880377
-0.928448076073936
-0.854086192960036
-0.746813539500375
-0.65573490914142
-0.853960910048996
-0.740035845498305
-0.700551092857192
-0.889577440959789
-0.799047505911414
-0.979967085885226
-0.710156463799742
-0.784002290965173
-0.755709469620974
-0.757260164995731
-0.712316012017265
-0.856108281197968
-0.690145808370705
-0.883221827889375
-0.801628522665431
-0.709428474955941
-0.663794520779092
-0.646391790184244
-0.846018267091509
-0.901361514740606
-0.653681054806729
-0.832660388949425
-0.655740813996819
-0.742379771731837
-0.818059547867985
-0.79062585837234
-0.755138760422669
-0.732654928253875
-0.595536805122859
-0.619842391601842
-0.568382619379299
-0.668020566173097
-0.766629276324793
-0.717225388418109
-0.857023852674165
-0.772034525386029
-0.55608839073181
-0.729423821664308
-0.744016475311776
-0.636729672946051
-0.736770610134655
-0.831279152169679
-0.574018106057269
-0.862968898865641
-0.708376724207443
-0.700674850476303
-0.776079223074355
-0.665109780293926
-0.772234287178672
-0.813078724865275
-0.780874386337025
-0.72880453268812
-0.783835674955007
-0.753090441629175
-0.744636200680992
-0.735985608590113
-0.708082146152947
-0.703434273649371
-0.768545692995486
-0.689852812760108
-0.572777750340667
-0.740340637847918
-0.655438694770515
-0.624233077120119
-0.600382728376912
-0.524385964138027
-0.65980616560424
-0.637705259705225
-0.569245786696729
-0.617028451791962
-0.711079839096174
-0.657603260928564
-0.700041187091337
-0.814566755532911
-0.695973225645146
-0.499996116195922
-0.769544618890134
-0.696419891009293
-0.741912759265025
-0.752297561878143
-0.673785863679681
-0.702306104544896
-0.71901746200382
-0.729402926733747
-0.708508659023893
-0.706328527704515
-0.685297326689977
-0.636347778328464
-0.760617716812651
-0.77131380771038
-0.436912750016206
-0.51329602597042
-0.512403638703365
-0.541297588968698
-0.712062823664815
-0.593202026612265
-0.480343970253737
-0.54301084209139
-0.651963006585823
-0.778723387381345
-0.642762148735456
-0.659004525399991
-0.636861196393939
-0.559863820769421
-0.613798230233168
-0.807160140708347
-0.529192996756409
-0.670491846992905
-0.595342392512168
-0.697419159740512
-0.638790425750904
-0.749520839961634
-0.570962968731863
-0.67336183066433
-0.710302259894148
-0.644732395951258
-0.569565888084568
-0.536018434149841
-0.722618672101277
-0.468985735782579
-0.618534826825712
-0.435760224092358
-0.512091351291344
-0.682649727086832
-0.50103425418197
-0.509413630499023
-0.522361280867741
-0.603082696523925
-0.640418121912298
-0.497914238768001
-0.696581097948623
-0.505899332559517
-0.611834343681609
-0.601371438008905
-0.60421565559951
-0.500568765511502
-0.483723877314803
-0.546268830486384
-0.5097414812401
-0.62864971942356
-0.454578138917803
-0.609578157480052
-0.700714903911357
-0.571880207035744
-0.497680226918527
-0.523558615099268
-0.534741624376244
-0.535820500347713
-0.563753907905654
-0.473359197038473
-0.467393037156038
-0.575191691159866
-0.606782560540163
-0.652741543037966
-0.712995720865306
-0.513328552598477
-0.478015647728156
-0.508872740344938
-0.485586368797525
-0.441105155263046
-0.369660532474016
-0.515790657382614
-0.473511512419767
-0.575819104989551
-0.362061536927344
-0.550380941434994
-0.571036818974575
-0.562935552736241
-0.465618123054552
-0.514515586595048
-0.503826679475653
-0.358803059067203
-0.456761972082224
-0.578439354002184
-0.382246810991452
-0.375893154908344
-0.357140305265296
-0.406801137015185
-0.563744443400391
-0.511832661002065
-0.533397445996054
-0.355964137540085
-0.358923461184911
-0.376458154473704
-0.526846391557905
-0.242278805072753
-0.468780631101141
-0.438420257918896
-0.387479111305351
-0.462351587850842
-0.411966258121804
-0.454612457873737
-0.361301933860893
-0.384762435315622
-0.341425620814943
-0.420165421449426
-0.387631652176304
-0.264485194676715
-0.555956594850137
-0.273755208588255
-0.424182602187007
-0.394006842284891
-0.379745464225518
-0.454963780872366
-0.3113696202007
-0.30174116683672
-0.420547867800218
-0.380260196110654
-0.345882152160654
-0.397283828456152
-0.179323226450019
-0.315646734613273
-0.466100719381052
-0.272371614788843
-0.269124139440314
-0.311185102701572
-0.430692681033588
-0.443507038895529
-0.370840490789878
-0.426077564133561
-0.472177568622079
-0.418845131670881
-0.347358133903822
-0.432078344488268
-0.404273882384763
-0.269072444201658
-0.337523774623151
-0.378238397384954
-0.271922443109675
-0.304324864707141
-0.413640444456799
-0.468975063677682
-0.463582168037784
-0.259936283003275
-0.252973510380688
-0.378696899656241
-0.294823088115592
-0.270485019695283
-0.353229619389859
-0.348624282516016
-0.326127305549779
-0.311828872020287
-0.251486297250642
-0.365731658367589
-0.366531365877839
-0.219982172230895
-0.279305765766057
-0.342976465027374
-0.321427815362996
-0.385491262314828
-0.387926065309393
-0.335858444581652
-0.249247099176661
-0.379674984630068
-0.326713538699707
-0.298594420842387
-0.210209165477222
-0.227317973915804
-0.33800958160934
-0.254828654480815
-0.274347716507977
-0.248087678715745
-0.30309608420589
-0.189371232810431
-0.242991577201903
-0.280351147123706
-0.401681194089203
-0.192002097669252
-0.307752757850304
-0.314120282873391
-0.198577453511104
-0.369482515260092
-0.261028399796553
-0.414272056525272
-0.329694213427113
-0.195625393756866
-0.313768297362803
-0.339837792967825
-0.289578410000045
-0.103606880068728
-0.184563984333674
-0.288116457639568
-0.115506878885969
-0.140781616389012
-0.334917410666202
-0.306011947187839
-0.186401561256107
-0.345249357438026
-0.294013031078418
-0.290299219165225
-0.365627607184777
-0.280766949545378
-0.26844509814685
-0.350802901833347
-0.186682917456205
-0.383705969082702
-0.169979184336843
-0.453774968326368
-0.251893758352483
-0.260629499442026
-0.231185715123421
-0.210101328825189
-0.138033519929884
-0.255442959947938
-0.290318722144985
-0.191297531171586
-0.164145672260602
-0.235100885679951
-0.129648474874148
-0.194307083007121
-0.231071488927787
-0.0482242138499919
-0.303699915830273
-0.212185420603521
-0.150506240029625
-0.24254378160958
-0.0653362725950871
-0.213111168352803
-0.272698631700315
-0.194474297718571
-0.205127845680512
-0.353944301733129
-0.208133132872821
-0.231844751858347
-0.24430708193296
-0.136594412091345
-0.216140640065618
-0.152793655421221
-0.119653912285032
-0.193352398331163
-0.171975477122189
-0.129373974246238
-0.160846304675751
-0.228582709975465
-0.215686458899322
-0.128702931454336
-0.0526099236891335
-0.0384645448894705
-0.0708056299556945
-0.24333391522866
-0.249054387712959
-0.0432064403431104
-0.186665399802561
-0.256198926484192
-0.125247922086217
-0.000433319994618035
-0.310594383511279
-0.186742297872065
-0.162804558603513
-0.183669166017003
-0.164858635305751
-0.340132657361902
0.0462723976109803
-0.0718006675746545
-0.101754603072713
-0.0416673922239239
-0.168329102293358
-0.181755903309258
-0.232763562932348
-0.0270708883818117
0.0192876867252526
-0.0158617864922862
-0.152828203739287
-0.209164217956332
-0.0320693734108601
-0.0755386226520038
-0.0232504298602508
-0.097213562963571
-0.223484417679671
-0.115737594701161
-0.109993653229714
-0.162274979949814
0.00267239011743996
-0.112671861929349
-0.116781772152663
-0.140403736525268
-0.0179148539533408
-0.0122836435572594
-0.163491037260901
-0.0864569668677395
-0.0246719632940712
-0.165615931911744
0.00061555306137106
0.0462799945607399
-0.101193992924585
-0.100620431839443
-0.00477597171477368
-0.0571177741246551
-0.209401683318022
0.0221426194908892
-0.05952768297663
-0.0836984932788418
0.111255951529481
0.02559873077607
-0.117303411549525
0.00983828769645063
0.118303699731801
-0.176745904419785
-0.0112549724031191
-0.0896975622458343
-0.0622431806226626
0.0634269357319677
-0.127535650855602
-0.18032916875918
0.0318251189008128
-0.146791296183007
-0.0453263354991143
-0.052565307745627
-0.158211485238706
-0.0761376186885924
-0.0522347659504726
-0.0564567299723716
-0.018812774208221
0.0800588155896678
0.0156864278292332
-0.0294177804633261
0.0978768934943079
-0.0903963463314035
-0.0656394109490308
-0.00644540024109018
0.0899406603042082
0.00236325746949151
-0.0875527460820382
-0.00133635110848214
0.104168915140263
0.118755314696338
0.0359024950601116
0.123121326843184
-0.0145653246565488
0.0129035387629202
-0.0660072949253277
0.0699049392297415
-0.00955252189487468
-0.0667205142195536
0.285054374892956
0.182844285329904
0.118320568636807
-0.0149037284833594
0.0382818787675259
0.180706274894202
0.0615529319777664
0.0109312550157941
-0.0321565725136791
0.0577681300986421
0.233364984532382
0.177412688814014
-0.0179292049734752
0.0835288796703005
0.0670693411352023
0.135267144840073
0.0751997853513795
0.0536367829388117
0.196186171506124
8.84830377768547e-05
-0.00593410397977773
0.0885744367725325
0.0711982816636629
-0.0908479894828276
0.0290116874766446
0.211935375120131
0.12744201825938
0.172160161409839
0.104477112291743
0.213585212889981
0.213164021446494
0.143117669336854
0.0709976260918808
0.000744607547081145
0.132956548818071
0.0346954577380792
0.112384692318235
0.172986193447248
0.147156818042397
0.0989383044668342
0.163937580554586
0.0662878092286633
0.0807061381042252
0.214561902935522
0.226480056074245
0.204185689984171
0.170349081412936
0.136280210201842
0.202820105844297
0.329912720432743
0.252309305039848
0.2523345201627
0.166549213101727
0.144554680124973
0.147669841828723
0.186870452756879
0.139696660195063
0.169872798240619
0.131895484258103
0.166157423027281
0.0859462355808671
0.218086350501483
0.0914411606584031
0.255402402868734
0.0196420184026024
0.368212711858361
0.100213411296838
0.255860457334016
0.149534665869311
0.236853245209285
0.248990695088025
0.161222344829615
0.162413179304641
0.289401902720468
0.256525892367939
0.0848638359541096
0.249048183260882
0.158221539557191
0.227470349581662
0.310544236201454
0.266797151314099
0.324234221082872
0.263081457601917
0.134633521973194
0.239913174736531
0.314370233451414
0.194312056543249
0.429859561638499
0.194484927819787
0.1841082605197
0.182744678533021
0.221764947664507
0.124846317112778
0.355536305903948
0.257620367496665
0.2449306973295
0.183615186289989
0.312584842925209
0.245815558487543
0.167291748857998
0.157205098639659
0.341080473604248
0.224887663661846
0.21057352215918
0.173088914883273
0.374981199913701
0.386278927845273
0.320455256388382
0.415936116164089
0.272432334304629
0.207683239298785
0.308230385305114
0.430599876316962
0.194826493435145
0.217639446446176
0.240178209757514
0.256337156903981
0.1734782898247
0.200595826515057
0.25288874922268
0.257156804128878
0.359752383855
0.196524706737351
0.26224065567413
0.306986607143134
0.246337976856288
0.371575404544197
0.445989768548559
0.247057869634658
0.391706940719084
0.253318904062753
0.385545987583708
0.247071522936304
0.428809724504754
0.310039831838691
0.333893011554952
0.109996574660436
0.453668881868974
0.341175275349889
0.334683954027848
0.327845555176595
0.245405274414098
0.276380136168744
0.268882394616155
0.296284323917021
0.355075006346632
0.174914929883135
0.290309607132764
0.26715959853014
0.344945479270448
0.286025683748563
0.230086748940034
0.325004334856926
0.460406994038119
0.300631163190859
0.378988747885211
0.305855740075749
0.308739751205567
0.412207357793861
0.456045720928097
0.499957846911915
0.255175324958605
0.442420950864564
0.441286463827013
0.383866995847207
0.399984943679807
0.407386352350285
0.460261997906078
0.376603304167003
0.446027164670672
0.494633164207264
0.475137057129711
0.30406799235892
0.450614610071051
0.525002429723476
0.444760187227687
0.37430010537435
0.394818125239335
0.467482981421116
0.642525084346114
0.466008001189057
0.476022951366345
0.33694189122306
0.20936700047635
0.35192597996189
0.353525751760007
0.505875633466909
0.335902940517932
0.435602048362876
0.253448967698423
0.409864711150022
0.420785262590973
0.406897769245409
0.533809508648372
0.45041596751857
0.654183540855278
0.56461056007944
0.503042534940151
0.616677874673018
0.596712799156582
0.401509988470951
0.605545981433788
0.441651302787355
0.446397892384363
0.454903591902532
0.345275693450381
0.413264430322733
0.542119589421957
0.655397841473291
0.723581453209077
0.375748231774407
0.481071775986977
0.402257258224963
0.587432518735466
0.454640156913936
0.515362996831671
0.424813645878568
0.311673783148845
0.444985708262425
0.431686269622947
0.505660415150047
0.558430003195437
0.536933246632927
0.490476621655105
0.417771258638816
0.625502854201974
0.440950338302809
0.458565347262736
0.41366125242865
0.507307204838581
0.454094930842876
0.334511509790198
0.570120371133365
0.528618444021479
0.496049421455144
0.559913677998143
0.529204359412027
0.453009547850076
0.417437747931047
0.515609525628791
0.703422089723604
0.6046532276412
0.471221079911356
0.413110734481819
0.576304509988209
0.498303379614077
0.619645484280743
0.585638405151931
0.49224467666264
0.620842037024376
0.600760531426569
0.568019866406255
0.530846445769382
0.687342096073802
0.488910855818317
0.486856675469704
0.575448427275781
0.621187158413813
0.484752839741946
0.578395359169893
0.581356159116627
0.341932619307196
0.656733369153514
0.49644683987704
0.350235414188521
0.750101326237563
0.651462219052834
0.59417088316596
0.538830836215814
0.517010248584177
0.641764257366891
0.559205642841435
0.653578188677567
0.625349381026581
0.628795963836293
0.61193942382808
0.685417213243445
0.647778381819579
0.61147440353602
0.65243879121102
0.586482325416042
0.658224901673903
0.773109531086716
0.570100775751976
0.482412943639865
0.519246665248001
0.762134016135477
0.658686120855744
0.720545039950615
0.488920793934371
0.629191734930508
0.528962677285727
0.621925163493078
0.520953069372106
0.614928489561322
0.644286194397955
0.749813665236101
0.625117386145054
0.741045832892324
0.645487015130356
0.589519243875801
0.590054368007061
0.553106189874622
0.722452240616401
0.858850423167296
0.688262136820345
0.741193863044696
0.615914526090253
0.764906583891649
0.79036743478298
0.559866262284729
0.685303074167046
0.609410995738911
0.606047897281737
0.627433968202735
0.743291517445399
0.632021955424167
0.624423922279537
0.64973645582833
0.533024516137794
0.630096367369442
0.729714919495714
0.531168846655477
0.826137322407734
0.640897470317464
0.705590583612481
0.572592490243682
0.769524030611983
0.659829896802816
0.715015898921332
0.809906143167285
0.694195891523464
0.792688775328988
0.692824071603599
0.689756034570501
0.75469713952761
0.824578431412175
0.872367124440099
0.603691474875356
0.686385877262031
0.789660457456397
0.845064400257153
0.737233881747393
0.647370717814434
0.659392167405417
0.727641005049941
0.698841061904093
0.668010997052427
0.694500561773598
0.698178668934935
0.833783159349609
0.717130402377959
0.722746752350886
0.822950288401236
0.853733204886293
0.745381959883053
0.749229522083627
0.701834527679087
0.733690198041769
0.631036713613715
0.740440232735883
0.618796526819443
0.755653924207209
0.67960666084581
0.890157038550202
0.921614177727818
0.794139019110196
0.878191760631433
0.770695037309124
0.831633429756496
0.765389443615933
0.699922793978325
0.691755883847778
0.718968457244665
0.699907307462895
0.688202902083252
0.684644583601407
0.631017377078207
0.797523896091726
0.681175883301623
0.780963776487095
0.735305728963568
0.755130262886931
0.739786260717599
0.754884680311332
0.809673186332231
0.836879288219692
0.823347990971839
0.796613609845789
0.729269180141203
0.847802106054508
0.929943365123188
0.989477033480385
0.810337567312199
0.825542449798696
0.879218530253946
0.750277533670143
0.914995634515443
0.818845284460641
0.837634426435136
0.890265121585803
0.940865876494088
1.03643021219162
0.839239866364555
0.816927880502744
0.803442287670701
0.733286802616072
0.779118521491574
0.901718242352705
0.919681153062615
0.894529751979247
0.955886918420909
0.773811964547225
0.929645227126947
0.911166900764365
0.728052068435978
0.765600072631137
0.900120861589409
0.813953552237648
0.886920032259397
0.976506332422602
0.899288027696672
0.937066772632745
0.869578645675257
0.869576068155031
0.884352859823323
0.94645961913409
0.875908271215148
0.98854152814479
0.859358823335549
0.864653744905998
0.97607409211781
0.783042721481015
0.943900348821702
0.916012983424819
0.723237269909999
0.723928511257955
0.916793067392962
0.823447205965619
0.896986084199443
0.832991009718189
0.959189796978184
0.929036656114167
0.984641102718195
0.935831735844261
0.94563372018568
0.917077213895305
0.832438245989817
1.05542937865808
0.976313323824828
0.925964030006339
1.09549914385585
0.883718005636605
0.896913117485946
0.992698267592687
0.99526291140324
0.9999799212295
0.842400464125331
0.982517404993571
1.02193165268111
1.04709085572608
1.01751859547545
1.15186992123867
1.07222887137635
0.953416777028415
1.06598536130646
0.87077952494618
0.956792543429311
0.988720650131771
1.0642515182451
0.958340561082688
1.17277822476458
0.938080661975714
0.987822616919783
1.03801450015115
1.08522474052144
