-1.00484832494543
-0.882500826345794
-0.961310032311886
-0.932583090361575
-1.01526584237446
-1.10165942773281
-0.956963149473863
-0.801562340591295
-0.910870099356405
-0.959116109916442
-0.993384524894551
-1.02830359325467
-0.954509931105157
-1.05503491815218
-1.06458968875894
-0.968037088885501
-1.00308188204997
-1.16942872541127
-0.980867839656992
-0.982318071135862
-0.99178379400185
-0.954390059867831
-0.832772340567906
-0.94890522935239
-0.838766525304146
-0.944069599064322
-0.880095808067347
-1.05908900274629
-0.955430512017782
-0.768632303060988
-0.897530633228516
-0.850110525151186
-1.16887378286987
-0.860579336719663
-1.08395522357757
-1.06784460693553
-0.83491239845387
-1.07983596895081
-0.937276002700954
-0.809543391534732
-0.959558283293738
-0.875076720884225
-0.703779688993104
-0.746996818584458
-1.0369978220184
-0.863750597477576
-0.979531066217054
-1.00188593475132
-1.07928794734442
-0.779818387708384
-1.1272768121138
-0.977917604016322
-0.955870336869808
-0.729185858041808
-0.940695827489099
-0.783939874477602
-1.02786719979011
-1.01482645961651
-0.742246991361441
-0.932203108434119
-0.789613482408591
-0.995051807771708
-0.82932685795855
-0.838202605876254
-0.84276248197468
-0.794729155067292
-0.807756952262192
-0.946416864109008
-0.833931842305849
-0.811662750638534
-0.896420282359372
-0.809620416836782
-0.946287145616184
-0.700974515145667
-0.7433192893744
-0.718037779871749
-0.831406884579646
-0.755436626231916
-0.838226340007986
-0.825691087067942
-0.851594268559293
-0.768646748577803
-0.894576327303961
-0.748686608157333
-0.775526105105277
-0.690922567782962
-0.738489431138198
-0.983693112755396
-0.85729784297998
-1.00255385999555
-0.834800108124444
-0.802472302896696
-0.931981588594553
-0.782348827089545
-0.808623443963662
-0.67887743137226
-0.791745478495443
-0.919946807763641
-0.745397241264141
-0.813906125568951
-0.793994774935342
-0.829159973729928
-0.871644900509353
-0.82922127289247
-0.810639791325728
-0.833169020101219
-0.804809185023307
-0.954524545417156
-0.7334849348214
-0.775337357469543
-0.783610494812789
-0.825862990909358
-0.701516891536539
-0.814146441021032
-0.730105897423232
-0.660635545422379
-0.785855039300072
-0.60643482774811
-0.761230593463797
-0.670020731216621
-0.775233486556572
-0.82703565053048
-0.712911663498879
-0.873068733669735
-0.65241335840486
-0.643096553074926
-0.78437169077343
-0.752341776724213
-0.84129725723356
-0.684982920705648
-0.58347390409866
-0.751364186589033
-0.660493453492418
-0.862259359133577
-0.503477719831017
-0.73872122603509
-0.752130197828655
-0.791642523784286
-0.663079512887009
-0.644767119291956
-0.561399681378143
-0.576491268373456
-0.676531353013137
-0.651117254765664
-0.813439205056082
-0.796900727857581
-0.749083227310673
-0.699029486362635
-0.658874045909427
-0.837595907211033
-0.707635684336018
-0.730933666546346
-0.714624856422335
-0.791746060972718
-0.644465991024897
-0.634535823177853
-0.765147818399713
-0.61874381900703
-0.64539693074991
-0.683963424667929
-0.641741669822844
-0.67523381266354
-0.744095909384493
-0.70360046031144
-0.579460097025619
-0.600905214871244
-0.865449674028067
-0.533279590033033
-0.728849053356341
-0.62018928475695
-0.663619947662139
-0.668044604512802
-0.603569729440738
-0.634202218597964
-0.58296542216863
-0.658684266273662
-0.651368981581683
-0.479132912486976
-0.77148003533429
-0.647346453155094
-0.711664156076223
-0.589612845551977
-0.661591681234558
-0.532624723796385
-0.583792743968862
-0.576120520239246
-0.66291124321849
-0.525930782504581
-0.656339709869816
-0.582798439152403
-0.493949989153851
-0.712167517099834
-0.66126768968143
-0.623390958889476
-0.607961877937797
-0.729504308040608
-0.580014026566153
-0.60605948601646
-0.671523062978776
-0.705008108676123
-0.475229031490944
-0.553483021003196
-0.711735828590271
-0.604434367209362
-0.699106472311832
-0.63887459758384
-0.771574873865348
-0.648512311195951
-0.576602558954574
-0.505079942688178
-0.637583100004708
-0.526464607798662
-0.576616838558762
-0.528401114700109
-0.587359311699539
-0.533962247242425
-0.561663264107209
-0.630092943934346
-0.618475452818031
-0.675656680198544
-0.548398064172733
-0.544316469087871
-0.573920383747448
-0.581832130454245
-0.459048891208856
-0.476827653078068
-0.641888912161848
-0.569327154356077
-0.58018173693462
-0.522854576607471
-0.34776663899906
-0.52241472814594
-0.40242982210843
-0.624968296816773
-0.458666218840599
-0.659324096209598
-0.519331630375637
-0.517774155328681
-0.536586713257872
-0.599480223417804
-0.490943847087562
-0.540508865941541
-0.632996008905108
-0.618443949484076
-0.425747706150859
-0.454971381807692
-0.431498292269957
-0.560293217955601
-0.41324980947172
-0.452805732282506
-0.511314240149933
-0.485861306893202
-0.418546452001007
-0.570725354730535
-0.605944357204397
-0.542655972998512
-0.47539940397429
-0.435825454668951
-0.465724009239557
-0.3694625049134
-0.440766395917017
-0.590622732583504
-0.35530098747465
-0.584163829025536
-0.56861879948219
-0.491370581790359
-0.400059881622809
-0.285920027968018
-0.347861901632884
-0.290793270688118
-0.380724665395912
-0.417971711717097
-0.512842288792369
-0.523454668022146
-0.38069939261109
-0.473886737137387
-0.535547683045252
-0.432633848141646
-0.431136878396489
-0.442788382161083
-0.498348580071139
-0.381790810082333
-0.527981222851559
-0.270616758715913
-0.371472023588136
-0.383806107873324
-0.451037185103025
-0.473311794584434
-0.479412795158643
-0.344115279497299
-0.400693318057176
-0.452294846036286
-0.46168907814775
-0.405207022484219
-0.502264206703652
-0.315215591827975
-0.429143587995003
-0.448772140331986
-0.607907644699195
-0.405534976852349
-0.45094426724983
-0.384770341010701
-0.266988840419481
-0.326391315917574
-0.377868114629118
-0.372990671173016
-0.330328105521823
-0.276464718005249
-0.336062841826629
-0.340870244779452
-0.500847016180319
-0.44786300608576
-0.150326041939039
-0.515316883101314
-0.349429041521555
-0.381847785851304
-0.408486015134792
-0.421422908629346
-0.444889204223561
-0.374561118808608
-0.365592238438542
-0.324266947916151
-0.259455622618426
-0.3657821157407
-0.326198275699014
-0.303120881364785
-0.113289472934313
-0.297799401109037
-0.35699299622853
-0.188428035851158
-0.501357781120314
-0.396011391003551
-0.310551763723464
-0.278453462643892
-0.294821804138552
-0.223063270473138
-0.422946308061439
-0.301401151865209
-0.354992766308167
-0.376031441985676
-0.300542909705609
-0.218515722776614
-0.263514057926693
-0.435210821770004
-0.226046030373332
-0.184994185856418
-0.226140203441747
-0.21465844199073
-0.331371810058704
-0.311188609976496
-0.181639316575247
-0.386389082158513
-0.21527831005679
-0.348866733742336
-0.290945600389405
-0.267083535536704
-0.220524748514279
-0.300278106960894
-0.248304179440039
-0.318854692553156
-0.386607224391379
-0.31790123838073
-0.321848203100374
-0.213587622807171
-0.186783367721947
-0.213471047545315
-0.340917783754433
-0.270480391308337
-0.225539039399394
-0.154659323998112
-0.315786492230632
-0.233588954916965
-0.458264550274644
-0.184195268225382
-0.319273465843841
-0.294882157956474
-0.190267410043894
-0.281481108481017
-0.21551583433954
-0.257465537811699
-0.358217068654566
-0.274065137461184
-0.250785460888213
-0.356115754081649
-0.267176788088341
-0.277890566366791
-0.392926301376101
-0.195695315228185
-0.0971104815803083
-0.229175919172733
-0.168834440706757
-0.284598201838927
-0.0764486903086282
-0.141732647918443
-0.273723263399435
-0.30618384097559
-0.11568942193842
-0.241167817953714
-0.36913857462319
-0.134445869564447
-0.194000587747386
-0.214511580543705
-0.218527766584724
-0.264255676300707
-0.318010507663324
-0.118316676649435
-0.0779395823983837
-0.321523429676135
-0.115351365950779
-0.128274983087102
-0.142346513027579
-0.237975591499133
-0.175603135895025
-0.239433328282082
-0.264741808688286
-0.0672719902625299
-0.228348978179445
-0.302913026409802
-0.206757681082421
-0.16352734241428
-0.0516835981613758
-0.22077537756116
-0.201296424517372
-0.181199004110704
-0.254983239654868
-0.176487451935762
-0.212025615319178
-0.192525143753765
-0.127755915881854
-0.0817726483818409
-0.131304262555524
-0.142157141739399
-0.234991991811647
-0.0926438030764166
-0.0580249013060446
-0.150317483386807
-0.138212275042944
-0.36981279932005
-0.100129021962641
-0.191206423755656
-0.0595835608364257
-0.149721035344638
0.0315530295062954
-0.113819476128135
-0.0743109397563987
-0.131389744510838
-0.10632069191619
-0.159286246199656
-0.0973741990215523
-0.0538370597182571
-0.245704874205818
-0.145155379013248
0.058880558555964
-0.0579748035347218
-0.049682174294578
-0.109092332810625
-0.0762175760879948
-0.0326117900503201
0.0519300765781237
-0.0021541772916834
-0.0510967013076787
-0.131885346270841
-0.0483487641815714
0.00606588128475938
-0.0817068312734421
-0.109124436952222
0.0872370565804775
-0.17640590517293
-0.0171515195362074
-0.0220071531124668
-0.101622060104902
-0.146607220217286
0.0265154152919827
0.0589795847750727
-0.0590354933622159
-0.16114305458171
-0.287048884050999
-0.0759314217817467
0.0546268266306598
0.0183037216620604
0.000359649830754759
0.0512555440617728
-0.121351092852049
-0.0801228942730617
0.0676880874285351
-0.150863538257635
-0.114272342276721
0.0966853798221193
-0.259051419981544
0.0568728817207257
0.0404395510204986
0.0922265093524533
-0.0870443573624045
-0.0707946898331123
-0.0656567929521579
0.0879317176764141
0.0189244510893773
0.0376498451560465
-0.187874621773231
-0.110393343568873
-0.0629061880425894
-0.0939921705625796
0.038343338647936
0.0125662763110495
0.0657525896423528
0.0936056433305452
0.0124489158982064
0.0902547974096525
-0.18159256095176
0.0168193280249635
-0.124023647722367
0.0521940934836267
-0.0479022595208656
0.0881526699364738
0.0572505009988034
-0.0357567093480378
-0.0796031953922629
0.0754210047051371
0.0415985299660543
-0.00830672479838106
0.0616019066995227
0.163897503023033
-0.0616831183874974
0.0795118242021904
-0.00985835404601462
0.0691644154035231
-0.068576026852335
-0.111287208487064
0.0724652348388198
0.109186768104773
-0.00869526432657368
-0.0639677759606488
0.155687399272952
-0.0104327528014634
0.0876450741131176
0.021673372224136
0.255930572323156
0.0907894379249879
0.0356653438067606
0.0282516481686455
0.168925371513337
0.0378390282815748
0.0698290711742602
-0.0213703207255851
0.0286526459457761
0.0713035271186648
0.104760766695681
0.0715597010232142
0.0999062306536491
0.195314997047886
0.0761728182726426
-0.00601866788268495
-0.0963119113648814
0.0418028924265388
0.149794099179848
0.0671879855703045
-0.0317794632382917
0.169753170766152
0.187949521510636
0.0642557196661965
0.101770469305787
0.0668063824778745
0.192462149017682
0.262110792525641
-0.0203415279690458
0.236463617626307
0.175042859712816
-0.0909470840245786
0.156233959853603
0.14704660479651
0.0722665156014957
0.17263784865956
0.214617487109376
0.0933032649101546
0.0368667482924388
0.0711918708640906
0.317368414627205
0.263406751099731
0.178583498050261
0.170874098761746
-0.0335780401581178
0.254567007790945
0.216243980022149
0.0487968572272389
0.0837292056669828
0.0617142215558773
0.150635841446652
0.19842699062806
0.202757527098199
0.0794108310590125
0.121513515074729
0.27640130996011
0.12218258762453
0.248527409596032
0.0649669573619914
0.201059581694939
0.266102773311307
0.266549858174815
0.144207111900277
0.275687176685179
0.132674582392251
0.333845836461025
0.145055880170459
0.322914929105546
0.194392659943646
0.00326555668359207
0.156279690392542
0.284479900576576
0.261553745045535
0.366450196598474
0.176642962852192
0.204357988452272
0.362038305492604
0.318870992806879
0.30032991496028
0.156931119486998
0.0895204868151883
0.286026953499762
0.274550115749478
0.0310836297978424
0.254917654940568
0.259072409464819
0.190967224896924
0.294069440796345
0.189284023573771
0.291538224427821
0.12958673051151
0.275892648651061
0.203516297006367
0.384026392623395
0.408460776062726
0.256720420800734
0.0819111899249005
0.262344704624642
0.261374517219971
0.32967423332018
0.133190473000981
0.421728670550755
0.292229534042003
0.224524569448845
0.138226735924186
0.30239012445018
0.269264060178544
0.279721231706689
0.160031098009085
0.257114007576839
0.272819302647184
0.371778111717763
0.246238004246962
0.324009703625293
0.404796883533746
0.271880796162318
0.402818175027897
0.440434997652835
0.32445487920867
0.339155503014346
0.318612353441133
0.335867534286094
0.421513362499258
0.253625987058974
0.315055896717571
0.313989088386529
0.370960304724143
0.384077078657531
0.547195683860629
0.41827320218075
0.35734670306025
0.341237097760665
0.278486739084676
0.458431964514338
0.300185908553426
0.388503591194362
0.339035154995128
0.450686908929967
0.248657379252302
0.412786365424212
0.216659115129084
0.245295264982046
0.239066816018784
0.289574202102819
0.434594350619618
0.227753504623999
0.368667690896527
0.290984532106332
0.364398261133233
0.467815204892769
0.428247288046653
0.336579271840442
0.398911425447048
0.415735013463993
0.293209093666864
0.38838746016707
0.331210675130497
0.307933914950075
0.420747021008711
0.435889502705394
0.376891642540479
0.485532858385287
0.481868189953117
0.25856815427715
0.43023297453306
0.520106279407315
0.454896044403528
0.415208446573719
0.340738143447489
0.371237482174188
0.380697904965687
0.402571751326288
0.250495681236286
0.4189510674203
0.554226766386981
0.345261685228444
0.445955805959002
0.572027946149342
0.522546075770384
0.455755078924804
0.360512293287044
0.541630919060687
0.3398970805246
0.417409441246512
0.47406830742396
0.301318005532043
0.48716376303142
0.36390782779442
0.465869609821493
0.370273892247102
0.539377686579706
0.527883683312927
0.35490952744432
0.442897638979083
0.479073864865213
0.466407103169648
0.478743941020446
0.539693512333341
0.361751408575895
0.462866608746989
0.470589576315596
0.582463511967215
0.287109817402266
0.475618462071397
0.406918293231043
0.635411096742003
0.638739424212464
0.408965824662876
0.701424993054077
0.478082651539888
0.550068200188872
0.588826382040761
0.427631879280568
0.475714778792618
0.432651015853126
0.478699202144263
0.477904595473107
0.459108180969115
0.503817623874582
0.432296099440829
0.509062314653807
0.535112193251777
0.380162256842716
0.535683142956617
0.546094360290335
0.514832159337858
0.554508345083884
0.494453141265031
0.484986576000943
0.496849291032862
0.6193575333151
0.548239761177097
0.64629603088804
0.459519196623542
0.429798732776939
0.541265687667012
0.508454043916858
0.531290082613973
0.514436827984953
0.528145417475259
0.489356669406013
0.543203863043442
0.600640536154064
0.557093628620338
0.543289240009529
0.487751046568644
0.557964034326651
0.451232900763821
0.554105060997981
0.492872608542955
0.518010453676494
0.68492394632358
0.519289777898514
0.632677301410184
0.542415913281151
0.522504100280934
0.587755867935395
0.673789151854323
0.499284128122713
0.485254800925568
0.595474896068578
0.634323358148364
0.501742567103873
0.591710258826735
0.529973179649023
0.675268684985571
0.558982721340389
0.602261326454786
0.602416025476862
0.738883623701905
0.594539337726763
0.52154776988652
0.476181497041502
0.710504282355532
0.664048729341165
0.578614814067066
0.684312435497909
0.778092406573322
0.683151781395853
0.623435866718805
0.662568081860899
0.663729098974114
0.504210724885839
0.573328274221337
0.615591929047362
0.717722562211355
0.564053584959538
0.690171332370429
0.649697774963508
0.495874752507056
0.771822895162418
0.70644621814657
0.743095081299837
0.695079882116449
0.560943844222333
0.599813443875224
0.649999046826432
0.816101622586926
0.586130055272946
0.631374828848944
0.679059121035102
0.844043305371583
0.642375134358833
0.68460158460921
0.741642167240578
0.741132829083973
0.626943316334055
0.786730935447713
0.662312712776436
0.834667253053986
0.641619464966752
0.82516982607378
0.679173486261405
0.586961635908309
0.718486558447403
0.66757337082069
0.809217966728561
0.656606094485828
0.764909325255498
0.971369660334676
0.819835596985101
0.583066859838153
0.678526434494552
0.801347588709823
0.642176703650219
0.617934749652397
0.66781014270617
0.884699846011361
0.744532769939465
0.717035442897661
0.618202574122546
0.836704092263937
0.743616790555952
0.685558007648575
0.709190110356329
0.784422434926866
0.71491878616817
0.71980427826103
0.792389356110998
0.642441002440866
0.814547928509164
0.766482321445155
0.964018140948719
0.735646166413634
0.616169047126125
0.830413127755707
0.764440266676894
0.682142495440486
0.859506177966578
0.88784179663128
0.760776178643459
0.577892197021562
0.86658463512858
0.71777582319322
0.758803587684264
0.733211672131954
0.89004850265393
0.705478818973274
0.836440361677457
0.811219090001903
0.736307928516257
0.83419107348091
0.63742962487905
0.895962764497024
0.868758796645946
0.758034249849079
0.746423015288682
0.796302271575024
0.749337770215071
0.663158396000916
0.799570604563498
0.880538580047443
0.814891680956096
0.831245450337095
0.876956159296302
0.87207362744657
0.856963658075873
0.869204301210397
0.845124512241777
0.695674305349052
0.80444979209643
0.893408085833558
0.89257969931572
0.827187584298352
0.910486050213293
0.94491677680924
0.786865657377439
0.828266585656943
0.872721106789068
1.00257146932129
0.778898166676836
0.826741017849823
0.799061139077675
0.820992032552465
0.858616268159859
0.73739427137568
0.824376598826293
0.874369825937429
0.812015603578458
0.699539532005714
0.754171509861661
0.821340868477097
0.809548147404886
0.794601012509043
1.01661152380265
1.02863237466986
0.92166721964021
0.871346350792656
0.757167999634673
1.0252526812332
0.781462159437515
0.992480753792466
0.931561854321681
0.742184204372596
0.945358793786183
0.884385885244589
0.815152265233299
1.14775479980442
0.721181910549082
0.863909623844108
0.897295958939361
0.920260613100205
0.899294206251592
0.877406736148524
0.976584552769753
1.00266568890989
0.915507896106556
0.795798673139215
0.920619269081816
0.832022765480901
0.767913327270846
0.97828817222758
0.873647238380569
1.06971587186418
1.0312761732276
1.04851463141636
0.97697306841739
0.813982231343852
0.916311230398117
0.941508659409216
1.05523398133768
0.763580175160022
0.92065548678034
0.909756152408335
0.907774182633459
0.86167196703326
0.906658348048893
1.0667216287224
0.983180910372281
0.929043703039888
1.02937683337858
0.981069943508651
0.860967139438274
0.950300348288397
1.02568764295882
0.905050278192251
0.953049686984631
0.927660848457905
1.05069948095974
1.07138032692193
1.02675953099694
0.97361810225293
0.965298518417581
1.22307837964197
