-0.943347651613751
-1.00164894953094
-0.979245675244965
-0.996621414656275
-1.06351779632671
-1.10054273736436
-0.928312374764699
-0.903983260495541
-1.11096896596755
-0.820363270692882
-1.00166562760647
-1.02446531657848
-1.03681220470281
-1.00410102678837
-0.915756446756226
-0.910974569234386
-0.914195545220711
-1.05088908369007
-0.979479669477082
-0.947860994262711
-0.777355270054465
-0.963966660646311
-1.07102108444696
-0.912353921292875
-0.883690872885403
-0.865528585304655
-0.975424879717908
-0.993461761881773
-0.8518115096498
-0.877303352621259
-0.969247758387272
-1.07171042413491
-0.981001123879909
-0.968896960200372
-0.854113803686557
-0.831356770009166
-0.932999620770586
-0.76572027827497
-0.952287114630102
-0.895463647825756
-0.76665561005378
-0.844548381461987
-1.03552567455536
-0.964967530818617
-0.904850214869691
-0.870085444744958
-0.968080780859758
-0.909341160819498
-0.961951532089035
-0.784983395438871
-0.930749602293662
-0.977416617597528
-0.923715739724898
-0.870002725952948
-0.935926454948755
-0.878031645370459
-0.846609092027233
-0.867681758204666
-0.95464272197297
-1.0404196518823
-0.839475983919056
-0.975515434722261
-0.794005111168143
-0.782062963503447
-0.795192328184929
-0.820564093955421
-1.0159539654786
-0.841964461101049
-0.839253429845913
-0.765678894188237
-0.864361329063034
-0.928794613145599
-0.957703404570349
-1.18460806174563
-0.837470874319181
-0.843440516459009
-0.906771497136459
-0.974666302455229
-0.753008643638614
-0.818979730307181
-0.78071208160001
-0.86818974361547
-0.946237330436557
-0.875100015182435
-0.65393884318981
-0.791706105668387
-0.908738927917155
-0.837421464560462
-0.883047911977743
-0.939615970275146
-0.912422815319764
-0.736763120099775
-0.864844040016109
-0.736814609045906
-0.799743920335068
-0.773724939253043
-0.859928877126857
-0.678082798030549
-0.780744255593901
-0.753784241536805
-0.68602996036873
-0.746192159580831
-0.939972892286922
-0.860397584850652
-0.89375125081015
-0.621380296516858
-0.740530548883218
-0.7390080331952
-0.840740393173442
-0.659393389818802
-0.604514730000818
-0.723115369066858
-0.757131164659833
-0.965368754512586
-0.889694689645666
-0.890352170661187
-0.750507062002565
-0.727289159399605
-0.844079446556698
-0.75645638377822
-0.664503735804899
-0.906389573170515
-0.691915662708855
-0.807211990924991
-0.782258435237819
-0.706630200778111
-0.831849307907105
-0.61662944961196
-0.791032854834616
-0.754360337184614
-0.748772994661592
-0.776002488821244
-0.883340961096848
-0.672318771321465
-0.703758066855454
-0.743167978629551
-0.737928051399261
-0.733051833138511
-0.750402362629983
-0.757186863882685
-0.792697739614019
-0.662173332563967
-0.703501847543866
-0.678576480878977
-0.660585755156205
-0.580585616573682
-0.728089829270647
-0.655681297430688
-0.786235024953938
-0.590239451450503
-0.710081959938304
-0.797921210194938
-0.578719278753479
-0.765790423919142
-0.615592279883536
-0.650799147254928
-0.857151799987428
-0.625128618466981
-0.694632851859773
-0.581367624115243
-0.657554752563295
-0.671220398982451
-0.55306124694827
-0.727488377568538
-0.594527474436057
-0.68975272069343
-0.708124231358445
-0.632541228065661
-0.715055485774274
-0.601410474975326
-0.741541857179347
-0.67694126018947
-0.585482195087458
-0.683774793694265
-0.569282170855782
-0.520050394837977
-0.634835850706046
-0.739534560708342
-0.76913506071207
-0.709587401593109
-0.638032417997172
-0.553192274036008
-0.554387045730848
-0.539558337719825
-0.622032746253945
-0.595944062970785
-0.6664417534287
-0.536331623166262
-0.60931139741885
-0.781099158594215
-0.581406224036983
-0.609283329004733
-0.635293774033429
-0.61834287723603
-0.441439701310798
-0.785779455348093
-0.571962684725683
-0.584592226538669
-0.724736292220847
-0.558569727737493
-0.502961723193516
-0.668491590364438
-0.451224933102959
-0.678869502424683
-0.54675770922043
-0.611415614813146
-0.417169025204477
-0.587330597892264
-0.615597742752338
-0.613048836896675
-0.589151841594724
-0.718252970825764
-0.536288881309811
-0.546419330005371
-0.604324527123088
-0.523376448310054
-0.607701744604462
-0.541800347614361
-0.561990722117826
-0.592567126469693
-0.752765832815888
-0.636103692770715
-0.567992199514129
-0.492562890171472
-0.593739122315127
-0.593045633416028
-0.496795955675894
-0.563790533381221
-0.61224479586152
-0.573353780292137
-0.488818532011513
-0.528142926374238
-0.599236806975399
-0.627493388459034
-0.57500276374836
-0.556695203070331
-0.477437473982199
-0.625165346600001
-0.397259949707619
-0.498405106953305
-0.517657804573903
-0.528562272675192
-0.562397414735336
-0.570865127272606
-0.574994497172326
-0.549636810174203
-0.515703000364575
-0.596095883437723
-0.531968305001255
-0.469683161297188
-0.435408243586832
-0.515506986337314
-0.40789315638446
-0.428922620432921
-0.42158409627509
-0.440979584581976
-0.490767046657608
-0.444108767257564
-0.500083131859636
-0.591197265614121
-0.453748197652418
-0.515455198074506
-0.521985012241985
-0.535016979319614
-0.397352838517459
-0.25867553191709
-0.394535958658959
-0.435282961796082
-0.573829199028674
-0.479728913621416
-0.635068777718276
-0.454229244184457
-0.473651061925544
-0.42701727099337
-0.403971394266515
-0.407003694605355
-0.61809198446569
-0.465461345867868
-0.427176278960248
-0.346818497977745
-0.482639800296546
-0.334980289000736
-0.489037817012274
-0.663889702725489
-0.346122327668986
-0.502082620275589
-0.470929402654095
-0.424679874631866
-0.396272776970858
-0.453498604080316
-0.453252019841912
-0.272955157065987
-0.452005156111796
-0.36075013275719
-0.443606637016751
-0.298103027612984
-0.28075806566714
-0.434122333703282
-0.325722436635533
-0.2818538443559
-0.416191110869326
-0.344880772730407
-0.359584975336699
-0.269443210208418
-0.330117300929692
-0.317184108053684
-0.445327154098451
-0.421663794720264
-0.297499418802089
-0.492833673456218
-0.33084052362524
-0.401509194683656
-0.404538411193671
-0.380113042395235
-0.343303034922478
-0.374606242282809
-0.382280037099793
-0.388666064966386
-0.313982059854463
-0.453031728019639
-0.271348575509507
-0.445979555600877
-0.371845628645862
-0.441368735595204
-0.299225377099523
-0.438772241665962
-0.473210639138378
-0.281503597690035
-0.378716063036198
-0.257963750704502
-0.347625984267207
-0.438771610232211
-0.25539372983813
-0.510955527795474
-0.325877667318146
-0.19208113752135
-0.292308623359397
-0.379388700792467
-0.257991351289743
-0.3289091315879
-0.102076200128386
-0.382172040374523
-0.212623106840008
-0.358464419412565
-0.412594374599333
-0.236632928715834
-0.288156918081891
-0.278105865363366
-0.323496204583708
-0.355467569300643
-0.060904544518143
-0.390537158790681
-0.330820442700348
-0.326888953823398
-0.238910555139746
-0.233431024204166
-0.389591415492506
-0.209291742958919
-0.399735465195997
-0.342405090553102
-0.267077177690837
-0.284792950935463
-0.359250380271712
-0.144787373762153
-0.237652494415596
-0.237260070882948
-0.224204762309504
-0.227476559322991
-0.237925606316388
-0.329403302812347
-0.315511788067073
-0.258138558576334
-0.279414639576212
-0.207661253077957
-0.31559924924882
-0.1854343752598
-0.263467818237076
-0.304848846185158
-0.277001827698717
-0.412776152279623
-0.336292096977591
-0.147660139716184
-0.139316753865426
-0.17256748570449
-0.23688231902926
-0.365511746865934
-0.281747090691881
-0.270179106536869
-0.313502181130029
-0.161685641934384
-0.270436243953829
-0.258379452019513
-0.15574918632867
-0.112893186059198
-0.214115810857425
-0.351294727279683
-0.0537548403692273
-0.146811289446338
-0.247850984323271
-0.374830661631287
-0.256671652979051
-0.286087429120668
-0.117470638421506
-0.244453057377593
-0.321597905999806
-0.182902753593186
-0.198154925470418
-0.211888706778315
-0.07716467806959
-0.160718496571761
-0.247767748375446
-0.13789294301388
-0.212135702368275
-0.148809522891113
-0.254832425156671
-0.306813004440936
-0.0525446686452678
-0.228298430797176
-0.173405824589682
-0.195795404696115
-0.261808786743908
-0.102065853858997
-0.235402975614281
-0.210843050395474
-0.0829397190306784
-0.10967343799431
-0.0738322671628782
-0.116561144071778
-0.295615033939222
-0.0994332042990731
-0.304651451530246
-0.0419646424514918
-0.10534438921837
-0.202101349395739
-0.150332300390829
-0.251784677369518
-0.185631043471803
-0.0794804578317985
-0.175901217106081
-0.129538658208671
-0.187076306460872
-0.157794356730602
-0.0409598744397646
-0.0620227019707198
-0.246702363293934
-0.0842398243521536
-0.12155839335093
-0.14947145916496
-0.182433878632407
-0.27491027477885
-0.14350872685564
-0.153410259518566
0.00456535182750614
-0.093800511964202
-0.106038293336654
-0.0455979139561629
-0.128635808910008
-0.00163524729705116
0.0728173624040823
-0.0818681271048008
-0.0619606259005602
-0.0404847671968211
-0.224129566191179
-0.0321731155552885
-0.217214363616344
-0.0490883370613312
-0.100092489055693
-0.0930672292792158
-0.0420009892231271
-0.203483460887941
0.0154234416110275
-0.130270143443858
0.0686427395060903
-0.103191371455321
-0.0274011711083145
0.0583433322886838
-0.072140501674227
0.0314685368999181
0.010517145859633
-0.0528033878981159
0.0699430445974369
0.0972082796525736
-0.0326671228224154
-0.158124575179357
-0.138123573613653
0.0632891279337122
-0.0831074564748406
-0.207460681969331
-0.106257369126644
0.0180790974537211
0.0455762765938663
-0.0831541915450292
-0.0591475288664372
0.0867163500605374
0.039171710648721
0.0384147657472691
-0.10692277138034
-0.018315275551303
0.0367049941554882
-0.0396689976341261
0.0637938815652684
0.0545854314167694
0.000120186351093069
0.0751378706925268
0.0488828935817993
0.0407344546608737
-0.1496344668129
0.0270323918536392
-0.000342425328856376
-0.169557429991024
0.0647585622545209
0.219908634356215
0.0693909516044776
-0.0252702919094511
0.0821335555898457
0.148116812014992
0.0787177331157229
0.000307829077334951
-0.142134905683347
0.135522842886991
-0.0191182815757704
0.126101271402847
-0.0579229100516218
0.0373603438576065
0.0648044827442438
-0.0047857517310376
0.0958819166138563
0.0424542116891059
0.0646483496636454
0.0959519487243949
-0.0172638538877107
0.0832680082597984
0.186737189688609
-0.104288341397583
0.0973579995668348
0.175125887600706
0.046949848798574
0.0299201626465059
0.101078261843845
0.145024821489966
0.113646914568636
-0.065383885269833
0.0542006002166413
0.120826982236429
0.189584204503728
-0.0700238990419727
0.207074149533992
0.0844198767343125
-0.0495907236399889
0.129462995366604
0.13860657669159
0.188755273566552
0.11607937727362
0.0458305616360758
0.146615073333154
-0.020811123272321
0.200574454731806
0.135072066872868
0.107284503649459
0.0502140829249447
0.090108804663734
0.0186463225977669
0.107540526187486
0.12752139331157
0.0859244511680433
-0.0710478046587758
-0.0254141044724092
0.115574173875361
0.0195777403833187
0.0491075050167923
0.033327892070105
0.290708135614447
0.225975759468061
0.216272964929221
0.273539635744005
0.129920155416025
0.0630946747137923
0.186495888384002
0.161707040601802
0.108259156065614
0.0526214407030883
0.267320049629804
0.0406217575147389
0.294731871251199
0.148894007204072
0.242038370047864
0.289121586453075
0.228998286936933
0.130389185730245
0.251912861655743
0.238046676914705
0.197604371099165
0.313909626151419
0.0652592720719722
0.238489709334507
0.0792092126657717
0.105618744593308
0.0810911722306639
0.321735225730232
0.315900088644686
0.28416115022179
0.18637926493823
0.156487150837174
0.240869756515267
0.075942021875442
0.290063890759304
0.214976615470148
0.280877305762498
0.182411439917158
0.070906135378305
0.342047148316496
0.137029095960327
0.262722844133959
0.337032199984723
0.0757919141841019
0.266436204047694
0.20286756891638
0.026168496830914
0.100930183983167
0.442216669021105
0.358337777746538
0.226403128869881
0.16496879938076
0.259768586999546
0.396693620711701
0.316085032185577
0.121974215628457
0.129555255355649
0.169074087618293
0.388642603633
0.261495474570478
0.368940247751748
0.152674734563312
0.236890922618839
0.203652105463065
0.256077961591941
0.16400730591951
0.359557225828654
0.394377445778575
0.400758512689791
0.178398399026195
0.299336737163939
0.333875750345074
0.396156906672579
0.260401108757275
0.258136050198799
0.334358706827942
0.256859378076886
0.319846781082777
0.231285551103183
0.216567413957367
0.471369391651162
0.379974736696825
0.240262402865484
0.287207359629007
0.321819633907967
0.284148709389221
0.383851365827017
0.241706222353477
0.378398562788915
0.435215453452157
0.410876464633103
0.324086925657999
0.400248223823297
0.443795970691769
0.18644915563617
0.28683677611759
0.350800059584711
0.295894203452892
0.0989730509539741
0.321491764852108
0.321751368511835
0.330901117792134
0.224168904139829
0.393319717867132
0.278394343444538
0.31659655665549
0.440689976580167
0.36973279597156
0.179753917483811
0.329785840429221
0.436151498880339
0.342500592462089
0.41383483376133
0.307647114628009
0.34397720711676
0.292420231784249
0.331828645828239
0.344074669560334
0.50999103288415
0.397371235671939
0.412991688722714
0.328453220569838
0.411726381467394
0.271211852651615
0.310416865675265
0.235775928810311
0.262851543253372
0.36109526227196
0.359219253814724
0.309628572661357
0.259960370224405
0.547382438203325
0.31854187635889
0.291765987659408
0.402254046148406
0.293540015619924
0.244966787106165
0.534970119844089
0.517151904773856
0.465047142608564
0.476875548354436
0.381019183981923
0.278588742697738
0.439480023810231
0.533592255392599
0.413539201031549
0.432929581731051
0.438879652736388
0.330265943299793
0.380675530012224
0.518964931059719
0.40169036334887
0.392811185787456
0.382602635564837
0.410426480328239
0.455299197881055
0.511363098456823
0.335986781731303
0.550557201399305
0.498253086186641
0.49830750107587
0.426234699768975
0.524896194562396
0.480691725134422
0.439526683900725
0.484718441093336
0.364572399870468
0.433862638043311
0.52117832003435
0.473071131497773
0.501518217733205
0.551987090631843
0.498865253026686
0.488962301443328
0.495213946440761
0.455351572670988
0.475797118898738
0.495471029754832
0.496245864217051
0.534237814367219
0.636358522129996
0.573631335346924
0.50327136190109
0.485356483338533
0.537909580930971
0.587654369349199
0.536808481924723
0.555830454736266
0.553184009382568
0.597661995247062
0.538808460782454
0.566805556639944
0.515779827846219
0.537812335759396
0.457771149878941
0.545033322746379
0.680111693358857
0.47889948508884
0.490836616814651
0.499888919837079
0.614654500734142
0.59125154691984
0.618291646138536
0.611361181902868
0.635853311169551
0.511940635517359
0.634769919550892
0.588317474834861
0.662040433955329
0.450888702986399
0.582199615356156
0.802370703373841
0.494564240148737
0.600264547974827
0.587208104216155
0.748184118733891
0.503579162992247
0.576788623137289
0.608777914251921
0.533224033153138
0.612915294021684
0.667325291924611
0.579534245938839
0.672522330241039
0.628471633492963
0.646234702678633
0.68841918997035
0.642891563721063
0.452282827748168
0.504038299534229
0.562066101962288
0.565832674271644
0.692333126149957
0.584570582705235
0.681157963611177
0.580716873992859
0.465732247987262
0.686135920117155
0.662612225755892
0.589471636089145
0.605533869718851
0.613397409356991
0.533051704092242
0.421494652880795
0.588036670248905
0.605853685397641
0.488003030946931
0.595561516050128
0.613901321813053
0.563773437828087
0.556755327560188
0.624575167362629
0.685730959753617
0.658233865011591
0.585992751383821
0.506688672369577
0.720414798734084
0.676995075689825
0.54169962366804
0.48620856568517
0.696464127515104
0.502543782094264
0.833604105137469
0.592368741326818
0.744780020598032
0.795376631127838
0.714835460618647
0.631762665461511
0.730186064731133
0.718653023198495
0.730025106821777
0.728862305561026
0.733356429297595
0.585314452324479
0.638130832747248
0.550155437263842
0.650623362149388
0.481357774678256
0.739848621716713
0.689692362578919
0.675461540970434
0.594025425442475
0.569597339295839
0.708675368925042
0.729718753582939
0.738885123494149
0.690167086042244
0.571274238505635
0.702701649912146
0.689916162389327
0.734809053681294
0.755564066899517
0.691147226292644
0.794742623260983
0.780968477712663
0.759502922174195
0.852769950724974
0.686348740693478
0.761559477848359
0.856841022072277
0.783583654402687
0.766465677505886
0.664159456794413
0.696928974648243
0.683619467788668
0.873931216684559
0.815705766980369
0.848949943368121
0.882162133442461
0.735289518608803
0.758719466783701
0.812035904086309
0.647517690223312
0.813019663846532
0.824183248883432
0.784634397345286
0.819799166584704
0.82349018789152
0.673505761773015
0.776039507669039
0.920782529476247
0.592954579826143
0.641524612885885
0.645671267730408
0.888829940300748
0.880614317942561
0.882346752769578
0.792054250399578
0.851917027091396
0.757520963111585
0.757522225062478
0.854044378466748
0.657150953127277
0.639753617835361
0.828343636968828
0.825103560319395
0.817203435712281
0.764442613995337
0.841657100533305
0.889476128495129
0.839798256925468
0.743576131957638
0.746143693076698
0.840328529660751
0.914782639006053
0.876084303619441
0.771901920763415
0.862652662823257
0.897539449098816
0.747871647248969
0.821566009342315
0.710383840703883
0.886497513656942
0.851760918415495
0.97247545166022
0.692716085183764
0.870524260924633
0.830443688554137
0.90487367017338
0.692594832304154
0.910285221274259
0.900036161623377
0.749032173503872
1.14475846080922
0.805835002125527
0.91950903831736
1.00820701734241
0.915600870052416
0.898700466193178
0.87732632227587
0.895454403934599
0.845420447575067
0.910680349838397
0.902547245763699
0.927111499528885
0.795536936889694
0.714651386787091
0.94672847546707
0.73023904853448
1.11090352130794
0.971771464940266
0.856727164051355
0.810245129830339
0.889477549994329
1.02401875740091
0.849065574538002
0.87659892480186
0.957300035697587
0.806165296275369
0.793794166692881
0.98277371494136
0.770919269932744
0.938431801718869
0.97180926496181
0.987629179505736
0.945729650056012
0.941530925166357
0.974832430516647
0.93278260387346
0.844001602655125
0.974768439745488
0.825109059131316
0.97846459889922
0.812848939749421
1.01951308365838
1.11442577417596
1.02927258117526
0.864812490747374
0.781242963017915
0.918086753920505
0.991818548686062
0.999868527135997
1.06897154450123
1.0311352123129
0.963033279152548
1.00803043349856
0.872647084417242
1.05255046539444
1.12116793665448
0.991871912657989
1.00116031836504
1.01870310442295
1.09045553023009
1.08598045958882
1.03864661783036
1.01336622836144
1.0908337822871
0.945298479225257
1.07735461651069
