-1.00837417906153
-0.896162421899205
-0.964214590142939
-0.942162851385221
-1.02478215696202
-1.07958952099604
-0.987201330380544
-0.80695323622605
-0.927718580674851
-0.969628205594456
-0.985487552616436
-1.01528471160616
-0.973184462387056
-1.0537469671663
-1.06225286228731
-0.978056020099272
-0.991532701018026
-1.17701297452238
-0.987410195192133
-0.987804134487462
-0.986533017809377
-0.945879693633536
-0.853961654499971
-0.957652142222286
-0.829566679833924
-0.93884940790566
-0.898169900176173
-1.05407381320432
-0.959368754107869
-0.775169221003197
-0.879669134661965
-0.860112341522971
-1.17314008183786
-0.880229996350696
-1.06719400458549
-1.06581683486763
-0.840311478672987
-1.06773032702033
-0.943268197754107
-0.802841992144101
-0.972695689025138
-0.884573071851494
-0.681347780055864
-0.746878489632926
-1.04155208961698
-0.856998570817033
-0.992924103863884
-1.0046811197956
-1.08558095867601
-0.761231607831047
-1.1186187984459
-0.982083202077427
-0.945932110216348
-0.707695220530491
-0.952157027867079
-0.797748778349964
-1.04197636655289
-0.993702719611339
-0.757200285155642
-0.92915480190742
-0.78461508810019
-0.983354471980952
-0.840346898724628
-0.841960849572306
-0.859865781486077
-0.809799496733949
-0.831645382666206
-0.945050686297629
-0.836343108150343
-0.805464983459683
-0.937700601393696
-0.823689878911774
-0.945442540034468
-0.669326457521275
-0.757729480254774
-0.723839163561335
-0.828065589324225
-0.752216732103879
-0.851250862961495
-0.79972244345709
-0.860902525641476
-0.762003668797206
-0.893854176162126
-0.739779740889045
-0.761687289085328
-0.669937437472438
-0.759203768164219
-0.987133783046488
-0.854319774758158
-1.00503539828359
-0.830461719804455
-0.791901393823088
-0.932795602321851
-0.802772715537499
-0.803383696175446
-0.670052176705212
-0.764832683264519
-0.919494578588557
-0.724351889840055
-0.814581865233529
-0.779744547408711
-0.833269553245189
-0.83794346671974
-0.823034260214792
-0.811791885505039
-0.83954838358715
-0.787286955926148
-0.945817277327676
-0.743782059242076
-0.751266239584835
-0.779452544325786
-0.824160761420564
-0.706081100636365
-0.84553579705425
-0.769839312764848
-0.652788849014969
-0.789372201510099
-0.604942779223972
-0.776743009931122
-0.67110985101129
-0.745477520063476
-0.836707932893367
-0.727646190312153
-0.864188251784873
-0.657965966804754
-0.63924936475254
-0.794248855736499
-0.771192907865051
-0.840841740472574
-0.692864893849024
-0.568436066102598
-0.770296477582558
-0.65333457480644
-0.88699294207726
-0.497965777113897
-0.733499182849942
-0.745725923596455
-0.791449891173599
-0.658679488678579
-0.642824797765191
-0.570810872772389
-0.577406210917641
-0.662524804317812
-0.651989557589205
-0.806915759694121
-0.807139029430319
-0.760416862567063
-0.705838340808213
-0.651035412967071
-0.84638312085414
-0.695954324494778
-0.756578191239842
-0.717237441472821
-0.773882471399052
-0.647168800272382
-0.61564998203912
-0.768463945955966
-0.614990579604675
-0.647149562616493
-0.70405680945349
-0.640274524881968
-0.665461220517992
-0.753646330631407
-0.719517008216754
-0.57798969603864
-0.596904386604042
-0.843726543428601
-0.531966920402513
-0.731387187223427
-0.656353391786254
-0.676422835741433
-0.678716646432137
-0.598158867241915
-0.653927636022255
-0.570792394525852
-0.659426455994177
-0.654651378936795
-0.479605145876331
-0.798097162943566
-0.637890881671243
-0.683969922086631
-0.585369753769289
-0.634482934797023
-0.535596487014117
-0.589138683416107
-0.588531423967168
-0.653580634653428
-0.525785914180016
-0.651462518706242
-0.588340022494263
-0.486306159743026
-0.700982367403551
-0.661592161778041
-0.620416849261947
-0.608387358215082
-0.750866032231318
-0.560155640657039
-0.610192720303728
-0.671505619881014
-0.726031474415721
-0.462385658511395
-0.559019905722058
-0.705673123629759
-0.609418683492975
-0.706216088792899
-0.646986841146519
-0.755433072099124
-0.664516753588051
-0.561600609939531
-0.506528754425571
-0.649824968759646
-0.547315071483862
-0.584246041349255
-0.546667767288281
-0.573841390711631
-0.538130204442745
-0.590969952264556
-0.625925215465172
-0.604818581064725
-0.66928998438493
-0.537147972203547
-0.58052868847961
-0.586557476848472
-0.627029709962409
-0.467396054603667
-0.450539833800264
-0.628153129941114
-0.551115161173163
-0.598996288779504
-0.505816153432632
-0.328180231790995
-0.516865885647057
-0.366707817480863
-0.604878984416938
-0.446168519059926
-0.634839571087044
-0.498185753566191
-0.520828809541035
-0.531361846139998
-0.583952759830423
-0.475851584492467
-0.523130492876619
-0.628267621363839
-0.63230735835179
-0.432277381633714
-0.471532284785602
-0.448872976052893
-0.554930943383032
-0.43046939396439
-0.456351611544391
-0.529234124816144
-0.515846200248175
-0.419973129303734
-0.580965617005866
-0.602918792506142
-0.522627456261588
-0.442255204553186
-0.418947747123388
-0.441045073933246
-0.366997165172695
-0.450775930618663
-0.611601443498419
-0.356930016938603
-0.575843539957033
-0.57891947414774
-0.487526536637974
-0.416949884508347
-0.286664748667691
-0.354830978390095
-0.300331103703991
-0.386467414401873
-0.428485613141287
-0.501032740452809
-0.553636069282504
-0.380373852810382
-0.505871001628206
-0.519938521530278
-0.447109913323114
-0.443988075021673
-0.456133442172498
-0.497948563287564
-0.38341362473581
-0.533215559415018
-0.265185578720816
-0.364862347896846
-0.382302329580663
-0.457244890563135
-0.454422233818914
-0.486916460325615
-0.327992279245346
-0.406290132857536
-0.45821115404526
-0.477789566712909
-0.419519339209817
-0.49545724591177
-0.307663499829523
-0.42809332877464
-0.443170729728277
-0.595653312045149
-0.423848108389272
-0.428266375304868
-0.413495420295803
-0.246744340910368
-0.323326901615542
-0.374095601490423
-0.358073811958469
-0.328966381141917
-0.262336354185306
-0.34885367014096
-0.331417652270889
-0.503798814564249
-0.436551559996743
-0.150913755121711
-0.508455508503755
-0.320356483888455
-0.381238041256301
-0.390695096763877
-0.41890463915614
-0.436437491296875
-0.354199153864728
-0.35767036214939
-0.303899597366278
-0.266125665860961
-0.355973689851724
-0.340481940235054
-0.311266790529622
-0.118951586642788
-0.284503740366843
-0.361665649048158
-0.167501146534102
-0.494914316404869
-0.394084915784241
-0.320105349494098
-0.280589093872663
-0.274676854842406
-0.240705701879429
-0.418721959489817
-0.318616806608051
-0.335130575754674
-0.35910232672923
-0.320428368698424
-0.227754386106316
-0.276471437671234
-0.445750413079219
-0.217469738031207
-0.172820344471036
-0.22063848893194
-0.210762873196499
-0.36262644576739
-0.292485805597402
-0.199813915503716
-0.38085147258242
-0.21365300709706
-0.345755295619155
-0.286299471045726
-0.283209124080099
-0.237635013710715
-0.302434284058084
-0.224876179592391
-0.314084200091327
-0.398004746486048
-0.337540395155829
-0.325364510909583
-0.207327908824584
-0.184022882079667
-0.188455125087541
-0.340519137989297
-0.262906731043628
-0.244445763168929
-0.184540221728872
-0.32306997025251
-0.211133561214196
-0.450874582469727
-0.193507710302279
-0.323777668560866
-0.316857185033034
-0.18747480507265
-0.299923808616505
-0.213725342057352
-0.255829617601049
-0.356351720146981
-0.272131022353646
-0.238637254981109
-0.364005358741895
-0.2733132297936
-0.268233005618315
-0.368761808310519
-0.208226332471167
-0.0873043472520507
-0.237710640785007
-0.175596195154178
-0.28696537102526
-0.0815125941746127
-0.150900035861895
-0.288946388474675
-0.310263531440068
-0.114258619100362
-0.233313627826189
-0.35730640698353
-0.145950576839903
-0.201164976429434
-0.206179063118534
-0.244702463042753
-0.236409798854146
-0.323834344735029
-0.119116847166231
-0.0707893391685693
-0.302154428760235
-0.116546164322655
-0.143158847702508
-0.145201452238243
-0.233407665391001
-0.156289950351528
-0.238300560628053
-0.264103999394839
-0.0592345974250912
-0.22367277522291
-0.320271657863917
-0.217367478581042
-0.170279687235555
-0.0627882701630075
-0.225236460305209
-0.187647043259979
-0.213346281510934
-0.262626543634797
-0.188200957974497
-0.208460248141629
-0.170414213282808
-0.122098091678229
-0.0783315349396817
-0.160378859190374
-0.138040993697373
-0.216912445190908
-0.119096114311141
-0.053622500739588
-0.139575084079619
-0.11534411687275
-0.383765184788294
-0.0990969822173552
-0.193496998334991
-0.0711146856311444
-0.1649182381443
0.0215601558429334
-0.105511719983854
-0.070296346316519
-0.129998671546935
-0.115144958516547
-0.138254581339568
-0.0906493411208067
-0.0406109434945008
-0.27341672023888
-0.13411815537588
0.0696633239782523
-0.0470206746173185
-0.0282984295026768
-0.10701422428627
-0.0816362955428537
-0.0651629197074488
0.0187685323254638
-0.0146736708913147
-0.0726241421130357
-0.116116081827519
-0.0642020018786358
2.93460259148642e-05
-0.0842703057970057
-0.099631303811246
0.0739212789822333
-0.168539063307022
-0.0230614261571527
-0.0276932825279786
-0.0820989117652706
-0.163987287815821
0.0157589504395414
0.0456907735315851
-0.0884065608717022
-0.159996150058086
-0.287022591133404
-0.0738066159168957
0.0352384725533718
0.0166691171749886
-0.00893623458582204
0.0249462412475026
-0.120418399530508
-0.0690764884240238
0.0512920550469823
-0.151860728837008
-0.112524101473185
0.0900730631373658
-0.247105889625126
0.0815568841762184
0.0107861145017992
0.128741104709624
-0.0786868294213952
-0.0604702384932659
-0.0785380764156214
0.0891040673743191
0.0235123493392283
0.0429956454388376
-0.184571275018231
-0.11815861455959
-0.052524471748125
-0.104254095468543
0.0109815786079594
0.0139388815508452
0.059357000291721
0.0681477539010975
-0.00284412241094317
0.0910405176382119
-0.181307863651231
0.0195991330734691
-0.133524388204936
0.0649118677814966
-0.0550221495852157
0.0943222377708964
0.0451415067589676
-0.0403145282095508
-0.0896695310927101
0.0874942172378084
0.0444286721349557
-0.0265260278344277
0.0432675855503137
0.165851206503617
-0.0737321672545447
0.0792879659067574
-0.0103311110858575
0.0797819735655539
-0.0723961428626741
-0.095590061852066
0.0808706809676674
0.106864665852474
-0.0203406087717692
-0.0825106561163694
0.174979125729126
0.00580777050253885
0.0691244962253914
0.0277952663783653
0.252628124900703
0.0861498449551528
0.0188334904212626
0.0368474519309042
0.154943932668271
0.0276702820515914
0.0452803618192039
-0.0472199573375934
0.00827245662004298
0.0555072344491756
0.0971219166897085
0.0651272016966912
0.0999737706651435
0.205738059638883
0.0773960550936239
-0.000670768082270827
-0.0755977147697835
0.0156817287923196
0.137019537315914
0.0831281268652705
-0.04526907521004
0.169389869754583
0.178911935609015
0.0596457135985986
0.111463842717996
0.0719156117504988
0.188601803320958
0.272091114825165
-0.0152235570282014
0.230936162995959
0.174670945542477
-0.0806718063467145
0.155910245483762
0.132126427781073
0.0847874242281405
0.160198457481742
0.230535464703465
0.0914575598678155
0.0337204390341448
0.0755946278022749
0.321318314475975
0.230845275371363
0.155029495270857
0.183077737354407
-0.030909578455827
0.261643825290558
0.225522272009546
0.0834729646017722
0.0830757347767648
0.0792760540801361
0.162223288977898
0.222328022568398
0.239992324513988
0.0697712440889541
0.110593869934881
0.294651291914699
0.127687183425101
0.236474335609197
0.062164003485454
0.194816144861028
0.281236582982225
0.257109819762811
0.171217075705485
0.264038213358056
0.102166006823357
0.314907236176393
0.178699753877216
0.327559215449695
0.215013759687151
0.0235102119859412
0.165011501235715
0.279450250605815
0.270092805679414
0.353199963840428
0.181613233376541
0.190054156467531
0.338801520956635
0.312336002813969
0.313922621649423
0.142084643386782
0.101953944310809
0.27120312393822
0.265972424266277
0.0292177274005602
0.2448212042799
0.262839646259841
0.173072416701793
0.291890696770855
0.199239493114725
0.284712240535863
0.127141165781082
0.279074557076563
0.196966664257671
0.374846159327142
0.406101978646204
0.251421538262584
0.125303862893345
0.263413566000249
0.24757648732738
0.320954285898454
0.140972530672796
0.423876443583201
0.276450662514103
0.255518455927292
0.150723806842956
0.312078636618818
0.271036397174846
0.284240339951622
0.159941245787763
0.245809043237438
0.28258009458107
0.364016939325184
0.250297207913972
0.318147338148345
0.413974407314764
0.265950327484746
0.419594742880273
0.424298420186404
0.348506279519804
0.368294110258352
0.321723465518773
0.351800047462834
0.412181382078226
0.232273257082977
0.327060518410853
0.289906468465436
0.358052646570794
0.385541814670079
0.532816988208852
0.414939291456089
0.34797665641507
0.327660562535305
0.281513498468223
0.509231762165143
0.314225038693542
0.395567711560583
0.327421801383307
0.446297571127383
0.23903452391726
0.386144892364986
0.217268326782357
0.237643321946442
0.264025220370017
0.277090751933486
0.435969560309136
0.212247084538116
0.34976441193317
0.303086247310348
0.358477106964639
0.475658595250022
0.441051724603572
0.327667290204859
0.392969361460726
0.421883467211318
0.289006221983953
0.400626170188994
0.322909839101612
0.321628378687244
0.415179518380687
0.419398996900313
0.35721943348524
0.487264618364304
0.493771762605139
0.239162521689509
0.429687955194825
0.537161921058134
0.466752284264948
0.391701193719124
0.365028807500936
0.383382165442993
0.375215421513469
0.410641230339617
0.252919161934685
0.433529895667306
0.561310662476008
0.353848103458384
0.44627797233966
0.583607346161099
0.513298461003295
0.435660058070716
0.349507658230274
0.544094769614181
0.334310182098048
0.408467425011811
0.493059100025957
0.32304857005326
0.481921013759374
0.364898711436219
0.460029231524089
0.35083891450804
0.567293239981332
0.508739379430015
0.357825522482544
0.42691222519254
0.512726347462603
0.471878498866546
0.478598038409795
0.533080501067088
0.365540002544628
0.449521975322223
0.473452509394072
0.564578609572633
0.289566775273308
0.483108394359818
0.432724093309494
0.622294605646671
0.603240377119548
0.412818000593084
0.686149868875253
0.488686369174335
0.55240729834841
0.572007071320512
0.401315319368539
0.47852763955179
0.457379459285466
0.493064538833213
0.491459001237518
0.461670723585648
0.528674359328567
0.41062155580349
0.519891967904221
0.555166974240552
0.4012809749633
0.526507088073766
0.556544540489566
0.520530375664634
0.570794606312333
0.484206057433522
0.497128329942312
0.485814929753032
0.617279430953906
0.535353061962463
0.623622461931669
0.482274877281301
0.417392001611957
0.534178952603566
0.533618805370657
0.533177859298936
0.536045485593097
0.533733118906482
0.511217390986556
0.51778477501804
0.599727248392588
0.571739737306081
0.542265508576081
0.488930417119685
0.563704227361408
0.449426117741609
0.560056591524286
0.498444610017807
0.563090832890985
0.704030694890679
0.529024732871503
0.637066332199624
0.536396637246697
0.529538178807986
0.589947138154644
0.682025931417197
0.504672538254039
0.493963796172233
0.567497162716523
0.625354614337606
0.491195360524795
0.606266319854829
0.54248927920422
0.657544326851119
0.567734709509828
0.597657593013074
0.595157511299228
0.708814994788657
0.593646456142798
0.555730103565728
0.465410122763648
0.696419336950012
0.647751136961337
0.580928458854913
0.683137950864766
0.779171268413576
0.649851952029718
0.622745481042783
0.663451448631664
0.663271390585731
0.533031271280263
0.561484901730536
0.630952011679864
0.729529990082721
0.596201606048808
0.716726037839721
0.653819288640338
0.515381225639036
0.750971449547994
0.695807435675285
0.750304097078346
0.713941335873811
0.562670873308961
0.58322780892922
0.633797479540613
0.792092329920193
0.592564110136652
0.64439211805386
0.678083747415312
0.848777148479956
0.647439071387518
0.7024681605675
0.721084848003096
0.749920574123671
0.627032785696612
0.775898340590425
0.665035248874158
0.842598966796125
0.637629778581379
0.831061971276761
0.707648262283943
0.605729927275598
0.741382193764271
0.670222021177844
0.794109366004261
0.685487428277592
0.769304938502767
0.944519018459344
0.834996004336454
0.582093030726669
0.696941691550612
0.785581283549438
0.642266562822159
0.633337737465203
0.643279553472882
0.882756390793503
0.739408407668165
0.698270662435247
0.630769657988803
0.826678063786679
0.735726331470929
0.696158740389923
0.710813310559892
0.795828918775525
0.712682007689005
0.707314793752766
0.778382525013227
0.668512085587959
0.826956282684126
0.754239008518522
0.968237803338359
0.708259875761317
0.625209989595642
0.822295547616229
0.768798903042634
0.691770064833607
0.858482100732234
0.883803619277594
0.762133504623896
0.566475510477385
0.883716208076697
0.724459967745411
0.745124237160047
0.723997801755436
0.896067414911145
0.71351709520688
0.83740319315023
0.818729289057752
0.722384583183705
0.842049237201478
0.660641651709198
0.905104000620793
0.877756819636417
0.744853169764089
0.73021501811124
0.797808862335115
0.739085712449406
0.651123018119362
0.804515899768475
0.857652859646164
0.807612312478126
0.849958426329596
0.867221912381973
0.850811611953219
0.874123689827604
0.866568555275686
0.821218846219858
0.665880678600657
0.799408344169717
0.890720974878374
0.876343103973869
0.830736930267115
0.910830117320024
0.970184497287182
0.793329000112328
0.858155872240238
0.868112030806735
0.998154985722045
0.779377493533605
0.838710743916377
0.794637370766045
0.813337241150826
0.856177299549526
0.752775197319659
0.838018632544757
0.858580497912461
0.806569260565947
0.687350234492497
0.763261365882052
0.822889948434551
0.788287392136603
0.777518000542069
0.992671911924963
1.04413941236588
0.914271688643619
0.858759911629144
0.772954414283291
1.01854417316922
0.802756516666999
0.984468619931118
0.948469131576609
0.75984554648257
0.964314285433183
0.880804685395897
0.821547605822799
1.11762990711032
0.711699057501541
0.860327749143425
0.876864026534408
0.940546700912266
0.918702250728006
0.866815003168036
0.955691133048816
1.00989060202688
0.926692166797971
0.783544720767762
0.949005768860762
0.838579119202009
0.744637912142115
0.960926501004172
0.870520880469311
1.05994211832093
1.04439131586559
1.05515861319767
0.979688205648585
0.835465990611268
0.908743036943424
0.928448546709083
1.07217432958779
0.791843818843545
0.915164632774061
0.92009251974628
0.922102479608822
0.853411532786232
0.895818245515854
1.0581176769577
0.979384034463795
0.919457264698607
1.03464651684335
0.997872399131688
0.874994007512383
0.94091191447599
1.02984861087774
0.900915522392195
0.960749542441117
0.911888042925311
1.05271731216528
1.07627622005115
1.03349567530258
0.967813322776198
0.947899624754352
1.23212807292994
