-1.03193403251679
-0.894999685261083
-0.97111759365618
-0.926773234722984
-1.03176432886078
-1.09405023860769
-0.976665587249872
-0.817837580055179
-0.901785443785244
-0.940295771457122
-1.01210889163555
-1.03151249339057
-0.979157631095199
-1.06196699714157
-1.05608617319613
-0.9719241556107
-0.989458590768098
-1.1696277167971
-0.982894666441892
-1.01011391630653
-0.990031269560204
-0.954629593385781
-0.834888959094319
-0.93351619888109
-0.843089276301549
-0.954602899782974
-0.906835824443562
-1.06713404575304
-0.96746907197747
-0.762486149247509
-0.897281709915148
-0.882852722101129
-1.17232111423038
-0.871590987814154
-1.08091195094429
-1.05844009341108
-0.824218265266099
-1.05810131998305
-0.938847010393872
-0.816567181510646
-0.956074671280632
-0.87320271638675
-0.702956031711438
-0.73772161587762
-1.05223792365657
-0.853311111912959
-0.970839281986143
-0.99151414804776
-1.0784563209246
-0.791023856275316
-1.10854100607854
-0.96793393338943
-0.948444393336554
-0.730127308460641
-0.926037604596041
-0.797066930079651
-1.0356755450682
-1.0142958534049
-0.758762818036493
-0.933445069846313
-0.801635853925071
-0.97939610857363
-0.83169790236562
-0.848245719845487
-0.845873625194556
-0.80434024959787
-0.810456487342492
-0.946623877331781
-0.823298897944871
-0.819815944550376
-0.920840460845711
-0.810141937169623
-0.941690641745316
-0.674327165532441
-0.757198984087668
-0.714417672248943
-0.854429606273914
-0.774764145818709
-0.840644817514552
-0.828600380224531
-0.836708943625944
-0.762539926123198
-0.908677081375819
-0.765115534844069
-0.770652863846713
-0.672215441025181
-0.74519966031226
-0.998513306673984
-0.870762102684112
-1.00168176373912
-0.833120150113996
-0.810878841797165
-0.913451440740799
-0.797066506466128
-0.807478159544221
-0.668762505520336
-0.783474814660545
-0.902502104338576
-0.745101874303867
-0.80639534095683
-0.774711766619802
-0.826790252470193
-0.870355245084991
-0.800823063361874
-0.830156931228426
-0.842538100577385
-0.782773865806654
-0.958529138331225
-0.755800608972326
-0.763463692690838
-0.781934307877692
-0.826526075254334
-0.702527302273185
-0.814012843535254
-0.756561072607932
-0.652305838452785
-0.780007343350958
-0.623544672323067
-0.766678645270294
-0.692422023867325
-0.754416740638635
-0.821447140542617
-0.733213234338697
-0.859038890837787
-0.64846390705782
-0.641323681479573
-0.788852626762186
-0.75773691614751
-0.848942055007235
-0.677579889439793
-0.554720207514502
-0.770345351174281
-0.663199203301389
-0.876389251174056
-0.509310028094563
-0.73029813156392
-0.726784581124942
-0.806235547224201
-0.671178636894939
-0.644542269388009
-0.551076427124031
-0.566959942314922
-0.687865628443724
-0.673816469836328
-0.798554605146661
-0.790353119183351
-0.770842387608099
-0.706905603955456
-0.666963017536119
-0.856204575905782
-0.695700648102538
-0.734045326812482
-0.705300592342498
-0.781054390621135
-0.65629347600546
-0.619376719442399
-0.763551743880482
-0.61566075141877
-0.666396558263585
-0.703659836942404
-0.629251277720991
-0.66927806024165
-0.750245523197333
-0.691284230333431
-0.582230615539193
-0.594159216297511
-0.873233469050962
-0.531492222357032
-0.711064828903833
-0.630383309263753
-0.674318788472416
-0.676323572891539
-0.602337635417765
-0.646161931989152
-0.596115561163493
-0.691712754412909
-0.651447066215442
-0.482859780570254
-0.77684559197595
-0.627566645745978
-0.677173876777934
-0.576813936611239
-0.640036507297209
-0.526407715154444
-0.612944116813789
-0.589438106835284
-0.652821327624854
-0.511520833225455
-0.653821707757304
-0.584993166035549
-0.490080401360398
-0.7060757251159
-0.66168557539287
-0.614108127549964
-0.610448801142976
-0.738487602796904
-0.577550205809405
-0.604924416194901
-0.672112954399049
-0.702872272077366
-0.472319259966578
-0.54407426802578
-0.708855316284294
-0.603476464227479
-0.70194775773132
-0.621305633605461
-0.762974189397534
-0.637366577621735
-0.595055517970364
-0.505314292754683
-0.634871285143084
-0.539407075829197
-0.555030224024717
-0.544242538609299
-0.575088748632042
-0.55711814023753
-0.572404844891419
-0.615398980233933
-0.600993258427851
-0.686857729632857
-0.535351151227603
-0.568380929930821
-0.605348688350931
-0.589786574103046
-0.472682091019525
-0.456957566234781
-0.644765995258229
-0.557626886586564
-0.587426119997425
-0.522541208816439
-0.329753387495568
-0.519170121829824
-0.39685093803437
-0.623120122241506
-0.429788124402885
-0.647593274367949
-0.511502740571141
-0.490480752422612
-0.537641551633881
-0.598888554951112
-0.470724898141451
-0.5440407559624
-0.64707487157908
-0.629390931115059
-0.428734639798252
-0.445741044306477
-0.43470456132739
-0.549554478169742
-0.427335128591539
-0.459115276303964
-0.515899909406284
-0.50518149213711
-0.425711800120201
-0.572932668855382
-0.600775779907366
-0.538120133916733
-0.445536264744369
-0.43498615540522
-0.45243948204
-0.374670133773843
-0.429552526810616
-0.599708567313285
-0.366750101352162
-0.604010030727343
-0.582304480810761
-0.489853528621545
-0.430825403415187
-0.2696442392748
-0.348694338635261
-0.300988898374022
-0.387695754803685
-0.417805789816027
-0.487453770569507
-0.532900095232992
-0.379491791696928
-0.497903742948526
-0.54229198110943
-0.43959425457308
-0.440874093492613
-0.455491940982671
-0.493291697250255
-0.375186964816445
-0.508819754055792
-0.260527939457748
-0.383829322553542
-0.399828012234194
-0.460947300968956
-0.457925759052218
-0.505512696832942
-0.339901329719928
-0.395353825219132
-0.464985665670926
-0.45887484812166
-0.40462367735348
-0.509256337741421
-0.315293862663827
-0.448345607013205
-0.467415035921391
-0.593317721721133
-0.426524878519816
-0.432258631689468
-0.409037550412891
-0.254973432251026
-0.321887390988948
-0.370330275596734
-0.36058827405681
-0.320987237529418
-0.274832227485325
-0.363165512992376
-0.335038093377351
-0.510336778287756
-0.437698204183825
-0.116706920481517
-0.509784820024686
-0.328498416951285
-0.363426109907053
-0.391054587705773
-0.453429174587036
-0.431552064890022
-0.366266062062523
-0.369375947601259
-0.325031085901232
-0.25919145080638
-0.363638434437141
-0.316837245675135
-0.297581358221517
-0.113895772556458
-0.280740348959806
-0.342434230057616
-0.164631468925719
-0.49472593642901
-0.402799108170774
-0.311871042886622
-0.257454808201648
-0.291768916605854
-0.226492370069047
-0.434314593985227
-0.308905477921967
-0.340886559927119
-0.366640792904385
-0.304431078359096
-0.212366206149302
-0.29191584882915
-0.43440511677145
-0.229286660095856
-0.181593432486474
-0.21988005678637
-0.209985816685269
-0.320513194505753
-0.290611734863822
-0.207113541940141
-0.372329801279846
-0.220845430024515
-0.32783448243023
-0.296553469229204
-0.261918841396787
-0.24653197909143
-0.321757659203096
-0.228019112284794
-0.312233498229612
-0.39284959040692
-0.328793011506308
-0.336116242088973
-0.201247888106629
-0.193039128486943
-0.200540630184622
-0.33378495585754
-0.240448537024
-0.214398943792094
-0.15331521579886
-0.316298944686552
-0.205698603779162
-0.454919192350386
-0.197001547155606
-0.307878189739186
-0.300676262805611
-0.202831562033228
-0.310957576672638
-0.225496171534745
-0.2503630733187
-0.353043794039979
-0.277265310457372
-0.244171160080559
-0.348383774858236
-0.272758676229974
-0.260461025333904
-0.363332906758841
-0.20841238593992
-0.0908259368085492
-0.228583382674044
-0.185875587517176
-0.309188453088234
-0.0757562783483793
-0.134730090725016
-0.284510051564116
-0.303875999306212
-0.133502029143786
-0.223036873841865
-0.359529687752636
-0.144643319193735
-0.196655641466336
-0.216898203886895
-0.225337703722584
-0.236991169831422
-0.316995259312111
-0.1281764349989
-0.0622165037688987
-0.333929303169401
-0.0942702669827406
-0.162618481231601
-0.136426731542787
-0.215364731338264
-0.164765228988489
-0.242445874166261
-0.230797270099977
-0.0696286954915749
-0.226105098715566
-0.340500099566053
-0.204074472177086
-0.176018360690421
-0.0521215195786468
-0.239331834426117
-0.201642650733259
-0.190127442910761
-0.267459501624923
-0.184922092496163
-0.217141518017555
-0.179634593518589
-0.126291946898056
-0.0694676919909552
-0.119872279597472
-0.11505303433358
-0.223971999645797
-0.096017731865373
-0.0650997512181763
-0.129880998390366
-0.128735824003851
-0.369357630326025
-0.0990412392013353
-0.19692341065291
-0.0371333540550727
-0.171000678754823
0.0337525297729779
-0.100230876732145
-0.0623880002885362
-0.143476588027792
-0.107444513985383
-0.144776472102185
-0.0821785248155802
-0.0482240338471905
-0.270803654556369
-0.132664884845351
0.0634514104664076
-0.0924004549401938
-0.0436749460838678
-0.11217933786692
-0.0734847478866266
-0.080063189599024
0.0155995741461029
-0.0148851964023891
-0.0423240045499699
-0.125990895727131
-0.0548773503671392
-0.00360767664404239
-0.0749808754095697
-0.125790161945416
0.0942895764539627
-0.174740360489379
-0.02400236419512
-0.0173756085231808
-0.0884712066529951
-0.14770186694588
0.0283684383946643
0.0472545426382313
-0.057019721129425
-0.135788121139166
-0.306284234410529
-0.0696505585911599
0.0732682470557637
0.00947272068357428
-0.0164769203643849
0.0390414374787345
-0.12785885199006
-0.0943717320761825
0.0465192523255376
-0.140916223112611
-0.10646318071094
0.0774174271457474
-0.268729652113476
0.0700397515571478
0.0182033739537876
0.122170576499976
-0.101685061453121
-0.045425987771767
-0.0687303512056672
0.0886665469476238
0.0103144681966221
0.027977996551772
-0.218617489194161
-0.123164046972596
-0.0555142362322817
-0.0913470177423174
0.0235638271303571
0.000622008882301837
0.061843973182669
0.0604894556905552
0.0233506966741036
0.0863537952040074
-0.180294200383161
0.017543478963754
-0.139728901079199
0.0566189486653633
-0.0585511313184477
0.0798314005730523
0.060312901381879
-0.0241352350763417
-0.0954980905052748
0.0893178874937155
0.0420336829556522
-0.0338720506362977
0.0246035434418324
0.154114016353435
-0.0727879404011122
0.0769806700346531
0.00345606044832522
0.0835353008613455
-0.0669660752444201
-0.104990960898868
0.0573546986708736
0.100764879733178
-0.0193602172073802
-0.0640064831019703
0.163288587168761
-0.0218142564332447
0.0892025745794917
0.0270752170339248
0.25961666546237
0.0763656993242794
0.0311338699752775
0.0368586080641325
0.17540151067706
0.0495273791972874
0.0486045907825121
-0.0253193707802218
0.0147021912791755
0.065478581052981
0.0882166020668897
0.0742369665941746
0.108446543274286
0.188666056470955
0.0638047389313426
0.00676219476574627
-0.0894233885830121
0.0463908953937777
0.14371973581278
0.0568081393569171
-0.0398275933851497
0.165947006672616
0.199019135520887
0.0653718388328811
0.0998909750104048
0.0671205199661019
0.192788342073024
0.285221391384221
-0.0156757845515541
0.234466383721722
0.186535603948525
-0.0992395884179618
0.142734209865142
0.12805694718253
0.0696911789706936
0.162262553705162
0.22665746427684
0.0607445508747551
0.0213958346918113
0.0650277553765925
0.310486092789108
0.256236727301134
0.159138748688007
0.177870606639062
-0.0409175157698136
0.231024925669265
0.245165936580337
0.0774354949558768
0.0786003555540937
0.0732467890348589
0.175733409587316
0.205851367068217
0.210317429749972
0.0526806069420457
0.115675514131919
0.291893266330962
0.127854063730903
0.249880031938704
0.0825295488308557
0.180006963660823
0.270102634435518
0.248741878002158
0.156070439803926
0.272184420593659
0.109151150808451
0.315532719845079
0.182024176811532
0.315639757517015
0.211522999151989
0.0199868632910147
0.179171233928045
0.291929042527554
0.26552148912099
0.32693187887018
0.185507955218698
0.213556492062807
0.36725090194205
0.308387287352172
0.2989141426482
0.154208365798356
0.0971428629723667
0.269176307908865
0.253327445624614
0.0313885743056085
0.226992501480777
0.246893802218271
0.180360415388961
0.272075557854453
0.184566731498505
0.262564838115552
0.113806865925724
0.266610348809061
0.222873111833135
0.381252145559913
0.416054617955205
0.245918858479641
0.113531972025999
0.276602003054497
0.258002569745862
0.31975880297478
0.137681277182589
0.41641171624788
0.292588255916843
0.242236229026938
0.147267187602028
0.318715145665187
0.268369117029162
0.27912772326504
0.162645939758543
0.23008874670751
0.269408340101694
0.363827244419609
0.233507360046631
0.292160410663172
0.406500841310658
0.26298937595662
0.429567018559691
0.451746471763389
0.33047545435859
0.359457674833887
0.308863845326967
0.354984791119313
0.410658739768446
0.270586937421699
0.310639752699076
0.29082764907886
0.361230440846493
0.390633155679265
0.538402783418674
0.415946537141829
0.348346418644058
0.335088513145452
0.281259389306416
0.484326081960727
0.302655517590245
0.386220145068733
0.318894488264362
0.449431417375975
0.2311965286173
0.411628019261994
0.202601669663604
0.228311837910491
0.247201788566366
0.275168261239526
0.4337800938488
0.225451564707416
0.375250984745744
0.313028967120482
0.353471385867059
0.455806830525474
0.429974395615536
0.331278925659659
0.401736254133168
0.411692298243051
0.3168379706891
0.381650925765698
0.322475075378344
0.317234714660158
0.409369474354344
0.433170677549301
0.342989610612417
0.482527687922893
0.499496176687615
0.254266816549365
0.429024303680975
0.517918493184452
0.465337623155458
0.411991879286799
0.365543195980526
0.383134213082257
0.377158402192445
0.415517562493995
0.241745316300732
0.442740173150875
0.550094304617013
0.357970051933086
0.4538569044962
0.586002360606255
0.49877643350698
0.468962895757394
0.366978480368507
0.543434435732984
0.34011859125832
0.440844757255152
0.470407797535969
0.346260188210237
0.493956669660296
0.36059977264991
0.464759917502426
0.357737960855248
0.563351395620441
0.521664328982291
0.375107933660912
0.434298410674122
0.508922253964233
0.456593633411242
0.476640303605584
0.547296665368913
0.374838250103778
0.450539978976384
0.464573580486485
0.598019926363726
0.279915880689685
0.48008698081809
0.409941360147763
0.632317976416085
0.641296027531054
0.412888954847008
0.699088287798482
0.490566642017632
0.5487467441591
0.586252570529465
0.415525585386266
0.468915290510402
0.46670296288519
0.478245310424529
0.48891120101869
0.460518277977169
0.505825296677043
0.403538351867855
0.516853344263025
0.550729627494936
0.39485774483775
0.524924052974007
0.56313363728784
0.521221281269915
0.556923971159196
0.481899223921564
0.499913109835356
0.485629009315256
0.633315298873574
0.531906104848774
0.645925416802662
0.473373101629792
0.44536048641031
0.550143172525156
0.530316350065437
0.539506996032363
0.536113137625746
0.527403507368426
0.510922841181005
0.531157576202341
0.595475155730755
0.565394579900384
0.555166416148025
0.478038980268449
0.557504212041758
0.455875327230545
0.556384597854063
0.499376873581055
0.548469114935506
0.703390747358629
0.527855747029377
0.604792050998565
0.525958589441187
0.531557058291427
0.590367929869579
0.673849107979707
0.499918065884285
0.494037713362973
0.565811035012494
0.63197105329976
0.498205456034223
0.611932672168011
0.532484384632446
0.664277528262917
0.570547150447288
0.6168488687741
0.583760550369776
0.716288710289786
0.576660410912268
0.562394475193954
0.465200200525105
0.703666744208904
0.652095238555148
0.551516169051693
0.670866180969034
0.789566666675169
0.662721726922612
0.633035502758627
0.662240217823836
0.673638931709209
0.503018041281932
0.580824662900668
0.623942542533901
0.731932332063254
0.57899602510983
0.6968520754271
0.632423718812572
0.513121475961496
0.752326664217637
0.708261765929744
0.73374969384426
0.720124913596989
0.590018727843516
0.59548872169741
0.641521303057058
0.799137014363235
0.56560607405794
0.63569052144853
0.699005853990351
0.848091266930006
0.651866043990476
0.700761757672254
0.712155661722859
0.759758711387411
0.629845486801207
0.771915846012886
0.673971570958962
0.844571070747924
0.662949211819771
0.815414858689757
0.67776407561434
0.606427333862747
0.724137060524174
0.677192034829001
0.80915787413298
0.675148574374903
0.758671399520104
0.989423631036674
0.803127090502404
0.58095425818027
0.698776521690007
0.789463817922565
0.644498868981346
0.650525318229636
0.645776870630504
0.883879927180817
0.757330470998622
0.70174616189809
0.619816617877114
0.836778032131052
0.744644588260828
0.692342963662469
0.724013516566732
0.789550900033611
0.706025962299891
0.69989041346792
0.784064958302453
0.616377286100515
0.81678969845302
0.770771111598281
0.979468313048152
0.714622465148254
0.619846636351648
0.787869780659755
0.738705787320541
0.68562250825446
0.825174952954521
0.87996240713065
0.767709051242623
0.579256379922505
0.853054330630555
0.724681900137243
0.755821181094247
0.732592560128941
0.902514762090217
0.70951125970162
0.820218682689787
0.820016885628082
0.724923414739079
0.842027256992491
0.659027477970171
0.908209783185549
0.884668995715462
0.743489056895627
0.738264102787035
0.803363717950938
0.744782333860004
0.657283452245711
0.793768695034205
0.856397999051834
0.821167505934891
0.831960240205004
0.867787967309665
0.859296381538036
0.850006969756005
0.870427226833881
0.836182068033926
0.68721632919091
0.827185330953407
0.874764258357451
0.891769546899641
0.82742994479137
0.897332457345539
0.974100287683714
0.786245451038984
0.844702210045416
0.872094502924788
1.00293206675033
0.793973566062299
0.841309179371785
0.796982621489477
0.828049432309329
0.851500457548704
0.735988446230711
0.820502544636481
0.851508627063262
0.805648142923207
0.706944587388585
0.751504789110333
0.818787804951616
0.807412495078531
0.788708881774979
1.02145658385125
1.01417035897309
0.931042222144769
0.836227918068962
0.761829681946399
1.03533053429544
0.780985122566913
1.02075025637719
0.929769311553755
0.753769316014514
0.960636120281326
0.87611121051427
0.806921373838126
1.13489590536057
0.726847094030645
0.871481382497872
0.866812538083283
0.919033398614874
0.912081575040542
0.865360475632508
0.974748361495048
0.995249347941021
0.916362279755354
0.760085233976306
0.93630965452399
0.822813729208034
0.765395048257213
0.964910761304027
0.858867029424512
1.08950511213831
1.03732965038219
1.05941602994606
0.986284091675885
0.839646792697598
0.899142894463841
0.94304728308085
1.06720967385027
0.797051473937388
0.902356242650691
0.937315020497625
0.910651685367278
0.877053362669196
0.895029676729911
1.06504642108841
0.994353562711607
0.927340985948834
1.05193507611669
0.990106708506636
0.862095462423826
0.958208138181785
1.03181423695658
0.905112582183377
0.969016579211407
0.911320695829375
1.03932534258571
1.08058933746656
1.02117175468025
0.963031812211061
0.930738445181825
1.23369566335914
