-1.01634788409957
-0.872642210374331
-0.976080854506205
-0.934587862614699
-1.01161962684575
-1.09224458718687
-0.996753206900284
-0.802660428486191
-0.908565318053742
-0.953335312761058
-0.976038666864025
-1.02905803754513
-1.00267498200933
-1.07009727050236
-1.05572563211878
-0.950454119045001
-0.999382076911909
-1.18006496686242
-0.990619280562721
-0.992406720855062
-0.990961660052087
-0.944496310525481
-0.839998930415028
-0.962722820905121
-0.837483108210593
-0.959498115355504
-0.884862746420169
-1.06059280110504
-0.949227095472148
-0.75625264063498
-0.891529674346841
-0.873171195807146
-1.16968211775088
-0.882092091763723
-1.08461150630869
-1.03957808216499
-0.822247348808834
-1.08245716842687
-0.950463816238517
-0.814435059435496
-0.956772070038649
-0.901344961449675
-0.70944356192966
-0.719405540294049
-1.02194861287728
-0.846647074715338
-0.974204468551653
-1.01012472879625
-1.07580693212336
-0.786831093051525
-1.1342809691912
-0.990459228696965
-0.948541334411804
-0.724683112549603
-0.935270439580376
-0.795214968757099
-1.04564459935766
-0.994035128592429
-0.743514599218684
-0.909446606542866
-0.805552116169737
-0.974164999794882
-0.836907995892989
-0.845754650704155
-0.847534725225085
-0.821171773805562
-0.801943779132124
-0.939008533252674
-0.831504868657596
-0.829097849314055
-0.931947511702339
-0.814164332055676
-0.936457720063955
-0.679433284871374
-0.743326932682987
-0.734837967724083
-0.839917061179146
-0.746372790129647
-0.84344883361487
-0.809590282336271
-0.838090371856259
-0.766774393399398
-0.893313638371045
-0.750897939434085
-0.772206022183979
-0.691519646753353
-0.744490941282765
-0.990299873332203
-0.849278466095722
-1.00085546293732
-0.813900755498582
-0.786430851202042
-0.911419304012857
-0.776887016398317
-0.823358739813985
-0.696258952636087
-0.793118022384672
-0.900763735669051
-0.698209636160177
-0.823791275291151
-0.761523259774928
-0.841603120710028
-0.864526365148601
-0.825324444847932
-0.817631269088115
-0.825791841651903
-0.795474416425216
-0.97551983650716
-0.753916211168014
-0.758032672349466
-0.795821597078319
-0.825434321457763
-0.721682585900893
-0.817537031984079
-0.782843293213937
-0.661283404578739
-0.805172830383946
-0.636235303535036
-0.7705048522841
-0.692908902619026
-0.770019578659792
-0.830812616566092
-0.706499715510024
-0.861025281269753
-0.668927500580492
-0.635528437029383
-0.799430712736491
-0.759817290443281
-0.854370306284875
-0.67428355596126
-0.557158676835281
-0.734869288010447
-0.673425708428766
-0.874630522670339
-0.485120713406678
-0.73413371167441
-0.74941937690746
-0.796708420749752
-0.667915337582082
-0.659728734367311
-0.574145171943686
-0.570130043294162
-0.664966951046409
-0.654954351395548
-0.805523203937217
-0.794023577330043
-0.743791288185323
-0.69566901786106
-0.645808747672837
-0.829753696644678
-0.713282327338625
-0.739164515740012
-0.69162155602795
-0.794313276931818
-0.65919864727652
-0.634778157483462
-0.758831803362956
-0.616323147751126
-0.673396450937714
-0.689133731416936
-0.618842163599147
-0.6728257698335
-0.746071358643892
-0.701664291311257
-0.587588901958408
-0.582647647483637
-0.857371080648435
-0.532784624189086
-0.72443459352793
-0.627982652174888
-0.680402918615473
-0.675354887917421
-0.587475107794598
-0.624365697491796
-0.586931190071843
-0.67616702799208
-0.650394525660694
-0.493196959437687
-0.785718787173298
-0.638831119861278
-0.666447670868565
-0.574200951473038
-0.643282240179957
-0.558088758033374
-0.585210574158673
-0.572185974362929
-0.640643590760832
-0.528610342665166
-0.671690335721112
-0.584656305593859
-0.490069991459551
-0.71598621878809
-0.655404052407203
-0.615751268728492
-0.604545431284987
-0.738543393461254
-0.55257935617335
-0.616840373403811
-0.644879924716033
-0.704826109050987
-0.476246937182878
-0.555344913736745
-0.727075475622156
-0.607129855856084
-0.695358867526527
-0.638360619868194
-0.756358352220105
-0.646397459126138
-0.564197730401817
-0.515835956849493
-0.639740531849645
-0.572381067558712
-0.576227813528501
-0.540489026101465
-0.573862117253654
-0.533430789036053
-0.578261358550119
-0.641999209712227
-0.612335761948378
-0.664500189422487
-0.534734658340792
-0.575405316949456
-0.594116289488805
-0.605890671282537
-0.46539617916944
-0.453150856630249
-0.639720595924885
-0.558529302968934
-0.592881284168036
-0.517786620797404
-0.333974517324002
-0.525919200991746
-0.399764795930562
-0.611791660456826
-0.438784330987057
-0.651246566666504
-0.535475858664032
-0.517163103695545
-0.538323802990238
-0.576601651698739
-0.480646741080734
-0.538510692723611
-0.636855549428456
-0.619918743015009
-0.416893914124473
-0.447222694897739
-0.437295128201029
-0.557992370611692
-0.429321673395702
-0.459294021935606
-0.514565680363242
-0.509800537027882
-0.41252286693677
-0.585181794244763
-0.601175914291395
-0.538312557821372
-0.454598955915178
-0.44286400501425
-0.461326326727189
-0.383283412870417
-0.426512620491872
-0.600093720790466
-0.359588535941334
-0.591372779022157
-0.568412126610406
-0.497299652198139
-0.402718230847824
-0.277937012895338
-0.364283049314175
-0.296670533442925
-0.390160135426614
-0.426766712462739
-0.490760228182581
-0.517155325260822
-0.375422436598214
-0.486782344479794
-0.53087767503086
-0.433230479828585
-0.472225414903536
-0.480655065259768
-0.505355177583311
-0.374029677171277
-0.533801553457655
-0.249776319831243
-0.371972204511903
-0.39367247570977
-0.454267106531014
-0.441512091034928
-0.485945917393954
-0.333864895062544
-0.427408001559039
-0.467681350044566
-0.464040969446086
-0.411184971357537
-0.499730823919681
-0.289537155026544
-0.43842318265751
-0.47097142379096
-0.599468976130197
-0.414993746312774
-0.434933591673237
-0.390883229980399
-0.249534954166836
-0.311144133925383
-0.378091117217979
-0.350978492851672
-0.319017820298578
-0.267932715948542
-0.35301236257639
-0.341606669774698
-0.500725866508607
-0.436267883490924
-0.146991790608112
-0.510318195864512
-0.33555964212599
-0.346647718504747
-0.412065615772473
-0.431145596694724
-0.432707334603263
-0.363715342544537
-0.363127105339574
-0.334527742397258
-0.254488554404515
-0.34975128227069
-0.340918221172836
-0.300900747937439
-0.120127585422563
-0.303272418264593
-0.350425812260883
-0.167676238860773
-0.511001664158829
-0.417792730071338
-0.294643349155548
-0.263887187209756
-0.275143577985874
-0.230937025638589
-0.403485616716575
-0.313363101979404
-0.332862133190336
-0.372288617992151
-0.307906746768538
-0.223660902311796
-0.266894582292716
-0.457016131050968
-0.206354740675466
-0.165255108134471
-0.221318645067388
-0.214039712259834
-0.35493975820434
-0.299776432850386
-0.192213892972447
-0.388452804579317
-0.202580081300977
-0.342332762618245
-0.310826606671524
-0.289377116216996
-0.233481607139126
-0.306293975321588
-0.226362649567996
-0.326225110380496
-0.401726646645996
-0.327802379799721
-0.334319201242457
-0.210402405807948
-0.183244727723958
-0.199624377761001
-0.339121570657685
-0.264151738107569
-0.237327706216173
-0.160626356965903
-0.311713878332064
-0.226506025037073
-0.459149474193722
-0.212047082579092
-0.300485965283694
-0.314513482775638
-0.195850739992038
-0.27985950482997
-0.224106485338805
-0.251545125771245
-0.354854010291078
-0.282545376147218
-0.232313114713863
-0.350506962618558
-0.261456940045466
-0.275390544906157
-0.349340192017726
-0.207195521606218
-0.0867182979465828
-0.231761284356575
-0.190242148345855
-0.290196257156057
-0.0728730586350725
-0.130521136906479
-0.299394214222981
-0.283589045424549
-0.119421707860866
-0.226488059452909
-0.364445349442838
-0.145395650525643
-0.209605196228382
-0.22235568431727
-0.225711868856181
-0.248179550619092
-0.30130138243568
-0.136151348373728
-0.0756547206899522
-0.316254566264096
-0.109204748450247
-0.138885771122694
-0.151649407087154
-0.246049945016712
-0.1478850813512
-0.243183988366655
-0.251226307783989
-0.058605241503396
-0.213170347868182
-0.319665486174146
-0.215461600093231
-0.1567584232644
-0.0480350206013174
-0.217228652488577
-0.186461528765933
-0.176084893257362
-0.254563045053455
-0.202136384280968
-0.20170576439457
-0.164938684365201
-0.11939914197945
-0.0720391437932205
-0.140998431516904
-0.110408774264891
-0.235788394076417
-0.105425643851419
-0.0290667036564945
-0.145034210951519
-0.134251425524717
-0.361999113713221
-0.102097882295443
-0.193076190106179
-0.059778072838665
-0.158330086545532
0.0117281647990014
-0.112650280475022
-0.0648963431817796
-0.144269029785981
-0.104797237961328
-0.155409987279323
-0.0882391249141223
-0.0537410946705845
-0.278682553848981
-0.149182586993517
0.0627224809624344
-0.0612807265539415
-0.0290136510374665
-0.0903987416167527
-0.0845861920809665
-0.0697012826117945
-0.00252094719695143
-0.00576667299787507
-0.0661405889452647
-0.120522979810386
-0.047171306793353
0.00597727711324261
-0.0792488677765869
-0.103782687699719
0.0765676083564581
-0.15253691717631
-0.0226704951272257
-0.00526214126117365
-0.0945893983460153
-0.149250607997774
0.0160842815745785
0.0379015287092159
-0.0604694311879999
-0.157898400923556
-0.290884154461697
-0.0580135437473377
0.0622606954127234
0.0198441397563096
-0.00454971989948727
0.0340408410323609
-0.127013279518725
-0.0836345778863478
0.0405568502515469
-0.12949974895962
-0.107380112930202
0.0791601431404283
-0.234814281757274
0.0769413773967545
0.0106090889873526
0.145199321094026
-0.100030284734835
-0.0454916293601459
-0.0565708268787091
0.0802061641671467
0.0141562316951253
0.0227605910090361
-0.192847958003167
-0.123140709022773
-0.0479046101255015
-0.0899473088454854
0.0104714642595285
0.016584994473625
0.0624610318126146
0.043449544819503
0.000486105238051688
0.0931472146279556
-0.165595596734325
0.0201015713718982
-0.129252504399636
0.0520249704367473
-0.0694330031238237
0.0869043690387783
0.0539771067392951
-0.039015176489141
-0.0834205932398824
0.122667666014508
0.0572413070452041
-0.0268267042265006
0.0418432239151024
0.169977608447714
-0.068606530707252
0.0873214546369602
-0.00843888573350392
0.0828466368931614
-0.0759524585868478
-0.0966916812629483
0.0699563976134017
0.0869967477587802
-0.0359422124980672
-0.0665757050657914
0.169226636685068
-0.0280904984117444
0.073727762397009
0.0224720176018021
0.247152418250918
0.0815405502793999
0.0325958136827302
0.0271409480680406
0.149239729109049
0.0311649756047249
0.0562745198170746
-0.0299896530464511
0.030726620529827
0.068307697450024
0.099946455996809
0.0846478381373314
0.0957142299221922
0.191116200970277
0.0918071969971106
0.0122892246346791
-0.0750425914307551
0.0394044320609034
0.129852870003629
0.0627846168202721
-0.0519480806673391
0.157224336730079
0.18262316751057
0.0715820314839462
0.118683006429458
0.0869241291317687
0.20389934343564
0.263254014559588
-0.0369826470551034
0.244023500685166
0.175896416959442
-0.107716796914319
0.149160738921451
0.144203470520609
0.0833731853906119
0.16709048617811
0.233904799502714
0.072614349754722
0.0253148243956426
0.0821121797494524
0.318253949083299
0.269653955173282
0.161454669852681
0.195327305502068
-0.0394807022622794
0.259829226818122
0.223666093987392
0.0695199714743193
0.090427015934053
0.0726125853640389
0.18321582068572
0.194662156994516
0.220064227808038
0.0701136887841031
0.120356645468506
0.287892997358485
0.136456146864393
0.231996932001814
0.0858645482396801
0.18342403723755
0.293126791373421
0.243078713023855
0.154584649705852
0.270876762503291
0.122565874834146
0.316864955177795
0.156197917166486
0.315036685809502
0.210868912015735
0.013147062335428
0.161789475003712
0.291021600778282
0.268864639276819
0.366250278582424
0.186745563690537
0.210090117933812
0.376601060780355
0.328315892501331
0.282389895874632
0.167061816153771
0.0896273800130798
0.274808782384508
0.267545213429515
0.0052879352121815
0.245571578184432
0.246664982260669
0.19069532463792
0.291178580342278
0.193539862476508
0.279986977665628
0.131162038443554
0.269831894391795
0.207127099919826
0.386754868041975
0.41390234492352
0.26405555153765
0.115282810827928
0.257131073426846
0.257209219283617
0.335232203693023
0.131748920527811
0.407361250594321
0.283141911160039
0.215530853287616
0.16409955794261
0.297697553635466
0.276563794046216
0.273997094546951
0.169401438397701
0.232433131855606
0.276391451375809
0.372361911023358
0.238926299381567
0.320481025624793
0.407871083504247
0.281266336691067
0.432314368827244
0.434865267797329
0.352994795290021
0.350707787013285
0.301597151221326
0.338771773018122
0.42081162555288
0.257073480370946
0.29613374390725
0.295988641343199
0.346915234981656
0.398399340809503
0.528732323975494
0.413365707310017
0.330646981692616
0.340015193593087
0.304491476601942
0.465334090640728
0.322398969678569
0.406868006733876
0.355921691296982
0.470737962894853
0.239153796210866
0.406249385547541
0.24462995746293
0.236863403946118
0.242385968612473
0.291447163323167
0.424678276745442
0.223782040853383
0.362545821488183
0.298736399380245
0.355655019419982
0.482670114920233
0.423500925553883
0.347158100494056
0.406132722366629
0.417697233094059
0.304414952365138
0.362492974685687
0.329027436719819
0.32656632955169
0.413543208922859
0.439176947528709
0.334111618975807
0.499975078341617
0.490633172173191
0.280919945716348
0.428914677525532
0.533421533644437
0.468782326364106
0.407578516955183
0.346168878799713
0.376288025640629
0.366624931556799
0.41182583191818
0.260106948003415
0.427973756544539
0.558069440942389
0.357771724011636
0.452824777415391
0.576319713188382
0.484642691007167
0.458302234279422
0.356746149569243
0.54464584177792
0.338903599272197
0.40225517369237
0.479249187845309
0.342269673746405
0.465327653234375
0.347071136805334
0.476627986477188
0.370011204827199
0.544713219298459
0.537988112028426
0.367805635508524
0.430892021248199
0.497331071547372
0.475809115689343
0.489468552094836
0.540105538464664
0.370298801459129
0.439729515734443
0.477851389495968
0.585000196549263
0.297657506455872
0.490040919509947
0.429963364928809
0.637467622615981
0.633062546817146
0.417069721220525
0.697693805321184
0.484732473018976
0.545748443524422
0.552904452547912
0.401845143920512
0.473933667932385
0.463125821567694
0.49076857881754
0.494569006563248
0.470417981941526
0.542358354602658
0.413411235029519
0.523137314058649
0.553924629335591
0.388061736336015
0.52697970033126
0.561887451861329
0.489667307098805
0.530717148642277
0.482189371528732
0.488898236005412
0.505315643596534
0.603488479740117
0.536958516548908
0.629766608239452
0.460604168813277
0.418742188855215
0.547507971507341
0.528415223288085
0.522599681431465
0.534131069336703
0.523122518283232
0.520005908286187
0.514474868430512
0.600070540020315
0.562265922873237
0.541091966635908
0.492521102105691
0.576435446063335
0.438023057720494
0.5552160326288
0.487854746397021
0.547345678311831
0.702159571065491
0.517517271079014
0.625342966219769
0.5249107587459
0.539453040279407
0.590418004556902
0.681841673256858
0.516821350400348
0.494999023689529
0.577731644848073
0.619549140032856
0.506948490134456
0.598384451891682
0.511865877894006
0.667254454897022
0.578369496791977
0.598174123455666
0.56558150233571
0.70227181775607
0.569003758299517
0.560407015481162
0.476937354953157
0.704561852240302
0.660607925542002
0.598573009628684
0.693837385137921
0.775605697072664
0.66367375989934
0.586909224006291
0.649229421823425
0.656178125841891
0.529136113545599
0.593750513745555
0.620624925473316
0.727228844170548
0.580237009755861
0.719704703990369
0.627257485586285
0.515206962511903
0.72414542040559
0.710301365554156
0.748764351307693
0.708337036659629
0.564707453338689
0.592584010468988
0.635261739123895
0.781747775019683
0.585110925970849
0.633583041817758
0.687846598523288
0.845870663603034
0.641754138071458
0.687888756936203
0.720741657205208
0.741661827868186
0.642320369064008
0.780097610864914
0.666329858722732
0.854243164248523
0.657926902693348
0.826683582918847
0.673976834077847
0.601663945332236
0.740568898731637
0.667363238310695
0.826236348902472
0.686498478169234
0.761220721118452
0.969159055409875
0.80731804601715
0.584876527681585
0.709116339638402
0.790583049466846
0.646457955509875
0.635907942668261
0.654396148832452
0.90459053499619
0.762477517774025
0.705262040856456
0.639654732532223
0.826983737516466
0.74875682801217
0.699237827156614
0.684131295233414
0.802708649128599
0.733285570402424
0.717907177481495
0.796233275998116
0.662256282736304
0.844108441710315
0.761848491003075
0.960667034218168
0.723540683588941
0.615547485885869
0.796350334228076
0.765356990368105
0.702123706746164
0.826599812645735
0.888684974636618
0.763746106015448
0.580123610021541
0.867328425894558
0.724425646429297
0.779782602898975
0.726543163530754
0.88525920220283
0.700988466067351
0.839048178255353
0.83306532848668
0.72534979553396
0.835671411343812
0.631089056641788
0.89744598915709
0.882168968165953
0.759120495084811
0.724826023900645
0.780733159750678
0.738539876656757
0.654548757189609
0.816717338890818
0.855294630404123
0.810848649668923
0.836391325986187
0.861293601609166
0.858108538099676
0.849583968986735
0.87008260364435
0.841277156829364
0.679918810090249
0.812985974645903
0.873908059334985
0.882383124320678
0.829283451992115
0.904407919313198
0.956597633332278
0.772643925640355
0.843684819771936
0.873210429170254
0.985138946145873
0.792553369206387
0.827847215594005
0.790362013394797
0.819620727033001
0.846725948150109
0.741346203446145
0.836704755917119
0.857693739250323
0.819963244998592
0.697617206925521
0.787492547326052
0.819283305419093
0.802886456311992
0.791174038445469
1.01432952388252
1.03550376924919
0.924542086770057
0.838386133284977
0.75082942103145
1.02807581721062
0.804568678038525
1.00440128658263
0.926259382122387
0.749653292691174
0.963046855995702
0.870551925902966
0.820493504957067
1.1281055313966
0.726959353594449
0.867483550023318
0.895413664927798
0.907668681835515
0.929279899021146
0.882051697443579
0.966962094945998
1.01593471886571
0.939803137691964
0.784193445185319
0.921705185613731
0.846732475410292
0.756529920030419
0.986203555275744
0.885724542943248
1.09140722681066
1.03752010922526
1.04555342969568
0.958830006447432
0.823933448505052
0.889486814880484
0.932512457459272
1.07486087189294
0.768422504578533
0.89156711903833
0.912709750927486
0.9102231561048
0.848380483624064
0.89933108150451
1.06015059881076
0.981468261926714
0.961442917351971
1.03680133416784
1.01452380933762
0.847920400549638
0.953096206891117
1.04692712052711
0.908592398819545
0.953118962908435
0.903695313063467
1.0433183040046
1.0698375471749
1.02508247754511
0.947422144848862
0.959582421437764
1.22724309429554
