-0.955835484152092
-1.0095041785694
-0.987455876846376
-1.00921829770051
-1.07760811594993
-1.09844417765264
-0.91436118922376
-0.900692523114986
-1.11875962397539
-0.807189883932658
-0.991478854925541
-1.01876167800086
-1.05844743169407
-1.00705353874966
-0.92102548446642
-0.932548840403645
-0.918544645470213
-1.0216374989845
-0.997557984381585
-0.951472123823396
-0.794435731333813
-0.944033083368621
-1.05914440459195
-0.929028042897671
-0.871770342258349
-0.889690092215211
-0.986908358575036
-0.987611532342927
-0.851799385909068
-0.894880163951477
-0.972022406898973
-1.06986559534821
-0.975944670224233
-0.979212786378119
-0.840063421511505
-0.835026641587756
-0.927844034016912
-0.778502007559471
-0.947510577384355
-0.896013570334171
-0.778193152529578
-0.854115570533019
-1.04664943211245
-0.949444480361762
-0.891028886139556
-0.874535854271743
-0.951817380999411
-0.88504604030536
-0.97156217327696
-0.789942443405607
-0.957961499557322
-0.978842012429303
-0.927429174813256
-0.882533517328773
-0.934072776018606
-0.872799432280478
-0.831210033268887
-0.836053380225604
-0.935935740465722
-1.04361523979568
-0.840200845143304
-0.994759993835353
-0.77101343955137
-0.783143461825925
-0.795667576149177
-0.830144864614263
-1.01056275963227
-0.833579840235048
-0.838115140917361
-0.780150816842246
-0.880849300619836
-0.934402236294124
-0.951008360087717
-1.18434745885714
-0.856011313978224
-0.840703963503641
-0.884780236203427
-0.9780100656335
-0.780103273234879
-0.806106880438443
-0.767127773736109
-0.876984175887589
-0.94114704428961
-0.876549086898914
-0.651639027291805
-0.780052754201226
-0.906702286044126
-0.837334027284508
-0.894365942958473
-0.948125171491809
-0.918709672867971
-0.765444759137302
-0.849418718393314
-0.742542540278699
-0.789725157102485
-0.777733201581035
-0.857743506843141
-0.712340463400226
-0.775332572520501
-0.742990790034313
-0.67884152973687
-0.741705307886205
-0.926808508584784
-0.838060935803439
-0.897133727512116
-0.615057745058574
-0.758062167912988
-0.752160778858307
-0.852136100284261
-0.635477680438584
-0.59162274358346
-0.722843796967387
-0.770135735226713
-0.968378634308058
-0.893122508420522
-0.910324911511393
-0.769030736213681
-0.736755052101867
-0.845073861573621
-0.732416328376559
-0.659656438840616
-0.885008659752724
-0.705436347960793
-0.826113682777273
-0.778111478394048
-0.701599677773925
-0.839019149992546
-0.612795158677454
-0.793043300530589
-0.762636134118521
-0.765285179178423
-0.770883481114486
-0.854979256139786
-0.678286761124144
-0.688003409766774
-0.753909734600765
-0.729299096865644
-0.720655824277772
-0.742973565976315
-0.746892642693862
-0.784904162865731
-0.659540686382615
-0.720180669192429
-0.66832264911274
-0.658274010920167
-0.593735350067317
-0.753692782190356
-0.669112119302458
-0.803698051283882
-0.601627242963057
-0.723281844759354
-0.796033904228484
-0.566191628908679
-0.762964058890703
-0.644964613288775
-0.639570731843342
-0.861413502525997
-0.603304453680297
-0.702657331176982
-0.573325213608129
-0.655155245861157
-0.681558867352134
-0.574184825532443
-0.736343939541636
-0.588790479608566
-0.671773942885249
-0.697414458472503
-0.636452013702677
-0.714519135977912
-0.603670234236309
-0.718267082584497
-0.657431523571868
-0.594282563473194
-0.71306596020688
-0.571038795549766
-0.51538196497513
-0.646723880902502
-0.734538694338876
-0.768508432218331
-0.696119740007439
-0.653600128829862
-0.548591978955348
-0.540695857076701
-0.533322266380428
-0.644204580926022
-0.60694954485588
-0.673659983935907
-0.517915645702406
-0.59034306499487
-0.762779436165173
-0.561159935019042
-0.593883113460364
-0.644332120041999
-0.621172153153132
-0.445038521569448
-0.759525102622576
-0.604696113355389
-0.602411619085467
-0.742955254477312
-0.577882196738842
-0.492545445743175
-0.675402929077453
-0.446757234427395
-0.673673449655327
-0.565275455519259
-0.629968889668162
-0.422362969143855
-0.601476137317731
-0.600166538129098
-0.610700866683655
-0.610939564597963
-0.710682947477629
-0.535517213012255
-0.543966363474283
-0.604239014844567
-0.512603664523974
-0.61900888147078
-0.525101758600444
-0.575154019482753
-0.588239062782521
-0.746586545359168
-0.637284870447875
-0.564568603497543
-0.494669295435198
-0.587757890248426
-0.604449888509058
-0.506050943076663
-0.563989146788285
-0.630556027680375
-0.622605722475163
-0.504678887465173
-0.514880514830799
-0.599011385568079
-0.634274805657405
-0.56380495520854
-0.535736603023561
-0.484042838000513
-0.617858820201863
-0.404637763185505
-0.499211365263234
-0.524180863137415
-0.515238922721944
-0.558502259209391
-0.524835323437034
-0.56897181730606
-0.5612817622528
-0.519315203411594
-0.593767400090314
-0.547465550899451
-0.453794783664111
-0.447785506908136
-0.518857530197276
-0.413072168987715
-0.446481153695862
-0.425009046523551
-0.420954017070379
-0.505269738336368
-0.42774078365196
-0.521348623198206
-0.589763480466865
-0.446308809908918
-0.545515691720414
-0.519159748540529
-0.542713633774537
-0.396141022330483
-0.25570208401327
-0.405448281969132
-0.428656511233363
-0.557943359079961
-0.446559969221795
-0.636195140762705
-0.45900024168578
-0.464268820788514
-0.428681487000364
-0.420735105961918
-0.41072363571935
-0.603153620267376
-0.466930470538287
-0.413226833482398
-0.348984526687835
-0.482776775525982
-0.358463349526393
-0.489481270312573
-0.664148665983558
-0.333554970943468
-0.506602179470648
-0.462051663258581
-0.434505338861021
-0.376647577022725
-0.440612154780945
-0.447238896888474
-0.25244461019761
-0.463801466753951
-0.359793734806946
-0.42164593532943
-0.288316010647688
-0.266038833838435
-0.439088772630646
-0.307011131209779
-0.284114796096942
-0.41705698055232
-0.338537582563126
-0.334456326929452
-0.25127610429507
-0.321650239341412
-0.298269897505569
-0.475093644223118
-0.42197460495691
-0.331060299131208
-0.470657485785739
-0.342977379109167
-0.419721432249902
-0.430132465104212
-0.383769306270878
-0.349262469901831
-0.387090653259374
-0.396465142657706
-0.419399523890942
-0.3202096794815
-0.433182093302576
-0.279988296102755
-0.438431330677512
-0.3707949418236
-0.438927831500794
-0.285148027792894
-0.465286513210682
-0.485953096097302
-0.281348506353541
-0.403224109175695
-0.251104169501628
-0.384317971387165
-0.426697861557156
-0.231931775763333
-0.509526493262572
-0.323098895173703
-0.191905958557382
-0.287779385157504
-0.40266391944466
-0.262931798482009
-0.325144332990861
-0.130216137623667
-0.407751659675475
-0.225581560500475
-0.312886810634816
-0.401484874261615
-0.20875991472435
-0.293589054462366
-0.285187543110598
-0.326494986858126
-0.341133903820561
-0.0516717004256576
-0.378522803320122
-0.329104041165263
-0.352301162867653
-0.23085867751373
-0.234575794613603
-0.374039845182787
-0.188344958039585
-0.396251324343866
-0.366739114782585
-0.240273171370375
-0.293572536109204
-0.350569131676729
-0.16356742887497
-0.237613258858573
-0.213853767479604
-0.235343908535771
-0.221876048457865
-0.231075004849651
-0.333984773611263
-0.301733071120922
-0.255424208156703
-0.274234042286384
-0.210462795898032
-0.324920615331019
-0.189007921489546
-0.266069601080001
-0.31579343291034
-0.290977929774574
-0.427613553675976
-0.314216426010595
-0.176646295140361
-0.172123477623875
-0.183815247776958
-0.250393575594457
-0.364365748228488
-0.299129796484746
-0.287800920363328
-0.291857908132067
-0.170229707496749
-0.274400008293732
-0.243670929482154
-0.135864566298407
-0.108258080627983
-0.214887869248545
-0.373958676494723
-0.0443374426110434
-0.152190897975887
-0.2462466115797
-0.395599657124716
-0.259022080264578
-0.261987926327079
-0.120698199588364
-0.23661832344053
-0.32414256935406
-0.19791585071406
-0.204369686309106
-0.220424488781574
-0.0639757280604393
-0.176766064049181
-0.227571899528688
-0.137640030329894
-0.183829054068604
-0.148313284448473
-0.270823457493982
-0.31473221534134
-0.033423286658162
-0.234257606543834
-0.147210312441549
-0.182539662971113
-0.277217067160757
-0.136287155403602
-0.219562621143089
-0.229106256080129
-0.114507569164096
-0.109193008437382
-0.0704509390952378
-0.0982495462863515
-0.309421281616648
-0.101873013130096
-0.297518090801293
-0.0286526102118731
-0.0708516185913208
-0.201513623274397
-0.135057264087937
-0.26700073224629
-0.193845008840024
-0.0815146769842596
-0.192120907024521
-0.141169422792916
-0.182842742497796
-0.194909310847464
-0.0526983229413148
-0.0513347110658844
-0.258324857494079
-0.0674587269012679
-0.120681099980577
-0.148282447538272
-0.180139806565429
-0.279758811781843
-0.1655254000656
-0.165033083480628
0.00810232872761876
-0.071984413060422
-0.110862944278269
-0.0490818472496234
-0.154527629509969
-0.00759999909065953
0.0949803946687448
-0.0692477669585594
-0.0677178419893331
-0.0798447399600816
-0.214916058821489
-0.0165002918299585
-0.236592934798051
-0.0376485693731091
-0.126881250341171
-0.0870827748071051
-0.0566151228051973
-0.194425121326465
-0.0147791143336554
-0.133907244820759
0.0911767545199771
-0.0920728271773119
-0.0313328866346195
0.0347259495539932
-0.0646401032308745
0.0209023716376527
0.00258783392986332
-0.0295471107873212
0.092158168737894
0.103225144727884
-0.0396183286322881
-0.148273626227943
-0.118654224759618
0.0599026123020319
-0.0838736320654791
-0.21858879719287
-0.123956123665144
0.0360351308660668
0.0280508268413334
-0.0977108096360833
-0.0665457570497736
0.0886483250358628
0.0602843417678507
0.0667793093992153
-0.102891606095838
-0.0187635596900268
0.0478435906987386
-0.022476712707279
0.0650443758680141
0.0416166894880629
-0.0120041156496623
0.0655798828546188
0.0564025118693019
0.0503855099330746
-0.161107732225079
0.0473247329729483
0.0160963392672797
-0.165806474408855
0.0675230942440199
0.229343639647935
0.0727447073278672
-0.020018322133973
0.0926120450757646
0.150852047456325
0.080386287621036
-0.00125826126006285
-0.118327933705476
0.121133227149108
-0.00957589166279908
0.113574639357181
-0.0363084005594755
0.0318271262126091
0.0652293359649191
-0.00322941553209591
0.0941437312783936
0.0374920578241818
0.0733365429563858
0.0939300179338967
-0.0250394598943873
0.0810000349770271
0.183359418817646
-0.0974945296980952
0.104915671230172
0.163890886126422
0.0563840246690036
0.0125555929839906
0.0989008809442196
0.15003489032887
0.111892563188464
-0.0683816221981751
0.0654632144831408
0.11161834687523
0.161327375159493
-0.0869974803714563
0.196558316694938
0.0857373669060316
-0.0437296642762522
0.116846480177104
0.150636325092203
0.195239451513166
0.131904422305882
0.0252383953112632
0.146494563142493
-0.00769862383859149
0.203561537449029
0.143810321709736
0.107492347537351
0.0462338611131908
0.0943599443111865
0.0262908507361128
0.0915283666888078
0.117446312632903
0.120708614518321
-0.0730933530004225
-0.0201748959526757
0.108884922740108
0.000667018021322532
0.0569150944896986
0.0333543956497092
0.29006190088635
0.229009381886486
0.234112951288774
0.281754255148946
0.130778939871609
0.0611608367405765
0.210288449429941
0.174457279058472
0.113525054123234
0.0475239608039005
0.271168385117479
0.0594410444068459
0.301009137509074
0.170821162029013
0.239745202430757
0.265507359929668
0.219380745851358
0.137945728223218
0.259145473849143
0.239499863015048
0.203837883142012
0.337604963849374
0.0783410918601017
0.219243691997089
0.0822729493550827
0.116131785432242
0.102599636550067
0.307340810552375
0.313301742102034
0.289218408184892
0.185092366178676
0.169507579252886
0.247458457544031
0.0842294576096722
0.296133265608013
0.205497615714923
0.295769917476113
0.196788147786967
0.061247004250108
0.344573330122781
0.139884503418382
0.284283482871949
0.326235735325401
0.0647187199349475
0.254425737247588
0.208432029990096
0.0218356045835406
0.115652941781385
0.455515635219648
0.350333278953728
0.215742187606496
0.169822889668532
0.252716054196948
0.401539267470949
0.295009406853497
0.113351015170584
0.127172165265888
0.161337012203274
0.395463817733962
0.262132104265926
0.341431163697324
0.179484108870111
0.220182193673943
0.210112625138655
0.241816901244464
0.144658598500235
0.345079547929584
0.391807136982273
0.376498225844003
0.157466213233029
0.304717694878478
0.332914718483475
0.382208738192388
0.244899345427949
0.250867832691013
0.352020939936682
0.256188386586525
0.318626463474107
0.22049699871504
0.211597953634555
0.473549417327878
0.400178145103389
0.249418515112081
0.270996819877538
0.312593767177002
0.282448268196135
0.384577347699537
0.233122601451673
0.382082255752747
0.41897347976215
0.394406503125516
0.304320685138715
0.421132356639149
0.445201315997506
0.198724083146899
0.276882870606365
0.362246122957175
0.281477713755692
0.115089302883193
0.31406983830701
0.300756318002625
0.332164989695071
0.217496260958345
0.415993460823999
0.303472525132056
0.327658520325494
0.451707732457954
0.359988450853666
0.161743604130014
0.336527340916632
0.421147086329663
0.330380459089292
0.403453735111414
0.322760974717071
0.326864842297414
0.284499536553135
0.316904052609136
0.336933189007498
0.506905772497706
0.405100996161584
0.420009273012487
0.354570180290311
0.40643760977738
0.281873635125255
0.34877470353568
0.235123557334435
0.264207897001548
0.357341387095295
0.362587060182712
0.303245994787751
0.267460374958538
0.530109108967067
0.3217314049044
0.274018140145757
0.407717985965764
0.293728840308655
0.258149539122341
0.525011614967282
0.517751242511086
0.457792967932102
0.475773291275293
0.406298994179239
0.28222846865033
0.441499823279458
0.526757035676514
0.399800619439629
0.411562121147596
0.458228762713538
0.309190181961301
0.375148100814144
0.532579496056724
0.431350647004795
0.383359583059277
0.36639145404284
0.405403970886485
0.440035165448787
0.526071347868
0.359539560677736
0.579814372836621
0.507669139923262
0.487775313023318
0.428389654853899
0.525910889858026
0.467657278495933
0.463426630498145
0.465826002763678
0.353654164208044
0.423803951524835
0.514878992437103
0.465728460362008
0.490809263132032
0.550773532254721
0.473835166092402
0.469070483452138
0.503453956029863
0.466080965202614
0.469574939280539
0.493047994715814
0.518238528632054
0.537181383199835
0.657215482730495
0.585948345577275
0.485886058688272
0.513472741580505
0.539759365711063
0.570397507500399
0.545360187965536
0.544824321729226
0.54490587190261
0.600552484818735
0.539793989690312
0.553359319779497
0.522128343334896
0.545211701700551
0.432927166571478
0.533341314430222
0.65672327754912
0.472982590017682
0.500182480598665
0.506453186415934
0.622695463679414
0.579676917406501
0.628070536210437
0.589037593802046
0.635259322967342
0.494517110915085
0.633353302323467
0.573384682136447
0.657689464517506
0.447734999028278
0.575046265167687
0.82499541035139
0.532668817154818
0.611720334875379
0.605705767443186
0.73953453079458
0.519687725726566
0.572965042709587
0.599998815185945
0.536840473378804
0.612590715836584
0.645739865107369
0.588854129871737
0.66480124883321
0.627055966532535
0.651426658346183
0.667241157978268
0.643584149262434
0.444058550233377
0.491923646044979
0.560304017140902
0.585423950245689
0.681268400978314
0.572905725821093
0.690317453533077
0.589038471075199
0.46839324475593
0.690766588435991
0.639786543509101
0.591118518358822
0.58210900400385
0.613528036856624
0.534106515584896
0.418643583334883
0.574400333034867
0.59783097512126
0.489425606071282
0.599301404148574
0.59956296170584
0.558152010781815
0.555484613627765
0.635810551926008
0.706573800302527
0.671205637594259
0.568602446832679
0.513486883242806
0.729237566373379
0.660182083608081
0.533334075951977
0.478674799458485
0.725619659258501
0.480502577807098
0.801019065344508
0.595429504841498
0.726393907961913
0.802141873093419
0.732437497409041
0.632868720143875
0.736127555055909
0.744035026284994
0.726659423049073
0.726166256415522
0.757453213270177
0.616603859449721
0.643658283566848
0.532525469048683
0.669192994095488
0.502686703832921
0.715688155053273
0.686458381725414
0.693547119178487
0.598953818617216
0.562051804602431
0.721011671770495
0.745618148555803
0.723135686439977
0.695508999306515
0.56344981912841
0.707334107064411
0.705724324673753
0.708377613373974
0.766047481946218
0.706244997073545
0.790684396445462
0.791680574217852
0.781010160023694
0.835383603739402
0.681719069076953
0.725852499892952
0.854782326105099
0.793760770041077
0.758237790868308
0.668889206828606
0.710013357782902
0.689421858463164
0.84433937296728
0.819691937143426
0.832545547824184
0.856735170259404
0.742640353971584
0.735098151223176
0.790687631828669
0.665456260657738
0.785050817821761
0.817935940318363
0.811164657602112
0.807967262027263
0.815416069257249
0.663550247369707
0.772424021522078
0.929852071018361
0.600126026165674
0.641364866404567
0.652385526138548
0.882761867641748
0.885997443149174
0.863996615738537
0.781109261706091
0.876077766115153
0.742795938823345
0.739126668427556
0.867620955919922
0.652861546803175
0.638029592862795
0.851157750232176
0.836074003387435
0.8227172002387
0.725827412140863
0.839789583045857
0.8766012833254
0.871195550684972
0.731246213098058
0.742608317858021
0.855290103837483
0.915493851108782
0.886659953720866
0.771092116840983
0.854485339897449
0.898226727911495
0.757936331092243
0.82856259472501
0.723497646461017
0.903216989254406
0.857401625651656
0.960881134065423
0.699298432176861
0.850975967186341
0.816538539993608
0.893846324026815
0.665650318043527
0.928668242850345
0.879793879434795
0.744640979865851
1.13815742291997
0.803867845510506
0.945014073641797
0.993333689956147
0.915244118197121
0.904601278676567
0.879717830651153
0.890769513218655
0.829487891217855
0.900869915908167
0.903765209284239
0.951980359192114
0.787145241431372
0.71322720398696
0.940641075769483
0.749262367616296
1.12741748680814
0.973626866112054
0.837334786685991
0.809409836118082
0.884497542082861
1.03109464305712
0.837979389980204
0.877656386357874
0.956531039585511
0.796518758501765
0.789418683133951
0.964881161328493
0.766622690752582
0.952939312575282
0.934891493467855
1.02152801687205
0.94944942354872
0.961091969537468
0.976735231284565
0.934833753709707
0.83516875464978
0.961096326395591
0.847899702690435
0.988914437689935
0.807522618590922
0.99516474953254
1.12837553359604
1.01783366250004
0.87033165150512
0.758566112871976
0.909681147429927
0.990114355851718
0.981391859251469
1.07271798284266
1.04309290828124
0.953603285154671
1.00441545968355
0.876206143010756
1.04344814739917
1.13473833665422
0.988761767964207
1.00206022585108
1.02452587712845
1.08336671243556
1.08392161315697
1.04432475647097
0.978179557170277
1.10237666592325
0.920727343796676
1.07879181737362
