-0.891368557316254
-1.09091772026664
-0.99076338309951
-0.886714132954772
-0.952975057672722
-1.01832394603852
-0.984602044439319
-1.07351555790916
-0.96747844553547
-0.899480911064904
-1.05673011697218
-1.1295555995899
-1.01117976857329
-0.943677602067154
-0.939544762202806
-0.924604938582754
-0.909812196085927
-1.07375220782788
-0.977760237767313
-0.731536425094064
-1.07332707048858
-1.00411389663954
-0.845579003101481
-0.889037225466086
-1.0049827689051
-1.00713928715587
-0.902241312130125
-0.791019439119255
-0.988645818874266
-1.0052929814459
-0.823051216927221
-0.842563357811966
-0.954280939641467
-0.933734310877386
-0.955003487437159
-1.09748970585145
-0.796403296927787
-0.996380725084451
-0.789235609518348
-0.8657453410413
-0.925614106979146
-0.930279662201328
-0.959929920573115
-0.889322808769808
-1.00314792895834
-0.94508025470945
-0.840655695186881
-0.894446113856818
-1.05878289442794
-0.977242858092955
-0.895693493872455
-0.908803926716936
-0.844769490192855
-0.94911712249425
-0.756244443580441
-0.839725349409759
-0.803739550641365
-0.875628835581209
-0.921197898892942
-0.868549973146114
-0.863770934720898
-0.884055038982437
-0.888949033806558
-0.900424607397907
-0.784879031979007
-0.921179925160319
-0.862144278112531
-0.909696102865722
-0.776043563083372
-0.783450918184422
-0.761511446676199
-0.750235931903956
-0.695563640431803
-0.911918706288831
-0.848810105742489
-0.828480992822681
-0.85132104768547
-0.701307225755738
-0.938183192443099
-0.744505541653952
-0.852845000238816
-0.836627157446478
-0.831970720388282
-0.770972037763627
-0.852889233842382
-0.769536235901214
-0.938740391808698
-0.863725182132161
-0.73693594934433
-0.68128638762249
-0.849493910565374
-0.699449562975082
-0.704976208438349
-0.872370828953894
-0.803543653938429
-1.00089993295711
-0.719194009582424
-0.80914741382006
-0.724740989260062
-0.775261438507753
-0.703305968616361
-0.845670480881455
-0.708810795688347
-0.870917101294085
-0.782299404162408
-0.722401075301149
-0.688939524382163
-0.662513013551248
-0.837368530931625
-0.916514046270135
-0.66327580301369
-0.811190691242898
-0.665689015926053
-0.75163363758142
-0.811053634503674
-0.787296799772142
-0.749876699665212
-0.725563617849552
-0.607836027343347
-0.611835710535681
-0.595946590686093
-0.68643619149141
-0.779136668689878
-0.722746880738597
-0.830851418348814
-0.799972727657471
-0.543123290134899
-0.743757763513162
-0.748035763612823
-0.617423907370924
-0.724128377656672
-0.819506361436999
-0.559355096463556
-0.853900361047272
-0.691130365670374
-0.73079781780514
-0.787913546941433
-0.658138037628844
-0.787648885171872
-0.807618543758196
-0.776035806928077
-0.713517692173814
-0.795643254711519
-0.759015812371687
-0.747330919056622
-0.723179935226014
-0.723471797975733
-0.702257116432875
-0.765003609298634
-0.709435771512706
-0.57854127922936
-0.740817857327475
-0.647578797508459
-0.628999740408164
-0.607821043532344
-0.511134915958147
-0.661699196227978
-0.642275054473764
-0.559247700167185
-0.63032305028365
-0.74540810722831
-0.66087240250777
-0.691055254960756
-0.80847765875761
-0.688555782113331
-0.511479400998809
-0.747408293731026
-0.672751692298088
-0.723874032569083
-0.757911471524321
-0.673591065061831
-0.715814193503656
-0.70935149463543
-0.728490676507452
-0.710888032395291
-0.695971217264585
-0.684098195735572
-0.653216046432322
-0.73945884354567
-0.748730301176908
-0.420739121732543
-0.535834727513612
-0.498000994978459
-0.533830665616102
-0.714744161904277
-0.592679456782155
-0.505070332352757
-0.560813242308985
-0.670653233748555
-0.787356484020684
-0.661176281818212
-0.663797680826611
-0.651292929672425
-0.556859855624485
-0.616972550854695
-0.788178920802044
-0.531682695199283
-0.679753460571739
-0.596195605716545
-0.684757754134218
-0.626259808900054
-0.725000793900182
-0.60169128644099
-0.682644109397675
-0.711559642008279
-0.623086177303542
-0.578014065271152
-0.535168890756291
-0.7062586877828
-0.470876734854674
-0.623810596016628
-0.451708934181432
-0.517118838723599
-0.690885946307117
-0.521143757747297
-0.523140399135997
-0.52655610910799
-0.612912523767559
-0.64399887618179
-0.517515948791355
-0.693753986711822
-0.479436458402967
-0.590638613357107
-0.564283682668687
-0.634101868173114
-0.486499910500277
-0.47520100426096
-0.529804302793012
-0.49735400231286
-0.651966167702078
-0.455914836077948
-0.626245998947505
-0.68551005886258
-0.5615966753783
-0.502503752951979
-0.511681078933132
-0.516510658375788
-0.529791443368197
-0.558269381451263
-0.476170932084213
-0.460225727529967
-0.546631490862548
-0.588763719322178
-0.632964111867413
-0.72671206220322
-0.510059393246059
-0.482255969911186
-0.496863283986497
-0.48356275234239
-0.465406549247235
-0.364333490848175
-0.495487427303799
-0.480625778634391
-0.570128694223066
-0.402198560811018
-0.553161267237438
-0.554066744062133
-0.571548632104823
-0.459713151764179
-0.51580482427094
-0.514778615191869
-0.380270199876568
-0.461134756775564
-0.570120511953147
-0.389222221730639
-0.36433477180548
-0.386039875253118
-0.413636242878978
-0.552662820991017
-0.517622980367168
-0.539323417807668
-0.382826886830302
-0.368190941310095
-0.371192298445146
-0.530026353130229
-0.24007096518661
-0.452282982338417
-0.421124637291656
-0.413007072264534
-0.478654554528003
-0.38855918048826
-0.46884562165053
-0.372422444839494
-0.404759049809607
-0.327571369198129
-0.387073877384405
-0.396648590156575
-0.284037695301713
-0.550364288201086
-0.27561849578768
-0.416053948641509
-0.389843812627523
-0.394409334424838
-0.46392102309362
-0.313073627562021
-0.306122906508986
-0.419381732998834
-0.346088146819367
-0.345758382641803
-0.416251715158408
-0.150363476011785
-0.311626332961649
-0.478628245081237
-0.265551295456362
-0.274849887467349
-0.334387495254378
-0.425810868519958
-0.459909331220739
-0.360868763080468
-0.398331940575844
-0.472958140120292
-0.428902617040805
-0.376788011576698
-0.443557825621951
-0.39420704018875
-0.280089967932804
-0.346336793541843
-0.372423999287136
-0.283586251780975
-0.293911245302338
-0.407404206418073
-0.454588283775628
-0.458846894356427
-0.272597282817709
-0.221393637894313
-0.383318822944507
-0.323070482920624
-0.256773082268888
-0.365724491777834
-0.333500500904532
-0.340278024756075
-0.334712402856823
-0.262086428701132
-0.385408112305108
-0.360790009016557
-0.208769835141973
-0.257847790368915
-0.351228449863031
-0.326830507278083
-0.396035822219359
-0.36859860474806
-0.349524609191836
-0.221415348814863
-0.355362441573165
-0.314369858239888
-0.285987203639389
-0.221002886577202
-0.226371132162278
-0.326794154086153
-0.276480535587193
-0.251238416759183
-0.219882965730322
-0.309823987807175
-0.204448623975847
-0.242579567150117
-0.25568915679881
-0.379420159667367
-0.193634473984984
-0.316618171802132
-0.308974735504157
-0.231106955301063
-0.337827213917754
-0.275155010087078
-0.400682820476848
-0.344751022165077
-0.219852257622157
-0.329458348357599
-0.375475730146486
-0.305178678447836
-0.129824841724936
-0.200429153816147
-0.284229444735726
-0.123780438735007
-0.141454195947409
-0.343179408948252
-0.305527655146374
-0.177936361347391
-0.332883296906695
-0.291004960305225
-0.283700620770757
-0.35331016468026
-0.281714662482975
-0.285767803550828
-0.333694329742236
-0.171456998004967
-0.370376913347713
-0.166964791143972
-0.447349132635626
-0.248865114406927
-0.24982902666337
-0.252647282275738
-0.199019050407646
-0.13397355352916
-0.270384424877158
-0.290532844249333
-0.191533550800582
-0.175899275716275
-0.228578372344404
-0.139388667004823
-0.232565814427202
-0.200483577361031
-0.03810844662451
-0.307435226378993
-0.199759177335499
-0.188379250153544
-0.245998839743389
-0.0339956103482807
-0.216695485328722
-0.258769120503462
-0.182153347466234
-0.2057949793531
-0.342147482927194
-0.196195309830135
-0.227732289727913
-0.249043441936331
-0.132716853452424
-0.223607442600057
-0.161214982293443
-0.108089835178821
-0.186842661722444
-0.177817055860294
-0.138050485088566
-0.158562860096405
-0.211021420713906
-0.237500570645272
-0.121292850521698
-0.0624546593265747
-0.0531844252711988
-0.0782060793936197
-0.245589394467541
-0.256709470591614
-0.047556565823713
-0.180083569023401
-0.245959116033268
-0.117943560176515
0.0018387110258073
-0.307771241029958
-0.196770943659267
-0.178143534856935
-0.171957024921707
-0.179517565089711
-0.328619311327562
0.0380216318821571
-0.0681004720331412
-0.105540501873528
-0.0504182546599234
-0.166548201664928
-0.163992533813604
-0.22927067589469
-0.040213436824911
0.0373054741780116
-0.0203210409028722
-0.16592404488795
-0.210109621613522
-0.0438833836002331
-0.0677983003930565
-0.0206650992511323
-0.0792847016098363
-0.226990040001907
-0.132194202857334
-0.109625301224291
-0.148273993977168
0.0269506475095983
-0.144181348798705
-0.0869353014689815
-0.151035651511992
-0.0226007947981066
-0.00136304983139028
-0.150126116514778
-0.092609745498245
-0.0103874966340838
-0.152533771354721
-0.0183780022246372
0.0217261422893813
-0.096903764930705
-0.0995987756616609
-0.016704716821002
-0.0713838237071185
-0.206477245118574
0.024477816457842
-0.0583853988584893
-0.0994224314830609
0.0957913032226963
0.0306407006589375
-0.106424594113382
0.00661608419875494
0.11658414908407
-0.17222751794623
-0.0127584912798731
-0.0791850581052145
-0.0579418602879571
0.0718927497670973
-0.144689877769246
-0.170510714127333
0.00828622601242803
-0.130196689075041
-0.0433796375455031
-0.0536632588528247
-0.152188505072969
-0.0953719995423009
-0.0481304679994205
-0.0682935414157159
-0.0129008256855453
0.0671960435825355
0.0167512770037019
-0.0138738727424232
0.125866217323375
-0.0847211270235602
-0.0537403905303943
-0.0276205067984261
0.0841845050371004
0.00380003623304354
-0.0937400738202113
-0.0189988010589519
0.111217021845461
0.100263717142448
0.0361111519637867
0.114398189333696
-0.00481012492358755
0.00829357581864316
-0.0661270426157285
0.0889783599404036
-0.00804578808097454
-0.0643377902807266
0.272689378862324
0.161060258373287
0.124817607593086
0.00373496642816612
0.0414273157988278
0.152541363794946
0.0600920643648687
0.0106682067654758
-0.0349439194786109
0.074963361224554
0.226418543097393
0.181976865673252
0.0143952800285196
0.0671722311364986
0.0865174383714882
0.123056823386386
0.0678051220568558
0.0292521025628243
0.203203561540255
0.00439534389054442
-0.00866288142858091
0.09191397392246
0.0724029434832693
-0.115721085647159
0.00517574893686163
0.192056148603415
0.112337242016916
0.153726804034818
0.106738316733654
0.221544324712732
0.200345841498982
0.152613856565843
0.0783118635685723
0.00454722242252423
0.141222636323112
0.0464808935804597
0.127027366429921
0.163612006806707
0.140264419145527
0.108891666702054
0.153567463164446
0.0625577839541786
0.0778695646188901
0.223602289688685
0.218672503864644
0.204908490961985
0.155420225254377
0.139042817438373
0.220873871142795
0.326275151444415
0.231284478255634
0.263127350655491
0.166173156558181
0.157977934621002
0.123434743326386
0.175089313883482
0.104820601017593
0.161722717099017
0.115851843508062
0.164409929457983
0.094761215848466
0.220496194983158
0.079778247778714
0.235001856941318
0.0232167035485744
0.363325680902823
0.0984389255438135
0.261997641454151
0.160323271652038
0.234734169351354
0.253509426379107
0.163608130956139
0.186580467479019
0.308463736303997
0.242291552599885
0.0988660216616152
0.248907617590113
0.141056729093205
0.233129881004139
0.306598471007082
0.293835621501162
0.316469952748255
0.267935447457475
0.120455013022008
0.233273820311533
0.318366948258099
0.225567847915078
0.438136133269295
0.164583189406073
0.170921848173713
0.186456266210974
0.231807558228028
0.136728734799433
0.373194807281996
0.258916788132177
0.261608336923289
0.171741553338587
0.321891488197264
0.266734639400827
0.155822551703889
0.181646617436014
0.345130350965431
0.202558874971263
0.231435993882823
0.161758256156337
0.37817205212703
0.396853934054055
0.327111970228253
0.392830670784451
0.270620011236584
0.20665136853968
0.307520620106694
0.445589012175538
0.181092663567081
0.234098785036284
0.236984741782217
0.247041569929357
0.144231940639737
0.223723718197775
0.245014023111547
0.27000774945328
0.346306062698525
0.200059229722919
0.264952108951645
0.274312044232472
0.265430069281169
0.377378418059605
0.4338071980632
0.258874375029548
0.402408818277773
0.261438860882187
0.416321360911553
0.252909359482191
0.406334718261252
0.328220558476922
0.330548033706771
0.114149670767231
0.465851833027007
0.358504498965855
0.34262281259569
0.332889514103407
0.236643692982929
0.257506792583473
0.301415266744002
0.297781451011168
0.353649214983479
0.17372599245037
0.279931671977214
0.250056311447734
0.351219003405137
0.288925477994508
0.238657433435987
0.335908464149993
0.481299229949144
0.298770357888769
0.38966514064951
0.336090564152656
0.297153330642601
0.412836190476818
0.437762036267863
0.510736299718535
0.273192038523746
0.429558292977836
0.444026221253239
0.385215360151378
0.406697920591025
0.433718328969866
0.461797508133716
0.373151975275672
0.457414305670752
0.495851653989817
0.46306859458398
0.317292626343017
0.445287566200616
0.537355843302697
0.410603806765957
0.369695904996711
0.394908487607338
0.46381781811765
0.642439645465149
0.456325787703291
0.47470712461375
0.330559117912122
0.231781445393354
0.348601831694105
0.348134376778538
0.501203147509711
0.332022980416992
0.448791038397459
0.243718733823883
0.4308459219702
0.423649486985722
0.422548167022056
0.515426868205387
0.461223449304382
0.632102998978461
0.563246444665118
0.477468689986437
0.583536148209339
0.594230242390248
0.409652638761224
0.623176790647705
0.419483858476246
0.412383167238208
0.475036898404664
0.352574665812257
0.441703098389404
0.552416022538264
0.676937381027014
0.723564133024525
0.373155471726836
0.49494241642492
0.417498384164318
0.618619296232171
0.456287688388274
0.483987917858464
0.421209283252479
0.319974874589588
0.435319741879952
0.427080263668805
0.489994894900875
0.56063085570456
0.539146847338581
0.504922134734679
0.426419672909425
0.629946947983705
0.425161852898902
0.455845079364466
0.395331951181913
0.51841038570943
0.457952904272026
0.333784956024879
0.574823925536216
0.544517997358301
0.487295033884878
0.56412653153246
0.540897380103079
0.470773572349317
0.395160784710553
0.529603386741696
0.678599975477074
0.61342819485197
0.469002231757759
0.408244815317363
0.569392951258346
0.497683086909077
0.607656503611679
0.580749029410773
0.496722941543648
0.620978619262953
0.606081922224879
0.54690443435073
0.544539060086489
0.695956969163218
0.490620364027041
0.494538610948663
0.587388284901987
0.639291338639483
0.467756368994033
0.597407892536054
0.586625943243061
0.342741081143954
0.639989967879548
0.496713888830024
0.34603743798029
0.769959696445266
0.651732763756154
0.587962756628207
0.532283655469379
0.516819981105008
0.653449959187014
0.540205421600936
0.670076931919774
0.609908429346375
0.619056902013985
0.611133860898854
0.685991980794878
0.622212103371446
0.621511403527686
0.642137565981584
0.575811833755788
0.662125499173613
0.74925904830077
0.557960430683954
0.505671830156777
0.50808987414341
0.753031616163289
0.672579442421087
0.721614591362451
0.497864776375855
0.639601460105118
0.529305438313165
0.63136331372767
0.536637794666037
0.589916654289878
0.646550322972716
0.726819797041781
0.635867824720055
0.74021665535809
0.642941172004367
0.629405224107474
0.582891841275236
0.550495284309792
0.711256614887092
0.851342562760554
0.707912149175665
0.743026487574777
0.599800855887329
0.745067058223668
0.772228697123994
0.558464939946448
0.677249185177636
0.615536840432839
0.605791373921165
0.636179824940564
0.742272374605266
0.607349092202569
0.635294821775399
0.655816570742865
0.550278025282696
0.621070623182214
0.73591475520521
0.543234105306342
0.834142126476065
0.631408579647336
0.688840049993026
0.567996570802535
0.787968250605703
0.647406796499843
0.724770107890359
0.802779095363071
0.691802987572118
0.802024456916695
0.685927997395773
0.676744726353256
0.746062142220679
0.832031876260714
0.87106139153857
0.610038704664438
0.678565963154305
0.801491194787017
0.849856183990548
0.705325169683956
0.654055308208865
0.636589750941115
0.7468429779513
0.72363799328641
0.662769208610518
0.688737456382366
0.71046772094117
0.822155241263136
0.723796148792606
0.733794491784836
0.830703154728016
0.870981508538823
0.756133990670799
0.749543264085868
0.693359275193002
0.704850546703186
0.599027349899656
0.740982859355869
0.613167853671461
0.757397615209033
0.67875843507016
0.896409385458379
0.898125403191745
0.802186537338026
0.898533499201801
0.754277639078641
0.846768116537483
0.774540109846231
0.71827584479826
0.684892584145076
0.708792380533404
0.705888114026869
0.699143600165051
0.675833941133327
0.643505081610911
0.791796380976242
0.681636259142998
0.78919961723215
0.728171543714111
0.750906780065196
0.719967309360198
0.730853057253991
0.817537561690171
0.869067817658507
0.804241676570226
0.808065611665116
0.736318237672679
0.857687981706958
0.938303831763011
0.987672339530663
0.829025938463755
0.828552941284853
0.884506355837534
0.751754268422612
0.927144933325056
0.786046608468752
0.858480709698051
0.890032840589909
0.942776934794136
1.01344667982146
0.824122978253406
0.831517487006705
0.811478466635696
0.736168403143097
0.763370813714298
0.898735307934491
0.925958290858195
0.899471968328107
0.999460354890569
0.740079243879965
0.910539662479922
0.920313760963996
0.712508132486575
0.767514222676099
0.906648056246367
0.820212967135073
0.904310789022293
0.977990645406198
0.904785411208773
0.926919552902288
0.88395012750497
0.879693075687963
0.886901684355604
0.947177896056525
0.859393267974314
0.974492023870638
0.866172951384491
0.883106818844159
0.95476281374273
0.767435505173669
0.94171837067657
0.912614948065318
0.736227624710367
0.746221128161175
0.91700476122126
0.841335443348526
0.90557957942917
0.821833286958777
0.919418556704696
0.901021709152539
1.00208947071876
0.91548532921677
0.937842320590504
0.928892843408335
0.797250028825024
1.06380675547243
0.950069301946924
0.936011905861846
1.05389074504706
0.885573729286849
0.881842840813543
0.97691076410907
0.990806250806108
1.01166573180922
0.856738600900764
0.982670643344518
1.01287435990508
1.05612468119238
1.03853014063943
1.18375184291
1.06533381514366
0.953575396527993
1.05627196029768
0.878661333451949
0.947903749545457
0.998791931599623
1.04382484856258
0.965187748182054
1.18837507305577
0.90716615239951
0.978667072712868
1.03377464867486
1.08890139711538
