-0.966035303554201
-1.00878429162464
-0.981676372338283
-1.0035061330364
-1.08814369118976
-1.1060026765626
-0.928098828240289
-0.904111948452732
-1.12383012771956
-0.816792684229558
-0.991531283352359
-1.02075291150228
-1.0480242587639
-1.01278338749162
-0.899971831206568
-0.933102584427725
-0.924585414481935
-1.03292711697199
-0.977760241916493
-0.94366067794589
-0.802200163262238
-0.951686300611336
-1.07346705982876
-0.918623372627148
-0.852241326741782
-0.899638441094514
-0.980996298343844
-0.963568639345649
-0.849846265251711
-0.885947532170217
-0.963151148294357
-1.06342275140086
-0.989526404766511
-0.972287508064553
-0.837688423650927
-0.833892475071864
-0.927809267748067
-0.791817461076904
-0.947294022786372
-0.903945524904129
-0.764376624717664
-0.843676275913596
-1.03861101578007
-0.969336568798181
-0.894645426872606
-0.869105342855481
-0.964358095755318
-0.89788196788705
-0.96636862760032
-0.801849698981009
-0.945495985706979
-0.999886060946054
-0.935306190825753
-0.884379553833559
-0.925859780089649
-0.886618217456836
-0.828933553955784
-0.828933780052513
-0.960695988433462
-1.03975002225815
-0.847821911531992
-0.984166401957898
-0.767042717034693
-0.763985809240179
-0.783776705964148
-0.806034391966284
-1.00149191602236
-0.825770739345547
-0.826781286933084
-0.756532163144134
-0.861022616444707
-0.906518190721942
-0.976142218299266
-1.16382405778387
-0.847752505194071
-0.821183820272508
-0.910698347558542
-0.971692654691501
-0.750463579801505
-0.794429725093122
-0.779414340472624
-0.874993360955976
-0.925943360145543
-0.890695862032067
-0.663029124729618
-0.764778089461585
-0.910208174038628
-0.820294732987604
-0.897274374069403
-0.933654677801921
-0.9115852215882
-0.764786656978692
-0.860638023451508
-0.758172055806366
-0.800799343512865
-0.768875687621754
-0.832969679166095
-0.724754906327259
-0.777619417846387
-0.761117826349463
-0.667289071441502
-0.743756144579695
-0.921346830662498
-0.856421053281378
-0.890161084865947
-0.609793916281633
-0.74119907358294
-0.742875140048222
-0.842175270920391
-0.649078769261531
-0.584192800819784
-0.70511569143794
-0.759077700222211
-0.987472242234875
-0.881303387292823
-0.895264813207014
-0.762996017927225
-0.729325622315522
-0.847686321325004
-0.757747166459422
-0.650461498669276
-0.921449041401121
-0.667828218168713
-0.820612350879738
-0.784187677440069
-0.718055980421218
-0.830801295093712
-0.62630363386111
-0.789625927391052
-0.759251973652687
-0.753099268909218
-0.747771982930274
-0.852250374516779
-0.676335209379909
-0.666015444108053
-0.735289118882265
-0.749568165722066
-0.738673090639615
-0.764117188276846
-0.748371605431341
-0.782687208344365
-0.652849274872334
-0.719674100240716
-0.697001183314239
-0.663650848959337
-0.583884131225669
-0.733507921782622
-0.664034576123148
-0.781047976625005
-0.56672222731476
-0.729562811381648
-0.80907405102937
-0.566227596970166
-0.761417683490132
-0.607311097656181
-0.65488304723621
-0.849057618384797
-0.638452792544642
-0.709354714846953
-0.578349804171781
-0.671901413027948
-0.693840899520847
-0.563588406211511
-0.720512011409606
-0.577142576152801
-0.673755833674321
-0.700312495513454
-0.634421086871646
-0.716923121606211
-0.610451354116593
-0.705063050476683
-0.649213699956567
-0.606220557268681
-0.677067300887087
-0.565381577089296
-0.546918270630732
-0.652593141403468
-0.74150367526775
-0.757512954990062
-0.696630351673357
-0.662502483614647
-0.56080812677471
-0.555595047313468
-0.542582788197359
-0.646285922946181
-0.588668870634434
-0.670590482528786
-0.532890985889738
-0.586550753213005
-0.733516682444717
-0.542757888257839
-0.588617884662262
-0.627107836257201
-0.620322574745816
-0.459016045645221
-0.760085731345315
-0.59589538438469
-0.590267206522873
-0.755371741423325
-0.572008437304163
-0.497484968187191
-0.677533284381631
-0.428080959195061
-0.682168881259973
-0.550479317084877
-0.629462918298082
-0.432368986223289
-0.599246924300545
-0.600458647796366
-0.615130138947184
-0.601116780577617
-0.724642712833323
-0.540113763370394
-0.54854075907208
-0.585058432224906
-0.52769262395436
-0.594603687804935
-0.519208375401633
-0.568721823930473
-0.621749763752417
-0.763708370775588
-0.658903652475264
-0.58539970710282
-0.489718888840887
-0.590637563981606
-0.620357274457105
-0.524116360152851
-0.557920455844163
-0.608813200321814
-0.604753596269499
-0.504281952509711
-0.524553938554374
-0.610984122358478
-0.615352387931337
-0.54512456868849
-0.538567426048753
-0.4776524811441
-0.620010830405094
-0.391479606147128
-0.503904323368361
-0.500842155708654
-0.521756316591079
-0.547999397868991
-0.539040185166552
-0.573961784304756
-0.566084870490328
-0.516280625524959
-0.598403096348751
-0.545355660029018
-0.473196906315907
-0.446352011859113
-0.512091410195755
-0.432226257276208
-0.43761930358984
-0.427098291496235
-0.427506756026054
-0.517520239520604
-0.438900413758101
-0.500420992747282
-0.58114280446729
-0.444288453933605
-0.543747758304457
-0.519852614931876
-0.537601143250266
-0.383240677760249
-0.261883585302231
-0.407589335476297
-0.430733150381508
-0.558719669667139
-0.484087009718459
-0.630371991495231
-0.461876225030305
-0.454420681936709
-0.423178294570298
-0.389960114797084
-0.400050302963143
-0.622444625954899
-0.463886597313482
-0.417337474755029
-0.345014330383177
-0.466893840481736
-0.339529939257811
-0.47942429187103
-0.659592584504773
-0.33732706800897
-0.490328390688864
-0.446826206330129
-0.429719649702615
-0.372938950656566
-0.413231442399802
-0.451657840273954
-0.2825629494277
-0.464814981086769
-0.345733970937861
-0.431425017319957
-0.283986914699944
-0.275576860641321
-0.426770892613303
-0.314103885075164
-0.260903495204409
-0.424914190667433
-0.341628030070661
-0.341741764948951
-0.250998064217165
-0.345589631253288
-0.299034676526317
-0.465709393104464
-0.443262522386608
-0.283799783921601
-0.492029698786579
-0.311378552075303
-0.413748179258728
-0.429497875620529
-0.401699702630503
-0.34546424867104
-0.372983306312686
-0.3810120051793
-0.405574579508377
-0.30094922068615
-0.439911922481822
-0.284980909900618
-0.428977630544446
-0.397966219329878
-0.462050079335299
-0.285977408572375
-0.467777442722718
-0.47820035760817
-0.255914382432395
-0.384132463486947
-0.272423126354994
-0.37498824359782
-0.449193267804993
-0.256838270388112
-0.509728026205374
-0.335509852362344
-0.179454584549888
-0.286598604492921
-0.391480820005682
-0.246859697653694
-0.327813946198493
-0.0973366239421133
-0.391643824263192
-0.233443905966409
-0.322831916147261
-0.406892984010388
-0.235606253703899
-0.285795061790521
-0.272997431964841
-0.336747186866034
-0.342656890026419
-0.0775274353247115
-0.373725533346881
-0.343295008023664
-0.357230162696347
-0.237369504545921
-0.224449484291861
-0.384897853917695
-0.217817786782416
-0.380277279539976
-0.359584477489361
-0.254606623140263
-0.299069369992712
-0.369984086467365
-0.161800387388281
-0.21973316778932
-0.240834451749716
-0.231941601444266
-0.21565274352631
-0.23658415007382
-0.339044920312646
-0.30850483732046
-0.271589035469534
-0.277892234352569
-0.211584749095164
-0.34445756215836
-0.204832651807519
-0.256908744809828
-0.310400516696009
-0.295113174008143
-0.395894017292155
-0.337197935358174
-0.161181924888332
-0.177326549691803
-0.177296775069327
-0.227333768083992
-0.359948986586013
-0.287414411694638
-0.307114045585202
-0.312876361185876
-0.182615473775074
-0.247526142409423
-0.243669707197322
-0.153054451288406
-0.107970149938414
-0.214818757524036
-0.346647510671945
-0.0424295225872244
-0.156188943433791
-0.266939553082481
-0.366479670407972
-0.246334548656503
-0.270851615826498
-0.128267812879728
-0.226988179472855
-0.335584282054201
-0.183924164273489
-0.194445923559797
-0.214277675851432
-0.073008912812774
-0.156858533896242
-0.238686360017156
-0.1399670763233
-0.197649545183111
-0.134348238013628
-0.261408034813433
-0.311750120133944
-0.0452160686305737
-0.235434825333252
-0.156798057034917
-0.195140246686841
-0.285727212984518
-0.101837323069588
-0.240962501367101
-0.210123502321573
-0.0949962009505112
-0.0922148841210466
-0.0675894619856491
-0.109850871185706
-0.284426401603218
-0.111732380164034
-0.294434134497685
-0.0325923146489841
-0.0901251050085967
-0.200773403280548
-0.155796656842117
-0.272384753397159
-0.193803913396371
-0.0568823476720762
-0.180393800833635
-0.154408423781665
-0.170086234052148
-0.18304747455782
-0.0321183816539056
-0.0727080541056566
-0.267439207977763
-0.0793000125282614
-0.111052324000554
-0.145203835912586
-0.197640318799322
-0.28951328842674
-0.144112889490234
-0.183865453290894
0.0067904123130152
-0.0901781602409066
-0.110023382839125
-0.047425152587805
-0.14868185304309
0.0339621861559308
0.0972505131299632
-0.0816629415907914
-0.101309073921712
-0.0480532450152859
-0.206488482979025
-0.0287527251953454
-0.235084415121779
-0.0243649440729975
-0.11259555751121
-0.100415266881027
-0.0411443154647387
-0.233454464447261
0.0181791289881288
-0.127944627667761
0.0826883479798735
-0.085153614427387
-0.0340053806113843
0.0529128637177542
-0.0671206476154053
0.0444596224439072
-0.0127779803260157
-0.0619826383086933
0.0997009936628786
0.0862008399482493
-0.0437280495952179
-0.156984012261396
-0.112059107271206
0.076051952490206
-0.0826285417263864
-0.207873905750679
-0.112635646701251
0.0473784259068141
0.0301268916932322
-0.0739421715865454
-0.0708828995678675
0.0646855693365257
0.0559420136780846
0.0541075802246525
-0.109170253015583
-0.0132758007431064
0.0493737849048987
-0.0280516757120274
0.0731229214629659
0.0383930559886749
-0.0130439356231394
0.0673587823348176
0.0748795329236757
0.0535524836310581
-0.149852027606515
0.033791223559362
-0.00702713999689295
-0.158406900608731
0.0604970857557545
0.224487649858921
0.0740292798620373
-0.0152832240206564
0.0885779831980643
0.154617545439288
0.0870207110268436
-0.014288146665623
-0.14352227810789
0.12716277471221
0.00583234235251562
0.12865314567087
-0.0456429307307502
0.0190297233107053
0.0669470006887403
-0.0223332125541122
0.0933789720883003
0.0266321502114364
0.0610526666668694
0.112869311483851
-0.0177943846378791
0.0813470470739855
0.175860731070116
-0.112462385984036
0.121323840528539
0.158645154402449
0.0457686942440857
0.0403297002097635
0.0865669600930267
0.146200899804174
0.0897814348707871
-0.0597773059139008
0.0597426784693933
0.109512756278952
0.179188096616124
-0.0775909274314982
0.188337279827395
0.101196368470271
-0.0608051752402003
0.117000447872816
0.143237800246965
0.204985643635716
0.115705009762219
0.0389111737830774
0.139863045479824
0.00188396704525006
0.203443492344796
0.127846873875551
0.0855110193164496
0.0567863297664812
0.0815981481518396
0.00706800546020025
0.0997254242357701
0.110900303298617
0.124275507386212
-0.0698938097163882
-0.0100970067635379
0.123279236039485
0.0195506968503312
0.0425936126680637
0.0384708552696986
0.269742980996136
0.233665451764366
0.232429792416945
0.27124066035217
0.126503603846311
0.0595837314938932
0.208171034350321
0.157870111547855
0.105332579196101
0.0738931472245244
0.253774065290731
0.0449749469463255
0.29750459919376
0.162179835934043
0.251020494659449
0.284101695144349
0.225835836739414
0.139683527065097
0.272957815528518
0.238364196616379
0.188959509216441
0.326694752335896
0.0835714804302793
0.222679791277358
0.0797183490115121
0.111687298022276
0.0725328957134697
0.316775213654605
0.323009974624942
0.302220981452603
0.187531518333829
0.182065364573062
0.253853556365735
0.0943847337799627
0.297040745948939
0.214398343140013
0.308395141799845
0.155272904919694
0.0500458625323106
0.318396235338326
0.149296830016137
0.251302727915643
0.354471509836388
0.0739662563437531
0.253982376286236
0.190340413861873
0.0116149740532717
0.107608276705793
0.46483200298004
0.357193065551702
0.210711109610719
0.153807691136149
0.258149033985738
0.392465996278601
0.283391634475213
0.112546327269951
0.123620800060712
0.152879139783805
0.413046796888704
0.260120526138016
0.350554770487359
0.160197014668843
0.226635017264884
0.192558689246159
0.247139818532553
0.152871679394728
0.37331015531054
0.397372430706844
0.399795784260083
0.15258914371524
0.305240804236454
0.320279802977581
0.375514608872052
0.249978080115614
0.256660732601941
0.342056296276803
0.281573086103191
0.304661007462515
0.237932386981645
0.225333565237976
0.471606303123906
0.38258794851321
0.24623423387259
0.279687946823124
0.340222611191631
0.291121987745477
0.393094632499565
0.240927565755965
0.383043009932403
0.412305930213974
0.404290279436895
0.277753214441451
0.416924429092553
0.438884549108852
0.200988377314455
0.278809945846659
0.376736861963261
0.300773075667023
0.090589263426374
0.316487658607389
0.298895209467635
0.332492164162175
0.214676116890705
0.430451795539515
0.287670915323869
0.338678184547952
0.446553883532087
0.367164242543281
0.169803474766471
0.33668668702586
0.437390223926799
0.347938983039972
0.407475794249479
0.291621268929994
0.332330766241378
0.282611622540144
0.345084951516178
0.328600694862458
0.497245334396385
0.381077266654208
0.402806517147079
0.343082893066392
0.408459021919702
0.261028844575538
0.335324835512795
0.238754716688173
0.254683880354706
0.362143038503064
0.350293843583673
0.307400501568769
0.247333296905917
0.540105624146011
0.318434463108382
0.272592733444812
0.388209894268478
0.296288020343971
0.237286968601039
0.563003928922321
0.513826448887072
0.470481016777533
0.476247468895226
0.398153586413474
0.280140466259707
0.436483493014005
0.510868979233389
0.41321290565467
0.412869350619498
0.446816952856308
0.30684880397448
0.383912999159005
0.531945891993719
0.416284594553116
0.382250376884471
0.385813430904265
0.398168292809855
0.45004290352749
0.511047579411927
0.346855531106088
0.569131102565125
0.515680800157841
0.510489387996679
0.428324009483141
0.524818219907675
0.469499069962936
0.449639352076762
0.487985255697094
0.354873828781506
0.441557401102584
0.502394329145785
0.482578811726715
0.503168576139105
0.548968786528272
0.491653445304899
0.485155548259628
0.49779743144806
0.459280177124164
0.476367325841951
0.487973552623879
0.484379010783454
0.546462112536293
0.645110392779861
0.582873915806868
0.51675798355868
0.512016949850625
0.527716383834488
0.570236106089362
0.536977036963022
0.538501858311852
0.542036228495135
0.586638093822502
0.542769208793838
0.573893230099548
0.496313645112078
0.540735678757288
0.464164656522683
0.533391572660383
0.658587634209857
0.476478134829392
0.513293438881787
0.510814794425136
0.620689314296134
0.59059888913719
0.595484799007946
0.614447109705046
0.653867707075506
0.501516008814876
0.636189076081543
0.605649352563976
0.659618954791739
0.420266757927087
0.579359939561837
0.813189993118696
0.513585260144915
0.609505331897914
0.611392986590912
0.743329445208683
0.51919888724726
0.563449920752768
0.59962940552286
0.527206658311192
0.6232437792888
0.661275283617325
0.589204279268911
0.691370321919855
0.63006611747513
0.663122262863562
0.677870884059122
0.660049728350892
0.451572355727307
0.495639284052961
0.563706158667088
0.562744067485416
0.681217215542525
0.576944642956572
0.69842061936492
0.593111075116562
0.446842301920415
0.707442042554306
0.663532992846295
0.577307139541258
0.595275803335008
0.593418632261909
0.556390194789861
0.424121733345322
0.589347954338987
0.58368557268911
0.50526683139544
0.583695917118655
0.615285778674153
0.583458239015205
0.564335462944313
0.611975641563014
0.694368932379689
0.694035551480898
0.586852033010954
0.505530658218077
0.715050846928375
0.688130766583001
0.528608252118108
0.47148392443824
0.713468484953862
0.489620547434146
0.812039626210806
0.58719514275395
0.719454150258947
0.78728453444462
0.730301062278496
0.640686167784285
0.73463413204632
0.751903944497244
0.73226255147967
0.724824161488983
0.7449747067865
0.623278154066798
0.648292864815431
0.541961566342166
0.672039571921483
0.513354122286144
0.734588946378036
0.688140244925203
0.708854631257456
0.622778277071096
0.567763811703021
0.737837072006061
0.729170431219494
0.720054706153493
0.693091778400615
0.551307558048971
0.694158757175124
0.692269455067928
0.745997910426077
0.758888888442832
0.71564987002903
0.778169800857026
0.787467676694875
0.760667983967142
0.859030053254792
0.673408739286056
0.736841446055892
0.865170164086821
0.803882009373467
0.774083264119552
0.667999133532358
0.681660732843612
0.697361950195307
0.871644085775169
0.816926744176713
0.861350929564383
0.871000011671151
0.752311881541694
0.747440104441172
0.80330007315079
0.66571019708212
0.79709035307622
0.811390407989374
0.79390010715638
0.84062855243747
0.801394910438273
0.67629243671177
0.776811764867263
0.946741965567402
0.602781964942569
0.635818588578574
0.620184867392039
0.892324750736558
0.898676213356076
0.886275626249221
0.777611497326139
0.868915416262573
0.754658643194775
0.757479976469497
0.846218595032063
0.66175698448606
0.605904824704032
0.843550612118715
0.835521665930995
0.829053719074713
0.765626366705085
0.854394975051555
0.868866211552086
0.858792354965906
0.738002761639343
0.722423353450699
0.832954352245673
0.923597651978909
0.872442965735153
0.764135207754661
0.844615668935424
0.915473395040315
0.763253225183841
0.837894007363375
0.705450481813385
0.898309399048675
0.853421416698246
0.979555783669784
0.702318596287564
0.855847303262499
0.829261664380673
0.900834246518551
0.689650924908213
0.931474501242145
0.890053468968056
0.756338946329636
1.13577753052361
0.787032229265342
0.915475227726131
1.01045668233839
0.920837202000113
0.895710948892323
0.873360914930745
0.888578251571692
0.849824933146078
0.880423998083546
0.907673169647745
0.946238818925563
0.793365527209918
0.718386677258107
0.953417827416129
0.759974178988861
1.10658177067688
0.985534346435473
0.843236213185448
0.810544681421381
0.896761858808025
1.01330012201776
0.844029890972489
0.887381232053096
0.95028723798496
0.810204775600914
0.784205572113818
0.969412266061399
0.753233937964686
0.948542704360302
0.94818092923908
1.01355842394863
0.954215443178526
0.947767774408353
0.973345182775293
0.938238065197804
0.821736784521796
0.968208056760899
0.83113328314657
0.969198547871724
0.834755205080541
1.01830053443975
1.10431710732432
1.01667237005939
0.860274639358167
0.772847053010365
0.922387501318681
1.00809337417243
0.985303522419837
1.04432089105287
1.03926485211154
0.941296434434352
1.00512370351431
0.89164471333787
1.02929861715583
1.1306371955499
0.986888710318942
0.982504271708409
1.01456561747849
1.07666442777817
1.09656401523371
1.03445149037288
0.980699871983282
1.10046633611276
0.926011619065548
1.06290054366482
