-0.94765792507197
-1.00435545485341
-0.974312951228253
-1.01748045855175
-1.07156654813333
-1.12466066370828
-0.917304505252814
-0.902070974583892
-1.1272097817272
-0.808003810496474
-0.983285414505523
-1.02938304734541
-1.0556351766577
-1.01077090107618
-0.89867476045519
-0.929297784519062
-0.905889929667653
-1.0453861089111
-0.981353490859766
-0.938431978719174
-0.776704141430104
-0.956700586060464
-1.07398093016065
-0.905943360872451
-0.881118375643459
-0.884868710812241
-0.987118138856048
-0.978562279241096
-0.870466382016056
-0.897359352497576
-0.974569637881365
-1.05611240584891
-1.00026582202115
-0.972619813908828
-0.851121513414125
-0.83798597376118
-0.955849237856879
-0.775590009059851
-0.952477282089507
-0.885493900253601
-0.780881047250808
-0.828146344787778
-1.04459223124153
-0.947842749388322
-0.898335654731154
-0.876579778398554
-0.962945417987748
-0.902558082267034
-0.939371317678356
-0.795750388363442
-0.94841873158461
-0.988983728518468
-0.939425473481602
-0.897750554616384
-0.931871329669913
-0.875371771189121
-0.830520393780482
-0.828354931287724
-0.943040536437704
-1.04928367035626
-0.833799551549963
-0.981255907863877
-0.809764300960706
-0.767529980009013
-0.771119572739498
-0.810941004263509
-1.01074110930586
-0.842946717093507
-0.828481981952938
-0.778527569233968
-0.855724950391209
-0.916765927417148
-0.973088699437092
-1.18129707745259
-0.854206850462309
-0.833161576224669
-0.902462413406009
-0.978798592052225
-0.748017210229562
-0.835620247601841
-0.768342220971032
-0.86749388937535
-0.950401106046858
-0.880909607283803
-0.646244747677672
-0.778075803765968
-0.916294739021005
-0.827148323123898
-0.886697526547901
-0.939377779983963
-0.936136053441284
-0.764743750486193
-0.869879531261958
-0.724922932763358
-0.80900100835327
-0.797207387057666
-0.849933986111073
-0.71655399211072
-0.774260877318207
-0.765133123697716
-0.668913966650728
-0.755214886224342
-0.930106272140414
-0.844585983283007
-0.898926165802251
-0.621150114779066
-0.753865422181204
-0.752843532825933
-0.826628044625757
-0.641824763503688
-0.603428315030506
-0.706623136112893
-0.761174555511373
-0.967437737615759
-0.890228409984271
-0.898353268390987
-0.762817402005585
-0.755071596182219
-0.864657092395252
-0.753424611353781
-0.671406519900327
-0.876415509183209
-0.67925732847519
-0.821806273673434
-0.792649741579637
-0.723571445822594
-0.822907384831416
-0.623570294822348
-0.793688518402392
-0.767632042310229
-0.743493304035178
-0.763389019260172
-0.858807366033807
-0.681840312014391
-0.684868530633912
-0.741265723595531
-0.721365801284755
-0.706334602460464
-0.768236289759009
-0.755142703373209
-0.788242964395273
-0.644341846456292
-0.712640780757661
-0.683774665986583
-0.66997921353847
-0.580793507734811
-0.738781525631493
-0.656219320163045
-0.789851907863072
-0.582790317844075
-0.729363158016485
-0.791810743184674
-0.567504932446586
-0.76222774241399
-0.62733102645761
-0.64697210633055
-0.839792539406616
-0.61970671299047
-0.697608554538179
-0.573154319603559
-0.64358882754949
-0.667323870957816
-0.590173412904649
-0.703583946627589
-0.58739667256368
-0.710795230488498
-0.710278032663713
-0.61410723820287
-0.723531068395941
-0.603829930545463
-0.717114767254805
-0.664720316619089
-0.587899001287658
-0.705067178024791
-0.574144162359101
-0.524241218487889
-0.638501885461178
-0.766333701931687
-0.779916658333382
-0.711187505841187
-0.65225599936738
-0.572676223957531
-0.530916002937713
-0.55579501471476
-0.647676084396646
-0.588771504937086
-0.655908851774067
-0.529860174743617
-0.597414855664179
-0.756780102873919
-0.563513669724443
-0.593242096875711
-0.640670217650364
-0.620326332528261
-0.440731407551716
-0.776310257511348
-0.594228379425401
-0.598446979571412
-0.729996666209654
-0.575979646989749
-0.484765112814046
-0.663935774891693
-0.432431807305793
-0.682492454606411
-0.545230307344188
-0.617889051184805
-0.406284293780024
-0.58184865084149
-0.602114347632348
-0.612322265926587
-0.582643040781002
-0.711619691510564
-0.553238474092142
-0.546169611213706
-0.611266583643396
-0.528817456436139
-0.607859115443824
-0.535976231224872
-0.588972454929802
-0.587807614401854
-0.756591086610614
-0.65110475589875
-0.560407585882575
-0.493880373545772
-0.5972098304642
-0.605612091000846
-0.497724649751636
-0.573349327877773
-0.615397669237374
-0.616852203656869
-0.511139283095537
-0.531669195644736
-0.591117612615464
-0.603724089401253
-0.566691792041007
-0.564226794984438
-0.471279228473958
-0.621926698898512
-0.402483634186713
-0.489292684316505
-0.51641936253597
-0.538708333492111
-0.557520811891775
-0.545998452159531
-0.574259434758098
-0.560425288535253
-0.517989849064283
-0.615382344262842
-0.552244608738222
-0.474625429954101
-0.427795454647277
-0.522087941649495
-0.446880153388939
-0.444504631005479
-0.420760160686537
-0.434738021882042
-0.510574129410724
-0.426351772801838
-0.479504732121642
-0.583452661834924
-0.446394339808567
-0.530223611641131
-0.510391423182873
-0.545154512104754
-0.390984562098854
-0.260059588460597
-0.393674935187089
-0.41793525655534
-0.578708130539133
-0.457957866908055
-0.623919783385674
-0.465259771980749
-0.458870986572409
-0.434399781131222
-0.402463728600018
-0.414417688846355
-0.615811517446291
-0.462253735811954
-0.423371183890981
-0.359692670982049
-0.48282038366793
-0.334668162777617
-0.491080999403406
-0.62687371962441
-0.33540421421703
-0.49716854586502
-0.449893748864226
-0.432134091028707
-0.397697970118543
-0.447457083713885
-0.446179082041361
-0.277819441622946
-0.466554573989277
-0.361196060744479
-0.424159227655127
-0.279108823134299
-0.282521511603292
-0.457917599645589
-0.32289051854952
-0.289170972947604
-0.41226792711746
-0.339625860548469
-0.34801876060026
-0.268144176187397
-0.333532692798038
-0.31300066126513
-0.462144492199802
-0.425368019806827
-0.300015077531778
-0.482166753912999
-0.335338130174415
-0.41136095124467
-0.422416254810098
-0.383295688696745
-0.351198218856592
-0.349650057371518
-0.393586478386909
-0.397757155817823
-0.318064069895099
-0.430433488997935
-0.272327632134665
-0.431479807514622
-0.380808076110331
-0.466125071541998
-0.278628393220979
-0.475611726009638
-0.473928726676173
-0.258006719825141
-0.375513578038933
-0.238374686884375
-0.366543961386647
-0.449982551188188
-0.264640500956202
-0.499968304830512
-0.332238355749477
-0.187461663389656
-0.297582853767479
-0.391533645850869
-0.23540788993378
-0.35046820977976
-0.128489767908058
-0.398161800453868
-0.233036880224144
-0.318578622432043
-0.4196027502924
-0.238012306769902
-0.299091943072842
-0.278355975704719
-0.322503578237582
-0.352338948935478
-0.0518516890077744
-0.391032082843498
-0.349602438960233
-0.353304909968442
-0.227907531221856
-0.233173048274414
-0.360168072560124
-0.200090726776332
-0.382016206149757
-0.373955945884697
-0.255082617544543
-0.286693361002773
-0.347735267415358
-0.152009947337605
-0.245480088095862
-0.242723038791303
-0.23631765523459
-0.225510791449471
-0.234465446934035
-0.342835454352182
-0.319746517941273
-0.269859053930579
-0.282928496608568
-0.21294040143463
-0.335180300925003
-0.176593390417618
-0.276821457233169
-0.323624756474753
-0.275150097704146
-0.415393000033254
-0.323651015513312
-0.172328499006349
-0.172750542237107
-0.16946527600416
-0.251761059390968
-0.348377068288252
-0.287615390528505
-0.253307823817042
-0.317509832317371
-0.165982402884048
-0.248236428362965
-0.248862190714758
-0.132190809897852
-0.110588675743038
-0.206174348633251
-0.341189591236289
-0.0521386460599842
-0.157543544904519
-0.251556967891383
-0.374025739982639
-0.283341391167115
-0.270319498481197
-0.118880667686162
-0.220729472846707
-0.311785942770726
-0.208441663659802
-0.19197440522316
-0.219076713818075
-0.067291458987517
-0.178053875211797
-0.228073180045051
-0.153215026194572
-0.183599989504847
-0.12744163168928
-0.269298504647013
-0.318878491539842
-0.0457654726939078
-0.260134258566271
-0.169046535527254
-0.182746933120287
-0.268920025907989
-0.108536345050819
-0.224791704661784
-0.209783990433068
-0.0686402685011519
-0.103132114600315
-0.0678552305288128
-0.109819029693765
-0.286149236339006
-0.123320944536121
-0.302054881015868
-0.03516940061509
-0.0865710156523022
-0.196605749894369
-0.164001080196702
-0.25326822058191
-0.199021851551301
-0.0601100509525959
-0.176135045810617
-0.147850535503257
-0.195993007629454
-0.188517825366626
-0.0374211620674148
-0.0621886145671524
-0.243831919161572
-0.0793493785199879
-0.144647580325907
-0.157401713097285
-0.164467149528334
-0.279669996437781
-0.151768470353545
-0.152882446319407
-0.00137877119518526
-0.0656099370286825
-0.110491588581446
-0.0501402334798212
-0.142900448099171
0.00539440886494705
0.0972231247321843
-0.0789046735879418
-0.0920676260545649
-0.0555170007547776
-0.200835060998542
-0.0100534986740984
-0.238912892298561
-0.0281378206684689
-0.0995044933312675
-0.110919070021185
-0.0356278910230071
-0.206839344369234
-0.0203304373072981
-0.135218474653739
0.0817687684777555
-0.0877988379586194
-0.0519527881483427
0.0498473442077479
-0.0634589874176472
0.0275736488886869
0.00373147087246149
-0.0204311939554602
0.0861631079887778
0.102343976002542
-0.0266586017630353
-0.127037719266604
-0.118737752804828
0.0572124507817239
-0.0731673217285787
-0.213359340210232
-0.109438000947116
0.0319975307741654
0.0408975366153891
-0.10484562739687
-0.0904305742710585
0.0793082446828565
0.0704467938914596
0.0612300976647503
-0.111985432325025
-0.0127189624419953
0.0526498358638386
-0.0317741124239687
0.065722038938337
0.0483449940298251
-0.00168234153140596
0.0703151181757042
0.0744735862321552
0.0654262162006067
-0.155566137907733
0.030718627280204
0.0135821948781245
-0.167948843660503
0.057997460442354
0.214217928624334
0.0638744444264272
-0.013845687527234
0.0874193394685913
0.162693335931076
0.0781223539601209
-0.00966165022185466
-0.136543064381333
0.115335609352878
-0.0129975325295913
0.120223168594273
-0.0604960340457667
0.014050916385872
0.0622100058682485
0.000566143635005006
0.0851768580008507
0.0403866020379432
0.059740380764826
0.101882622576389
-0.0203506643558731
0.0830949159178606
0.188606782920687
-0.117497797532771
0.106402653429527
0.159737938177491
0.050202478925962
0.0241667942378727
0.0826723161462028
0.13934204434033
0.102205814741489
-0.0640938095526262
0.0640944006564004
0.114271565974677
0.175016403822711
-0.0772311525068117
0.197286556577983
0.0779777638983005
-0.0458583020617832
0.115936978776203
0.1729023477394
0.192516706334128
0.139622067691553
0.043733559096734
0.151881199455894
-0.0126548989544293
0.217224515550612
0.133958263596064
0.109854587847979
0.0554205904973546
0.08983795312896
0.0151414770244524
0.0956704667331584
0.104397742217766
0.104492052885881
-0.0890424543714995
-0.00928787665253743
0.115315339223736
0.0253874791178093
0.0453371648712151
0.0288101428044746
0.277543148582185
0.222944552969003
0.228655037561769
0.275899824436831
0.125024480740156
0.0712364661038774
0.195361733184394
0.168800709730478
0.0895518038497848
0.0532410417443978
0.270857826236564
0.050026301790537
0.297525535282541
0.181937393986357
0.255640047012792
0.276067677232657
0.219307272632221
0.130935825581321
0.284701634712141
0.229808628435114
0.201982504850447
0.305777619340408
0.0638484269441421
0.249745244290048
0.0696448375136399
0.111129028695558
0.0896819292237974
0.319130069545515
0.346444131810153
0.289244097437793
0.182541578346128
0.178403060174976
0.260932039512061
0.0645457139096707
0.283007214893312
0.228898153699232
0.308660833094052
0.177359497112922
0.0789057070028878
0.335672157032053
0.153308753820755
0.269754051545137
0.323276969498858
0.0633801687123538
0.254831393199721
0.206538696879918
0.0202360470575511
0.106682883137414
0.460792240402354
0.356734389928103
0.20341021689541
0.166618534495333
0.25372890660759
0.412524862695033
0.297631272055522
0.129004663503641
0.133333940662962
0.155716763519914
0.391845279649812
0.263624078190888
0.356395947784211
0.151154229507596
0.222657475396075
0.199581471192732
0.251212542552582
0.169548946179882
0.356671350140734
0.400900394703014
0.380383476410122
0.159483558454254
0.302635470846311
0.339272453175919
0.403972435150171
0.271597106200683
0.249979614140493
0.351721504376051
0.250057862734763
0.302432964188172
0.228159770404477
0.208514332738934
0.471365347501234
0.380917940966874
0.226683248128426
0.269618663760688
0.322076755016009
0.28176704767463
0.365925621832019
0.270716940919398
0.376745751846813
0.404794443519401
0.40797783238399
0.289790887574241
0.417854170308342
0.43506290849262
0.174813867474649
0.279788706438197
0.376038258301387
0.279498712054938
0.0905363379220931
0.318060099028235
0.300635960061134
0.346385766710927
0.223392332400161
0.412355283959972
0.289458305768545
0.314734608585464
0.435648509781398
0.341951612687641
0.167161614940726
0.320855476558568
0.411304781519618
0.341100541671922
0.389463154556166
0.323185014341571
0.344184118238546
0.293864348976695
0.318046482628263
0.33368833554318
0.524274784488777
0.391102594216019
0.408151961565389
0.326321172692149
0.38464386077334
0.284789672749464
0.332211210852097
0.234544416325419
0.278591665129
0.360774291234897
0.36801505825599
0.30565681940022
0.248706644487683
0.543254908866844
0.328573799462551
0.261271115400849
0.414191973823073
0.295598166456029
0.268229897521978
0.548018683252521
0.511001596786658
0.473020372618075
0.46053857247258
0.405749625019708
0.26252527504842
0.429466716635828
0.510801741996389
0.427049997986607
0.420030901780295
0.47147263343244
0.320196144676462
0.371653684633175
0.529688605442678
0.425261632149954
0.397129333074921
0.377790750118278
0.406679718035878
0.440775682523398
0.490070833816939
0.361420739763419
0.584460554763378
0.520269655478879
0.484207210513123
0.442070287113842
0.521018660254151
0.477318698870384
0.43260050860501
0.471704429985545
0.353603687588069
0.439334342192621
0.517445122873095
0.46098385845295
0.513804096622205
0.538559892448052
0.508722442095871
0.473601586067942
0.513418168933912
0.45963134267606
0.484501786091494
0.495195146780682
0.506710761196316
0.524703664936698
0.645711076426696
0.577084555196019
0.506943588519829
0.502561188488317
0.529551570345893
0.568898415282536
0.540918080547847
0.552153327798674
0.518362480992611
0.601676922761137
0.534838756154444
0.560355280983642
0.510074530346208
0.538364837041307
0.450912744827711
0.525026296812529
0.680611695555128
0.470495214233731
0.516068336416759
0.49132781460715
0.618357297312812
0.567542648320014
0.598919361117777
0.592497518258684
0.623139099017116
0.500520269493638
0.630612995280895
0.579379877069118
0.65141139669862
0.424276370888415
0.594540032522355
0.838599183493695
0.535440432202452
0.616705346527546
0.611899554480812
0.72650574985071
0.519740489151111
0.561651285915204
0.593909370224891
0.534729536904104
0.609138952859229
0.649691183791747
0.587402275770044
0.678070114389855
0.633417816623005
0.65348362178467
0.677587275945809
0.633266304937486
0.456735690135129
0.524031050699118
0.568104451744312
0.578272395415352
0.68726870628608
0.572209847890504
0.691819262552086
0.578194937831175
0.481703526824224
0.710129870758814
0.650445023900887
0.583417734735747
0.602428439626726
0.621777493979405
0.535964370196608
0.424436195893621
0.59146173284589
0.577925459637978
0.501001881151652
0.592653555848736
0.615760965777748
0.574474240613788
0.55195929118124
0.62807840643869
0.694779108465965
0.685197650049838
0.592089797716227
0.508760424972339
0.753062292753231
0.673763316131023
0.551150196554315
0.467345711390881
0.726611216413947
0.48081508940918
0.801614454470383
0.581979016725765
0.723546207587662
0.81226599435239
0.712920213532073
0.623098950309562
0.719789365977862
0.738536287368981
0.73672864347442
0.734835232108386
0.736583834880215
0.592227435904093
0.637347211547788
0.546752259406931
0.665334467830105
0.482918792697737
0.743786163942016
0.693717963116461
0.701917389398613
0.599047443316538
0.545205637340447
0.721340563757819
0.733951027185803
0.732520724405007
0.675611718984326
0.552858728068631
0.703154593103754
0.690709932736308
0.716878446668444
0.767284373999043
0.69871035951606
0.776360279282989
0.796053863607337
0.759813196742084
0.84655726701237
0.700849386119114
0.745430911243564
0.874705154810089
0.797175754215611
0.765900247141677
0.66692816862173
0.708331186951942
0.686948767548621
0.867414007103422
0.802975008427018
0.825255163667689
0.848275292771923
0.746147040822443
0.751480746500145
0.829794035465864
0.647180779589249
0.794237186195134
0.821728773440125
0.79410240733213
0.818708215599581
0.81297242900517
0.683514650004861
0.777095352956221
0.933265699612372
0.616888836599461
0.64022284084313
0.658673737437681
0.875917176973907
0.883997864847848
0.850270663218787
0.768871804769175
0.858910311182779
0.753808128147914
0.758637101756436
0.843669350854636
0.659942626187062
0.613973551106587
0.815660184459846
0.83402809130292
0.81795673855544
0.76289325053929
0.84449352718403
0.873771244198951
0.855701695249179
0.758486460575517
0.737978310223976
0.840334680989301
0.905166824372559
0.860052410324825
0.773581423500143
0.854852287614825
0.899852395314941
0.752475219964064
0.823834872540388
0.708352848818899
0.886531337561771
0.842588074498372
0.957149454307076
0.696161328300808
0.884873480139892
0.808771852541077
0.903104426007689
0.68235119687772
0.929978001874238
0.887949495406661
0.757736775257
1.11883732960801
0.793854063288214
0.927763701154065
1.00895338621798
0.909710605362943
0.900001984683357
0.886275888844302
0.901366114390732
0.836972461560523
0.893251438984569
0.904250458884312
0.945767607456715
0.76886381116253
0.713309279486015
0.95812002430207
0.764738434164641
1.12708705548245
0.986655774140657
0.838739659135541
0.808123035620286
0.882885327258384
1.04174631268631
0.855286384777363
0.860397842162552
0.952524215104351
0.800612307991036
0.789697880868241
0.958617378690483
0.751411422362707
0.942354820100687
0.939758293478133
1.01281694717227
0.959522388763915
0.962190397559337
0.961573158285901
0.953477729798612
0.831406759000517
0.972077576143122
0.81290479446552
0.995368361129493
0.833052197170916
1.02450019877385
1.11232408036145
1.0117803851497
0.864287084992072
0.764095055239866
0.924194854940961
0.989013952698428
1.0149652094353
1.05812775191847
1.02804001731743
0.955182602341548
1.00560239379435
0.850398821847614
1.03822254927863
1.14350101898574
0.992298500436113
1.00195478105148
1.01682674425744
1.087224138574
1.07722353124799
1.0295953334648
0.979896526842847
1.08860101232056
0.926868675575551
1.04479611438563
