-1.0109770666712
-0.883837833053254
-0.960395408201378
-0.947944490036224
-1.02131970714165
-1.07980114244825
-0.987124673874918
-0.817405417725494
-0.894390472152996
-0.950352705911192
-0.99444777279644
-1.02901353588035
-0.965634645441944
-1.06713410153208
-1.07122131508508
-0.961784926101717
-0.9919455792991
-1.18551024566214
-0.989074978769429
-0.990665047120118
-0.987531226985298
-0.949882615564407
-0.876561317404529
-0.937006033255693
-0.823761769477757
-0.961457391042735
-0.877301286481578
-1.05611494009637
-0.957509468311853
-0.76358713120565
-0.890518319272585
-0.85828807047234
-1.17544382838263
-0.859647319943181
-1.07052668993941
-1.04989586263167
-0.837397196089036
-1.07182363438965
-0.943583839103739
-0.801456602070529
-0.956661172789075
-0.867923023220177
-0.704702637736039
-0.741219112317275
-1.03274167763999
-0.853641918118486
-0.981235086117893
-0.980220812830681
-1.07622997849554
-0.795618689245131
-1.13490782740455
-0.981704064881344
-0.945969917008617
-0.721487743219836
-0.928091853429298
-0.793966770740611
-1.02298747035603
-1.01203889642294
-0.76269640228514
-0.930126214737567
-0.791353549569528
-0.985489553655175
-0.838745543290304
-0.838044738205308
-0.828496349197626
-0.81342069002406
-0.803029224748068
-0.947743307192166
-0.827250348392117
-0.813634832980149
-0.909560892104821
-0.827361764867856
-0.937535183920152
-0.687572632934875
-0.760824976515294
-0.732596504349708
-0.848671467176177
-0.770158776621792
-0.833575123370896
-0.822436517254195
-0.866036376066925
-0.752312121280223
-0.899715513473782
-0.762475997615103
-0.767712732975129
-0.688111962587934
-0.738017395637306
-0.996568304774329
-0.836229078476271
-1.01140762788331
-0.819965141393512
-0.785503835537841
-0.925559160181695
-0.790696349535762
-0.81218802725412
-0.674530876630732
-0.763642443942071
-0.916259391714837
-0.722337107690416
-0.801213330163327
-0.778671237422072
-0.849713905097855
-0.854204626757532
-0.835977937483678
-0.803488165242129
-0.823971596975161
-0.809579590749054
-0.948427126133615
-0.746424051970555
-0.784123201931852
-0.779938190021593
-0.82442319213002
-0.708000417181483
-0.816647491579791
-0.741779147044872
-0.652253784829566
-0.794125927806525
-0.628356054296173
-0.755241540995429
-0.676502688918837
-0.774527303176033
-0.848016191124779
-0.729474408985145
-0.859713629143737
-0.655969821912547
-0.656014077196535
-0.798087641401904
-0.757803365848618
-0.848150816913575
-0.670353720405925
-0.563298153757405
-0.752586297669002
-0.660016246821097
-0.881742208080712
-0.481872792237209
-0.747026691999891
-0.741776093801214
-0.797769717826398
-0.664949661248534
-0.655179288018147
-0.554561328492734
-0.574404796818424
-0.685190955351128
-0.647922129723357
-0.808797916605631
-0.798874072539297
-0.756241300037511
-0.7230628870115
-0.66435496318622
-0.825655251104362
-0.698692687011244
-0.724778484529288
-0.71416804265113
-0.770245474435369
-0.643971645688873
-0.630832429883103
-0.781274680720527
-0.59183629109478
-0.654210771327704
-0.699243529407212
-0.63757270989775
-0.652940994717642
-0.750690176153045
-0.714714349776409
-0.591319056379656
-0.585859832013869
-0.866981332669974
-0.516741025613363
-0.733494333274219
-0.650080645055457
-0.678047226011128
-0.664092575896486
-0.597344140730694
-0.648500641515571
-0.589440015332747
-0.677076399788504
-0.656198912939114
-0.485841783866415
-0.794306027498209
-0.645109154257394
-0.684183346158515
-0.587009556019379
-0.632142335652641
-0.542869247928368
-0.593266695205939
-0.595548795485564
-0.663817708895718
-0.530492110855886
-0.653537357655015
-0.577005139410843
-0.492749598644017
-0.709217170013223
-0.667988716132659
-0.619754692234936
-0.596210599172009
-0.7282413170879
-0.56170932722673
-0.609028393359182
-0.655967334656655
-0.694940391275692
-0.46838639767038
-0.554630896604861
-0.723193698559947
-0.603014218112938
-0.693350305212759
-0.622177764628743
-0.76509868613139
-0.641752151954609
-0.573638918767571
-0.505467080179801
-0.649134589939596
-0.540080626285433
-0.582599448961901
-0.544328682380442
-0.58388150318735
-0.539218787874399
-0.579160251495528
-0.6266348915722
-0.608159954641747
-0.691200044665532
-0.522288865646183
-0.581465516555954
-0.57859975183424
-0.593228025656286
-0.472554993998044
-0.447443837896692
-0.63907933235052
-0.551778784370688
-0.584090511964125
-0.519176557729322
-0.333153923411855
-0.524752606344057
-0.388252558034027
-0.599499833353994
-0.42396859941419
-0.650148910575005
-0.511059562418803
-0.525453840056507
-0.533480771872137
-0.60852785870909
-0.485729786148351
-0.525378259762806
-0.637391272921843
-0.626458810664061
-0.396639747821706
-0.452337139725564
-0.436594969397931
-0.560221434289318
-0.410946398428416
-0.466365959424472
-0.516008765404121
-0.502443538333521
-0.403360646085774
-0.561571843318027
-0.613461777684312
-0.532504315023979
-0.464703009977267
-0.427098138414198
-0.437438674050986
-0.361964242531898
-0.441938042522531
-0.602352336936318
-0.375318127857707
-0.590938920032525
-0.559631447440591
-0.48826063895084
-0.416581743248941
-0.283034769558877
-0.346060723907606
-0.306834886196929
-0.397279563820685
-0.406580546957107
-0.494323704108444
-0.552981890935751
-0.381550252306063
-0.480827588636627
-0.541661937157723
-0.433619969318136
-0.441585476172307
-0.448576823346408
-0.4790511476587
-0.366595013829858
-0.518331781868684
-0.265865002409729
-0.379281966316496
-0.379970076314403
-0.460117468833671
-0.451857607902058
-0.50786902448219
-0.33338984572789
-0.414997359737487
-0.477497818016317
-0.4676680701898
-0.413395250539276
-0.511909554259335
-0.319639680299105
-0.456174745255279
-0.455073578057071
-0.599034720284687
-0.411313945066288
-0.444513867901413
-0.417424377121009
-0.27722716720724
-0.330253150587421
-0.378775295207896
-0.35770757910159
-0.310356889417747
-0.278530814601403
-0.322134376085224
-0.329043975101792
-0.512047216416837
-0.443010281882035
-0.146855603033859
-0.50606845937515
-0.328147620297295
-0.349561859500719
-0.394102612481687
-0.439294843536982
-0.439379122965187
-0.376277239833729
-0.350593181337981
-0.34028648133393
-0.252670959742308
-0.361583699248678
-0.347847281985667
-0.301302846880276
-0.114493492314403
-0.29829808599231
-0.356309387011674
-0.16859616442225
-0.482229925623464
-0.394267545829982
-0.308184065546054
-0.279637094601987
-0.277259075709861
-0.226256794795294
-0.441543389219939
-0.307275434907747
-0.331471061496943
-0.348216470109139
-0.291049704034502
-0.220807739382519
-0.280309155086016
-0.45133149194977
-0.220320515405706
-0.187873727367359
-0.219991055623509
-0.2228439275612
-0.346928671094368
-0.287956283302023
-0.215504940919505
-0.367145445380248
-0.20911063895034
-0.345385475242535
-0.274845228235294
-0.282770792493906
-0.231444152107002
-0.284647923261497
-0.252014246462583
-0.321033668720589
-0.396757280540708
-0.322974036661485
-0.335514073917743
-0.203789939248855
-0.206363140628089
-0.187358440042344
-0.325748110371199
-0.276973429730119
-0.239659385867406
-0.182212757411382
-0.336572683688518
-0.221991455571414
-0.452229285810092
-0.188381185871976
-0.299106325971179
-0.309719835559859
-0.197109917983312
-0.291495117288302
-0.202479696738346
-0.25363824201322
-0.364445481764286
-0.266685804916587
-0.252998441908854
-0.34173435769474
-0.259825213372669
-0.261020324552408
-0.377901437586932
-0.202886748095473
-0.0908098313103264
-0.249736902342936
-0.173165177418115
-0.315464678202166
-0.0677244411018019
-0.13733423113751
-0.287793085469129
-0.312626722723215
-0.131077266370778
-0.226098782075833
-0.373922393694097
-0.15611025498551
-0.203342106338304
-0.209548836300282
-0.24739514177914
-0.26681846176667
-0.312442674924997
-0.122488028907235
-0.0874581311109723
-0.305111854566368
-0.103731591301548
-0.154898149598425
-0.138249009692775
-0.22133223944545
-0.164779613773528
-0.24528100085965
-0.231929181470723
-0.0676461461042972
-0.223158242448108
-0.313991841730009
-0.197066434384968
-0.158648758281444
-0.0319559521017747
-0.230739291068972
-0.182786623889124
-0.188234530499194
-0.261353620996112
-0.172987660126146
-0.226847105100335
-0.170844778482862
-0.128088227217944
-0.0714355444945804
-0.151416329157108
-0.10853166976705
-0.237158437321385
-0.115572770816235
-0.0548121638101857
-0.154454632648445
-0.140019893998954
-0.393303670242012
-0.101725806146022
-0.189058574419485
-0.0549692456575089
-0.162267686018438
0.0069962987147041
-0.106203821835584
-0.0771405860301593
-0.157181245315454
-0.102163228981321
-0.153365971714108
-0.0893571752622386
-0.0546703216636675
-0.271622372766275
-0.138075199296082
0.0701205883006163
-0.0561732344262107
-0.0517637013076214
-0.0963424650863107
-0.0501498890642673
-0.0514337593027851
0.0180576447093737
-0.00932767266693765
-0.0483985779043262
-0.138174136033996
-0.0326647966148744
-0.00195589624142166
-0.0846868233444264
-0.111337609905856
0.078183362036818
-0.17837301236835
-0.0256092728036083
-0.0198125778573612
-0.0970639623523082
-0.141192692005003
0.0174634850787002
0.0401037405932488
-0.0529544508006543
-0.141938795382645
-0.306199440622566
-0.0511336726044651
0.0666394480961022
0.00786392753223958
-0.0101922154338747
0.0309892796848892
-0.109270551425707
-0.0868915569821512
0.0566105125427941
-0.143098645430492
-0.10757991644937
0.0933539732097645
-0.244493108916454
0.0726714421400831
0.016758396784374
0.129127168348476
-0.087892420476701
-0.0464971244675053
-0.0710805070661972
0.104637017191227
0.00764277335184915
0.04616652646614
-0.202015204048453
-0.114211686749252
-0.0592827293282008
-0.10175003880158
0.0370945286826317
0.0158759297166877
0.0676980640225419
0.0596865648227245
0.0317642957295824
0.0939925777651064
-0.185884305063546
0.0210716422834403
-0.140631895398829
0.0673293959291351
-0.061281381051925
0.0863171644761884
0.0373941240150015
-0.0391951879005635
-0.076085846717533
0.0977785378140995
0.0347078235172963
-0.0302263916127699
0.031655413381715
0.17693993841628
-0.0479929152244402
0.0866100667524053
0.00218416423609074
0.0715535116842052
-0.0917999055706339
-0.0997014507255418
0.0793866221906294
0.126546838312567
-0.0363356130651204
-0.0815246656797707
0.147854691462043
-0.0141430305707781
0.0648341398325826
0.0122570295517443
0.251113297234536
0.0743231388608036
0.0266698140111752
0.0320390170569117
0.153317025282174
0.0244837100323502
0.0586282854148563
-0.0146839290288244
0.0201123714522749
0.070852857417114
0.0875475667019064
0.082050810811148
0.100174529326867
0.211482715041186
0.0916096476440492
0.00866208781806223
-0.0665525385041488
0.0423161989751286
0.158590858436154
0.0867966597956955
-0.0252887258811765
0.151701653148057
0.188439394970961
0.0545297639571403
0.0983272039800693
0.0786925790162897
0.189606011656389
0.270047396581367
-0.0294599528166426
0.231097856035025
0.169857879594501
-0.0893810477742873
0.148542248424532
0.138843068509804
0.064871681644059
0.150046257122242
0.216087318608752
0.096236752175665
0.0423765873139765
0.0821442232420499
0.319196562233011
0.264243270899541
0.170552547515194
0.183113011096314
-0.0435763625744857
0.251632434174784
0.227286298457675
0.0638009750449284
0.0862012876342356
0.0857545920408374
0.171403906210608
0.203883951034742
0.210985263126971
0.0445821458271818
0.108814820402093
0.287273012310809
0.134308429406327
0.234466981584686
0.0656238783682104
0.204331652536618
0.287888126909336
0.245948729178696
0.170123196283335
0.285739961807884
0.123829776153059
0.330079745397263
0.138823798767996
0.318204698844513
0.204778163397883
0.0140650014133117
0.174480820396157
0.275258993513462
0.278302391458195
0.353821270481673
0.188929476450327
0.190403050727389
0.354067821315926
0.312598156439535
0.279518353546028
0.145440685528369
0.0924561083675211
0.289128643443809
0.258710579701402
0.0426427840625981
0.236937077630459
0.25980804569245
0.187005279538937
0.29731952915987
0.201300500544726
0.292511833617313
0.106795823804997
0.289405164586644
0.194704732888628
0.401320374795015
0.415262901416196
0.257802767799424
0.109371950961423
0.261583792228842
0.246228688512859
0.330471990910954
0.125694767726367
0.435467232079592
0.274980934977196
0.258592067702726
0.150849480341357
0.318369714833055
0.251151909496906
0.277445922052858
0.146328796929119
0.248200474986738
0.273058367014988
0.368384776325564
0.254907131914786
0.305515403055473
0.39229896266158
0.267417927663471
0.403857068374664
0.425516318537354
0.32576724060508
0.344961962893856
0.294206728864697
0.362985594398862
0.413076667565693
0.250709405598374
0.303972099183043
0.299398065060559
0.349699543365354
0.387930960099039
0.536557500611228
0.43512942767774
0.33066546173397
0.329473942720165
0.296944642123961
0.458316603609851
0.311209348206695
0.381333471428602
0.332405597585426
0.440435749691718
0.226228428786318
0.412108208450638
0.22477109436891
0.240108771098921
0.261077533998686
0.309473899108232
0.445556708637022
0.219948325605752
0.358758880376352
0.306115853357793
0.339817570857493
0.493851986939074
0.448103582779003
0.340107831420317
0.409236805909998
0.437126772493546
0.286836721363157
0.380741717586944
0.323927221647109
0.329019203556617
0.421267524854209
0.431361835331708
0.368966605662884
0.482594789368931
0.484671957334675
0.261810792614175
0.442811158581248
0.525312085720905
0.451963325604188
0.404269610635804
0.364092819746579
0.398150994689318
0.378121203291267
0.400600283722659
0.251211595633609
0.407527417518971
0.563690875673127
0.336018383662527
0.448013757349719
0.580733833444691
0.494165886698315
0.466057175926788
0.355777211344244
0.542270686109618
0.34392336939812
0.408396328974395
0.46882707081779
0.334738132597193
0.492145860042941
0.353073439693312
0.447199407113205
0.36573695621062
0.548604377673474
0.527012611678672
0.366744611611825
0.431113079608147
0.504362685545634
0.489495323087825
0.492084097653236
0.545992179814817
0.374219235282432
0.452975933793076
0.461394352920246
0.586049529983762
0.307251345757157
0.488169671413456
0.418463421043423
0.632165033222853
0.633035836450672
0.429958005266372
0.68887700296608
0.498717007440872
0.549770426915496
0.547350004381081
0.420214892960476
0.477963330619111
0.457778089663919
0.494485169860422
0.496875517299257
0.457167990162341
0.532366739009655
0.41869198693121
0.536715374877744
0.536387187132299
0.39361675066067
0.544038740178443
0.565817157323686
0.522378363006743
0.539981592985866
0.483205413685104
0.490582418346827
0.490153467361603
0.621826511323813
0.532317523853054
0.636641990353788
0.471766818098947
0.429025484998749
0.533023877478033
0.515754357258931
0.527169732449643
0.526575602274461
0.539857621052574
0.493171847948228
0.535211673344153
0.606685356723249
0.556969305813659
0.545818185277406
0.466799550130848
0.589586924614168
0.454013403098301
0.578056581054702
0.490653557740761
0.538234607380448
0.715499268025701
0.507267024841523
0.623011430294674
0.540275284219101
0.507913752417434
0.585709450319251
0.683119165712565
0.503771949313361
0.504045132751911
0.575289343907786
0.61778001309329
0.489629083372073
0.599296310918423
0.511456666339025
0.66334599559635
0.564271378526226
0.613136792023609
0.578691171776765
0.709151676714523
0.581916393223052
0.546312572970401
0.483680242001351
0.689566082129014
0.649437543941629
0.581837724748751
0.666912720979304
0.796777908939473
0.674572166735166
0.616825701783911
0.657892506624251
0.659042264349635
0.513518424391244
0.564836135618389
0.627866408925203
0.718854239767482
0.612955719802052
0.72828704440486
0.660165439964959
0.51493985051596
0.743136215073996
0.708723032589928
0.742379905674144
0.696419705683953
0.550868426798063
0.57945371885844
0.652696331863683
0.784823076232243
0.586030460428543
0.634782115976836
0.667524992801891
0.866652402249161
0.654038827941055
0.702089601758545
0.717763440194037
0.76218407701246
0.640729013773173
0.7822423437439
0.637466526782527
0.854585942729071
0.679615173914076
0.814283565456074
0.700181603931563
0.604858538257563
0.713601145175252
0.654422028515812
0.821661116914438
0.654628709020573
0.768051438423765
0.989295249941146
0.808873068469638
0.585261683515438
0.686228607093568
0.793172438330986
0.615439474129884
0.628691932393484
0.642259352098879
0.901915549572182
0.74464272506301
0.693341504908081
0.61757809003679
0.821744338007247
0.73153075301933
0.711952822719866
0.706013266612556
0.796436127146719
0.713218787619373
0.697583219735273
0.803155027135369
0.647287762952058
0.822193635049337
0.764903208310239
0.967347679964031
0.703991644586803
0.61514103527595
0.821505124823693
0.76621690937907
0.700716166580268
0.842994293483607
0.894632172561625
0.77015764403098
0.586428174388592
0.872214552108565
0.718964249302504
0.778562681658252
0.744860975552019
0.877205881456359
0.705498489504722
0.829952897383319
0.809679476525231
0.718980272612019
0.848823750870852
0.623512047371381
0.90746748490414
0.881144405261131
0.732683552909479
0.727598327319448
0.81729804777584
0.74487485473786
0.644445364871624
0.799698232273575
0.857916357985378
0.820697124548789
0.838097640982729
0.873707143068167
0.886151021556741
0.870696558574791
0.853129410719216
0.846893628003673
0.67368985149983
0.809491972404061
0.895188092466241
0.885444669544606
0.822405712015954
0.900868049053073
0.956556487884352
0.797148996900908
0.848994164484753
0.887555023268593
1.01029778667091
0.786523815771831
0.836041832489114
0.815794328487143
0.830063715761291
0.864674835151431
0.765248809819636
0.827541629852601
0.874451591795528
0.806906510997875
0.69705515482036
0.782594548206942
0.817675747889203
0.813771333659509
0.801675359189355
1.03002200232558
1.03176263094342
0.926985379563003
0.849700156225166
0.771532446281575
0.996071192664511
0.792571603508519
1.00830255605814
0.9149137137866
0.759219258306423
0.96154361789804
0.8820803934093
0.808244839723459
1.12238219695929
0.737500673211659
0.863877291884673
0.873741512974192
0.918831703130184
0.917928087276017
0.889683410911108
0.963618296021994
0.994539800067547
0.906810480460578
0.815115403668745
0.940338699611932
0.825386595416432
0.77177717864848
0.995970811036537
0.862444823322226
1.07156146352185
1.03986564594726
1.05233981486082
0.979158554010981
0.83372166091784
0.905851821098492
0.926907439874564
1.04979009580046
0.789520421264914
0.912219106676026
0.931468879913375
0.909061399495774
0.849911775762865
0.894699258776796
1.05783621697526
0.977062111087227
0.943850192304199
1.01326172927107
0.989807527706577
0.854337772496292
0.940896308441076
1.02492984583816
0.903631617816123
0.965524099130293
0.906797292838168
1.03700358548632
1.07799299404338
1.024086526132
0.967017486209471
0.935383230041587
1.20539441596606
