-0.90631256929736
-1.09466828037342
-0.998942175566532
-0.913478607016396
-0.949883092764682
-1.01098259401415
-0.977246220325853
-1.05295432191069
-0.978769959050504
-0.884042857699541
-1.06173582816741
-1.14852511652529
-1.01060857315552
-0.95866475829203
-0.952829222591618
-0.899908989477615
-0.903417295944348
-1.0639421396519
-0.98852239439218
-0.726918788303888
-1.08129386388704
-0.993345636904342
-0.846161791399846
-0.868192037954902
-0.994024920199415
-1.00156549241564
-0.902899008357161
-0.811068586444832
-0.985858974859142
-1.01709754190923
-0.84505244483193
-0.852212565956419
-0.959880152285786
-0.929926362228886
-0.949447909141777
-1.1275184856215
-0.792098520525879
-0.977316690816005
-0.792512489635232
-0.900420607647737
-0.909553680921152
-0.917510853349621
-0.96023295505846
-0.87922311631661
-1.01855656321699
-0.940677035322118
-0.840034084611856
-0.915810308446938
-1.0676104232412
-0.987634094878726
-0.894676725561597
-0.915652171934938
-0.832236514933876
-0.942894757540581
-0.773234493678004
-0.840873725590615
-0.821905508320548
-0.869878660933008
-0.921673013447133
-0.883828346364466
-0.87003845285536
-0.883206303209201
-0.867320118918081
-0.910156473582568
-0.792351776132485
-0.935491052256667
-0.853759450221406
-0.884155978560889
-0.782973698308796
-0.792260510580418
-0.765623322280054
-0.736549218363037
-0.703516259383204
-0.908876822068943
-0.845615583930253
-0.793276155017392
-0.855325204260741
-0.704740235989615
-0.959840556138185
-0.72565243884961
-0.868583451670686
-0.824399181935043
-0.834690911050444
-0.768526884855201
-0.86396042134771
-0.771204501679371
-0.919811577176821
-0.850420134081742
-0.731033853147463
-0.652464070385425
-0.85790580389768
-0.704219142054991
-0.706466370442409
-0.89071533780776
-0.799107808713868
-0.994039407058638
-0.711573282228113
-0.821269876023089
-0.72401800813367
-0.768956402310689
-0.715740201300104
-0.849170804454788
-0.6813432750359
-0.877773707245337
-0.769908749395937
-0.719050147280023
-0.674126283167758
-0.666432875658086
-0.844619101482495
-0.88605082455295
-0.645896309810014
-0.849017633137755
-0.672504618325074
-0.742573043160645
-0.828167153882231
-0.790640271983544
-0.753063186190992
-0.721334076367541
-0.594482193015554
-0.613336492308323
-0.594030220896615
-0.680938817091264
-0.777911771943331
-0.723205299670941
-0.833345731632733
-0.77394801822966
-0.54842319279139
-0.741263041336735
-0.744892307845207
-0.617215345512594
-0.721257946261587
-0.839302325018943
-0.556200625153481
-0.858201367177301
-0.713414514901728
-0.71091883239089
-0.760151918121392
-0.666860418027776
-0.772011375363734
-0.824628272061043
-0.796691002997506
-0.72335046924
-0.770657847744064
-0.771507756412261
-0.733669327979536
-0.708110836739334
-0.711887229647534
-0.699683081316694
-0.765141266570687
-0.692754137884845
-0.582238538023176
-0.76684784681769
-0.652223753745661
-0.636851527053175
-0.606056502250519
-0.514093712583569
-0.676308190590829
-0.641066456551514
-0.551432957861288
-0.608735891629709
-0.728905730822224
-0.674210238016961
-0.689960631938362
-0.810317490465926
-0.665007248202635
-0.526657977095065
-0.757306333353781
-0.698504113296854
-0.726414448594329
-0.752707394680298
-0.675126099032788
-0.695368123216786
-0.719358474540414
-0.719453580113261
-0.715362688773507
-0.692943235345857
-0.683087871629951
-0.656942164719218
-0.745750447218584
-0.756162283591953
-0.443791589060373
-0.534259554232615
-0.528367389430934
-0.534866470868965
-0.728897714811819
-0.582343354083596
-0.49649755978153
-0.558749670758159
-0.657873034923116
-0.772116573791604
-0.647707808117093
-0.66840316761538
-0.639713435915575
-0.582111840977896
-0.602898972147994
-0.812119676654181
-0.526333746547391
-0.680703608142617
-0.597072102029914
-0.67071681970009
-0.662927285760956
-0.722322667754292
-0.593363454504059
-0.681200208870367
-0.701063394635254
-0.659232363193697
-0.556733347842353
-0.541176807207172
-0.704273697476551
-0.476466851395957
-0.617226416594333
-0.421396515399465
-0.532506304776176
-0.689121919105489
-0.501508401903361
-0.548099980881961
-0.508899942897017
-0.603971096756646
-0.638917317560915
-0.525618055271501
-0.691946170182579
-0.493568204213742
-0.583701866726904
-0.578006504931609
-0.633495820713107
-0.508521850242691
-0.504245765543946
-0.538471788721885
-0.527387446092837
-0.628852062989126
-0.465000287745041
-0.611240183997871
-0.694049764981261
-0.573511366055901
-0.513719250029026
-0.505487963565976
-0.534970110062643
-0.521816246555668
-0.555862116597632
-0.482407902775681
-0.476095800925486
-0.570539465002384
-0.59411215140906
-0.652566367965571
-0.707442448502259
-0.52095567018091
-0.470974286817734
-0.495910664783875
-0.489609391080556
-0.470723687799366
-0.384042173305457
-0.522297661308573
-0.465575815738129
-0.602581053900966
-0.389728795753111
-0.569511368932357
-0.562027350564582
-0.578217286335858
-0.485300500708092
-0.504001161871271
-0.497825989468389
-0.351012018755654
-0.458803600838908
-0.57952183413228
-0.40735240698426
-0.346809215758441
-0.373499152490581
-0.414085513410553
-0.552577464875218
-0.509762051600457
-0.510823194789356
-0.371443580138744
-0.373010304368736
-0.384832473531816
-0.542397194179027
-0.237479626095556
-0.464850842411928
-0.426063654579008
-0.410445537245664
-0.47234416913177
-0.386953866526861
-0.480385056836208
-0.365295476022532
-0.399769017258833
-0.340741521042123
-0.399025055890808
-0.386121131607202
-0.307850354674311
-0.535058221294351
-0.271471231415806
-0.422611102855461
-0.399696697039848
-0.397755302840321
-0.454429246371094
-0.306876808152785
-0.310112413925674
-0.450763685287941
-0.355110151516196
-0.342973492632881
-0.404837960566652
-0.170642190266092
-0.31772400481705
-0.45706778935307
-0.254556783418508
-0.278032836253527
-0.319087653739597
-0.421858558468996
-0.436941817527041
-0.367821133604292
-0.426527250849571
-0.481374475370232
-0.437620261489117
-0.356698404543587
-0.446024868297784
-0.402808103122778
-0.288458576837216
-0.324252608853334
-0.370478850073442
-0.254877435750747
-0.302980416421994
-0.419291407698905
-0.468377599844786
-0.465399595065914
-0.27310906956158
-0.235368875992005
-0.391394295192172
-0.306591488750629
-0.23902901000304
-0.356245225813475
-0.340199278718169
-0.340741760351354
-0.322362899832887
-0.261307086113095
-0.365226105190594
-0.365753576275853
-0.206906015527928
-0.26950324987908
-0.319627833807362
-0.327284764397297
-0.382673176168489
-0.362489625937878
-0.339287766358569
-0.222495410550705
-0.360120094513038
-0.322368036787269
-0.296643846112088
-0.203466302187721
-0.241610325386846
-0.327464423506893
-0.242650945426123
-0.247363880321467
-0.229857566606118
-0.309259141830087
-0.214394578577839
-0.255717508384352
-0.254180322636505
-0.407134277131159
-0.200518668844894
-0.318633446745587
-0.301454079809192
-0.211911088210245
-0.355676258724193
-0.255675852702794
-0.414910657664629
-0.336196520164651
-0.21043620559774
-0.292649812510389
-0.358965793321519
-0.29540513008893
-0.111733702801231
-0.215310673062975
-0.292893480206827
-0.118799103962786
-0.151835424286792
-0.355794569731191
-0.320366526997451
-0.173856572297842
-0.338219065711186
-0.264993626245036
-0.273866602192421
-0.359731413902777
-0.27481785856965
-0.281571609748472
-0.358370694631448
-0.201132518520633
-0.386296913264404
-0.17740472007593
-0.442261283947539
-0.274146100919821
-0.278391558922871
-0.242602497429131
-0.220806989730528
-0.119142629038806
-0.261172802087329
-0.303760209463457
-0.177843970861809
-0.175338488508871
-0.207249901438992
-0.130587947541133
-0.221690167453351
-0.220630221132083
-0.0417807181214536
-0.296613418829302
-0.214176821109859
-0.159050930411668
-0.233376685758945
-0.0666171720777463
-0.208127013086233
-0.257244840725909
-0.174654083896384
-0.213997671804437
-0.343348739136942
-0.215340280874615
-0.222433869349463
-0.240643365151057
-0.143868716217374
-0.214851995891422
-0.1788840050114
-0.125475847860288
-0.19897724913557
-0.168175964826979
-0.125194090096818
-0.158657838892705
-0.226674346925717
-0.222343110897519
-0.128515588242897
-0.0564606498168164
-0.0476180735801483
-0.0925898138027015
-0.247170345677502
-0.246349330684918
-0.0589298463191969
-0.179038657553216
-0.245143894134876
-0.100196326650742
0.00285469550517347
-0.283695162764159
-0.19250741881929
-0.160825831951569
-0.193656293893562
-0.17806282660962
-0.330780630111873
0.0227861215702714
-0.0741044400375539
-0.0797911948643053
-0.042542613796953
-0.16910452601953
-0.179831569888888
-0.222810087717826
-0.0342985405816284
0.0200111154433448
-0.0258640529942333
-0.172072620162554
-0.22427189254673
-0.0275484326051845
-0.0808300796175121
-0.0278259101699104
-0.0761859043699806
-0.228022377913128
-0.123213324635812
-0.0966055257051394
-0.143136538671221
0.00671956231216709
-0.13760224057788
-0.108280548218769
-0.137684723169639
-0.0236261932376924
-0.016183562155589
-0.131017433107653
-0.0992586605664063
-0.0408717934849721
-0.162399435244148
0.012531759393645
0.0257162876742226
-0.100201324880016
-0.0926082270533989
-0.016617479866357
-0.0405040721682419
-0.210198743444136
0.0128547210706726
-0.0403039312540109
-0.0847000500679346
0.116950064085978
0.0390726136148886
-0.12245379830509
-0.0138208511243889
0.122324726170396
-0.17707708421612
-0.0191669613035171
-0.0839638126308342
-0.090797509667226
0.0896181953349735
-0.132677793352405
-0.168624976192934
0.00486870708577389
-0.154822207845298
-0.0102859529255821
-0.0611064819532013
-0.161598756951871
-0.0885198585471582
-0.0577242499229163
-0.0755948287932638
-0.0138321517568896
0.0643453045853463
0.0178008526428044
-0.0302046991140201
0.117376859731348
-0.0926775654625072
-0.071731601354448
-0.0110012698027182
0.0807374229619983
-0.0234374441866738
-0.101958749843749
-0.00435967858526241
0.090543019589441
0.110514391093229
0.0555898522531034
0.111059613630063
-0.0279484672126893
0.00927997667359111
-0.0763476942042877
0.0622154084184441
-0.0224142461985695
-0.0858706401733223
0.26182077188279
0.162471612099412
0.122967622922299
-0.00185373004083297
0.0500660092975698
0.170965365852052
0.0708169812227541
0.0175618936657617
-0.0316429716996751
0.0805261052735129
0.239862763682028
0.191162785788563
0.00227004237448922
0.056573957144706
0.0743459021636369
0.12207894946305
0.0631298868062743
0.0420414183766336
0.181098904439776
-0.0129634229397889
-0.0142775031638229
0.100001391817719
0.0701079767882594
-0.115701629288571
0.0201149893746574
0.210260474498116
0.124906944107902
0.172514736365204
0.0922961913812649
0.220726686621674
0.207098220418082
0.136809518753469
0.0733552595603877
-0.00199401020871264
0.141726102421079
0.0529010395446306
0.122260128501829
0.175577990378618
0.13458485838002
0.109576863979822
0.144657934150858
0.0631047707316459
0.0848975394402927
0.222842975222316
0.233871698723884
0.209947637648811
0.156062306168766
0.15241610657512
0.216104423163805
0.325580240320378
0.226686922855204
0.261077613592104
0.156347680299327
0.172392387361902
0.126651728014322
0.18186791121863
0.144340757495634
0.183875634378202
0.136191478788776
0.16736472608158
0.0884510201857994
0.226986142877986
0.0848999442234091
0.240836588632059
0.0274907570488992
0.336992973946937
0.103466084807383
0.268026916012901
0.148432717745002
0.232144842650946
0.261719583145642
0.150849954343842
0.179472787638274
0.29443893028016
0.253661264055382
0.0828373358261336
0.246397318603059
0.160851520540301
0.238744040185563
0.295303049847325
0.278159623224326
0.308196352718353
0.24913650969999
0.134021197035921
0.226590195039585
0.317937209471974
0.212412824288664
0.435063576615354
0.172191712525744
0.164893704385484
0.174131908076466
0.208436849935465
0.13747117711811
0.366852850504032
0.244331070522883
0.258066213041907
0.172778161547552
0.317304071890367
0.263139124001363
0.147394897333908
0.170737169129109
0.341434311440684
0.208668441728983
0.213905997371191
0.167820598976922
0.379840059323673
0.364443944837976
0.321607721027105
0.396718947100894
0.264405991925606
0.198581110038991
0.305395391169695
0.43840193016553
0.168663666458827
0.227775075617121
0.229525971038146
0.232169366634496
0.152840956342241
0.229986329644401
0.258075326369384
0.264122539865358
0.364002134617121
0.206449190788604
0.265744739823277
0.296211021520894
0.265758110461783
0.389982264214264
0.433427059450272
0.246273313100666
0.416776020024588
0.261345897195591
0.38852352120302
0.235467803990436
0.417901918111458
0.324570692730192
0.331155054227424
0.127884980820917
0.440567200798393
0.341400904868164
0.366043492933734
0.336747668140929
0.218111917005298
0.260931392250463
0.28061412160588
0.312444743473337
0.374034299612181
0.187188881977945
0.313600030729249
0.280317521071572
0.349081146056968
0.300506717665535
0.224328556460257
0.33107231483703
0.488628227297356
0.294328876775022
0.37742960747795
0.346574157862037
0.310279752583058
0.399377605603103
0.417505427828283
0.48794270478679
0.255130394975607
0.442845356203066
0.466186867736585
0.368161647815685
0.399094099910093
0.417599267214213
0.448802668429765
0.360862869790317
0.454326229628864
0.49089694028035
0.463740130740609
0.31875470700159
0.449731808306384
0.545441798180734
0.425782880281149
0.378762681091287
0.398923879313511
0.451090159952548
0.623941310131209
0.445855305318824
0.508211578767407
0.326632888233966
0.2231021943865
0.362375438490248
0.350003726692543
0.485837307125359
0.329365776563186
0.432956893871878
0.2529247980955
0.418954700531976
0.426938368140409
0.422532163326798
0.54223882363602
0.470704288992302
0.623141320076061
0.560461754294033
0.482568536239746
0.602224320340105
0.608259133058618
0.430462145643348
0.596384887318723
0.437011714751362
0.441980382118716
0.480067020360178
0.351935865173026
0.430978687299476
0.54003538449636
0.660735827498139
0.716051916971642
0.371672681494778
0.477827334394957
0.404389568317752
0.610097236799896
0.46127771652826
0.486986478567664
0.426404626316555
0.320057368454682
0.45325884083591
0.413915403240717
0.499158954122478
0.560397892328804
0.536769266693684
0.473542800043632
0.433656683762601
0.625206173155705
0.448411663019514
0.443768158049436
0.409012298791857
0.530818314713688
0.481015815041567
0.344139551635648
0.581939238644865
0.547296718585155
0.501092290232586
0.563843321939218
0.534198398900162
0.477639526384015
0.415487946679373
0.506253840689287
0.670583426667559
0.605132773037303
0.463729067673913
0.41991440736036
0.596394460711004
0.487156380022724
0.586592779229298
0.580297385222276
0.501598525813563
0.604646959085885
0.603111374517525
0.543661726075396
0.551499133776084
0.694465937464032
0.489598570044983
0.48274525717362
0.58268335072893
0.632990896814538
0.495293339483965
0.582369606051804
0.563689144011333
0.330543621132347
0.663922465751214
0.483413635765422
0.373354135687955
0.739739028949925
0.640040945957589
0.576314381274014
0.532174280439383
0.488494225126765
0.660438096421567
0.539589746656049
0.641061966540751
0.628122564177566
0.636517523357179
0.639511617929366
0.693227668748483
0.641325046739931
0.613938371204747
0.638333008754258
0.577759066415127
0.66858739667303
0.7524025154113
0.540862905536575
0.45974324745558
0.525619431384837
0.744357388106418
0.645839312689221
0.712237822412712
0.491879861092201
0.642591074044385
0.533987753149814
0.637514838338683
0.527738045418132
0.612709452152772
0.647346089104711
0.76334567804382
0.637357270249804
0.743931284108898
0.645807785156365
0.620884449501764
0.584389680817362
0.519851221692208
0.708125147038583
0.871570144542008
0.705671464320713
0.747819697425816
0.600443476307492
0.765787295355021
0.781321718581358
0.563364884489281
0.698152313601187
0.635419546114808
0.60793213115905
0.630966210824304
0.746610737647672
0.619093678301521
0.642074782963891
0.644195792855574
0.546360796409714
0.632138362013495
0.731747914751192
0.544030213097677
0.836284253637543
0.639768640569668
0.696602344972876
0.579320344565735
0.782495273295375
0.634590448715245
0.734931195642412
0.832459585338174
0.687818090460255
0.80745749928288
0.700270026428267
0.687705225870851
0.7697631238869
0.822184600697613
0.880705181410738
0.60295173923145
0.672037117834205
0.795458870768485
0.85855703459915
0.713193483089779
0.646342546929382
0.661911732191648
0.739564434529554
0.698740336684419
0.659626230795021
0.676656181977161
0.718562952901195
0.805118326969894
0.694327808189595
0.726953816706719
0.832377014769747
0.850812327098052
0.760310019778401
0.744934210445056
0.664458130751503
0.702813186108114
0.612827983354114
0.73589696546844
0.615817652958769
0.773680631346172
0.650470483394321
0.886055826009787
0.898350013623924
0.786866270640432
0.894269876245435
0.772641247930533
0.844857566111923
0.761955318583893
0.692519883293545
0.711097234839209
0.714630142431097
0.707733680338781
0.674366928818234
0.680961186478241
0.653696347801377
0.805578136727763
0.669749885972483
0.784788289554849
0.728100473789927
0.771633838511026
0.74706929493645
0.756827071445386
0.814275215377939
0.858595965013634
0.816409633505341
0.798020361842911
0.732480515815935
0.861541864265958
0.921498789221484
0.99523608392844
0.82543827342608
0.83468478784735
0.887920798821353
0.763244340940992
0.918561248982022
0.810141317327556
0.847299083784288
0.894017928713954
0.946979882654743
1.01704383960841
0.844907192053242
0.817743227476975
0.773591337684177
0.733967233528294
0.76397402428436
0.903900746483244
0.939233136498848
0.901470466435445
0.99658887730022
0.768177205824325
0.947968921629575
0.902338695001343
0.744213395139381
0.770803967062776
0.913298767714638
0.807208867900759
0.894302189993783
0.951733679753021
0.886353989064268
0.943279613229279
0.882412845358316
0.873342298026715
0.873960367413104
0.932502127555307
0.865234417014097
0.972801894468149
0.865374972236773
0.882537629222903
0.968121913795655
0.786454756702648
0.936074071286821
0.912222843148995
0.71379133317947
0.745908793313015
0.910595865177207
0.836371650956294
0.903107018646621
0.816360078203407
0.91796261525745
0.923178664831745
0.992113281351289
0.905433410614613
0.94894407821429
0.923502757393143
0.823551818347998
1.05206353402273
0.954871665351262
0.955920055884861
1.05876075342566
0.895237373119528
0.913793764078901
0.97257717850382
0.988976890367807
0.995618068612894
0.848417691347728
0.985867428837092
1.01315185556704
1.05052218143652
1.01545605944764
1.15547839660955
1.07616576246634
0.950343483646603
1.07922515569431
0.882312207530613
0.9537423912796
0.972430921867557
1.05549786476126
0.963048220078161
1.18824216375884
0.935683841990957
0.973067891009618
1.03285858579536
1.08584454884943
