-0.942863081740282
-1.00546075557944
-0.984633437970432
-1.01938083460901
-1.05613957970572
-1.0864091634999
-0.93677301458986
-0.892394120260938
-1.11587519175967
-0.817990463606591
-0.972521191583355
-1.01442882854309
-1.04889750737755
-1.03377080051732
-0.889753407289386
-0.95711361240147
-0.926925059709298
-1.03918908837861
-0.998455127621058
-0.954182666530963
-0.796508086048086
-0.954224288902315
-1.07294852919151
-0.910012464669096
-0.873838431387394
-0.89292236908924
-0.987552943957277
-0.990992131136638
-0.845666588527903
-0.887091049705082
-0.965791544994993
-1.07635803244626
-0.992529647452749
-0.970760418165322
-0.83205732811055
-0.818803518266894
-0.934771447552207
-0.770098131393754
-0.925566924983546
-0.869686945772614
-0.765398919604208
-0.848132713272676
-1.04171920420879
-0.978634703248528
-0.898705592799205
-0.870497784631603
-0.957057714135476
-0.883566326340003
-0.941767908904054
-0.80932124324022
-0.962585979906952
-0.975312665252565
-0.945949539585414
-0.882398804353838
-0.933674970441634
-0.895866228971103
-0.822775547203344
-0.837430976387655
-0.960045853503041
-1.01780610964625
-0.849718491585375
-1.02455633245077
-0.7864573978191
-0.764925286180279
-0.783062329447311
-0.825787934927391
-1.02377506353263
-0.83184568185686
-0.827735912256503
-0.781200596617655
-0.866429074859968
-0.926643498541751
-0.953168549190358
-1.16730006857562
-0.848028184753561
-0.837648021029499
-0.907422579162018
-0.961763975369434
-0.763642389340268
-0.828484303777771
-0.77722953943244
-0.859427083383916
-0.955637726376249
-0.887801496965778
-0.652611697435468
-0.775144480868208
-0.929433038674159
-0.828736131566222
-0.906878360433301
-0.953573705511641
-0.918093458861137
-0.755428663962099
-0.857536350843073
-0.753963363362797
-0.799636560168529
-0.775281743855674
-0.84300078549305
-0.724862749127403
-0.775728979745249
-0.750069617849798
-0.68909870757356
-0.743545633750491
-0.931937793156905
-0.846087764354418
-0.905011347890443
-0.606187420690873
-0.738317471412305
-0.727819554765778
-0.836862186895716
-0.656586326695569
-0.585559374166914
-0.6996209321699
-0.751147182349433
-0.984504594553906
-0.900351852691819
-0.907610649023879
-0.776607419177023
-0.721606762556692
-0.847480769572077
-0.758112067973509
-0.676062338751581
-0.911110734323128
-0.688899557476452
-0.821272784133439
-0.781356183749177
-0.691543351345704
-0.8368744120846
-0.633016798255314
-0.797935633988128
-0.745330752700413
-0.753160984973296
-0.782361046505808
-0.86300159765532
-0.681672719412165
-0.664379493118454
-0.735712345273657
-0.728769017339028
-0.722986957945274
-0.737940387578775
-0.761364454696675
-0.765478408903367
-0.653048739273465
-0.715762194550944
-0.689721294227063
-0.663532046340255
-0.576588451597009
-0.724964110858673
-0.653502102660586
-0.780375178407291
-0.584731830660403
-0.720806016886821
-0.782107234372628
-0.575490363131567
-0.750178120292441
-0.613833411869528
-0.632775498177809
-0.850234596602729
-0.605954873585426
-0.721598077419547
-0.587159366303982
-0.647196447304947
-0.682385697949371
-0.583732865542148
-0.720451305423168
-0.589885909160736
-0.688872807065189
-0.697806999255718
-0.640397709264625
-0.704348327944567
-0.599566626601959
-0.731581420942601
-0.626348790813852
-0.594569495777978
-0.691926952061518
-0.553780193077678
-0.524782156547675
-0.63444249890678
-0.736651981115743
-0.770884118933719
-0.690242445034296
-0.635937718094346
-0.53590009580233
-0.545696869985609
-0.561853875797679
-0.627009944454169
-0.587899202333643
-0.6837067796854
-0.552550068994473
-0.591568167876686
-0.750574407525076
-0.555782960873457
-0.595025498715318
-0.635801101929552
-0.63501028389859
-0.464819086891529
-0.763173254170905
-0.583830222559489
-0.582117566229009
-0.738434586075986
-0.578262481206427
-0.495598517520049
-0.692816946389203
-0.457463265109924
-0.679571361474204
-0.546987323426637
-0.611536915796673
-0.417502904423543
-0.606110267887376
-0.600366113189899
-0.602239052222696
-0.598028676122573
-0.709778955639091
-0.536883540553013
-0.536461169262996
-0.613417193474044
-0.539122654107397
-0.605618456535923
-0.510316005864623
-0.568998948759364
-0.578502428423229
-0.74845281805216
-0.67292760274223
-0.579007488095017
-0.486272128734126
-0.603044878757359
-0.590776828238333
-0.508441612963015
-0.569704469664209
-0.632252355656776
-0.6176499914181
-0.489568121818416
-0.551005029917423
-0.586427150571004
-0.602492892895002
-0.582113789750812
-0.560304156733444
-0.48000156065438
-0.61076624535442
-0.383607822411962
-0.500714950031666
-0.538296143903304
-0.534775966936753
-0.571812325060026
-0.534929117303133
-0.554438119707399
-0.551506265054849
-0.512203354952983
-0.597919609458442
-0.558614546252446
-0.476201724692465
-0.43612017312771
-0.516680770255153
-0.416674113317871
-0.43371328820486
-0.402025497122238
-0.447966456939336
-0.503513422122635
-0.442880378578949
-0.486481475957606
-0.603973869155928
-0.468069819513409
-0.539020088691664
-0.518055396436342
-0.545403012478271
-0.390775250837823
-0.252744915768254
-0.404484802653359
-0.461095827056774
-0.566355859341272
-0.477801864441354
-0.632814413517731
-0.472663884487481
-0.456861618396132
-0.435330271771538
-0.419030193875273
-0.396654178594957
-0.609289294647221
-0.45828788924522
-0.42776653102573
-0.347331581857289
-0.488120607835313
-0.352683331278296
-0.485267102669391
-0.660528184950462
-0.347928384135584
-0.506563556375031
-0.450264927603701
-0.430079688177384
-0.397326871125439
-0.451706921086565
-0.457312549654262
-0.259726403614802
-0.465952040989462
-0.366105312333297
-0.435132771987591
-0.284605994550888
-0.281381104442393
-0.441638202519596
-0.323219746144186
-0.264643528040692
-0.410116987176858
-0.330284878720001
-0.328022038400722
-0.266389618024149
-0.301467670500277
-0.322428025750352
-0.46787506681943
-0.423615565519519
-0.294527493570708
-0.482548652971035
-0.349473879687171
-0.413350424144624
-0.424568583023975
-0.380456350124421
-0.345878642484629
-0.381183644117818
-0.391326423745928
-0.418413287699128
-0.315674139395592
-0.438102480869897
-0.273734297454402
-0.441059132928261
-0.394068419098491
-0.459887528441365
-0.28035615986469
-0.470195047623558
-0.490096130459339
-0.269314860916315
-0.382980973691295
-0.269634683331528
-0.362373078642906
-0.447841408857512
-0.257852101077331
-0.500977376125393
-0.339346137433056
-0.19270671328767
-0.300904173680068
-0.388484402027186
-0.243810663659713
-0.318453436013689
-0.113183510766423
-0.400470910869108
-0.224551017936665
-0.329261945445596
-0.395911680374006
-0.223340927148461
-0.290661902058548
-0.288180528405905
-0.325623036104756
-0.350333507773034
-0.0514465183019117
-0.370161021669357
-0.328486514686106
-0.340087152150778
-0.250145540107467
-0.245098183073082
-0.387802713930442
-0.200187131193797
-0.381385258596877
-0.376064558915189
-0.270765433044007
-0.276797690875496
-0.364194880951614
-0.138245134260598
-0.23064583160346
-0.235932102870578
-0.242236750963212
-0.216052429314324
-0.248649540325991
-0.3268921086943
-0.312117940007028
-0.252604841902858
-0.270751239979032
-0.218231306507392
-0.319532092752392
-0.188377534620093
-0.262176269582785
-0.298601020415582
-0.275958629508701
-0.411194482222782
-0.331861728926284
-0.170233097222789
-0.169276722616739
-0.163443421039091
-0.228236553201502
-0.37172489160893
-0.277383797191858
-0.258610429318372
-0.32751556813015
-0.170547835588697
-0.276480597315709
-0.279658308587681
-0.157278095726803
-0.1165393928118
-0.220303096940377
-0.348414832904934
-0.0487407465870467
-0.164837113411911
-0.273337370523249
-0.374277923955821
-0.277743753666992
-0.271220543150848
-0.0995649134018555
-0.239149630059901
-0.331178882227736
-0.200581068544757
-0.211622587286836
-0.221281743341684
-0.0718333607527054
-0.154855978665649
-0.238114681221977
-0.168676843656686
-0.220206923113743
-0.127244911622253
-0.262348658899722
-0.309103947223838
-0.0542198298690589
-0.246352158686352
-0.162830208638979
-0.182612370101724
-0.284682221392661
-0.121483109069948
-0.220392601224124
-0.229356371874014
-0.071118401676743
-0.122996913042368
-0.0654898592010391
-0.103884169036823
-0.29505749583758
-0.126532419801501
-0.299986885840107
-0.0346527915251684
-0.0947725322421338
-0.20122133967011
-0.163479339953537
-0.252960561861318
-0.192564118493074
-0.0616453215859054
-0.194542466700893
-0.147473897466122
-0.196535226877656
-0.166342248097122
-0.0282294627985852
-0.0612060279564177
-0.260972482227931
-0.0892935870441701
-0.104688084213703
-0.1675440991246
-0.165296561595475
-0.277815008940245
-0.150043119714073
-0.173138419672445
0.00507191803814681
-0.0932199188702422
-0.10983921310152
-0.0520410459873626
-0.159563989569133
0.00699134704131422
0.0811824024613675
-0.079561605084198
-0.0683530504172396
-0.0680224698663943
-0.221531432588521
-0.0300819120135303
-0.24862921222777
-0.0254723316518775
-0.0986477050956614
-0.0895780629287174
-0.0269502879686012
-0.230703914040644
-0.0155079606786192
-0.137538672848994
0.0806479679329888
-0.0858322123354344
-0.0314001829825212
0.0530418306674829
-0.0643090000766018
0.0146502665781169
0.0114203267853171
-0.0430785733848814
0.103898993015336
0.0774665649126303
-0.030643943316198
-0.132688253442719
-0.121058660631678
0.0688888419782472
-0.103727298028889
-0.207829556029219
-0.113737065144224
0.0204851213166668
0.0435687500007551
-0.0631231009233881
-0.0779419960842235
0.0835397560306345
0.0508844202787299
0.0886042280997544
-0.118971831394078
-0.0218007065401822
0.0561988522626482
-0.0104702215765864
0.074702931261118
0.0377600192238833
-0.00108695349532317
0.0562576620743861
0.0608881413633569
0.048213398229823
-0.138069285325048
0.0328527668814517
0.0078109535187837
-0.169926810063559
0.0647317144843802
0.230926422856449
0.0719011121654009
-0.00415628570076514
0.0794481602814165
0.161773852874373
0.0703852350619772
-0.00981229351563212
-0.123428939694568
0.134430889336414
-0.0382409551690867
0.131788542010571
-0.0643613509137535
0.0156752797144322
0.0729750104436436
-0.00553006058018672
0.083610970116593
0.0178854862359118
0.0750935823082542
0.0915199322195743
-0.0248771959309284
0.0761674365944469
0.155242065753665
-0.0988200530018476
0.097424839935337
0.160835972594589
0.0400378478535149
0.0313521538972456
0.0949987076380779
0.142500187199567
0.0944907748513469
-0.0625642036187952
0.0614149276600079
0.0996536302474047
0.175422097699266
-0.058794151661058
0.2009458672209
0.0951099825119449
-0.0501429436784921
0.116768228685835
0.161554415801029
0.211106177699139
0.134971685623926
0.0422226064840265
0.148508547212059
-0.00512150422561737
0.223291272646684
0.134849885085618
0.114169187233006
0.059249082594304
0.0668867540664272
0.0255635590999166
0.100432333442184
0.103797149061165
0.108173204923668
-0.0773338991464994
-0.0487793999498807
0.114490782982446
0.0304881565456966
0.0543264005534182
0.0388426631880405
0.261476652352273
0.224350976694105
0.216670077761604
0.268404837971389
0.119052508783332
0.0616563436077457
0.202227037236306
0.162595699283997
0.101835376674686
0.0549748914052723
0.241217776731583
0.0351020865527881
0.286078755872398
0.170708416163723
0.236122428243534
0.263256556044441
0.215997209546085
0.151969312412401
0.285956232870737
0.238371944354371
0.188235962276882
0.308229568626646
0.0840339922226378
0.245794610018942
0.0794916762504828
0.122280941312254
0.107938059807303
0.317528818011751
0.335532343574453
0.28134262161969
0.196140237298714
0.162191885562528
0.262134248025475
0.0905078281315921
0.316480298785536
0.228711801046594
0.300861087319406
0.166761595904275
0.0790425532947764
0.348903887102191
0.166419663923596
0.281364459703474
0.326205331384037
0.0811067799679221
0.248377554421342
0.201886414885409
0.0247116728061985
0.116577473595326
0.467420508379971
0.34959180545533
0.223057134137483
0.173805037357953
0.257929797562565
0.405152763238168
0.295445516097492
0.119093078154984
0.111651885789018
0.150812582061313
0.398434794998238
0.255619911649698
0.350669485883458
0.163225095842747
0.224323651616844
0.187233600099634
0.252548584747322
0.169501972408393
0.357481409642235
0.377671915567508
0.39645365062219
0.156165926088003
0.293128423894815
0.324876886245922
0.391414617495821
0.251123498853695
0.255253929632296
0.333116622741804
0.254696553437645
0.323997010418437
0.224875909751051
0.216505414675991
0.463514855774285
0.399011549742097
0.220608109285685
0.275271858004684
0.346321431438304
0.284458406096017
0.384321286404529
0.240623251785285
0.384154733801722
0.417988134395402
0.398779057562012
0.314386988405075
0.405985288056905
0.439635878960995
0.201971492479664
0.292562713659237
0.345780247275937
0.306764032609678
0.100784165216615
0.31527188010001
0.294388796709114
0.336005143664182
0.232533903997628
0.420026470050552
0.279028682277038
0.316769168588263
0.450900213983742
0.348804145953768
0.180073999219366
0.334562945199064
0.422220284768774
0.331856928572262
0.403730658705763
0.30878569086086
0.329602429351628
0.288556744858156
0.338159454337142
0.351589455413385
0.502390133036353
0.394987923877758
0.414744597397188
0.354665458970995
0.4166227683861
0.277394063790216
0.335286543484883
0.221159344621515
0.263672844011989
0.368891712203745
0.357295504018147
0.298773166863192
0.252994360372153
0.546377952673816
0.348974917989019
0.279723341813675
0.403586999956026
0.315164240953834
0.246719348384688
0.542054064866389
0.500821969125107
0.456587860196324
0.476132085811855
0.374193444104669
0.292233750202453
0.42605643489233
0.499906720732168
0.42080476977762
0.419604117612878
0.466683930760159
0.314428212428891
0.379109089481659
0.548172457331222
0.409026111304793
0.389491644334036
0.374284463613607
0.396630722116825
0.446310847063838
0.514133121861102
0.347088581758647
0.572043647755995
0.505159445743625
0.490976529824364
0.423827000153943
0.528414771276616
0.465482036537068
0.46198044944875
0.454730462040055
0.354740957904072
0.432461575692477
0.513051039727008
0.457480041464084
0.496369352882909
0.542925773773733
0.468451008405584
0.493828383454724
0.488205039614586
0.461590314960605
0.476977461437518
0.493963155373332
0.521087197448558
0.520854890663529
0.64950422151037
0.610537098822458
0.5044552802468
0.49878443980502
0.513964176695147
0.566023133280981
0.546104952070426
0.547321884998254
0.55110118794769
0.607341909139483
0.532977307376955
0.546652764161996
0.522766004280323
0.548748285541177
0.457150636059078
0.525746655471363
0.652736690251517
0.481459254731047
0.510074360105743
0.499644889318114
0.604892152550105
0.582300649787459
0.602495503182762
0.584909719543018
0.625546670393126
0.482000340890249
0.611962354519206
0.578883900456447
0.648174530018862
0.435778157162143
0.577476182556477
0.807154454718948
0.530282892580961
0.624672202273223
0.606992999438597
0.740746871543033
0.519411797350065
0.575450816273111
0.589480621428565
0.55591093275126
0.617023747894898
0.666081915292784
0.573255206701876
0.677304819001281
0.622372372494953
0.64655423807403
0.675888131163459
0.613793779382569
0.44673337865397
0.497468790430731
0.564159004463304
0.564248049941587
0.694531865600143
0.600770819802479
0.703509112062292
0.593764769434262
0.472820326853512
0.709514337638442
0.654100777484725
0.571998446756631
0.588366731631217
0.623260080995248
0.53761077354482
0.420128363528487
0.605893197574487
0.592555955238811
0.500322703352484
0.567094211827987
0.607252794558638
0.566276664178862
0.556163393769134
0.624301530189516
0.703348521922919
0.678674154858331
0.57200298782569
0.532841694494431
0.72105624558265
0.672347837165269
0.530876534885876
0.488415875256839
0.730550559730107
0.49802756244584
0.804013470560191
0.591651292814518
0.746161521861225
0.805892008236017
0.715084890262657
0.626006835477478
0.740594974491895
0.736143123938683
0.733412122671977
0.728152794365931
0.752386014873124
0.623680971464551
0.653456504791841
0.534651773499905
0.669349662831606
0.506066829908692
0.746018526157785
0.703309988639088
0.693243277266283
0.581315835650109
0.581279547902339
0.724767465866583
0.728555254571471
0.740732147189131
0.689000533922045
0.559628680166451
0.714066564069255
0.712568630941434
0.720059378515239
0.750674761747525
0.729389780366873
0.77936157772678
0.79279694383216
0.759936637026226
0.830322531526299
0.682311009500472
0.739667270813112
0.840548731596697
0.803680137580223
0.757084330474097
0.67551526109736
0.694623251987159
0.711933525723548
0.861249951743381
0.792978772448028
0.846898287467846
0.862565949208028
0.745621908334094
0.733962219419549
0.807292871895918
0.648102565585827
0.797818209323767
0.828204930328262
0.804455770526398
0.803722893720343
0.795299461922837
0.679232332448788
0.774948172651013
0.920719273542387
0.580410148696551
0.643675308264447
0.630260438541928
0.875801385674138
0.892337125286318
0.8574050801736
0.775223097473284
0.856279058023737
0.752982973580051
0.751978068669849
0.86493689803901
0.651215664545091
0.613488293678645
0.8183963637713
0.839557959336446
0.810238741796181
0.755254808213549
0.850807729683957
0.88899829948338
0.855546831373378
0.70170862090796
0.751036547408731
0.842749068069472
0.907024248460288
0.881877860674918
0.774211244015224
0.862760685386536
0.893790292417893
0.73834394549391
0.815208213454237
0.713540761828637
0.882378877171999
0.852128127778694
0.9685160017387
0.708104580960441
0.861762330490479
0.812709346416168
0.905823657878713
0.66840011187772
0.923224598732285
0.90471171634078
0.746515373881738
1.1343357958666
0.818317348881622
0.915989022536689
1.01476182782365
0.925762685912719
0.897016085366617
0.87228089693119
0.90373237217789
0.840503461077213
0.878337227438575
0.913245382384383
0.943181703193036
0.79548994181179
0.720534090253084
0.950432124512242
0.760365072417919
1.12604216704757
0.964435219631891
0.833317148635544
0.801597042491095
0.881080125604899
1.05846456844558
0.876547892908632
0.885534681737057
0.950419269956557
0.798162438336997
0.805541325350183
0.957405420004514
0.757585370444044
0.941849957937183
0.94424085390709
1.00439292489928
0.946622297413321
0.93961032807724
0.978676299622968
0.918136982212563
0.823020374958425
0.974017661644629
0.824710478699357
0.996021286144579
0.832172547492535
0.99569362536976
1.10126206658041
1.01984281868948
0.865805466741153
0.767177448860602
0.911191986714158
0.981769412754792
0.992125755199627
1.05161316907372
1.02538024695583
0.951201788662504
1.01037789689707
0.870828348636086
1.02757838792343
1.13672832487952
0.97090284709886
0.994819227540971
1.01165830860585
1.09095416676508
1.10324738806407
1.04054443445469
0.989113052244289
1.12006147545445
0.93650316383586
1.06445785947507
