-1.02764423961185
-0.902490197871087
-0.951221982591253
-0.933146208561374
-1.00359833834423
-1.09177052056
-0.959775890195965
-0.832736875962929
-0.918459411089825
-0.947342534809827
-1.00026331285988
-1.03304502445176
-0.991964227042522
-1.05700347897432
-1.05773352287615
-0.971812553641725
-1.01297378010989
-1.18975922855756
-0.98717032376336
-0.99030546463535
-0.979122842198591
-0.951974121626912
-0.867648687882626
-0.934725417481045
-0.825785971297758
-0.954363235722015
-0.899322989917024
-1.06231231845932
-0.938535365951496
-0.761991249926212
-0.893566227611181
-0.855313100721628
-1.16138436500617
-0.869860439584058
-1.07900693921072
-1.04171572766704
-0.825389800894753
-1.1064916645608
-0.962182493683677
-0.806968587038683
-0.969782394633413
-0.897659555000079
-0.686844975419347
-0.73256652110026
-1.04567371681531
-0.855340665819255
-0.993943557652898
-0.996817097949261
-1.05882035872207
-0.777535292527654
-1.11853929998733
-0.981368009681643
-0.944751745912391
-0.702797019273281
-0.944296406184919
-0.811810061125969
-1.03426530104448
-1.01036157758696
-0.74994866449356
-0.932314112140096
-0.780540513334734
-0.986158386284153
-0.838994975368481
-0.84476561564897
-0.854698840655072
-0.819667339082504
-0.813525136752774
-0.958213619277063
-0.82690483173672
-0.818614825771827
-0.908264174282743
-0.814962649215126
-0.933130829609767
-0.694257584030527
-0.756989763183629
-0.720467114343707
-0.845119437030661
-0.757090387211618
-0.835900520024348
-0.829696275928618
-0.82536753414354
-0.746719090331595
-0.892977111322295
-0.748430192513055
-0.771675499223136
-0.691939675757402
-0.751973323784766
-0.984153017783799
-0.862069867278944
-1.01056011472432
-0.833599053388974
-0.804746732685663
-0.91857267716018
-0.783478586027556
-0.806302510763418
-0.677716202238412
-0.780026640701717
-0.923659052561125
-0.731513116780635
-0.83176077991067
-0.777662518143738
-0.840378623225807
-0.837134076615703
-0.809385397211725
-0.815025963015665
-0.83295478871237
-0.810829717928385
-0.977646649839555
-0.74485881142418
-0.746197550560062
-0.774882922172274
-0.817208651937726
-0.713174420654288
-0.8143247576202
-0.7579217768087
-0.658483837622504
-0.775001955296345
-0.627955546432917
-0.756138416684
-0.66817350697936
-0.765398284230312
-0.84876585429318
-0.732076892530253
-0.846527559945216
-0.666324511740432
-0.640357504711933
-0.804556969446324
-0.762824271664654
-0.852704748163748
-0.671140676870791
-0.554677690523878
-0.741617952698145
-0.657867768700901
-0.852850368779108
-0.492674684035713
-0.734536291359403
-0.734859895710226
-0.781508374447935
-0.673320125370273
-0.639503157457228
-0.575374305837393
-0.576932717841579
-0.664850148399557
-0.668506192417217
-0.809529604021492
-0.802532703589462
-0.734330454084385
-0.708183437135358
-0.662391741054416
-0.833441428914174
-0.693336480655321
-0.74259526549873
-0.68724626218749
-0.784498950141609
-0.626051588930789
-0.604690239893892
-0.759928943688089
-0.619857781311056
-0.666929711954887
-0.705816255504762
-0.63299825734118
-0.658021242893959
-0.749936161634837
-0.700715098559264
-0.589150541695776
-0.61827853181292
-0.847529290763598
-0.518845085015656
-0.734647372096619
-0.646726005554904
-0.686459322948625
-0.676369800103338
-0.607490057666906
-0.638927974644351
-0.592299215763318
-0.657372608745782
-0.635618360742326
-0.483101479982996
-0.770261024763182
-0.649313864341195
-0.680576264941654
-0.570858058939218
-0.646371883998253
-0.5341530336386
-0.616628392065639
-0.570393041819903
-0.650966069276327
-0.51408544722965
-0.657727737393345
-0.578558466698235
-0.501349654332827
-0.711666013295568
-0.664319722326774
-0.624966739373392
-0.591232857472258
-0.727659073182379
-0.57843588213779
-0.624408013700295
-0.670030424697493
-0.722267925268488
-0.470504243182242
-0.543448877370951
-0.716324619519824
-0.606434959140674
-0.699374117850847
-0.650783025581461
-0.776658370677005
-0.650837239185328
-0.581492163013915
-0.512487420790801
-0.637553135145407
-0.559172501431107
-0.577389205754496
-0.51741856946841
-0.569021659080313
-0.544400850677389
-0.596754084182931
-0.628608956346871
-0.587438419881877
-0.681290978816488
-0.533891006765683
-0.588596000427394
-0.598971169107141
-0.597220484868415
-0.463595134276918
-0.468984071688288
-0.634232993302806
-0.540128891597005
-0.583971028965045
-0.514973830980674
-0.351749694209763
-0.52829707189431
-0.395900468086418
-0.617386554339003
-0.442252939593513
-0.662445168849328
-0.503600051886693
-0.53071346932695
-0.515227993331578
-0.593407633035581
-0.470226532785605
-0.547940615039244
-0.65073927796345
-0.634197906284215
-0.442688561840571
-0.459718004723866
-0.461736087470879
-0.552191027642769
-0.422252524019665
-0.455005958930384
-0.508344995431537
-0.513828324669313
-0.416078100553415
-0.560954367482132
-0.62294335384025
-0.542111334140116
-0.462421523143465
-0.433871751390008
-0.46191000009586
-0.364853562613459
-0.440199777109371
-0.593490471498638
-0.358182701519653
-0.577320664914581
-0.55799687097135
-0.469726242688191
-0.413018611684295
-0.264105732933847
-0.350942136207109
-0.291735409286865
-0.381878686510152
-0.418105024228245
-0.485103485817928
-0.554165084443366
-0.357655117343558
-0.473874201078532
-0.516075231240741
-0.432291660811665
-0.429011958432407
-0.464117182877881
-0.499824585851355
-0.391199746741889
-0.5186723906617
-0.258986533869805
-0.379918123996635
-0.405335479718554
-0.444418372542015
-0.459716146803824
-0.488716502640125
-0.314127500265179
-0.426435289729968
-0.47104259853323
-0.460530955705205
-0.414778987096411
-0.515813035102655
-0.283294071004388
-0.435991751051064
-0.439393112406139
-0.60541799290278
-0.417285825214319
-0.43314098971312
-0.401316940992857
-0.252931048718741
-0.305507966762746
-0.374390554565046
-0.370996064329518
-0.320263350665695
-0.271874036803964
-0.356487707396885
-0.328905988321281
-0.505051306394179
-0.474937162721178
-0.144603324456443
-0.509288014906007
-0.316320341877789
-0.370960950056914
-0.402983296761703
-0.428460297196183
-0.425493480246262
-0.368825763448241
-0.362519580238491
-0.308934203304888
-0.276131306054855
-0.355379351292261
-0.34773814981355
-0.308027202009327
-0.12056706118185
-0.303241397941212
-0.356070745667881
-0.170941721746339
-0.499424877731586
-0.393139147231234
-0.320897441930626
-0.273295568528224
-0.292367342779397
-0.22685191920579
-0.421577090683617
-0.293519778228788
-0.348695078280949
-0.34948979913802
-0.297315915155183
-0.20974077676133
-0.291139408300768
-0.470815681595516
-0.207266089606896
-0.185540229415123
-0.226324930423704
-0.211661464175157
-0.344672863129532
-0.282183240408216
-0.204299214355283
-0.369880619176625
-0.216948156404066
-0.346072429528026
-0.301071766414715
-0.291184475590245
-0.240909835615477
-0.301877300696058
-0.214731669608256
-0.337157821536214
-0.40515419462073
-0.332033925579999
-0.333832024405453
-0.22161490906494
-0.195359416841016
-0.184914340027946
-0.325883665296413
-0.267608160698346
-0.237660586032888
-0.158910862605341
-0.342402604091218
-0.231966747327831
-0.464719303562313
-0.183119932123142
-0.314117752360676
-0.303093864695557
-0.192086210559626
-0.288078571367201
-0.221969359184504
-0.256547484114343
-0.359860485679022
-0.282395917840184
-0.23766803210021
-0.363907742394499
-0.266856171798481
-0.268937966610074
-0.34861152402583
-0.209282570579189
-0.0857391572725108
-0.230598210705737
-0.157084335749624
-0.30179895338726
-0.0666764645446589
-0.129611833938121
-0.306484225181252
-0.316571920327841
-0.11252555315126
-0.218565798854617
-0.383764563277878
-0.142465153215827
-0.191884961521592
-0.221343598872605
-0.24189943441379
-0.258004042456745
-0.306244607267704
-0.11852930067966
-0.0690211792447683
-0.323483231627547
-0.111231784618929
-0.149424925283076
-0.135891157292136
-0.213192885084677
-0.178761151123653
-0.234142039279333
-0.235153500358968
-0.0658565787089126
-0.20613595755079
-0.297082827861177
-0.212863116141692
-0.152467122176371
-0.0331284094221339
-0.227825463968547
-0.202448567810461
-0.213861106424852
-0.259452945920926
-0.177293661877349
-0.207558758346209
-0.173904759536761
-0.138785590957932
-0.0598993980803665
-0.137432811609621
-0.136436144277467
-0.222070547836373
-0.0957701482754966
-0.0682416988715172
-0.154602130132325
-0.127685051179271
-0.359082576179022
-0.100060374764669
-0.181965854073472
-0.0518675622249547
-0.180673521497733
0.0271173855801486
-0.108693698438928
-0.0523908261713525
-0.143806053399622
-0.116993796475694
-0.165198527634815
-0.0819695751202513
-0.047046568729209
-0.267950890336402
-0.152975645493803
0.078483689186649
-0.0480178395208733
-0.0293892061351946
-0.102725981816748
-0.0682171554810407
-0.0537826562118212
0.0184289552398737
0.0249568526842753
-0.066677472058628
-0.0991418382162016
-0.0481542530573777
0.00143512216597482
-0.0985803369218699
-0.120117362098089
0.0662334769695471
-0.160937806219341
-0.0372543081256845
-0.0225391503165767
-0.092341966320864
-0.151138158576161
0.0111715335338175
0.0273752005956534
-0.0446790975680706
-0.159447584365599
-0.312904080845188
-0.0526496772323521
0.0740567077604123
-0.00178230222964418
0.00283574726798462
0.0299100465181862
-0.131768884075007
-0.0643859299903691
0.0521335801262169
-0.128214313094821
-0.11768538949018
0.101410513223168
-0.238505678049376
0.0542136627597265
0.0332227947509692
0.125885032887965
-0.0836758268009516
-0.0443794327285606
-0.0542834053078046
0.0840826871579132
0.0145973695419479
0.0372169794373067
-0.186139568062692
-0.110155450582079
-0.0386036638135624
-0.0867952459527792
0.0293015369999097
0.0148277500968607
0.0723091912482453
0.0512143208685932
0.0161865024618082
0.0875403294929481
-0.164827599764556
0.02130598949355
-0.135561004974603
0.0553942569687755
-0.0499778203854103
0.0809540106173962
0.0577241972114272
-0.0272742643254505
-0.0733156447036171
0.12035328302175
0.0382723442660108
-0.0319618976800701
0.0499292043105562
0.169259109278282
-0.0729590389275451
0.0662839386341799
0.00411738200851951
0.0798996680027003
-0.0615963228395517
-0.117702956055203
0.0659546983827554
0.0998974518380315
-0.0195442140819717
-0.0759351547077325
0.159733388799693
-0.000971591582264291
0.0747035908006217
0.0190644990978231
0.263524575843579
0.0934285971842699
0.025237281629897
0.0368968243561157
0.165952314919899
0.0333346731286683
0.0680916794693832
-0.0295173192128993
0.0282228506598605
0.0533205344380285
0.0840851728966779
0.0757704365479863
0.0925519132837672
0.177684450066017
0.0647861368609344
0.000656786149648103
-0.0915426790374984
0.0401352982747161
0.147872708808461
0.0722942628444226
-0.0344231030001691
0.169467278491695
0.197049205171878
0.0747450541802284
0.0910878182462021
0.066028670550003
0.198430539061656
0.257856341528179
-0.0348671303907474
0.244932274614646
0.166247609633724
-0.11052329056535
0.150935985605485
0.144365330030928
0.060267409637492
0.179030030364775
0.219797058325701
0.0755412269733099
0.0226793774087711
0.0858922542351509
0.329466960939023
0.257142173274892
0.142957361087609
0.177649307269512
-0.0291426293645868
0.261185761213911
0.235586368578161
0.0748966748486772
0.103760270565188
0.0720864713462625
0.18885785147055
0.1935196013522
0.223895812339871
0.0753105739658488
0.117809921860235
0.274629394767877
0.126327967841413
0.218742148833144
0.0609959668682353
0.191237594871101
0.298434749194838
0.254791286912186
0.181547240695179
0.277883007602078
0.103904439247075
0.315161964977801
0.168662148084993
0.329080028881645
0.207976684709823
0.0315163215702431
0.185786068006762
0.272275598610165
0.27368772225455
0.361866069064313
0.190792316600781
0.182658127898594
0.371715590127907
0.334346082145974
0.303536976700551
0.154846634129869
0.0756946755101468
0.276905249260561
0.272575425867999
0.0162823191877549
0.229531162745699
0.252042835144684
0.174794652296881
0.305294127207382
0.185086604249639
0.280697197065808
0.136128909967172
0.278919927048197
0.215796228738204
0.368894166000012
0.418194825709362
0.251457467004038
0.123379376574843
0.255231145564725
0.23742909552897
0.352702599286778
0.141575743929109
0.423042166967341
0.280033835909707
0.239759130584352
0.147404078397664
0.309396021214604
0.269371055502667
0.275006539754407
0.161883365735715
0.24727956533033
0.282264326881369
0.339631313486077
0.233645091972123
0.316411779515203
0.400459780390093
0.285477023384839
0.408921851998432
0.458944450397969
0.341781455159537
0.359975641283211
0.31205745072541
0.34108638366417
0.396562177373399
0.257495474172779
0.294256993751974
0.312771503581924
0.344606593897011
0.369937205397025
0.530312021515955
0.40942130225084
0.329913702333542
0.333947613914305
0.270063753470652
0.467070640437653
0.326871332976174
0.405531741324063
0.315525579205524
0.444765940695447
0.222054543527776
0.435353509788418
0.225523598054092
0.251368497286256
0.257254545273533
0.279461370307053
0.440873290323447
0.22287334059618
0.359095478872976
0.315740668208828
0.351182888841537
0.478890889870922
0.441567695500807
0.344384434422696
0.388446157122457
0.418166172964336
0.307814155577334
0.37628435025226
0.328995936926479
0.308942009857832
0.425842568504083
0.413883577811215
0.365684332588694
0.483177596232974
0.486184182546081
0.26052905510041
0.43553110212335
0.51411405905802
0.471589410777854
0.42796284962053
0.336078001238737
0.379618826510885
0.362811063331527
0.406252577797218
0.256385331023011
0.438035666423499
0.553152891919677
0.364829746904756
0.459429492889048
0.577027216037079
0.505147721112225
0.460889373133837
0.349865523425275
0.5392058840381
0.341726995257223
0.418419762331559
0.476112946021018
0.323320620947908
0.461239272607654
0.35601425285421
0.456227719373933
0.369469776510292
0.570758203482461
0.52817667817487
0.351596425199008
0.433769994894414
0.481427354736055
0.474594394467781
0.474773482013263
0.548930283639357
0.366179340189338
0.44910008204403
0.480714050990132
0.591561281931661
0.300580295383442
0.493904482599736
0.425937107259768
0.617436245290628
0.622450629132432
0.410664873580225
0.690201031989793
0.494530381644547
0.524088518266001
0.579175742669487
0.424039416712131
0.47218706242615
0.457843834247474
0.465104929166441
0.481954861792946
0.463846852616395
0.524902934248764
0.421448415136506
0.51483259994205
0.556183643360384
0.376714055566122
0.524104758400552
0.569722690264641
0.522393691113687
0.545202336915349
0.489819600064153
0.497074855782709
0.491207964887867
0.630040695967973
0.550587556300129
0.638361130032871
0.467561013226795
0.437927414740125
0.529014001977689
0.5299910877116
0.519231988128604
0.527644105080655
0.531096856941786
0.488360169404193
0.527821806022729
0.598168436707303
0.562915306969258
0.557534710052944
0.486339885975182
0.577374729357799
0.442324919502949
0.570080848278809
0.490306060259556
0.556618934891555
0.678430195917001
0.512064426235618
0.638233604290068
0.543107096139456
0.518150730710345
0.596767323205919
0.687318474061302
0.514015786488103
0.497216213581021
0.568538378958079
0.633426835612743
0.502283634684979
0.602867801382124
0.522935111479183
0.657727963852825
0.575384276094675
0.588135079767481
0.571899408574112
0.722179539992097
0.597429004615157
0.553338240343692
0.468630146903099
0.685850781019313
0.667071324658832
0.584611689314378
0.674934763946599
0.803173661521099
0.665288756884776
0.628063752312964
0.666556562055354
0.658323207773709
0.49204347190741
0.583444861019951
0.613095106618868
0.704904063331986
0.564258921963259
0.677486922195407
0.630586509426621
0.531525511912942
0.742828964739439
0.714051048384914
0.735417495954984
0.702665775774839
0.573921293654177
0.589957758542092
0.64630551516066
0.799700820537969
0.586273921242023
0.630863941957393
0.676004988340437
0.877180688683628
0.650942889063682
0.693785597632782
0.726721950978308
0.752381294148093
0.62212626057472
0.772447456408228
0.661274126841777
0.857754150331403
0.65344505334986
0.815926840217405
0.67716217304411
0.626910453582306
0.736381658559971
0.664716878289504
0.821282539960306
0.667718775907427
0.752708643295229
0.947997157402287
0.811343697334244
0.59296910546006
0.695960394278058
0.782294600678749
0.640024311791095
0.628069744185402
0.67427958773852
0.877891695436015
0.735341025539218
0.712732493707205
0.620656108476125
0.832938837563462
0.721002098410832
0.700035403968714
0.705536243382446
0.776492132049372
0.735726582555485
0.696144294879515
0.78067976274883
0.623755464377862
0.808627815458337
0.781206300931599
0.965381946643348
0.704802478078287
0.6312868273027
0.829547754565782
0.758941620127292
0.689726679897937
0.840581178172589
0.886456567864331
0.774985791272766
0.595366942330071
0.871790140082299
0.743117721225964
0.775730360002608
0.727163997732182
0.897982723289038
0.711859903463442
0.83185015223112
0.827706705752747
0.728352426483034
0.821251565583851
0.648134692617619
0.908780335890021
0.874815200771903
0.726631453672467
0.738818318778323
0.804741784118476
0.747106033686599
0.632860235440432
0.799547598609479
0.856555268171872
0.799749991710268
0.822546976795326
0.881887431910106
0.868419494644114
0.838719180752054
0.861814247994015
0.832268521648333
0.702547856373371
0.810675190215856
0.882972093395505
0.893611848318729
0.821946321552043
0.912223602878812
0.983371680774121
0.788193336018834
0.833359718983837
0.880857225664698
0.998962121265837
0.800385291589997
0.840221146386669
0.808872729537847
0.811114220449838
0.856447134203827
0.760343808638421
0.81875444787817
0.871236900773222
0.798601598365154
0.693852071701429
0.76012244828932
0.806801780162817
0.808607394194335
0.777017317352367
1.0076501494227
1.02883248138134
0.929611968478286
0.848952327913283
0.755550650540656
1.02003484145505
0.77887592420084
1.00745024133809
0.949718277510914
0.750183576081219
0.950580399575167
0.885864039879867
0.807632833385401
1.13430353355884
0.750111605988016
0.879547301885744
0.873131931423131
0.916779235682473
0.913578389451637
0.875452986620375
0.976105548967978
1.01366888924064
0.931179610438365
0.794216518985067
0.938503436743044
0.829836804602081
0.759725279450601
0.984008325615542
0.884563654955494
1.0675569832147
1.04116734209575
1.04943199688817
0.959813233606011
0.821596336024955
0.920471258865283
0.909949515216074
1.05452511142248
0.783910642516456
0.914986854141422
0.932234524138306
0.898877235174322
0.869020642355884
0.893082368836362
1.05320756988023
0.973840726175537
0.931982855502992
1.02797346811373
0.990235574097391
0.866858166004013
0.951401802441313
1.04053339449546
0.89518174597101
0.975526631265201
0.920269268382424
1.03194127936535
1.08257370802248
1.02178317729971
0.973013963977455
0.940983325669712
1.22792132569949
