-0.861790612893229
-0.97006394114197
-1.02279504704386
-0.953854390183174
-0.804165296135758
-0.990187186852542
-0.915008356817582
-0.980594608807306
-0.959875235358114
-1.17357738544368
-1.02497478004919
-1.11331641901614
-1.06374153646341
-0.945231491143193
-0.853213088802958
-1.0199024742647
-0.952652855298708
-0.915907358274103
-0.937359244603385
-0.836765285471766
-0.854817129301147
-0.962855328779572
-0.891588179231083
-0.903939061235098
-0.914926659322993
-1.06375347471809
-0.962326324058842
-0.883051844543742
-1.04732541040724
-0.893714801814858
-0.891866158215391
-0.877873058170121
-0.910337176461416
-1.01150937278146
-0.797569238736915
-0.934904587315883
-0.868213820441284
-0.936161489332685
-1.08856031898545
-0.795273257340671
-0.721247376998312
-0.797906849422646
-0.877023374778187
-0.923101898605738
-0.932917408787721
-0.845760998427731
-0.880711033361801
-0.890943130257035
-0.831628691419993
-0.966206754922521
-0.984611960022165
-0.932853278318916
-0.8858869657672
-0.917951129959067
-0.833665067285871
-0.959600963967069
-1.04973608516834
-0.925054853764209
-1.07227408248554
-0.987553020182307
-0.796478603378023
-0.856662204191899
-0.886903447738109
-0.903269745205042
-0.751665898278728
-0.928208361478794
-0.821683821085771
-0.84530432516547
-0.782946671376413
-0.892412712769139
-0.75756950177401
-0.828466367613177
-0.76264166883436
-0.854601019749019
-0.792065545851521
-0.829396007524441
-0.989866894053262
-0.878019482110404
-0.836713948670722
-0.814875042583577
-0.812552290333822
-0.748920517226152
-0.884176254481857
-0.727397002257602
-0.875338172243266
-0.957577366731504
-0.7322439836444
-0.842830800449079
-0.759911574820163
-0.821773838929438
-0.91355809926079
-0.634096850849695
-0.796583592819297
-1.04546546032508
-0.830644640694059
-0.616822374673308
-0.831693680367977
-0.94461545465584
-0.776023195033958
-0.790639851840096
-0.749199192249197
-0.714624653795158
-0.823898485276094
-0.868879399162231
-0.649924933496393
-0.785172874291154
-0.807524804441025
-0.849582923181092
-0.809801058538314
-0.878781492100072
-0.764951677307033
-0.755069102550901
-0.756649030236714
-0.695644773218453
-0.848943190699026
-0.720946195680856
-0.757679939254502
-0.837421530248206
-0.725198541200932
-0.841872456161117
-0.937379707942715
-0.760584176449202
-0.659634027390196
-0.618019524328903
-0.570993834913307
-0.678044219204317
-0.820810369963614
-0.7642814673469
-0.82080489200965
-0.627493821066433
-0.668355111926418
-0.705620506044412
-0.74827313176991
-0.776758791873986
-0.781026504734565
-0.754830918908728
-0.721641958329584
-0.575856375639925
-0.689220771270817
-0.610507131793883
-0.699769370374742
-0.796661560156407
-0.671200273941107
-0.91189742686893
-0.732142009843579
-0.599465846686563
-0.629053813390556
-0.69871857956171
-0.72447379424616
-0.552034359734832
-0.635164106177347
-0.708019912398548
-0.624940086168528
-0.666154083267759
-0.634787303112359
-0.751884435108007
-0.670322462767808
-0.858762242499547
-0.682801029672501
-0.847128632961863
-0.666772592766324
-0.565508494905327
-0.682044316180586
-0.768728162480112
-0.80101520736636
-0.749036423393796
-0.70877930473586
-0.68991189476151
-0.597638984304532
-0.657053222076982
-0.739593090910312
-0.707864588386768
-0.640979715466462
-0.662454581584129
-0.553853333688357
-0.474540118316782
-0.646872645521705
-0.65063764576642
-0.614150202705361
-0.646571197944474
-0.846650813350738
-0.693918283303533
-0.703060562041352
-0.817327952544366
-0.70361346320513
-0.707601070563391
-0.632989227402486
-0.671429525573661
-0.629573939203939
-0.501780130006765
-0.673475089170424
-0.618882305699779
-0.607261734604596
-0.684646952734767
-0.616016909534541
-0.599137565991388
-0.455628740444024
-0.67613440061154
-0.652305348416843
-0.630178081639814
-0.554106149041716
-0.529794418145219
-0.463063050702051
-0.608934666426891
-0.55630701254479
-0.405081853592427
-0.523031602195154
-0.514402610165445
-0.479545550003437
-0.567272353768792
-0.554064001802436
-0.466401200788095
-0.581993623373908
-0.476270909035168
-0.439550073092102
-0.536012602323234
-0.584808346116978
-0.411833626737974
-0.736669017878555
-0.433825186389156
-0.518491764736177
-0.417557220620357
-0.652873064907883
-0.652708238651376
-0.59725323168171
-0.602417693034752
-0.559455256874756
-0.546228455111832
-0.46839972917893
-0.525423119921305
-0.527083910531804
-0.607523050613813
-0.430092746767796
-0.501059530884718
-0.540971168524586
-0.497452424182256
-0.547745202382473
-0.509532140381397
-0.608256900582885
-0.486200500483652
-0.53614132686251
-0.662642320913102
-0.424691767189754
-0.674434536020115
-0.598255224774838
-0.592832392278709
-0.438949018231436
-0.498576178854853
-0.426390486850039
-0.547987105016074
-0.314713804855213
-0.47854849299679
-0.420783778334918
-0.502082070631899
-0.513042555684989
-0.488184412078229
-0.532767055511294
-0.633540890595008
-0.501667119415125
-0.484513712779071
-0.56050453464811
-0.522224774090689
-0.36271737377075
-0.516016664607377
-0.534396247330578
-0.341049055970617
-0.451642045919104
-0.398081476248552
-0.5391841329947
-0.425740392594624
-0.405550406142524
-0.560959705115254
-0.581335270381968
-0.581550835495694
-0.420264162696737
-0.408600752345625
-0.340061761896617
-0.373600076246426
-0.582750606908979
-0.360716725323581
-0.468700063939858
-0.615220367286962
-0.443151808077547
-0.473702391844806
-0.469528193323858
-0.444957076290997
-0.409566305166669
-0.446185873044197
-0.419060625303839
-0.474130819148129
-0.518727197491597
-0.43876631865949
-0.335844246785626
-0.3765806283567
-0.468566528419314
-0.317583621927506
-0.23430337722558
-0.397837883283114
-0.311027502184247
-0.458572841180652
-0.516043870415311
-0.299940522636512
-0.383640491194323
-0.415994311670575
-0.298406964712852
-0.277115625422243
-0.316044329664602
-0.369644254864407
-0.337541180955309
-0.281419891867264
-0.402788758619373
-0.229506172383872
-0.477619945844568
-0.26220304540217
-0.347098559111406
-0.415458711162019
-0.368695269438358
-0.471836593686669
-0.270659416795556
-0.272568266496878
-0.363237675824463
-0.350622407673751
-0.377307185254871
-0.284240758796218
-0.399724077344749
-0.240862208171001
-0.304805911451178
-0.350478985769639
-0.409223235094305
-0.371955255470189
-0.356026022542079
-0.298468882009452
-0.203006013435801
-0.381967511834504
-0.418683680528992
-0.187439150961572
-0.255574639838641
-0.340590558406245
-0.320319202219891
-0.225195770505812
-0.336982103734005
-0.286350260056052
-0.238533855465694
-0.314971778336807
-0.420915312592541
-0.289223745202912
-0.300703613306005
-0.246963973778872
-0.275678905772796
-0.351776709480171
-0.301025061214681
-0.340080524375259
-0.323026420057444
-0.227688421645599
-0.435032453168841
-0.19626288980828
-0.182707918577912
-0.320393482691016
-0.231499207947495
-0.339743305171011
-0.268808503045782
-0.335843678394814
-0.257998431563537
-0.143137063917043
-0.291738786157233
-0.499996829377404
-0.420456627141198
-0.276009323850299
-0.178505520523745
-0.317420291480187
-0.143138406260728
-0.296336056122607
-0.388919830932527
-0.276650877736853
-0.227944226959106
-0.373786686102821
-0.164284956679478
-0.333475414008769
-0.259456283015087
-0.367431098912989
-0.244447435775972
-0.271662633480901
-0.346507644215123
-0.30677066986681
-0.119402967455326
-0.225887545660656
-0.275939607189059
-0.204441959536259
-0.310460356990829
-0.247356048574244
-0.239085105186112
-0.162119794890123
-0.117703604839994
-0.121600812011891
-0.260118106939057
-0.29566240435511
-0.302702904971983
-0.231398709689004
-0.124272411317618
-0.191140892959137
-0.154196879698375
-0.247507938974166
-0.145900998169667
-0.115863091962919
-0.210300442418286
-0.0975035464163993
-0.0942782811439768
-0.208137920601279
-0.333288242934114
-0.107285034614591
-0.10579361108519
-0.120818978003255
-0.234718884627891
-0.330064175956067
-0.0660194764843221
-0.114121608636399
-0.23541438856566
-0.0153633397898907
-0.326043099627674
-0.120976788266262
-0.0267219197045249
-0.220872952182978
-0.130018543410696
-0.0763833677916447
-0.196488869868158
-0.149808400637295
-0.109755995010996
-0.211073714010802
0.0631322660486708
-0.204758660877231
-0.213503371493181
-0.0140270674407883
-0.207057297644728
-0.184411698395066
-0.186584799740917
-0.0722234130466971
-0.0671837926009112
-0.136963553054801
-0.175121958188207
-0.122450538549098
-0.14983963518205
-0.0675556508261015
-0.0905175588175762
0.0122732045444304
0.0184719005311501
-0.225919139040083
-0.0793080894089841
-0.186694790283094
-0.191037055392247
-0.105195296562669
-0.267522342746963
-0.0526543911195953
-0.0563698102575116
-0.140040375293565
-0.179277600525899
-0.0272736518667211
-0.0154232470631681
-0.122816131158339
-0.0864928127421232
-0.138122792962691
0.0208553695279675
-0.0219054628169691
-0.110085241773305
-0.040262010761787
-0.149757730907095
-0.0709954668925849
-0.0667468867022722
-0.0604257931936128
0.148878318183065
-0.0747484133597564
-0.0737884829554333
-0.0905538903100095
-0.11610044357877
-0.0184357818623245
-0.014164756154052
-0.124988998460462
-0.0487829458744465
0.0355332122089827
-0.100320006920301
-0.0243574098473943
-0.12029841628538
-0.0442180246530159
0.00803155353324186
-0.196365396721375
-0.0805270538889139
-0.110165911330225
-0.00515381634151686
0.0502757744628591
-0.00269172613046289
-0.114828584083354
-0.0412965763237991
0.151179389150722
0.0262548111139415
-0.0897463345416213
-0.00824365758235163
-0.0412831271564228
-0.0924977316502722
-0.0185549508866185
-0.131946592319791
-0.0733490784231669
0.0454768803031666
-0.0500258741224747
0.0330809919133523
-0.0461251010113951
-0.0172931251195151
-0.0364988224595777
0.146889783239165
0.0307832236620962
-0.0807311623693976
0.0912735767731455
0.114323397079645
0.1249396858798
0.0553001555128323
0.0192816198998398
0.209377978785524
0.0167277604238445
-0.000167792415305833
0.0235293662781912
0.0957765680876192
0.132711954203738
-0.112100033715662
0.0940514725014198
0.0141232830971046
0.0450684992510068
0.0451542505622135
0.0305687527626831
-0.0501081749966741
0.0846112267878857
0.111682800247248
0.098000011735146
0.0537557347801576
0.14823017210354
0.165076252929775
-0.0519150336857428
-0.0277636538795453
0.0537175768380702
0.28108528711854
0.0740811312217324
-0.0129747232817315
0.0442934925485567
0.140848990057478
0.118940466910747
0.126651086568295
0.0431355367537465
0.0616062406093477
0.0306971964161838
-0.0481003720146702
-0.0651807446752177
0.0195586053436574
0.00573990512996002
0.124994265878312
0.141033718224877
0.122853982210124
0.193563193482077
0.21746254857813
0.12070630570168
0.107276853605797
0.179397978241046
0.349184894220531
0.0515795934939716
0.143231807159499
0.195875337411623
0.295630568388194
0.0949974289071132
0.28162594627286
0.106077717809516
0.165781111351258
0.275164526538393
0.101480778916996
-0.0033667285837933
0.196716230039966
0.260173709304303
0.203746952107728
0.0548621463601861
0.211971824514315
0.113899856687604
-0.0102006716325335
0.0720775418701973
0.192948308595272
0.106790007596304
0.0571645064192931
0.166633433001964
0.109912123034084
0.285929687993618
0.11303052124624
0.0655848222583626
0.105211661177262
0.138576595077381
0.0646521495265179
0.320540879888968
0.0375463418767821
0.161315284364828
0.20835075423801
0.180992271103917
0.270584235591066
0.324003475845307
0.195608067607737
0.131652001723846
0.192807096784462
0.163698085949823
0.305065897295929
0.164649933220959
0.270880833171725
0.192978134652093
0.124519573130379
0.185955754014288
0.223225658055466
0.258273637175291
0.00823937024834955
0.260939248963134
0.216133726026481
0.195184243182138
0.0640134819435741
0.156095476279313
0.157386561718076
0.12963537065987
-0.0289644153074408
0.411900807137102
0.0872231361321685
0.261226913923163
0.283937079955989
0.29785894178305
0.191368164664643
0.240049665965526
0.244589587302042
0.225233897690811
0.256476711015332
0.147685227917025
0.283545194398537
0.255263893264887
0.246302730536039
0.203362318482767
0.303133379845856
0.248974103470498
0.240491947271388
0.137731949594092
0.269042154500003
0.205176107746773
0.288931743414454
0.329120889210893
0.23657098155808
0.310347261888858
0.104987711388085
0.33154689375945
0.361456871195068
0.330733819518282
0.248924883222839
0.300938193518694
0.459040398444406
0.278544157142246
0.284513073063735
0.412808315511807
0.269644597689528
0.320788519272625
0.352768366261512
0.350465041888375
0.354947002930695
0.238333536870512
0.391869439131338
0.19318395529847
0.465367070901708
0.487720327431929
0.41264851486304
0.424515823827841
0.434389854243124
0.405916769990981
0.383129716701989
0.319173597201247
0.376667753439263
0.27712326360141
0.464974482202074
0.31426355405811
0.308197770657829
0.11657928677629
0.296660858963759
0.264426026538316
0.318806949069796
0.364507753910056
0.39248071084151
0.352143718091619
0.375989707937127
0.328830155315517
0.362397642367428
0.391252532414336
0.427168338786107
0.458747929087376
0.0964863065882526
0.205413878130466
0.409586660782496
0.536760937167242
0.452919031740686
0.356662538067461
0.312047021207012
0.278063916556825
0.225054569456253
0.496672631694789
0.360618954226649
0.553298840818329
0.477294312818114
0.306747042638349
0.460423641056651
0.36217357519386
0.37130178821885
0.370146906994464
0.420771653967087
0.257171608458589
0.333879681223455
0.413584507189492
0.433920490645939
0.445339266347632
0.446680317254671
0.402571516561144
0.518207467911855
0.399856334328257
0.389962437726163
0.521182031561529
0.474552083680243
0.555800219964959
0.543583673812386
0.38858512071954
0.553994427134317
0.353063303388037
0.646647072051833
0.50730982755438
0.516699322283402
0.413998709892624
0.441813852808275
0.406341977199491
0.392773153094732
0.592831555822961
0.485420703627271
0.332407578333817
0.369228202681593
0.315390677083153
0.403507730634537
0.470520223684291
0.485841780677842
0.432513279507899
0.500263772579455
0.376427055846787
0.558923346427344
0.474587832743756
0.51480028060772
0.359737630458222
0.388499338488051
0.526945156416182
0.50931758715362
0.438563395089623
0.401288982775594
0.459601888845426
0.521375523333807
0.530912039887962
0.541193954007545
0.407877254348842
0.466348161652051
0.531742288304862
0.561146721960224
0.514460213879783
0.527871388712949
0.646570801652346
0.391806853630728
0.608009511606638
0.567512139589997
0.452685450291055
0.561487563101213
0.698781243887952
0.456550834678092
0.518059431685766
0.401700580007454
0.552248294970851
0.541508850322234
0.64536928850391
0.500924790029524
0.661506218873787
0.534635647860831
0.39762401150601
0.5445211687123
0.539296394401753
0.587707306808721
0.53236673120663
0.560331431920602
0.643212648766246
0.541279381243326
0.539841035058103
0.551004281332655
0.675241444212538
0.621293712828135
0.557851138665875
0.607821108703666
0.585161138670105
0.581606666580801
0.568323391010993
0.531098586634717
0.591122188499388
0.724431997638313
0.53282692355701
0.684233217923787
0.507843225771726
0.570230741996419
0.520282879046173
0.650205506378927
0.6174730061695
0.452733392406819
0.758693186769171
0.776876110314673
0.748765018810141
0.629623357295135
0.563342817784554
0.692801733118817
0.717135891251305
0.483831124839784
0.653916832395936
0.624408337017787
0.686530287551539
0.70672771422001
0.506456545660022
0.692591749988134
0.543705763684844
0.625408396494944
0.719881450546119
0.669015735403324
0.728287110048349
0.538774440279596
0.579395849667748
0.679715152931943
0.533669518813822
0.622579361441806
0.73614999813554
0.667873469252924
0.613058446429878
0.757622054553454
0.762928700534563
0.738180502158223
0.685971889092928
0.723462705496269
0.768936651757033
0.51090256933415
0.801776714827823
0.62935069772056
0.838696306956858
0.640375768481868
0.793595636431281
0.630761145412995
0.656515016021728
0.681703114969758
0.646485937730105
0.68685181415516
0.679286148378145
0.811234693399809
0.703814496861317
0.619058416986456
0.654028313625384
0.76628627009876
0.620982874423964
0.619640743483008
0.878524361975588
0.673193794379203
0.687841417973334
0.765438328624466
0.851665100654424
0.587435401855245
0.631174078897151
0.554658100390103
0.83952599864864
0.599843705877602
0.697339821916568
0.639922435247265
0.751842275996817
0.751122923154119
0.871425125348577
0.648620616128374
0.673119254374685
0.723743095521609
0.869195841229126
0.78843711732711
0.707272478997281
0.762581476420808
0.794106995138018
0.673622348005689
0.665860277282023
0.78557029273026
0.739629367820763
0.758653828926535
0.726996935369861
0.798593461862897
0.843010575826281
0.815985167677677
0.623315555898134
0.671655968966301
0.716413287903431
0.675059143457856
0.728161012734783
0.84873777157067
0.699049661765088
0.939029323673844
0.725990548883078
0.694997295326471
0.847146605973432
0.76704103205092
0.773814599285788
0.832407425669178
0.72768404554336
0.898879945478885
0.851658144309018
0.728147598519844
0.818650833979605
0.875561492472672
0.74714463797609
0.968720006151654
0.79786962981625
0.941165996768069
0.796365335432756
0.776198576271225
0.800496048077203
0.701469748761087
0.787016309807177
0.776822508392493
0.814901685796084
0.772301040235782
0.929019129894569
0.996027349202003
0.892720877711847
0.796977913887957
0.882181039240009
0.822225598648194
0.806263787717043
0.755872429531009
0.782298218596492
1.07234754013724
0.821634768029018
0.716472513107646
0.942005551345534
0.888264784839556
0.922238773349683
0.848663814726818
0.900842504795268
0.891269113532326
0.873012280510845
0.830996697188324
0.745787223307733
0.904665881531367
0.940930084087938
0.997266566190344
0.983797715132071
0.853170342732463
0.816129343710174
1.01681720941284
0.861889936658673
0.880311900366345
0.790225022741181
0.884793781670006
0.704339703074146
0.791138957640005
0.937637942306579
0.82511775247172
0.894794546274511
0.798794538160076
0.931293673733479
0.964373354425867
0.938679930850469
0.951098177719714
1.0339156176856
0.911782032755904
0.839777116283746
0.990820594508252
1.07586347876693
1.01631708971124
0.827228288650748
1.01303165786384
0.973052105535308
0.808770097862185
0.824172607332831
1.03293961215955
0.91816233419429
0.94745159697608
0.984745526911904
1.05677185405564
0.890045370055102
1.12176060945541
0.812633096958323
1.00148114688095
0.99776459376474
0.982117410793158
1.15286350272668
0.86232179560495
0.907707180636553
1.05114299963351
1.01424521403077
0.902041903011721
0.98282493707364
0.949472361381058
0.952243749890278
0.998154300621666
0.88535387722559
0.892183054143884
1.03734990138376
0.934379132872537
0.934023434596899
1.12167417442492
1.01741976731169
