-1.07103632409045
-1.0513341049927
-0.818338413616767
-0.931869310452829
-1.20681479060112
-1.02044414617824
-1.04049414157236
-1.10222445168892
-1.17001267700129
-1.05064769793104
-1.13972718408696
-0.876306757292621
-0.968426539552392
-0.912868003175097
-0.990054716371897
-1.02977628795165
-1.06268796371574
-1.08860310653287
-0.923687200826909
-1.03221780746323
-1.12136616738767
-0.909206364275847
-0.833502029712999
-0.91831100236087
-0.926680120136575
-0.97720078873201
-0.937685421512222
-0.9412110748747
-0.953307210571269
-0.847747589396773
-0.827968530097167
-1.08859663991573
-0.844552300761353
-0.813515997414956
-0.854826182280817
-1.00871513428106
-0.773356457325051
-1.08790501414626
-0.915997028225029
-0.75429433873816
-0.862813789497854
-0.828628633749399
-0.894240012980354
-0.793247828430542
-0.810971554318789
-0.962715256601762
-0.790745604903963
-0.896862939061552
-0.868875913695251
-0.858043595016599
-0.91427312735849
-0.936297844734533
-0.93997025024567
-0.928507073837671
-0.893272788009089
-0.942807146461557
-0.922937365676922
-0.901234303357373
-0.912298995146071
-1.00210851807556
-1.008041099773
-0.816963519505762
-0.827008331855892
-0.901760854659666
-0.874031651753058
-0.789622909670297
-0.828800936103635
-0.8459437709134
-0.827875971075077
-0.855942289056902
-0.893769687272448
-0.944357137382918
-0.706733704483524
-0.777519638175038
-0.848775075758197
-0.841018669523005
-0.759492106842381
-0.950653489433723
-0.821947093323669
-0.808088613442287
-0.853467717033312
-0.918910934826459
-0.818517516215152
-0.858971433926636
-0.8098349229614
-0.775534233529236
-0.790773820708911
-0.954144912817825
-0.939097331481996
-0.903782761652523
-0.786635511583357
-0.881116562531104
-0.866356789551953
-0.777512822937521
-0.901279210556149
-0.88107960621469
-0.796211559580059
-0.939898815985061
-0.757084186642829
-0.756316623918608
-0.668311697254398
-0.962541787426312
-0.561329795156501
-0.818375324117878
-0.809566594445735
-0.785418384703601
-0.617483489122374
-0.767384113420155
-0.671905216095747
-0.599588514859285
-0.84014540072198
-0.696375404912387
-0.726442551237077
-0.759106869983896
-0.84661635146145
-0.683501162100019
-0.761137539610264
-0.723740252726721
-0.806335553657763
-0.68863238880661
-0.705296660588408
-0.734277518299033
-0.764359475400258
-0.817313393365413
-0.58078943592877
-0.860580722993668
-0.820534772901862
-0.698171975583515
-0.750915402611653
-0.895506143303523
-0.776000224219399
-0.72172122531306
-0.763202738783986
-0.622572820259919
-0.656422936613967
-0.62083860121596
-0.749025531701611
-0.707995512172901
-0.623231686466892
-0.647525107397512
-0.685460387569642
-0.61736818169321
-0.826709930439435
-0.756244507119228
-0.809018634953799
-0.674544574800587
-0.537963997540472
-0.632674049516417
-0.70704681706717
-0.660100508959631
-0.614313339284871
-0.727420776784278
-0.696999651005125
-0.696718416827948
-0.657020402385556
-0.72414748052769
-0.765566280843224
-0.713952119555672
-0.671838317424013
-0.767865440716839
-0.689676344869818
-0.848983240045957
-0.741740579754186
-0.652594722064086
-0.602822055557461
-0.616507539616565
-0.545737485440074
-0.677502183532184
-0.654740105189076
-0.699605122624394
-0.737877315937372
-0.756638337099386
-0.665450352222152
-0.780540545723237
-0.736864516452778
-0.505728270091407
-0.641770582214004
-0.649045305999543
-0.712159381615388
-0.668515950810689
-0.624582993237517
-0.718336110872532
-0.680335888595354
-0.663501677340121
-0.528313081237151
-0.587469612205525
-0.717403843922617
-0.699568105956119
-0.569231775374126
-0.728580758733729
-0.757809413289419
-0.621394595837954
-0.600603247282735
-0.57907234587905
-0.675678028969519
-0.61918351767486
-0.636699845501649
-0.316599017420879
-0.65122194124736
-0.664637014989132
-0.525226440554407
-0.586038678358847
-0.628626371363067
-0.518062125479357
-0.667709835632511
-0.639113210009138
-0.752685732183165
-0.652897865292402
-0.612395437614969
-0.515586716331894
-0.597809894084926
-0.526524959511585
-0.415163168986231
-0.534470208894234
-0.514388179612079
-0.558942361194493
-0.710202176054436
-0.640370634425971
-0.506720860596152
-0.602420216369671
-0.500950482413195
-0.528599233552903
-0.593164063948402
-0.482120555111019
-0.621672423680667
-0.635701398523125
-0.596101464347745
-0.50403479003172
-0.499040661363635
-0.605852142824067
-0.516073910724577
-0.501576402676441
-0.541849700682799
-0.570930804962934
-0.562190774387181
-0.455508060412773
-0.435562604684331
-0.552091212514473
-0.550493469644804
-0.628423983853702
-0.480206139445558
-0.379415775150887
-0.56032678523938
-0.298047943139148
-0.555074483619809
-0.572121975620645
-0.545616052979462
-0.558862833279434
-0.320163749497283
-0.546305724477292
-0.434037053204046
-0.47932811199679
-0.535069084267289
-0.476162691415944
-0.373378687252602
-0.443345599097641
-0.492399640688178
-0.392198903843406
-0.562919430160972
-0.455204894960066
-0.445396399205126
-0.434622870055058
-0.552237435886187
-0.416537750683948
-0.5193681427367
-0.548190667000224
-0.531361895357526
-0.503923987384999
-0.476679249406687
-0.600220684385906
-0.509819325023201
-0.483087154508009
-0.483288913088756
-0.438227814772146
-0.483203730724962
-0.651393754012023
-0.595448285033415
-0.221823954038818
-0.525040560249681
-0.353182989907468
-0.423897856486198
-0.502025492302984
-0.455797929879927
-0.368283644984829
-0.381257511634484
-0.411425894791657
-0.5281752271564
-0.471929230612096
-0.361081893580804
-0.365806691501209
-0.461652668112319
-0.304516320045025
-0.388655673904626
-0.514081673223799
-0.432480831116408
-0.498410300321548
-0.482736030361237
-0.262376958582278
-0.413615322589362
-0.382434683891059
-0.393384103679313
-0.413653353202791
-0.43220162754796
-0.384779583295009
-0.489595097017575
-0.564460438874007
-0.495164967573024
-0.365725853263333
-0.368965729055713
-0.379477267835587
-0.409225954661513
-0.280451966921318
-0.44580445994266
-0.302953904271889
-0.255500048998741
-0.539381187173725
-0.288937709127473
-0.393212151145913
-0.337908247626648
-0.259803862943994
-0.377559379511514
-0.497044425254171
-0.313761033123403
-0.354115163132924
-0.212342997621735
-0.274205820632001
-0.346171864818128
-0.358431345098088
-0.408550518031959
-0.562970738504357
-0.203861269406161
-0.249105145122222
-0.179523238742979
-0.268281779582236
-0.376812951926367
-0.406380360380211
-0.198912161545778
-0.454299360741321
-0.29441684967469
-0.280007756218986
-0.380791796790688
-0.39391444285196
-0.325377606078194
-0.388881227078175
-0.224831844162832
-0.28196154959433
-0.210491992192207
-0.352041435580485
-0.342343389512701
-0.223257972548733
-0.266857507061047
-0.305706123669204
-0.328749700256202
-0.4169481956566
-0.251601392899394
-0.0992216728068561
-0.114760875019225
-0.136577075988597
-0.201602149588225
-0.473975822532625
-0.204356220813337
-0.438089220902569
-0.298927000442759
-0.312522111996958
-0.230763643666647
-0.295454880683459
-0.289232278977517
-0.421927372402185
-0.238044235128947
-0.333355696527968
-0.256249074896428
-0.40085873408862
-0.267760443850863
-0.218925295549653
-0.289404419615037
-0.260827828453962
-0.399534313333754
-0.113926621480615
-0.110200847747925
-0.249431094842665
-0.179041091878293
-0.152326309296998
-0.402741498503442
-0.303582523714079
-0.30398281023831
-0.241084691345
-0.189857305586801
-0.276361561367689
-0.223301921848736
-0.185117938593159
-0.320385488966042
-0.0490626284738873
-0.254759971921425
-0.16950690859239
-0.226580041448363
-0.0957474240164549
0.00794825032812969
-0.327140063120526
-0.200694633921503
-0.183787189507765
-0.232733898454263
-0.213937403935425
-0.0829370126152973
-0.14842021953273
-0.328173061089624
-0.20188355993627
-0.214493581153797
-0.131329449022496
-0.258077037465608
-0.220398176335511
-0.246079043149578
-0.108000501809086
-0.109610979850674
-0.162178309734796
-0.187585222636536
-0.146651365216364
-0.101871595864574
-0.138056017865354
-0.220964927314932
-0.118125295461852
-0.277273489302104
-0.176518801233622
-0.149545906051841
-0.0633482843401607
-0.15988321940673
-0.309821821105506
-0.10081580885131
-0.130158700553883
-0.171582444822868
0.00565787469639839
-0.0491219582016497
-0.182516458676909
-0.15055787918759
-0.188329984268775
-0.115480878491349
-0.277642768143691
-0.191228639808259
-0.169317316363691
-0.0859583801761648
-0.174389794188503
-0.000659227443159709
-0.173141552417412
-0.0403699399175262
-0.137831019923305
-0.164775044890844
-0.0421312112260689
-0.162203772371604
0.0441139679284653
-0.0403858903450511
-0.184059943361072
-0.224594227980899
-0.0679545024280046
0.0163754247568301
-0.0685837157542768
-0.00437485097084569
-0.107973727393109
-0.0468565518238259
-0.0399970778018085
-0.038774183708669
-0.145752846046526
-0.0347392062382437
-0.17668658277391
-0.00855758007994155
-0.107080004820055
-0.0597025347536689
-0.0777410446428356
-0.0809251771183229
-0.143235667300644
-0.14075181817616
-0.0694941098299838
0.00777959263587934
0.0247435529931315
0.00747639373369168
-0.0673792357976209
0.0545689005947151
-0.045434215653063
-0.135030772984417
-0.0154656875612431
-0.061496410959319
-0.0379164997196976
-0.096216717593079
-0.0475323264791661
0.0529002683305448
-0.0656738383133932
-0.0404984634925378
0.052822708271176
-0.0532702199665993
0.0834357322139952
0.00820656353329002
-0.0162027400714154
-0.127050779934204
-0.0878731927646989
0.0330626914514035
-0.081431387891882
0.0407606465510926
0.125121041422092
-0.0962022835309715
-0.177752836720042
-0.100850744416813
0.0231898124418168
0.0451688694765618
0.0285122868109638
0.10899398765078
0.104770961662091
-0.0273428080732153
0.0325271158931378
-0.0509362777483755
-0.0230600112897005
0.102930501036614
-0.0212242692172596
-0.0395145185914398
0.0450141498053418
0.0535231166076918
0.0231029189703672
0.090134325701981
0.0281561648251419
-0.130511613661042
-0.0148672827482352
-0.0485193651380312
0.0672595953211412
0.0264663338604795
0.107095296955843
0.0125849116944129
-0.0926975868644763
0.00374971164896021
-0.00224980270547478
0.027296813888373
0.0607660391768819
0.109498701057769
0.0287427676898764
0.113584247075506
-0.059824773012891
0.010379528269834
0.14178264182614
0.131368764647564
0.0770900517365225
0.150422706058922
-0.0537534175822489
0.131193738068954
-0.00220445606350158
0.115977831179434
0.0901832852476339
0.00722316737321379
0.0848339576402952
-0.0625829206709655
0.0486066803035866
0.000510393226028828
0.192548251103875
-0.0160860181338601
-0.0171797858909347
0.00611042621964808
0.0267473385414914
0.180066885157538
0.16865963221377
0.119468407128351
0.0680818718086875
0.214191332452118
0.111256724013057
0.138565364608936
0.13196525934618
0.122178223776468
0.124986046600853
0.171253376142434
0.196878569817534
0.129837761702672
0.324199725197876
0.105801382964048
0.107632890199549
-0.0585005830533104
0.0425277927064591
0.243526773967117
0.108688301176894
0.289800971308551
0.164584935805777
0.0350780668215359
0.17658979121587
0.114942726956932
0.133384961290253
0.240200182561374
0.203261083965088
0.05244210603455
0.0765507975654899
0.12425813326778
0.290723351440826
0.0681524972223144
0.109550807634077
0.121758942694354
0.268857746508568
0.235148797868544
0.271540249709662
0.0723179990036332
0.365485246195583
0.279792832713435
0.136865610352542
0.171389593418633
0.237400331942624
0.204962575398038
0.0999763726327801
0.202546648182245
0.122626675160862
0.212960557593047
0.120793568864277
0.211093513825882
0.0805780972238197
0.305385158850622
0.312986215145082
0.195486246192194
0.279905321075413
0.35047246421424
0.149587227584812
0.290310356401595
0.18888946591616
0.29792085385039
0.327483826608593
0.212471032728762
0.140300813832185
0.104630749447926
0.297753982472192
0.230143193646926
0.257561400125674
0.214935409138344
0.197693711658846
0.257906175630715
0.128791038916583
0.109417702897654
0.307509231143893
0.266627229705538
0.288278677817708
0.376555674521785
0.297049376448875
0.315915680015573
0.25771899955216
0.25107624073806
0.2595417135219
0.315974207333229
0.318201659804495
0.350397946198405
0.32008493353346
0.387829253843637
0.150300540102971
0.347559627126858
0.351527195121343
0.268095781849672
0.325022409381546
0.226598605857989
0.307468543569443
0.343985249116736
0.289853669244911
0.350928319135909
0.237854619526835
0.270690758737935
0.310363290301227
0.342698776354349
0.393369202537752
0.284280862839121
0.248995453136688
0.353964802264277
0.33868306097397
0.262172379594073
0.286521839346077
0.32246339492807
0.197932312059128
0.321180057429602
0.345088832055687
0.363525765453347
0.451627219853571
0.33982315494581
0.37648650399692
0.305003195512951
0.294122413185886
0.25075085259391
0.408047299465632
0.324144380016699
0.214716903061468
0.370780302073316
0.363684851317571
0.276556432672291
0.395352635023211
0.398572839212979
0.320197411278122
0.236560850551438
0.371528601079174
0.459882403741344
0.314568443982468
0.223830300812596
0.282057764339041
0.346005096729749
0.344027178461816
0.481979422964491
0.505421320836859
0.260704395630515
0.354336034817807
0.195490194945831
0.503184322254939
0.372225128792244
0.309195964624414
0.396739735494626
0.433884276177335
0.362207765300387
0.511714386819382
0.300884425261127
0.532926579752604
0.412591753784431
0.359656183325804
0.46999184552528
0.497951483099777
0.2123714643116
0.403809383229575
0.440749092342874
0.419361943807463
0.44475621737423
0.61511606567994
0.354152871156996
0.418361235981376
0.415204682317263
0.386432075588129
0.476723917469071
0.414502041590492
0.352979350248162
0.40346233095294
0.241065823406746
0.498887325499065
0.39511436721186
0.417585718619059
0.390163309679524
0.404978738427939
0.544946068319755
0.355161228308577
0.304372497854208
0.362372174618485
0.323518552686889
0.457518194058658
0.359587394084228
0.272209159025769
0.46221323566228
0.500165088943757
0.388237512110914
0.522698932149361
0.523380307706188
0.551574905316462
0.508441577759388
0.442761968602277
0.624350287358426
0.380053952760269
0.561671018791101
0.553977749661615
0.459358683815863
0.453984533580993
0.468896658815887
0.57196234221098
0.502819755182703
0.586258937680828
0.467303575157702
0.604307350627287
0.563141608174195
0.558977873412772
0.510339909149779
0.605478280726748
0.651657365301842
0.603993973907709
0.485099150049899
0.492520990891006
0.532775374102136
0.416834964701276
0.617043848164008
0.584221605589171
0.698742924565307
0.597909356330074
0.46195662673243
0.50957590353503
0.656592307556337
0.50631459876851
0.381868475079919
0.595824592808198
0.560137204254212
0.598378417268157
0.493511834979888
0.634867681102589
0.739947714275976
0.504293883760397
0.564841695825128
0.412760728961718
0.46557688770485
0.687582883582185
0.676172976563998
0.643496014926375
0.578807852148433
0.661130660640257
0.594035581183592
0.786907459688933
0.593249440994563
0.438005457963684
0.464875612583744
0.539775155875257
0.450570740507764
0.662598260243413
0.532777552805668
0.42301674086257
0.677793346992467
0.440882395889888
0.609405338718955
0.527981746967864
0.602384397898289
0.632394876041229
0.503820138865082
0.763350442150242
0.573917784340228
0.605810676593177
0.727963345684404
0.625870208477302
0.570525867137952
0.615399550586829
0.563397872708755
0.629964204982107
0.51969601480321
0.59638726146003
0.68322667941887
0.553704709614272
0.662818090561902
0.533261211696201
0.699024837848908
0.643991397203349
0.730940525081324
0.70954580531739
0.77245010865113
0.684189580055753
0.656361377445005
0.733644997068564
0.691639607738968
0.719982850325038
0.618900405751621
0.762376521989488
0.637207820144291
0.69340602785081
0.69315513006003
0.718029883751682
0.867464036538956
0.743670609523404
0.688033026357343
0.624355002296346
0.723425230620862
0.604209626869861
0.657526684118681
0.670317348276906
0.662574401205498
0.742218927302063
0.726366063549816
0.547060326143416
0.714728320716481
0.633959626192139
0.729554715552971
0.824541443198384
0.605472917754776
0.809607968772983
0.729228146657141
0.872442533050732
0.678925616319391
0.725237902663024
0.603741341249065
0.747152158942531
0.68295041051001
0.809898285488988
0.641153992534648
0.725540699824597
0.77713593928936
0.80626177775629
0.701853566975641
0.71932840479822
0.815100640428706
0.695086828114952
0.757552538509981
0.751422872336048
0.727304042782912
0.805186076055767
0.703173754550865
0.855038052362539
0.692857434716433
0.784968778402592
0.640319913315037
0.6794270439901
0.677169179675421
0.797447477966372
0.852869951719412
0.849973964960202
0.68591083132701
0.753929128161248
0.700546415827906
0.835642592115514
0.688802400418185
0.777546333650032
0.781550506111208
0.672199425307307
0.743967173344261
0.688047753630814
0.634228460223415
0.930852790356469
0.678945270625925
0.773770004637008
0.825821449652275
0.735663389214013
0.753656275088372
0.721585393509168
0.771553500016222
0.72491760634258
0.933468957720554
0.900642672298109
0.709862665654855
0.923802600882582
0.861700009895889
0.958482874901359
1.02057610056802
0.823188679719004
0.800647982182719
0.738486774815424
0.842949441236434
0.799412834316401
0.845903591129492
0.798702951715435
0.999186310092971
0.761931275241979
0.791862374107732
0.788500542845566
0.893712862263611
0.847881795279175
0.907177401938486
0.831159848341229
0.933393210125809
0.884766601664361
0.852354316042892
0.782140923158184
0.801087699232051
0.810292036819577
0.818094838720601
0.815713994676157
0.847149157373471
0.912360697791071
0.938503730814774
1.01363261217901
0.78165363705809
1.03610115410112
0.721178575374254
0.952954625562529
1.00501355242421
0.904309536247217
0.974397466078586
1.02940707141552
0.879566890024816
0.847615459199966
0.991326411039961
0.882383591912572
0.924721000061903
1.05088024724044
1.007943516916
0.91563891598787
0.893542184706024
1.09987453625255
0.946331582751615
0.971510757214283
0.957473066000221
0.93761695438034
0.94146606911266
0.930703445552715
0.888801489879138
1.00889985010945
0.855799239757707
0.918466278760906
0.91048047873044
0.907098126156783
0.86928590422589
0.893085274054066
0.778450443069371
0.821255247300753
0.92663045440667
0.980025047827298
0.946611674819644
1.07082386980628
0.95780646199573
1.05128129543273
0.937197248804739
0.979651616088994
1.00495311051238
1.02760032017124
1.01575466941253
0.911516394885785
0.926389307188122
0.9328550157664
0.958755710813154
0.912662855224278
1.04152691131466
1.0717936391572
0.853110090191851
0.935223537614655
0.98746804660518
0.933213081211304
1.05676376832343
0.936552487984954
0.981828153533824
1.12686397171973
0.943652052745011
1.11889518056876
