-1.05663687656137
-1.03346773320814
-0.821736985547757
-0.947159147425877
-1.22445331256982
-1.01045753048254
-1.05097550748917
-1.10939020913104
-1.16086988175896
-1.04881829585449
-1.14000298217831
-0.898259621748364
-0.97749069828637
-0.918127357992909
-0.976522125012799
-1.00999230012686
-1.05418441523188
-1.09015656042307
-0.91194030212996
-1.03687686990628
-1.1054458909767
-0.913537630408794
-0.815241089508475
-0.920605318562509
-0.915182570699494
-0.969665956229645
-0.924472284620619
-0.939267059270008
-0.942275809608001
-0.851933674832545
-0.834559628713301
-1.11580808769326
-0.850022985949707
-0.829066524276863
-0.862675423081122
-0.998855230278724
-0.7650932097629
-1.09064321445473
-0.934297065328918
-0.765276598837285
-0.840681938184621
-0.838939310961307
-0.91667631747197
-0.804331949842705
-0.825635263307122
-0.981878848847658
-0.817948320501031
-0.918362793357642
-0.862468050168685
-0.845193557534827
-0.898666442294387
-0.932690429060017
-0.943180908713592
-0.929066039538979
-0.891225308300865
-0.953620797329633
-0.921173102873818
-0.884673931972412
-0.921665178460603
-1.01502207157116
-0.984535693603037
-0.820661844770973
-0.8145580115762
-0.882801179255479
-0.881548546064763
-0.778352465993661
-0.832088464088218
-0.834436473776015
-0.802038409522775
-0.862279796645485
-0.903579985234775
-0.929885765078811
-0.72347581933169
-0.765661102341945
-0.874885438362231
-0.853275685581441
-0.746447910881975
-0.950808183404031
-0.840502166537375
-0.800853023410921
-0.84664620401648
-0.931534339465749
-0.818347947095424
-0.852588238470743
-0.799607147943485
-0.795827551565142
-0.777217477424055
-0.953769356228114
-0.947363529579373
-0.883888965061149
-0.781847930930854
-0.887164175096382
-0.879101488221432
-0.783749888118234
-0.891642582317626
-0.900649106717655
-0.782070635422514
-0.921153266159781
-0.748624222219926
-0.747480538126987
-0.661838493417813
-0.964346778219652
-0.56419448575855
-0.810322952652303
-0.797249565404661
-0.746035072828685
-0.626763588543927
-0.746653874255055
-0.677568951314244
-0.587681486513686
-0.835890703278282
-0.685874442022553
-0.7284596425553
-0.739929435378605
-0.84079997868527
-0.683237822603655
-0.783655548015408
-0.725304005599776
-0.808833162688805
-0.676560191086689
-0.7069958085826
-0.732951991127997
-0.757297338723742
-0.828815898274644
-0.583774488794273
-0.839672008105396
-0.80903879350271
-0.716816796591649
-0.735406156585814
-0.90315501205922
-0.760716054513043
-0.717527509802281
-0.785174495803712
-0.615149910706758
-0.632268017219432
-0.620038487177992
-0.756003419750232
-0.713504435401741
-0.607677594793961
-0.672573541093072
-0.670746246658901
-0.617907859780853
-0.800253011837955
-0.752224121217709
-0.823565605608686
-0.667245386967624
-0.548808114220024
-0.632843500994553
-0.704680701469238
-0.665500444905501
-0.623810977727768
-0.700381073093468
-0.691328914481869
-0.688724196423555
-0.649292371738334
-0.729905669503359
-0.761539092846517
-0.705840091051482
-0.662123983317259
-0.740652127961328
-0.696571104923693
-0.854792941658327
-0.731216540724848
-0.650260421558658
-0.609520960556494
-0.604445255923407
-0.543779128670539
-0.674212591511335
-0.620231992434286
-0.696737172789669
-0.737006999623331
-0.765238071227005
-0.667448507184967
-0.78082881439286
-0.751363607226384
-0.51734896831313
-0.629848998054889
-0.656784530956524
-0.713493317035861
-0.689651045450931
-0.637315117113481
-0.703630009382063
-0.676017678847225
-0.639333245365571
-0.526794885478946
-0.580166821663048
-0.70770578060533
-0.703122898132149
-0.577469236032106
-0.722819562017014
-0.752922020713824
-0.599470618548388
-0.589111345825377
-0.585504100656239
-0.668779938740237
-0.644807903504681
-0.650824003317623
-0.318057874147327
-0.657434220213977
-0.665788246181867
-0.525116125867142
-0.55265821538697
-0.639125043087852
-0.522278186830914
-0.675255572840464
-0.615907117184495
-0.755547842447368
-0.649148221302733
-0.595791542804439
-0.517069712169012
-0.593774332674839
-0.540137742977629
-0.416681072358971
-0.52237609016399
-0.520169072286808
-0.545509566116251
-0.716196267647067
-0.643050591465616
-0.499409432196518
-0.594576698689995
-0.508466222017112
-0.534560401897173
-0.581447006482472
-0.476871200876665
-0.618626216360989
-0.61685534294411
-0.592548989324117
-0.493100869041733
-0.488777989023985
-0.601767487527464
-0.516167167995264
-0.48956716320915
-0.540330814435867
-0.574105802739794
-0.581692994140348
-0.427391948832379
-0.44026936594455
-0.550963481740288
-0.560738128756081
-0.614261661348599
-0.482262190122904
-0.39143401039828
-0.553007707077286
-0.306401071368934
-0.547212276777972
-0.564572952548687
-0.544183510526991
-0.565086147781194
-0.32573127135604
-0.568269200073008
-0.440382359280859
-0.494016156133716
-0.518071898860336
-0.483202658250602
-0.37146382947208
-0.450653313835729
-0.491213482844249
-0.3929996320681
-0.573465638996702
-0.448753266002956
-0.448935037869028
-0.437337887822796
-0.577224113943192
-0.429946394291184
-0.529494371642122
-0.546169713138884
-0.524427999826296
-0.485680859146553
-0.472330971720387
-0.590401144235981
-0.524692823069993
-0.471979648952374
-0.477659025275739
-0.427992578765132
-0.476875999332066
-0.647308716551319
-0.581346610520455
-0.224578394551126
-0.539166549122267
-0.351187417928825
-0.424764472253925
-0.520356890351912
-0.451903658338096
-0.3691597053039
-0.38080611194247
-0.410918940980502
-0.518478060606108
-0.486670313887099
-0.384528754823438
-0.350430556093967
-0.471901886496924
-0.300428429266431
-0.394625238256651
-0.498691594019356
-0.44587601250436
-0.497103217203864
-0.483534804463953
-0.25623807160469
-0.406976411131632
-0.396533957550174
-0.417817842030288
-0.374334372732813
-0.417795143870109
-0.378942714760971
-0.480962534544498
-0.538968305668283
-0.517020008112885
-0.376453971074877
-0.384411087506227
-0.385808243449792
-0.397483118211897
-0.292129908067983
-0.444614690592638
-0.299178645531876
-0.245719565496248
-0.528770134047177
-0.291191762494073
-0.394864541106978
-0.330013955614161
-0.273105185636439
-0.374884232076869
-0.513670949650215
-0.320358864724516
-0.338713814668321
-0.23895298983791
-0.274293827243327
-0.362352958249682
-0.370066078470609
-0.419639438622021
-0.587978617920601
-0.182453502723001
-0.253962127551858
-0.187874146606992
-0.250614512001757
-0.360169132773781
-0.382678514446324
-0.18401346444483
-0.461425687128336
-0.31589156715768
-0.304876873954296
-0.359876130485403
-0.402355052041675
-0.311674809565124
-0.395225789405763
-0.210366431107986
-0.297148249383705
-0.206215697888491
-0.333480942691726
-0.32821312920127
-0.21117485762964
-0.289737353161215
-0.313605586151256
-0.325597647834199
-0.424156408692888
-0.230291307709706
-0.103975275542908
-0.105746811985272
-0.110343533932214
-0.17799220208534
-0.496023234713597
-0.206167929041504
-0.41951108223978
-0.291795663419944
-0.307276366721371
-0.23870069080404
-0.261688274704758
-0.294421939538895
-0.427283180221265
-0.222972313399951
-0.31788209112629
-0.221366132134538
-0.41189345468149
-0.26878840340879
-0.210910858626942
-0.303260396797974
-0.279368367508044
-0.424566024043992
-0.125330713064488
-0.0981493537900057
-0.238870337231507
-0.180589213720659
-0.1503471035749
-0.406627479974363
-0.305414879809363
-0.294220943151144
-0.225894371637172
-0.175632884542507
-0.284698482821063
-0.20546904163388
-0.193191247827507
-0.322086324858786
-0.0519703275688573
-0.253225955584784
-0.150718942204952
-0.196492922784919
-0.0821923763443475
0.0235181285815248
-0.327916687625834
-0.198603897550572
-0.169316642539943
-0.242935548682935
-0.222215412713551
-0.0588370209617576
-0.140222084167847
-0.330174338804389
-0.226830579786373
-0.210416158109181
-0.113464438407523
-0.275198100508659
-0.215654990014913
-0.262522108518511
-0.0984602123780227
-0.11836147034815
-0.181548466327903
-0.198272642374631
-0.150304926512767
-0.0931297561406468
-0.133914533030022
-0.228762133359292
-0.138001953435917
-0.288221742848254
-0.207234990913994
-0.138157421403363
-0.0646162149650587
-0.157528258142438
-0.290617173062899
-0.10259229375545
-0.148404422427527
-0.164508785605363
-0.0146416159795968
-0.0738284120265196
-0.207150961773505
-0.171954019515641
-0.200768973621331
-0.132769629638639
-0.272688805925762
-0.212981795493842
-0.183513689678556
-0.105519600175786
-0.187587697613618
0.00165082176769739
-0.144918709949185
-0.0692723712264749
-0.129015352891443
-0.161151599030077
-0.0551383473960281
-0.146795563497395
0.0430164548771923
-0.0418404185261082
-0.154878588427511
-0.222728024330394
-0.0758094922908294
0.0256055250858963
-0.0738849005051093
-0.00448711319705223
-0.110868382830186
-0.0411564345440957
-0.0137001900863762
-0.0261196594618369
-0.126339789606941
-0.0305949949438936
-0.170969696083878
-0.0177859452282531
-0.0950130924065064
-0.0652570041766114
-0.0599595604484208
-0.105366718643101
-0.159443468043666
-0.139169757268347
-0.058892992898967
0.0196699832928133
0.0220316725149752
-0.00753338347542112
-0.0554636332057133
0.0472172601440767
-0.0437763573184097
-0.144174167767981
0.00407298891685533
-0.0571371908867983
-0.0473296196723518
-0.0771436997662289
-0.0412724705135973
0.0405707957778446
-0.0695004913194517
-0.06567351860146
0.0597579123727486
-0.047743870716629
0.0716044949177253
-0.00829438598423333
0.00532161397834288
-0.130140636688743
-0.0916693360992576
0.0206735432737369
-0.0808580792037021
0.0675550807617068
0.11889889960734
-0.0889017513832928
-0.204276797684307
-0.109971278832512
0.0118378715949356
0.0341837027250065
0.0263028419112345
0.0990879227577942
0.120563332148997
-0.00490237528476062
0.0340924923186797
-0.059347817341886
-0.0192167097937153
0.111274772435557
-0.0297758309369474
-0.0279605332122036
0.0391355092753461
0.0552020608615179
0.0450060448687182
0.104081384408595
0.03286860561492
-0.141611712903637
0.011345891192421
-0.0620915192947766
0.0491999451128764
0.0271330774349584
0.106220670218751
0.0176958687920754
-0.0747397478809112
-0.0109238558307071
0.0150653375957257
0.0134297345819753
0.0641146268477141
0.102759388356922
0.0137958825776423
0.127778555112863
-0.0557642956674034
0.0316550495788715
0.140209564730268
0.153723860825733
0.0634998719274554
0.140963129965754
-0.0547252024627984
0.0985382494967114
-0.00060534236900753
0.144640309667031
0.0753741404519319
0.0267004169274334
0.0712340535739696
-0.0606738398830915
0.0653870840244114
-0.0116386972226483
0.199559691875787
-0.0226016173282382
-0.0101421549845658
0.00912629554106772
0.0315763769344495
0.191819415712958
0.149442955699966
0.0960604518148486
0.0586055603744442
0.196849695545078
0.116847811643953
0.134024669966536
0.125954262857792
0.1341674956689
0.141647990236967
0.17421842888079
0.194902191488078
0.154055954646598
0.310427480373146
0.106427298981118
0.115436886503552
-0.061059745019844
0.0308763010916254
0.239627414524368
0.109630250433966
0.299380017574016
0.168955914203581
0.0230981893404965
0.180772270888109
0.12757919949014
0.151788002123105
0.237600646397857
0.211538925497091
0.0714035167158477
0.0864858114596566
0.133867404033375
0.286738850641147
0.0750007600836354
0.111099342759805
0.107473972102287
0.258152386915901
0.22262643403871
0.285493343057548
0.054115672149057
0.349621394012822
0.270363650643761
0.128299515853525
0.17382315027459
0.22993219031621
0.204251675805114
0.101092612986747
0.207502821049714
0.127720290778139
0.213322292416896
0.130229422397766
0.197189237504554
0.0915325811595576
0.316172829738266
0.318147244921815
0.228663785634449
0.301066639688638
0.342300696217928
0.147333504550626
0.283070461926334
0.196209693740471
0.285659345519872
0.333817103742223
0.205582694208094
0.159876742164952
0.101313314544818
0.291537269213337
0.225730295834396
0.24950850534663
0.203527076601132
0.20047457683954
0.244053295645964
0.162636829228082
0.138428969770891
0.300994435698072
0.262506026823819
0.285283526159997
0.402562790817353
0.2938873817838
0.322178078801486
0.242289121994542
0.26721410765852
0.227080827902033
0.289226705190986
0.299846594738003
0.350685535850113
0.305769503657284
0.411776414819519
0.162075452652371
0.344999932516221
0.330226843879552
0.265455542008211
0.317697120373228
0.231960843910296
0.307107957223848
0.337153161568429
0.294744721343228
0.342650337055953
0.254375704356744
0.26979645158311
0.314775939615183
0.358051073603654
0.369454724024343
0.282396935466534
0.271779991057625
0.34464646780302
0.325138524069185
0.275095992184738
0.295190569517139
0.311463644801855
0.208744169523979
0.322636601675239
0.312712134600287
0.373988676890982
0.471140115712389
0.363316815455455
0.370965814478547
0.289801130876454
0.272130309651367
0.251903842228068
0.406051083017988
0.326401514315618
0.229775443672624
0.379939163267236
0.361149082086567
0.246888372712924
0.414193598483504
0.415810995554018
0.326838656617721
0.238994440979797
0.368372769364802
0.465582111478738
0.319212100737868
0.217436483721244
0.286736225994775
0.323156018359493
0.337391380356302
0.484786772999996
0.504444050408656
0.267180966538083
0.370158967477804
0.206050587605502
0.497442208974425
0.362785737658497
0.287947555242558
0.370561599084539
0.416606422034565
0.356406670238684
0.522832439805508
0.31328184285301
0.515329082998702
0.43192892401942
0.355944785860034
0.47785086349039
0.51735370811464
0.227250688812998
0.405961528286078
0.446035758654866
0.440021125603895
0.45314781077505
0.593194313292632
0.353688440844604
0.438378803356681
0.423144446683543
0.382564950489619
0.478819183762148
0.437019514766646
0.375685572879315
0.409005557123863
0.257497019279855
0.48219695237674
0.416944208979568
0.419829469557107
0.404796252820563
0.398452351047866
0.560344505403567
0.339368832473485
0.314493697419051
0.363286779797885
0.329712544571797
0.449930844895897
0.344349634425795
0.282026372916964
0.44357051191346
0.50120655163301
0.402352747710771
0.555218222359987
0.522222610252184
0.562772189420609
0.496343973045517
0.455978321190437
0.621014775204232
0.356756106632966
0.532311396612712
0.548296405112039
0.460255500083702
0.465254337722611
0.441553574504403
0.550263134376391
0.511080129431841
0.583339082839133
0.462776450082786
0.589856623855209
0.551162791491278
0.542946107481577
0.509897255291212
0.602835721057853
0.653106185727055
0.594963371631503
0.469590393064114
0.499168398737398
0.529435076489508
0.415726856814031
0.604311401900679
0.570317314804417
0.707857936616136
0.600100637391529
0.471924432996265
0.494354753057777
0.647119660359055
0.510314349256547
0.383046620128315
0.598755665561421
0.566878191766856
0.602504471051739
0.49083231653019
0.625307230732835
0.719835409624537
0.511177017560494
0.585263195670325
0.418380479352028
0.487239164646668
0.675412488685653
0.65097254093349
0.648736866463482
0.573281732105132
0.676390505375438
0.584704456848092
0.748270761794317
0.568568437019973
0.449458294002616
0.491009538996848
0.551756554442912
0.434530093204288
0.679632303287391
0.538540926120172
0.428274267053909
0.676029854978948
0.447199741901905
0.598458785522092
0.508138383387098
0.587067770170035
0.626225001677274
0.522142956046314
0.756267424803767
0.554971463907116
0.600684294493081
0.726745704241082
0.630376702201738
0.564823364227806
0.631124023529373
0.567299340316529
0.634054653926638
0.525450331670833
0.61352050612452
0.681109896281425
0.506241056499509
0.668597263667546
0.518793696186195
0.683805577421417
0.672589860355785
0.721733751484715
0.714485290455104
0.77737675123803
0.698057677155214
0.647108665578733
0.728561620410228
0.681992308006609
0.747037561530433
0.637814264096171
0.776769195376777
0.6367290429758
0.68686255564036
0.697239022493205
0.708778114891132
0.845392520473171
0.750407432492972
0.694847909856037
0.633296937787359
0.711275494144448
0.605152091225063
0.648463344532826
0.669963606909835
0.687406837896877
0.746376362241485
0.728922173091993
0.538087473951831
0.715682300706346
0.632393918083718
0.739791936331159
0.795228609285278
0.612375096755543
0.797740206769017
0.740777782216116
0.870700797556896
0.685719865460826
0.710782720944878
0.580325495224526
0.736112070378647
0.676235128740032
0.809057693328105
0.636548321427327
0.728385017193807
0.775246741408858
0.813491535863514
0.700898129429593
0.718931191768641
0.81200156911752
0.684259062707574
0.767674075895964
0.736910829732974
0.730443482405582
0.799783212085585
0.720599940828353
0.832927651749759
0.707829210252511
0.774495855296182
0.641059965739749
0.716791405171465
0.700391289216356
0.791064008256826
0.868187205981749
0.832533585774889
0.688158432536953
0.744959858570583
0.707121545248031
0.848769165271973
0.69597178079098
0.780105247195445
0.779560299655996
0.670136259154642
0.748027108403849
0.706205798211364
0.622975848769715
0.899849031384694
0.646684356138661
0.751485529605652
0.835318386860033
0.74928841523077
0.73265345748682
0.717854156049311
0.782430605967674
0.707402207820879
0.917479691602239
0.901597742053279
0.719489486847856
0.916583444222661
0.866557041185568
0.974262910210246
1.00430719330121
0.826940558366736
0.782111379246188
0.740023527057091
0.842293867045408
0.80558834510545
0.842115032825041
0.79682151841739
0.998923927456945
0.780778108088217
0.794795194839526
0.807075290525619
0.909184482085508
0.827709490721201
0.869598528340605
0.826582154046347
0.918826424647707
0.870563885762627
0.828331820700416
0.810625495010281
0.792671171318559
0.817724755686792
0.841464619420291
0.80293189374557
0.831345209585479
0.905649619028797
0.914504086934635
1.04322627577386
0.774390618288319
1.02060114013849
0.721373004542281
0.953012038832035
0.969331562891559
0.920096160182392
0.993194872976411
1.02824592577124
0.8698163911322
0.865786376730155
0.97488810161554
0.896504955135679
0.917234495636979
1.04158632928122
0.999286623069914
0.921908275762194
0.879240392379067
1.10952878878873
0.941507314919119
0.965513806437931
0.962794310511317
0.955870469695165
0.931016087366223
0.956477219402353
0.87758016032895
0.984406823855481
0.843146202711205
0.918280403044728
0.923653343908324
0.919240536840608
0.88950222398429
0.873801886631561
0.780120041775397
0.827279709594205
0.929605338341219
0.971325419674484
0.938800827776795
1.04247844650348
0.968701928538047
1.0560677831846
0.944704336966896
0.977120184144546
1.02225802628401
1.01106349410081
1.02133987113951
0.902735811752345
0.940589323040961
0.946918048051265
0.946558277147721
0.911546037293536
1.04716507919445
1.08073751661995
0.855390363114477
0.943115965118074
0.994495820712026
0.923772221704555
1.05060636720369
0.941707715504753
0.978422642800326
1.13544663785091
0.935767327069918
1.15108665926781
