-1.02515928881716
-0.909034762334269
-0.936037736149593
-0.93334451355713
-1.03168495059723
-1.09189487227114
-0.967748121079324
-0.800170393791904
-0.917597751654664
-0.977326568592008
-0.99273661435022
-1.05836137416566
-0.983327419281841
-1.07476988565065
-1.0729068565866
-0.976848812549976
-1.00146647737263
-1.17964480507506
-0.987279201494397
-0.996158439058766
-0.993368883425385
-0.944014118652459
-0.833940455906086
-0.94931854128741
-0.846365338104251
-0.952646241286328
-0.903179215624959
-1.0580269944427
-0.955047061348735
-0.766718794493563
-0.905829439267455
-0.864350521932086
-1.18260274603224
-0.863675740387818
-1.09310897782949
-1.05314579090867
-0.831381325693198
-1.06998049847625
-0.941894507644025
-0.809155943716729
-0.967291350253127
-0.895301733722747
-0.720787489928427
-0.726674731077686
-1.03619289387788
-0.856501159351618
-0.998607328959206
-0.988539052352496
-1.0757836023258
-0.783886752949118
-1.12371699156695
-0.978347100109636
-0.958009716242892
-0.699199375483744
-0.92456085399306
-0.79785624706913
-1.03222604779026
-1.00380624041851
-0.75263764135652
-0.924658400673241
-0.793438117819051
-0.967834273138158
-0.840142002427582
-0.869203037558969
-0.861234132560942
-0.800439787731174
-0.820063003166383
-0.92917481473403
-0.839587980042868
-0.817812425619934
-0.897580269727971
-0.816782570176232
-0.929266066344211
-0.694475897032313
-0.751127970397937
-0.723692081789587
-0.853686543739938
-0.749799037145934
-0.852356818422967
-0.82305779473523
-0.848982474393168
-0.777801219237536
-0.906094882828619
-0.759454699449225
-0.776006581661017
-0.694836275507045
-0.741215425395406
-1.00577576985456
-0.841026520643832
-1.01381210084522
-0.831575796341107
-0.799875792640961
-0.940187533111703
-0.78153278488433
-0.798168289175969
-0.67085620055217
-0.787316378975406
-0.899638028589287
-0.739056770396359
-0.807838254891221
-0.776628598990447
-0.822669509019183
-0.830809419937754
-0.812028391177862
-0.820536306318326
-0.825070290697648
-0.797931934859153
-0.985064254922513
-0.731792337933673
-0.767603526802226
-0.771631295791239
-0.80490552423922
-0.701451463325731
-0.830590507178764
-0.749310443597546
-0.665012461679238
-0.792758909159271
-0.624634068661358
-0.759306862409981
-0.682164893987406
-0.753103634258055
-0.820322247553086
-0.732247262236379
-0.863620037779844
-0.644313255842995
-0.650604544416961
-0.789752168488123
-0.752635143019907
-0.867630272639508
-0.687285349061715
-0.5797715920614
-0.756604142145928
-0.654709803599679
-0.858176095586877
-0.49489043149145
-0.740717865785324
-0.745327619893221
-0.790100539853771
-0.664816675527863
-0.651489003497615
-0.561129877055085
-0.590561573519883
-0.676301141735214
-0.655968309581843
-0.808081312673541
-0.788502178124562
-0.76607199463835
-0.698619657607221
-0.652970616546207
-0.831960293224175
-0.691422571302295
-0.741821010336049
-0.70261341035062
-0.774039724587411
-0.655943156629715
-0.616960294256702
-0.762823578768917
-0.605434437770741
-0.663324760132376
-0.69145541195831
-0.639193102968605
-0.668582314188559
-0.752304521623579
-0.700048166492191
-0.563185226289776
-0.613602033827442
-0.845239251356338
-0.531367508580255
-0.721944179713264
-0.644518212797716
-0.682430253011304
-0.679841322236242
-0.61785919862181
-0.6355753168499
-0.590634944787069
-0.673421345323573
-0.645033577898504
-0.497378527132859
-0.78773550466718
-0.643722396524118
-0.695875959870375
-0.581872047954484
-0.665077206277698
-0.545926965030604
-0.59854234002949
-0.573440432227956
-0.657271785992314
-0.50328070084668
-0.672788403527815
-0.575861266989869
-0.504785543987361
-0.69675919314925
-0.680108890835332
-0.636273155901742
-0.600859287916371
-0.754087032080228
-0.569867182303908
-0.632719767691307
-0.661413791457222
-0.710389544720501
-0.470694423142847
-0.545434634295432
-0.713685541629121
-0.605033939504214
-0.707740350828976
-0.63161075330664
-0.756352063064379
-0.627303420149523
-0.572280638640063
-0.494413835769019
-0.636031940153744
-0.547377371749161
-0.56875340784549
-0.525149727849242
-0.591880434167125
-0.557876754482243
-0.583267123033071
-0.606661315396661
-0.601347704587166
-0.67736518027301
-0.53484750705402
-0.564484347985811
-0.586461299311495
-0.592226431406561
-0.477232628611757
-0.454397457044188
-0.645038437551786
-0.533493122507781
-0.585329857405707
-0.510589493234987
-0.339952883767373
-0.508122017130956
-0.373356141017727
-0.601265905213949
-0.441190272521494
-0.660082727035675
-0.50174445088847
-0.508442223033725
-0.52504796743457
-0.592701292810601
-0.486715372703532
-0.54099592735245
-0.634291944825347
-0.631144507262567
-0.419682713966529
-0.441372284917601
-0.416724556277869
-0.554663826157484
-0.417481468093907
-0.476522560187012
-0.513519116938767
-0.492920597039889
-0.41391401868089
-0.587962889726596
-0.608902942599972
-0.532506538994677
-0.46032696193699
-0.425453469278741
-0.456260147354968
-0.351667255324582
-0.430027677281335
-0.603996131276144
-0.362459926579583
-0.583846862200321
-0.597369248498519
-0.473267545722714
-0.407553974443422
-0.271210043760486
-0.347350794636755
-0.301437739285158
-0.38529500632292
-0.428895548837664
-0.501801903556324
-0.534489383234396
-0.379644791682931
-0.467711998018145
-0.531046469788545
-0.454617749830405
-0.443432690892264
-0.459566899719423
-0.492910879356935
-0.379664123221992
-0.510521947895974
-0.24986669574611
-0.374166022398718
-0.39032143792691
-0.458198507629272
-0.463221552430705
-0.478788468335996
-0.329545322176714
-0.41790912091522
-0.466132326100297
-0.469999138555045
-0.398134415277023
-0.506204835699847
-0.286868834551439
-0.448782412714035
-0.427331403355942
-0.587287165063372
-0.413648290019867
-0.435631213409516
-0.41055749271961
-0.281587229142051
-0.30717558885254
-0.386780872002605
-0.368296862050923
-0.331441426069803
-0.281478513556164
-0.348238505679233
-0.337901010078826
-0.517349877316746
-0.447321065743354
-0.156989712600868
-0.520870564303644
-0.318767551179395
-0.375880920075254
-0.417707998699162
-0.435926990390742
-0.418754799635643
-0.372997563673646
-0.354689105038657
-0.321585627682864
-0.258069106912962
-0.347244861716967
-0.339369085784226
-0.288619836819946
-0.128433577088726
-0.307043259067651
-0.36336995006343
-0.163005157095918
-0.493110237553909
-0.391032737093552
-0.320302671447534
-0.285903160196525
-0.282521530567429
-0.231252096682516
-0.407649522048658
-0.308184889470705
-0.33953264914369
-0.345041331274254
-0.298354221675139
-0.212458663911951
-0.275653091286953
-0.459225973187921
-0.215642588292742
-0.195160079491526
-0.226208305582181
-0.2278376892768
-0.33028129581205
-0.28421282004038
-0.218790451520623
-0.384841829352304
-0.216481765880348
-0.352989370432639
-0.291823209678034
-0.293082326967682
-0.242836127741271
-0.313969515095858
-0.238948436825489
-0.33109605431826
-0.376440184917853
-0.311814739052494
-0.330385502424905
-0.21043960843749
-0.170162298318206
-0.183044024934627
-0.354374662831993
-0.270802420419318
-0.236439733755953
-0.156074760362927
-0.309633518103415
-0.22409974719164
-0.453503017053277
-0.2100116525466
-0.295472475754979
-0.301830789360172
-0.206034077345796
-0.284926950179106
-0.231507989812688
-0.252162719339015
-0.363058859646858
-0.273552494775648
-0.232513737019552
-0.370640233703338
-0.264290040831126
-0.262997202072316
-0.357930156824229
-0.204988139256127
-0.0790150400630632
-0.25096738162184
-0.188761483302979
-0.294943052162969
-0.075823857895722
-0.148445977137742
-0.274527168790233
-0.296425517232215
-0.108601273298295
-0.205356557765608
-0.350955660741887
-0.155024272643785
-0.211466057202265
-0.211420435784312
-0.220499098311044
-0.238598973003238
-0.290034319935045
-0.134239196827108
-0.0600367697070667
-0.312552657438799
-0.109018568773777
-0.125253157485779
-0.137720790765377
-0.227442063998084
-0.172869737438008
-0.236174320258096
-0.24820414215316
-0.0651771721321496
-0.221266692069558
-0.310399529666047
-0.224069737639936
-0.153808759788076
-0.054545365118081
-0.21917651738767
-0.20484118776042
-0.192468660804907
-0.24707788609329
-0.186203040552525
-0.190447176985797
-0.179705872350463
-0.118474611456933
-0.0722059639246601
-0.147060155219427
-0.144147884843344
-0.22473458581645
-0.105215978445003
-0.0552153957505779
-0.141990715079419
-0.128532333189992
-0.382913833787168
-0.100824027068963
-0.212727952411784
-0.0549043072626314
-0.160414550243409
0.0228823704887947
-0.10222209217611
-0.0703021343244289
-0.154377772900122
-0.126079564137831
-0.151903791469865
-0.0873937621165701
-0.0261457323599209
-0.275603334634545
-0.139866562623473
0.0824475996335285
-0.0761816405149735
-0.0292776653826386
-0.101559914264194
-0.0884596657105157
-0.0445054964541085
0.0301251442892551
-0.0171875725902183
-0.0556251772851332
-0.105589648636351
-0.0456294545678232
-0.00444620550707271
-0.0805386458284651
-0.117398892352135
0.0629739668705658
-0.167832360698124
-0.0150763213163565
-0.034214189581588
-0.103196550208506
-0.138442497952899
0.0268849460072618
0.0420513324605571
-0.0579375469065142
-0.155762380695638
-0.298107530751329
-0.0649057077560792
0.0619957494234514
0.016726534824326
-0.00561349945921296
0.0283485919695656
-0.110247141063104
-0.0724534037661745
0.0624504369654249
-0.150349490856445
-0.102882660788432
0.0891529899761171
-0.255673612828944
0.0617195109629473
0.0306722910910327
0.111050222901671
-0.105666112956375
-0.0447048980489861
-0.038093813710492
0.0855586574868111
0.0220433444863594
0.0330508328688552
-0.190905413856214
-0.123000011402028
-0.0534805502554782
-0.0957193104108965
0.0325119733721113
0.00886073305055856
0.060428479341283
0.062954446529431
0.025398765707985
0.088994503663062
-0.161674518129073
0.0345717221281932
-0.127367396448528
0.063083405444719
-0.0477087229673943
0.0775800943295623
0.0631070983642431
-0.0475337806572496
-0.0560800696039163
0.103575446614894
0.0350452467528736
-0.039716789296484
0.0265940736202684
0.146529892035492
-0.0580266115897588
0.0840161708799267
-0.00487225812261983
0.055181838538107
-0.0588753600461067
-0.116521038853943
0.0857823315503279
0.0930996263055619
-0.0341833662556443
-0.0578128338009575
0.156064751384203
-0.0183150815614065
0.076722424281727
0.033205059098906
0.254549597513119
0.0946614313532896
0.0229954651769529
0.015511407314779
0.154159834190282
0.0288371735251826
0.0633045763745052
-0.0280448266602578
0.0297835912853614
0.0521496593664016
0.0833093992834702
0.0813302499613746
0.094501023461944
0.181831337244984
0.0893856240121396
-0.00442849599342079
-0.104504780729487
0.0402038488181392
0.156296478708807
0.0943447862967126
-0.0360331847597651
0.170127977280596
0.18730004066426
0.0726525104654697
0.103478627406388
0.062149133692774
0.177774140542412
0.270282426708499
-0.0170763187700689
0.22224220084767
0.160407815628878
-0.108640314946036
0.167677192855433
0.143992692225677
0.0777589012943455
0.170771186789449
0.219592077608554
0.0928023753266775
0.030363649815716
0.0817415044314008
0.302396901665877
0.264823056155654
0.151047306631951
0.178529140959732
-0.0362554955947388
0.244755299713935
0.234539161228768
0.0663858605016172
0.0821103830519671
0.0959668610787561
0.162194557386436
0.212530539105953
0.216703612929001
0.0442896349715955
0.117702887936366
0.279954173118721
0.142941797639397
0.212335353115444
0.0687808653280971
0.209644810404925
0.2788308931369
0.238749450217185
0.167377162286338
0.279552912164146
0.124855661351262
0.340970992148042
0.162717103778738
0.341926162429996
0.196001176165469
0.0307816530298096
0.176639459765318
0.274653025226532
0.278501208707329
0.358777373540485
0.191646138318044
0.194187869235118
0.356193612156072
0.315013691466396
0.296641490727759
0.160470012420569
0.106065056686456
0.2629073393631
0.265361775903144
0.0162711858082187
0.242260283514231
0.267133015799582
0.174013376598091
0.292422532536416
0.183425095112844
0.269129618970138
0.112001459698531
0.263938872503184
0.22120420653195
0.377944095083493
0.4036576767068
0.24369664202886
0.129077089288859
0.281194848401335
0.245698639781486
0.332289254441488
0.13737784885047
0.421832690785757
0.256223479733292
0.238642548193318
0.160475347406957
0.299225249179157
0.260363027448904
0.279481014645724
0.163312269683157
0.253521968035826
0.289036070721241
0.351941276362329
0.244326558321882
0.312203131023574
0.399878312564277
0.287157188357978
0.421080322592819
0.423789102408669
0.333694628062169
0.353775915498739
0.317394208546813
0.348333822985425
0.411684110990615
0.247849787287083
0.303175767440279
0.298355813582016
0.357248252448295
0.384731909339826
0.552610422759263
0.411928063285107
0.33351627918557
0.33605310902982
0.294300943202915
0.47793142580212
0.305339214768597
0.398643046929587
0.326115649559117
0.447545300548712
0.238613177966093
0.400451920076032
0.211464663020071
0.251101872947954
0.253956691953681
0.279886025620946
0.437626191537323
0.237499699627447
0.351949650463868
0.304686374155216
0.357327156753113
0.473980420542507
0.42400880597356
0.343001023129664
0.387967750070364
0.43163751075073
0.288905481012693
0.389720310328992
0.322682102670477
0.31751972972128
0.423640237019826
0.448283623503549
0.359845518073681
0.493444249116397
0.476055988594382
0.260622916237445
0.418892629426622
0.511188654619953
0.454153911777699
0.406711710512835
0.351288695098019
0.383753019833578
0.373267061968923
0.407376604451046
0.239477449658789
0.443320400373459
0.548170218534167
0.354677874111529
0.452399242644099
0.593090376335647
0.503352811860558
0.465095254601574
0.356463200924013
0.539328250783594
0.33170626709136
0.421399003488288
0.482907305701684
0.322854967306061
0.472036163676158
0.348871721000519
0.428322664903135
0.365671388303904
0.543582652622747
0.526942186342146
0.33933644784026
0.44443251896944
0.501079852756684
0.474752351026305
0.465553478829028
0.559238879108827
0.372495913454888
0.453239253374797
0.469480652166352
0.613891952404752
0.285077528967576
0.479401953987603
0.42572314592173
0.614987276706563
0.616396626074742
0.406887366045632
0.700008083055182
0.483467915008261
0.549906130819077
0.586205332731835
0.407868161891241
0.484338812497566
0.450168311471558
0.492696231971529
0.488162773593447
0.48180433152082
0.522629660368389
0.418756317411622
0.523169814199086
0.532525079712462
0.403105628859919
0.534022968553482
0.569687646169889
0.50264627333231
0.547366152733769
0.509834492655869
0.493714055001229
0.490833164073468
0.626402674868851
0.558042797912148
0.621503564664027
0.476062965894526
0.425200679399626
0.541082150161538
0.523497851522865
0.523601209472388
0.52832889346822
0.539742398521388
0.500895071322879
0.514088945653448
0.567521417762971
0.589592474770003
0.567096310254413
0.478916968283484
0.569102995574068
0.455256014173784
0.552259540074482
0.480878243933402
0.540054826028848
0.689127311114994
0.52464683907018
0.632388176601187
0.544155879452507
0.556778304088773
0.59191866422845
0.660965391628259
0.498803877177847
0.499934734662952
0.560899220719515
0.625455083296183
0.490419224896426
0.613172307857292
0.515801860278982
0.651264974915918
0.592607817408192
0.605653482540928
0.582206874004283
0.696044315278793
0.585667856700412
0.514264123955791
0.485059474795938
0.709422265888306
0.652553318938078
0.578030206457078
0.670715782576192
0.785970051989996
0.67070161129752
0.621355123569484
0.65218142083546
0.685782238979774
0.517647216260948
0.597024760051183
0.618444843952399
0.735417087513044
0.585911064132375
0.706586445251719
0.639580410969724
0.509263951780069
0.766302645551957
0.706804729278681
0.724237816398528
0.706798161422906
0.551823483241999
0.568760124146466
0.640159574845061
0.785631249961838
0.593506828504615
0.640868762626889
0.664699609565518
0.867933122640536
0.652228065408249
0.696613690979714
0.709424832615325
0.741848505204256
0.63581034073268
0.778472951726783
0.660316163997184
0.848990023147665
0.665006818582114
0.832979802627675
0.698159148072306
0.606572841053432
0.730857083302453
0.659538436241469
0.824659587976854
0.67366326032075
0.748757315192376
0.967744542693289
0.820205277552078
0.584928091191831
0.690913484034992
0.792044067214304
0.656193130569965
0.621948145625131
0.64678856024236
0.902162148464392
0.747217681088889
0.707410361505029
0.634124655980828
0.833518037286406
0.730367793289519
0.692337625112113
0.711844043179605
0.786290313576258
0.715366222631945
0.693001801363569
0.787543972613468
0.624539221358965
0.835426667838669
0.760513468185644
0.969670625298317
0.711599779628632
0.611535310592675
0.817074694101253
0.764624218760629
0.702684590146769
0.834518493956338
0.890490612977489
0.77937859840148
0.574256834334725
0.855466008727302
0.724041164995895
0.762501646258788
0.719923451294379
0.876749136652825
0.705528984389352
0.836080306181384
0.825827028898503
0.735347128171532
0.819598790329464
0.653016209747858
0.901432944980772
0.876410600212766
0.742511488808612
0.730342136160218
0.78945330710894
0.735198836471157
0.645283783242861
0.797363726215284
0.846848857137057
0.81113306762974
0.829291625820615
0.863371837648654
0.87284386468686
0.856489771534941
0.86620606967741
0.854306478244442
0.680570737906125
0.819624721235826
0.884914007650192
0.898792537431414
0.827637336676904
0.890618525737282
0.95923960778116
0.786770517397201
0.839415911304275
0.865542541975351
1.00622862353945
0.799745554467424
0.831050259418286
0.797039042243642
0.815773677768913
0.846361086594846
0.74897224100946
0.834046282616325
0.876933735236716
0.805850029917361
0.676715752808706
0.769349271217459
0.809205668160265
0.801864201764674
0.802213720910443
1.02518240845899
1.03338421384803
0.912723713148893
0.828979964754142
0.767484307213754
1.01538672669859
0.786816588753854
1.0180799795822
0.933178571474786
0.792909924183711
0.962186336914111
0.886249092941837
0.806925080254927
1.11481956662534
0.732763324892144
0.885014142469161
0.882163101045178
0.929790938838848
0.901575680705748
0.867144071292687
0.966326466007034
0.989050978596752
0.935473079523919
0.777581306899926
0.960256031373477
0.849158068226021
0.766111457399172
0.96572462798876
0.867456336426828
1.07114383509594
1.04035625618454
1.05664696205852
0.968563767978311
0.830831017644672
0.918225080854153
0.920649351798902
1.07253659186211
0.779589441248117
0.910374135675356
0.946575381288255
0.910342153962622
0.887500278258006
0.899015324503474
1.0639950873991
0.984297619848538
0.924254647705176
1.02166957976262
1.0084490066707
0.872138221449943
0.947500818149201
1.02257526523811
0.89232007324214
0.944235499909259
0.908574349923842
1.04347439769528
1.06644208084229
1.02802710184958
0.958083714117108
0.956092466842269
1.23045132669324
