-1.0080445190758
-0.906112516177991
-0.963571772326932
-0.937495982989484
-1.00845535447912
-1.09924114937226
-0.961643141387335
-0.813999459494533
-0.907147444334127
-0.958989396625288
-1.00164854470045
-1.03423629643933
-0.999042221639839
-1.07101561282821
-1.06260876858078
-0.963033999404547
-0.99331111448273
-1.17546268251989
-1.00775605357591
-0.995915589289599
-0.982862976735702
-0.938021370802628
-0.862468123141215
-0.961489994452498
-0.831041307543777
-0.942488962059463
-0.885923627686943
-1.05436938150368
-0.947935464814772
-0.757728879182263
-0.893359636539631
-0.871609696780393
-1.16551530249308
-0.859231235157829
-1.06159303762003
-1.04804456842764
-0.830795554895784
-1.0705571320004
-0.957231003590755
-0.822243812059095
-0.97142644127678
-0.877383022470443
-0.697163234842332
-0.732922012685039
-1.02832720637886
-0.858016153549374
-0.964102893020375
-0.988260241838873
-1.07600186889574
-0.781305940282286
-1.11118931363508
-0.984015550607543
-0.954602658250452
-0.724637245626947
-0.918334988957785
-0.790353434252481
-1.03192323444399
-1.02482634421402
-0.736627444090827
-0.928395183459149
-0.806454605162092
-0.977998138611925
-0.849363526453083
-0.830655482622473
-0.83881172713286
-0.827287905760415
-0.809181441105298
-0.925317395643321
-0.828029244474
-0.814316104696035
-0.901011819006662
-0.825483943422998
-0.929737602083503
-0.670896392162755
-0.7527613552986
-0.704459071743667
-0.844371994429123
-0.760234547461547
-0.830422989051465
-0.822842218241267
-0.82827478569161
-0.760172271496381
-0.901321901618132
-0.770952624733555
-0.786390441091975
-0.670907581996889
-0.752466197797559
-1.01104317935899
-0.858157266578585
-1.00237066774961
-0.816461370127168
-0.802268521601887
-0.942142557481004
-0.78929561079253
-0.810340003007774
-0.683259115313754
-0.764503775735803
-0.910316592620491
-0.711656423924045
-0.811514429874677
-0.798157745349605
-0.837477741968583
-0.84713261422958
-0.829653157104678
-0.820122564653283
-0.848132181689425
-0.81235168262157
-0.972517529803344
-0.755133011005583
-0.764514746940386
-0.778183823990343
-0.813293200574928
-0.717130965017532
-0.828068934800676
-0.742988683525726
-0.659399668411534
-0.797646132529424
-0.611145944763764
-0.753772780969143
-0.675715927770158
-0.745556973564568
-0.837202977034733
-0.718975250527412
-0.850589945438194
-0.636324813347046
-0.641029917650238
-0.797082990787995
-0.778014631042435
-0.852485511721848
-0.679818086339006
-0.559991367943706
-0.754950735981566
-0.657117223827942
-0.87514564208917
-0.485338455996511
-0.735864179320823
-0.749241147602989
-0.799786188431184
-0.66156384494452
-0.64233475291572
-0.567222145584227
-0.586699434247456
-0.685361091837685
-0.669048507580741
-0.822027974304993
-0.813596333307712
-0.760023510586965
-0.720877166718457
-0.653781411717924
-0.85353626376367
-0.693863297195454
-0.739946095302799
-0.685409895238235
-0.777654933932055
-0.658683707737373
-0.601962498903454
-0.764073725766943
-0.61599662319371
-0.655186758112722
-0.71178939133176
-0.633718808039804
-0.673548475598825
-0.753255445034866
-0.720720891745171
-0.58839606553303
-0.60979201428294
-0.843980027280606
-0.531455099793058
-0.702681213930251
-0.643348845460425
-0.694480133979886
-0.672834694601613
-0.589427730790464
-0.652394885812403
-0.589953759670201
-0.661088605453617
-0.648238954137266
-0.484031962111156
-0.78523331954906
-0.650421759142693
-0.694566455856327
-0.585330182534357
-0.661753911761541
-0.525171802562445
-0.604662038324984
-0.581241264161366
-0.652991786714215
-0.535020155625027
-0.647622211256868
-0.580900900216771
-0.509515264622929
-0.701905108274126
-0.666345522805815
-0.620735293317726
-0.573484045796435
-0.739339560847545
-0.567934867836286
-0.614411758893399
-0.661435538784614
-0.699314910600679
-0.457640849026613
-0.553746308633287
-0.703667960337067
-0.621085924668276
-0.699446126884359
-0.610004273329559
-0.751348773086067
-0.638743314122162
-0.564023281858955
-0.512352032090632
-0.632962960303742
-0.5615201790996
-0.566728278415925
-0.5257964190346
-0.570174475280948
-0.536902280228298
-0.568293527768589
-0.612071135872864
-0.615567746086827
-0.659334204451188
-0.540609595135564
-0.569460666632189
-0.591422937389274
-0.601712349958384
-0.475492631058093
-0.469996682441877
-0.662937289873828
-0.543464131757559
-0.59487086404299
-0.519810810778405
-0.346351509751068
-0.50219999630291
-0.395161822190839
-0.608755678479363
-0.450870990631232
-0.649398777533858
-0.507692031698367
-0.499042035226158
-0.516269724615207
-0.599556430006888
-0.490830645362188
-0.533337151595267
-0.640287475912652
-0.620617844794081
-0.419689127025533
-0.466058701053184
-0.440473699007111
-0.562360750995351
-0.416365304776969
-0.470108045876417
-0.499715714193876
-0.516949853694926
-0.43454207127106
-0.589318319679516
-0.616518539146592
-0.528416714044126
-0.459226923376984
-0.437796641568712
-0.47262889783398
-0.363433400181406
-0.426506066988703
-0.604814264017202
-0.360009522705868
-0.580712880629364
-0.576823147281097
-0.490879710348631
-0.405001688427629
-0.261638376556297
-0.350479992452518
-0.303935102509916
-0.383659020063725
-0.430309385487396
-0.495372615161569
-0.554147794687445
-0.3742724346091
-0.489047746471043
-0.519798037725119
-0.428724873655267
-0.439690670461428
-0.460727762934064
-0.488908414452654
-0.372266684474761
-0.525318662910579
-0.252470850742484
-0.382504647003346
-0.378436498053752
-0.438845167926298
-0.45580133194207
-0.484684689421623
-0.326012409849305
-0.418831445471637
-0.473014214710608
-0.470326035035409
-0.410219936356503
-0.518019991372133
-0.285221475512763
-0.44450733960134
-0.463672974541547
-0.599755776208584
-0.397460404289869
-0.449621510033405
-0.408845913204295
-0.244810612948417
-0.333640395984585
-0.367728330967411
-0.367040866818668
-0.336130804244234
-0.286921438480895
-0.345039040597516
-0.350925913003555
-0.50659264425444
-0.44776156199963
-0.158282881115143
-0.519130855044213
-0.319613798298155
-0.378383534417437
-0.396048043363891
-0.429425528281965
-0.431433150721176
-0.364859149727351
-0.360091375886959
-0.332349292701321
-0.247799603122187
-0.353415031167707
-0.344157509100382
-0.307958925925947
-0.0941044181439942
-0.280714623461562
-0.337883631514767
-0.18144925385923
-0.508162119178799
-0.38455841273013
-0.304750614688384
-0.269197531015117
-0.282931566436754
-0.223147540344987
-0.415186597428785
-0.31778419316403
-0.341606505147302
-0.354955513674339
-0.309778614883535
-0.222250741776978
-0.281980160719392
-0.444617279018243
-0.201474635242306
-0.178423786699149
-0.215627512927415
-0.207111619524889
-0.347081855257389
-0.296233638602234
-0.194661054426038
-0.388620166373605
-0.236849879343792
-0.333799374775509
-0.294045994256667
-0.270964945621732
-0.213982042023715
-0.319085140535746
-0.237654643431685
-0.32597133294017
-0.387906512734493
-0.332458161945303
-0.325343648052088
-0.212697780673887
-0.187614102316127
-0.197493831140582
-0.349270183604143
-0.256865030963521
-0.219820931770631
-0.165937249429338
-0.325428414111314
-0.220338358554093
-0.440323255778652
-0.181252409861749
-0.305328172909931
-0.308992518364747
-0.212295458872657
-0.287770102951219
-0.232077953654779
-0.268320713737397
-0.362279543683496
-0.267311088385117
-0.230326167377828
-0.346213676626551
-0.267240736642921
-0.260163063400719
-0.372211281418937
-0.193588985420679
-0.0806756725691864
-0.220768057217797
-0.155197861714738
-0.295357367628216
-0.0878866679531594
-0.152302524233668
-0.288592835157046
-0.30718911783999
-0.133880456300907
-0.206880627906319
-0.369369849647021
-0.145238741011704
-0.210892473653306
-0.215472183168167
-0.217868061615533
-0.258241474758108
-0.311349555320235
-0.14138221664701
-0.0784230884599645
-0.326589468978585
-0.0962004627502729
-0.142678273642029
-0.135397513274287
-0.233255923584363
-0.171722563284471
-0.240418513201595
-0.230536667952507
-0.0658110189870932
-0.219343255337861
-0.312030339440736
-0.201313084516369
-0.163672928943118
-0.0317845431901846
-0.215031079076525
-0.210903552009956
-0.186275170964435
-0.246727528634274
-0.186129668247217
-0.200415044455056
-0.170086937179015
-0.126673122949972
-0.0682352578622229
-0.140193120570486
-0.122140874763446
-0.215596004378318
-0.105492489578418
-0.0325520664818569
-0.148806139665604
-0.113325296618421
-0.364195532746894
-0.0943663330665852
-0.180584444996808
-0.0610441057354702
-0.17368433524878
0.0142134163422143
-0.102512817082597
-0.0626467616022568
-0.13746240813051
-0.113057678175333
-0.160764272784797
-0.0871722637382154
-0.0487241610279799
-0.257890466747359
-0.133489390184475
0.076747097655613
-0.0717063056569349
-0.0463568714161293
-0.0934986933029171
-0.0832408861920977
-0.0643793992473481
0.034731351828892
-0.00565105323754215
-0.068995131085017
-0.130404112515882
-0.0523476408830031
-0.00639818339374704
-0.0648314499708553
-0.0987944617541536
0.0601891606773217
-0.166133767344358
-0.00875921538886691
0.00292225470874891
-0.0919236706790129
-0.129483336869342
-0.00154173696886289
0.0507867207528215
-0.0587495806207103
-0.162688875205168
-0.30019820386091
-0.0648810320601435
0.0627180879034064
0.00214952491316144
-0.0123658387162422
0.0392854290159531
-0.113018393367174
-0.0732476932630965
0.0459207391715605
-0.144961026809051
-0.112970711610362
0.0947417624014179
-0.249591268529969
0.0804694022168489
0.0301362564246988
0.108031902479532
-0.122454509804034
-0.0527837332630016
-0.0558951103679503
0.0830163204578372
0.0160938287994693
0.033532013397604
-0.194755653747392
-0.107300381284421
-0.0523037060132486
-0.0766464710902151
0.0236882792826566
-0.00190670084402737
0.0602477912557561
0.0659262809509821
0.0151456022927035
0.0926252505171518
-0.179343825588427
0.0218100762051249
-0.129562318892129
0.0770550199763534
-0.0623296908670957
0.086328252053394
0.0546700866544121
-0.0170693678553767
-0.0853552157838882
0.0902328735574768
0.049850057696504
-0.0185013299870784
0.0329456401645319
0.160557882568225
-0.0673476010872556
0.0723887740354931
-0.0128035727211316
0.065594803138904
-0.0816675552241229
-0.100113946557048
0.094700733595541
0.102623646182266
-0.0147002772415441
-0.0624644737713223
0.151805745265877
-0.018884101082987
0.0740967399368592
0.02817409324254
0.259163868679721
0.0733182779566236
0.0299052648786547
0.0378654534135696
0.163648505361765
0.0371836785234955
0.0522359803258319
-0.0274817411775343
0.012744482032742
0.0651035476472173
0.0968468069367407
0.0712126494748143
0.0978342791307564
0.224707530233049
0.0770824334376437
0.00330697641953307
-0.0879317178661397
0.0263506285712016
0.140086866706163
0.0886446656642098
-0.0608727168997685
0.156169719243544
0.191407721742077
0.0574813286752029
0.115073942243083
0.0683236305236078
0.192164137346157
0.26444868876732
-0.0132392172034916
0.254159055005136
0.180375612994728
-0.0892870125277116
0.168067083347557
0.132675531466123
0.0800645064777995
0.153387288015408
0.225419743895397
0.0840813670587406
0.0435007624505294
0.0782793267351211
0.340392136971596
0.243917895524746
0.137363544084988
0.191042011555285
-0.0297914237477287
0.250098273887827
0.246234096431315
0.066807957217729
0.0988259380174652
0.0932178529414204
0.185985850500946
0.209506169992849
0.208661541639491
0.0657315212976531
0.128274424365621
0.294365352538782
0.138110952434225
0.231759177370793
0.0657237892117055
0.177394351180872
0.295799149481688
0.263180207943912
0.153301920158916
0.26733347556566
0.10877840610148
0.330012618642071
0.150358072133649
0.320316264407587
0.210770042492307
0.0186746734812848
0.173803412385002
0.290397862467397
0.274557842278002
0.336051109471853
0.171682109790967
0.189331777127846
0.367900373348249
0.311029655881967
0.281410836024321
0.157101336959411
0.0981192865192381
0.283288416576803
0.271060145203627
0.017607081846016
0.230751956675156
0.263070803428893
0.191134880742637
0.299244451531632
0.176495255210985
0.276935237958392
0.135096021299398
0.267643853732604
0.203213292320663
0.386355256483884
0.417559913078675
0.260950744307994
0.12315662244339
0.272835320389083
0.259332047053795
0.337284939203888
0.148270981934185
0.424804126379923
0.301898651443746
0.238584761245663
0.155150235074203
0.29309085140628
0.27327461969739
0.252379916877958
0.145239900499882
0.237210250889088
0.26983346140066
0.362321742786355
0.226873446086582
0.322349769272687
0.40690457968045
0.284794517264973
0.416123930642417
0.437046993272474
0.338264270007234
0.367109097089647
0.301377586901556
0.343414656322453
0.404994437026908
0.269809229313617
0.308480586174681
0.299813268319345
0.352318209864685
0.374376769125504
0.551802084409145
0.420631278350012
0.300352108239931
0.311777951647282
0.286273330824759
0.495825627401048
0.315332906098819
0.378527814401569
0.344879341596391
0.466700929017068
0.221926559205403
0.417891811706328
0.221288098039201
0.256108418433062
0.246767889567394
0.290954749241338
0.452753933216776
0.225819891802292
0.367475841474183
0.313663411638451
0.351147987162758
0.475487498425533
0.440040582118898
0.326247452090693
0.382751179366691
0.423599227338414
0.294196866327687
0.37724251255388
0.330253307803366
0.313062006207044
0.409315577397113
0.433816257982344
0.345430286258988
0.487934187194642
0.462903311163672
0.25551402521449
0.433301976517293
0.516662877422058
0.463163036435082
0.409990335795809
0.334997267114223
0.384297074118317
0.392234040538003
0.395105392543882
0.252673443040307
0.417580627799108
0.542212106683905
0.375817813541126
0.471133834454709
0.570832661167266
0.51110364537442
0.466591713149902
0.345900710163372
0.537135922883773
0.342758586566416
0.423629516600578
0.468379689617925
0.329346338495713
0.468121489198595
0.366563802876119
0.465912132635576
0.349095294922534
0.55604188404751
0.517577171511357
0.343822686507322
0.428455084374473
0.483406553728521
0.473950709877134
0.486912773900739
0.544078963662633
0.368231468643211
0.440671786800792
0.468445335459469
0.591546244134822
0.295717365633939
0.483438357135079
0.399231634272517
0.61454477946929
0.623458620364485
0.400581391094377
0.699363586492858
0.487813522249415
0.53800965730035
0.589845456561604
0.425109098050864
0.491182243846444
0.45704549529887
0.483037678324587
0.486815913637664
0.45833029208405
0.530011462434299
0.401306956463046
0.507212801035372
0.543913761414033
0.403936650882193
0.517405469822674
0.557746116823076
0.508316665127016
0.550240958939401
0.511334799326778
0.502881586461612
0.491694186965256
0.628125977392926
0.549478286773274
0.639486018724616
0.461634436042932
0.43304531115619
0.540434105603627
0.526289139822045
0.524240095949797
0.52233112446881
0.536240324447666
0.516341343629823
0.535934173710691
0.599687847741002
0.54909001596067
0.54167418940948
0.50711450845376
0.559061994810668
0.459863330892243
0.57136489795022
0.500337038653053
0.559471088653371
0.697855325997173
0.516194182465118
0.629513178515638
0.564318613241301
0.532887740531486
0.602810620221448
0.670897643807061
0.528632136434867
0.517918680620968
0.56565779876345
0.627636039364635
0.49559708969717
0.595262320309239
0.52943895758632
0.656652820893692
0.577045646668352
0.612292642130004
0.598595477730825
0.723914747792755
0.576872434661848
0.545316356349703
0.474132189541521
0.707494551362315
0.643984863460824
0.565887064632743
0.676904913110557
0.771626719381005
0.673738655939317
0.613997256161249
0.628005781223952
0.675700735544701
0.509310713591935
0.583291910302966
0.627477770329605
0.711534505331641
0.578807009147162
0.701085244307257
0.636665716229595
0.52027828899868
0.751967420147441
0.696342734457437
0.731088106213144
0.703577194485087
0.56955644301978
0.597286333526372
0.635661614940581
0.797322221346917
0.586112059251727
0.646604244362791
0.684869802665642
0.864985415977006
0.643492184760066
0.678218416478718
0.726644236703974
0.745872015921605
0.640625007424371
0.779502343147459
0.665458537860135
0.844814810779269
0.659053271754441
0.82817587952326
0.703236433496367
0.609323385450143
0.728081978860096
0.692553326997386
0.809907513085675
0.672924413687801
0.767627233756664
0.975099190239633
0.819029496298896
0.584492649965912
0.689737582826382
0.793287540570794
0.646051719790123
0.631775923336995
0.648858222539622
0.900097175763738
0.738249604776272
0.691813080520736
0.613405044169214
0.824084208642161
0.729568004392908
0.704351074991085
0.715834082370006
0.790375841428248
0.699191057424234
0.701315410491602
0.793249245463908
0.631108121844783
0.827637185411002
0.753061658625205
0.96793637428007
0.719135920736684
0.620843228991863
0.821380949449775
0.761163208510348
0.684785593106234
0.848322091477222
0.879619932091131
0.767085161687894
0.572965278068804
0.859245113629357
0.73122811042207
0.767651557910005
0.720643605856375
0.884726061121586
0.692620154733946
0.821605805235898
0.828273600870057
0.727286880478018
0.831060626051617
0.64348427604357
0.907834866926331
0.893343220155665
0.729598439865787
0.729040684547053
0.808216250550762
0.736841476209656
0.648324345353103
0.810174984247405
0.863971796021858
0.811229079021997
0.840147300438812
0.854790053334138
0.84937547309092
0.837271911539082
0.887328182723446
0.833817818841935
0.68432483733656
0.817860699405295
0.887856231602863
0.887908130537751
0.816328645085985
0.892029369457634
0.960929956270535
0.801138153892836
0.833783801676564
0.878719464389344
0.989003329313642
0.791492071102925
0.827827770466343
0.788090390412385
0.830467812645299
0.850943331827111
0.748746217206479
0.834085090629576
0.862158718570402
0.797536253082595
0.704441578982173
0.757427160932719
0.812083819447971
0.803210402148271
0.78366211278236
1.0115584534623
1.03119244066416
0.907930277604711
0.844152987425597
0.764077427373946
1.00452608549675
0.800592853249749
0.98895637826726
0.928833490270487
0.759135732366711
0.952224958784952
0.883466217028588
0.809897455881981
1.13184993600652
0.716718874485318
0.879389361433541
0.872694120409457
0.910029480789702
0.904445700002639
0.872926709472347
0.957818107293037
1.00514126421249
0.913941604706446
0.786516920244524
0.94703124344245
0.837811758486909
0.758560102860201
0.993223376870993
0.871528447866592
1.07601573310816
1.04509242832735
1.06653762593958
0.974700355036864
0.839741996955254
0.924023886467351
0.940379085301879
1.06558178851444
0.769888904909877
0.905946323490544
0.911529106642573
0.899498449494214
0.875414408843505
0.924577290855967
1.05868794558339
0.984425529715124
0.935275254593408
1.0535922897463
0.990882142194132
0.843661458582057
0.942548963229776
1.03994503480828
0.900263671026865
0.949774039947418
0.921144068452058
1.03765555485673
1.06538429577131
1.05184074094637
0.969755868977137
0.953492034534027
1.21560384626439
