-0.965112834013202
-1.01187017568349
-0.976382869328772
-1.0100290427884
-1.07421239566231
-1.07785647281794
-0.927514539724167
-0.890728848702818
-1.11171258449995
-0.827498462363403
-0.982848664838639
-1.02126086531269
-1.03755955082249
-1.02169873768312
-0.891216517842059
-0.909266510537362
-0.914035530966398
-1.02331478624443
-1.00010554407845
-0.929985726486737
-0.78283767117457
-0.967530269439834
-1.05149502232676
-0.926709404531373
-0.871368380257186
-0.888077185071046
-0.95188382753469
-0.9918475883273
-0.854432385643052
-0.906266726313666
-0.971211006379831
-1.05876613453406
-0.979569888194111
-0.988606180178148
-0.853723879713433
-0.838394428813158
-0.926653961025133
-0.783820323358344
-0.936044398310451
-0.868489063476054
-0.760398085241965
-0.850723390717319
-1.06844415712211
-0.959341516048015
-0.906163386135428
-0.880682495367423
-0.954581556830657
-0.896132308382477
-0.94170257925522
-0.788046541467542
-0.983804548133117
-0.995793323433913
-0.930659395894529
-0.892388559327339
-0.925275803139304
-0.886158567637964
-0.799856813352174
-0.837209765983046
-0.968802929645929
-1.02953350785839
-0.83901836392912
-0.990977735142623
-0.785603640881067
-0.794079892186731
-0.783192257780389
-0.807979591123769
-1.0110439024057
-0.834593570184783
-0.848639873651511
-0.767644845401056
-0.856853920310684
-0.923777106682523
-0.980313204833424
-1.17447492593859
-0.853486865052861
-0.840967592582759
-0.894246610488493
-0.999054628998657
-0.754714847853262
-0.822114837939956
-0.775545367612757
-0.86823821168851
-0.921453041203369
-0.892424808922516
-0.647900344229
-0.771494448663833
-0.920298658561197
-0.837009014736559
-0.888161492988684
-0.930272244561888
-0.898759345390171
-0.771211533294038
-0.856628212247558
-0.743384382414745
-0.820798724003202
-0.781441499639202
-0.841955712249302
-0.719562872701801
-0.787657567064761
-0.774217649425989
-0.679498650755853
-0.760507236813441
-0.926464627765291
-0.840427911233619
-0.903126627451634
-0.600409718075816
-0.755013321336561
-0.751167603533572
-0.847443981250242
-0.658653146073755
-0.610682779291651
-0.722708034996723
-0.756197359913734
-0.957816569442544
-0.890096636682861
-0.913258543368344
-0.748503879981331
-0.735760734349034
-0.849893611074697
-0.753649164036739
-0.65898565230407
-0.909200213341716
-0.664136415516124
-0.835916282293236
-0.784037652542877
-0.710880585270229
-0.838706900147904
-0.62315037345162
-0.781160711349998
-0.774092286634749
-0.737115926531413
-0.758597119457662
-0.858108586448492
-0.687810417092797
-0.669502429986587
-0.744659614267726
-0.736457590112983
-0.715886017989781
-0.770971004118599
-0.753263214766337
-0.784230998354387
-0.655592663655642
-0.722824954392243
-0.687254295671606
-0.662860878676478
-0.593513008419224
-0.72805276940775
-0.660288112744122
-0.782241201734422
-0.586687553901949
-0.722751085032298
-0.784579325423016
-0.577052118224988
-0.755949924936739
-0.620048616217567
-0.643931308379774
-0.860208083029602
-0.634351704724241
-0.706645315168477
-0.575544500530966
-0.660641353368502
-0.684463382550705
-0.581086249458901
-0.730890569393841
-0.594687981131707
-0.680600468788039
-0.693307172829216
-0.624024047675855
-0.713716888573519
-0.596434830197414
-0.720053946024155
-0.652775328551634
-0.595127181917325
-0.696871651059045
-0.581426538700871
-0.535176107942643
-0.621965154205572
-0.739642400634933
-0.755489500109628
-0.694604714968112
-0.633205256366864
-0.540132447884447
-0.546928363783304
-0.542620624422664
-0.623494074342841
-0.594483831830985
-0.66421980927919
-0.527119859245472
-0.585090373231207
-0.749340631884141
-0.552339987912553
-0.600662119982842
-0.633767019850909
-0.63117653406135
-0.44449157286364
-0.771865177590834
-0.593320370941198
-0.596018355592774
-0.744592959555306
-0.578951812882976
-0.493240737160566
-0.656859449682808
-0.434369975212797
-0.680070411366534
-0.552131288036558
-0.638301035223788
-0.419076202184668
-0.586579316165829
-0.592826065563342
-0.592861563890447
-0.593338910146454
-0.700186394135348
-0.53104761103781
-0.547662918700927
-0.59786989545382
-0.521418300572956
-0.610607689309366
-0.550893396906645
-0.569434528676199
-0.596331480386147
-0.741883850543643
-0.646805602596325
-0.590182261524053
-0.505711926220288
-0.589402227099559
-0.601989225817188
-0.507224909143843
-0.53374657724909
-0.616633405408502
-0.613660833222196
-0.474160956760612
-0.530500802974113
-0.584401181997026
-0.624648279778327
-0.562619375414285
-0.545312063706875
-0.480548046553591
-0.626706356302807
-0.403622081367923
-0.500258178137114
-0.505719518991898
-0.537099949834461
-0.562701453455591
-0.537083275285405
-0.587973138833083
-0.580882718244046
-0.511950462032216
-0.60081167980084
-0.544845995668475
-0.469776925627156
-0.431103373008367
-0.515459696233186
-0.428197413177893
-0.415139588329234
-0.427537110877263
-0.446693813024251
-0.504834595267794
-0.41291682124566
-0.489515210346253
-0.598956081035359
-0.443123783458555
-0.531863198031142
-0.512585774336891
-0.542468213788676
-0.384289743372211
-0.245522838830657
-0.374067197309013
-0.4553992038922
-0.561372389238095
-0.473951763848389
-0.607701688406394
-0.467653721664741
-0.472614320302276
-0.445566699968725
-0.40529424627384
-0.404922473865805
-0.608363296832534
-0.466538684500482
-0.406727347131236
-0.371713730225857
-0.464739730888445
-0.335644202473248
-0.486922117299376
-0.63562798533402
-0.340804833000604
-0.498941736839436
-0.448562489232956
-0.450713928292102
-0.392612885925986
-0.458804569285866
-0.441034578047631
-0.278512551467395
-0.461426801790094
-0.357519004028562
-0.452447976555289
-0.302791347311501
-0.279088421342612
-0.429122152342452
-0.32241242959862
-0.268815761799909
-0.40389000542442
-0.328993224364558
-0.340135970524235
-0.272772518583109
-0.327024502196547
-0.313081428311541
-0.466754015160522
-0.439443001796111
-0.309820467501561
-0.481698523143991
-0.327497570742769
-0.416422877671245
-0.425473270587114
-0.380750284598961
-0.349797173473888
-0.366105587799584
-0.392579231042155
-0.387641685767391
-0.315774832884034
-0.433439784362643
-0.261847624082534
-0.43393841522254
-0.36723562103118
-0.44414037928644
-0.28490447796239
-0.455607300791909
-0.455585409723416
-0.287749232846837
-0.388254766105158
-0.255462696317212
-0.387745598604649
-0.46386153349713
-0.261758383809726
-0.499700775649076
-0.330531373527547
-0.17679009657582
-0.307069281741108
-0.390051852499651
-0.239199111031263
-0.33526116939983
-0.132297838610423
-0.385699412290506
-0.233060848411353
-0.312491085268962
-0.400919429585261
-0.22799375884174
-0.29013981257212
-0.268229188880857
-0.326608326156004
-0.34469520361589
-0.04323215186744
-0.381460522734937
-0.333687470092001
-0.342721483510383
-0.250473776502054
-0.229699898962071
-0.366467069568463
-0.224668483320016
-0.384051103559479
-0.363888691086051
-0.256569469086428
-0.271208285174966
-0.379543102486727
-0.152065843657394
-0.233547746723933
-0.23177904036309
-0.232824516907658
-0.243306909715145
-0.229731047320253
-0.322245919297082
-0.307580758406308
-0.27644647515983
-0.258878098848802
-0.214070561029739
-0.337052418963843
-0.176718465473201
-0.265303422890885
-0.29673266537257
-0.302830394859277
-0.406861141164829
-0.335644735739722
-0.166446271755354
-0.169356747781188
-0.17501272743863
-0.241237868020174
-0.362622246388267
-0.289976197542618
-0.287319939244995
-0.326630945095404
-0.147740892967171
-0.255731185618578
-0.245454574987806
-0.160211115987375
-0.0938269958264205
-0.199067370098685
-0.341268670811712
-0.0356294336791444
-0.181002028466919
-0.254286824390031
-0.374131835610626
-0.259690376974968
-0.262050002373944
-0.117912490374815
-0.215452226019604
-0.323684548538097
-0.201424278177517
-0.206728956989678
-0.194886468721622
-0.0747034618400548
-0.160914359277537
-0.233377921320091
-0.158431168139603
-0.19527193061625
-0.120777952059284
-0.268789924484963
-0.280372461805743
-0.0525942506565434
-0.221383481075561
-0.176373432194815
-0.177417666182108
-0.274744952761461
-0.105651631861667
-0.228478069063304
-0.212113846075835
-0.0878843261167612
-0.101325906617261
-0.0785795282622633
-0.109653500744295
-0.296252033970425
-0.103279244737709
-0.287385905325713
-0.048500276696196
-0.100947951902859
-0.193889581781527
-0.148565968243092
-0.259463936701679
-0.182516251869523
-0.0842873314925821
-0.183556324362622
-0.150682410384664
-0.191804630796224
-0.154816663499798
-0.0459311427539183
-0.0391500437666751
-0.240207478384862
-0.0816211308423729
-0.11766746988876
-0.15641162297026
-0.18242148931204
-0.2897360519537
-0.155618241442574
-0.169675800926597
0.0196572543329848
-0.06875115271312
-0.119318540622809
-0.0576473484305171
-0.143482504842797
0.0103086533012257
0.0705189876707481
-0.0597847862393945
-0.0707000698234304
-0.0599956200245766
-0.196657833212683
-0.0242402660514559
-0.27105712461987
-0.035234848129828
-0.113989915063221
-0.0808355796623882
-0.0302240925946824
-0.221967897424273
-0.00862845919455013
-0.143647926215497
0.0887330766199719
-0.102017498945461
-0.0334943101606254
0.0465163679513919
-0.0574893871906376
0.0217089721409876
0.0141805307196843
-0.0606554573003811
0.0800309835477263
0.0807194828470887
-0.0376289567496927
-0.140825510218377
-0.113726420151424
0.0671429057084465
-0.0871421516219356
-0.221200961539216
-0.0973151119419458
0.0368425067614753
0.0440724139774324
-0.0803072483591329
-0.0462985621917742
0.0612375110911043
0.0594689128576737
0.0583604618329858
-0.0953350139682176
-0.0101198736193099
0.0648887057438781
-0.0243877089720379
0.0690918597573418
0.075974830738476
-0.0251421467408568
0.0736578810979234
0.0620122462651076
0.0445223442996749
-0.153479814103981
0.0325613291533237
-0.0037927094542213
-0.175484108714918
0.0771678176621473
0.211407521380879
0.0662808483456723
-0.0319694835813725
0.0967106266392408
0.152537862975605
0.0989628106528134
-0.00158709978824089
-0.129491548584198
0.140842864248625
-0.00890397527744568
0.127192550739641
-0.0481359027566503
0.0310318396348742
0.0600876347917997
0.00273551277522121
0.106360312198311
0.0246786524476969
0.0719997093375614
0.090042803583759
-0.0320951295297026
0.0985633639973384
0.18670529922834
-0.106222303342638
0.106924249365621
0.180452941287729
0.0341259782555047
0.0247443433098268
0.0966788096894495
0.127711628401219
0.125616051049546
-0.0589021982567377
0.047927971626666
0.118819913091444
0.167684876366134
-0.0811160011009944
0.189860999556498
0.0848673209976165
-0.0258635079651206
0.111149221149915
0.161597559067323
0.205724774456053
0.152781959362976
0.0328211198278655
0.122769346573155
-0.0235031044472391
0.203532116352536
0.135949763374535
0.0934844607053722
0.0562230441797138
0.0964393337216882
0.0329137602107791
0.090068740029197
0.116044917463501
0.103603894015536
-0.0769229388256119
-0.00444105838560275
0.104844052246232
0.0195269651844506
0.0526036956928167
0.0365092648899172
0.278742517584414
0.21950030281
0.232616558898658
0.267651108300257
0.129719178947277
0.0534630673269497
0.189680216729415
0.175150564693545
0.0804066442967857
0.0578914685112457
0.268495579518732
0.0436713290571495
0.310868898546097
0.160819720695244
0.234949545103154
0.280324803906145
0.216070339244936
0.148831068019946
0.272860669813996
0.254444487201795
0.186003656015465
0.312916807137038
0.0657463179687345
0.247605133773165
0.0769762851710955
0.137090749849628
0.0951232642730705
0.324201656265355
0.310883305220742
0.297466889652676
0.166933372056087
0.16781447325777
0.259413230336033
0.108725188952876
0.299932778651364
0.20264735413557
0.310579059663508
0.185647363081437
0.0726447713267764
0.334524801972118
0.153712850478992
0.27308636129713
0.338978696338889
0.0719365081688963
0.257239969507869
0.210187562313915
0.0337196060242331
0.117281694742113
0.490266296289066
0.333050933748835
0.220333263579022
0.161007257148366
0.250111662202755
0.39197782446776
0.29896389365792
0.134884022269709
0.110767826980617
0.154906385708161
0.398544233659351
0.258109171668572
0.351092286010095
0.164566225148257
0.229638701138072
0.192968188562044
0.273757674647873
0.171225372080086
0.372524050079209
0.394088498824571
0.381145322129191
0.160282692091518
0.305925877691671
0.340554969198093
0.400203769166242
0.251919131684733
0.253530882287861
0.344124859101112
0.278840037212814
0.311912231651065
0.232667414144486
0.201622514056195
0.464866128355534
0.396955905414515
0.261960998325882
0.291796065091526
0.344331456013621
0.287717748546678
0.387254847076377
0.234194769888484
0.36470797731206
0.417606802985393
0.394181581121674
0.297789595145962
0.425709258299895
0.437466810232688
0.200929324018963
0.281066393307579
0.339707316167014
0.299874773435948
0.0878179853064747
0.315816211533066
0.314269632562482
0.35041934145881
0.241292897633682
0.410839179802898
0.293281328305666
0.320477210601649
0.437278617793371
0.380309129614319
0.168849449528222
0.346324580123456
0.438199754912472
0.344734132251845
0.403005045688914
0.31947483022217
0.338534597606598
0.31205053126441
0.336955306541889
0.340245020527672
0.526520624977207
0.385304129649435
0.403254438940973
0.353836088272137
0.414923307589186
0.265788421176846
0.323011391667853
0.240815004426512
0.271808515950839
0.367238537943831
0.34953644143098
0.30370674433264
0.257567119918961
0.540244482564169
0.31656418075255
0.271540962394404
0.389738447101138
0.291683326145197
0.243988955734752
0.538754635996658
0.508217386239342
0.473932978549548
0.475631236550334
0.38425249558845
0.270591728105133
0.426890986468296
0.510505871154282
0.400942538133637
0.413455315005192
0.447703938865581
0.311636519106602
0.373121746952853
0.53220656091775
0.419820860779641
0.389993857508807
0.384397408804871
0.418436580610216
0.450339147216754
0.496861920053297
0.365514954399801
0.568502952682498
0.497246932751203
0.50367032988861
0.434488430970065
0.55255789623094
0.473738964525608
0.46329365321091
0.464031194961219
0.355611030570291
0.439153454413732
0.508168869956348
0.45718722543046
0.499565027638495
0.551987473811866
0.48740932326794
0.478603828026977
0.502728604445746
0.453136840087589
0.475634265190834
0.494866368578277
0.505611634721889
0.521666883133984
0.615745545172068
0.585956466974872
0.500469024538502
0.508518588516251
0.536158039332978
0.567058470779776
0.531874015788887
0.539404520300241
0.538158548910516
0.600023849221871
0.528209253679625
0.54759922800783
0.525040534497892
0.551657225932682
0.459055279403191
0.536594713888026
0.679004425660708
0.476481791247515
0.515140517345257
0.499269525606413
0.619243296505312
0.560679688981387
0.612211952833263
0.59883112391416
0.630415100580948
0.498346542413782
0.648279474687845
0.571735314762515
0.659974081134064
0.43015304594791
0.581555696850654
0.810987743170189
0.53550270723977
0.639442192265347
0.627841966493877
0.746973364809317
0.521917817690696
0.561691932858278
0.608878827304597
0.531257454114343
0.621858139383354
0.646407792392163
0.566255728728639
0.707685884014318
0.625012103689696
0.637714129123591
0.670687336563506
0.635110606453734
0.446377756100587
0.495650442727315
0.56782188534359
0.588184372609481
0.687753761896194
0.571417276850135
0.690539326604936
0.596544527605095
0.481046701901686
0.707568513439165
0.653067197014921
0.576078327928429
0.592783831320509
0.624758713570964
0.527627826222484
0.420636014309473
0.595346278953304
0.61488176285059
0.493711951385566
0.574438423871615
0.619945101856708
0.56819120095317
0.553964191910651
0.631007179887368
0.707502588828607
0.667905494365527
0.578939834995674
0.496678011068694
0.723231415360539
0.663041812861768
0.524332405910456
0.48283266992161
0.706363173329354
0.491715174955908
0.810727092419094
0.577102468926487
0.729438099342228
0.798856902463968
0.730569146169959
0.626083240776637
0.728967658725501
0.73175976736191
0.729612748393918
0.72878100409911
0.748084011859389
0.607998764397859
0.642209985134326
0.550071246912818
0.672825804225383
0.515022322246865
0.722488489376147
0.69624596366371
0.708707267969253
0.594118677627369
0.568761143826713
0.721109852812734
0.754154016255895
0.722951391396818
0.68644926689633
0.562871052275761
0.694533678802855
0.69793707365497
0.72880834598103
0.739566491619989
0.711276646928011
0.776419922990653
0.78367184344683
0.782576177805429
0.838814603943181
0.705594984818688
0.746462261812468
0.864570319714127
0.809000841148584
0.764748527931258
0.675114728908688
0.686801741475628
0.703054092680054
0.864283391179795
0.798891137422657
0.835097848390437
0.863309739469399
0.74773631546611
0.745854883140538
0.815012188035067
0.679465544951443
0.773366258218798
0.823375273329429
0.79606578938549
0.800122876886857
0.792613174613152
0.669886155170487
0.7856864344185
0.918754216201438
0.619136830857621
0.63487282127741
0.631296902255505
0.891150130914462
0.889223378617145
0.868996043929273
0.785381608686578
0.874302076213788
0.742467213448219
0.752181951755618
0.856317532453249
0.666028198807906
0.619709523921442
0.825058611066249
0.812795578468865
0.84126169326021
0.762672332178699
0.830393842088768
0.878744071833829
0.857163629714465
0.751026349922998
0.731874796577361
0.847001202639075
0.91092512810729
0.862955401080894
0.775651342615219
0.84340709898786
0.905460008106836
0.748000276376019
0.840737686101677
0.700340139477795
0.900079758328728
0.846394625729964
0.979894817760552
0.715650154253684
0.85599890718146
0.797028895917661
0.901475146626989
0.680878799061351
0.917786870484001
0.893262092232046
0.745958792602505
1.12162122773847
0.816435119461108
0.922903284803966
0.997099507896245
0.925879892173184
0.893847781350894
0.847710123938209
0.898056205253936
0.85409522320968
0.909983289354909
0.880471666260175
0.952459567624994
0.78503946780502
0.715676288692536
0.947663643032833
0.74465023281279
1.09371500957465
0.983954650074631
0.835109410277727
0.802221110556268
0.902311664166164
1.04411695100647
0.863489406307823
0.8831804032414
0.957479264923461
0.782870677870754
0.7779329331521
0.962113291736356
0.770750963192978
0.940200121214457
0.938714117086867
1.00088221893554
0.971315825043793
0.970381881937411
0.985949047638579
0.94574473808787
0.821370156473885
0.989360161734784
0.833143681155868
0.968948670772641
0.812022868398477
1.01806495818336
1.1134696505678
1.00642641574809
0.863903422207787
0.75725521630523
0.926119156128252
0.992287056331353
1.01560325155436
1.06491152380119
1.0287154133337
0.962386156254021
1.00963663300448
0.877409754334015
1.02545669846444
1.12826639273861
0.99139916750357
0.999752961585937
1.01046811871171
1.09060545468942
1.08282456491
1.02202013152278
0.991389281085797
1.09378347299198
0.915984496915256
1.06115320177332
