-0.96642711711799
-1.00563516851573
-0.975383595095791
-1.02090876966515
-1.07759039548563
-1.11732283531698
-0.919329440679112
-0.8834952205284
-1.11389956166214
-0.804845515913868
-0.994177296572298
-1.03137420622828
-1.05554156370653
-1.02376162559128
-0.917336335359271
-0.93002641816438
-0.916877742440978
-1.03294808461121
-0.993899109988998
-0.940389827104479
-0.783060069286383
-0.937245761474478
-1.07530703270435
-0.924348509388276
-0.859978624500548
-0.886097456793993
-0.975930602389833
-0.974208068492208
-0.854623420649168
-0.889266728054039
-0.986861236568993
-1.06778340968121
-0.995255551197989
-0.96696147317211
-0.856923225538939
-0.823415085231764
-0.932618677431725
-0.773445838263977
-0.947365718636284
-0.872581035418001
-0.762406226926978
-0.847430242796566
-1.02731711166066
-0.966651121781131
-0.903783951196315
-0.870704818107426
-0.956172196147162
-0.897392110153415
-0.946961913453936
-0.77571854129856
-0.952580436430628
-0.981608239049357
-0.919345928727522
-0.873843798360634
-0.914248710465547
-0.896342806559264
-0.814913170952614
-0.824987881454145
-0.961742471735576
-1.03943878873579
-0.870218890563541
-0.989036569189957
-0.805562290181634
-0.784575325777159
-0.799810026969817
-0.816163511390684
-1.00229984027849
-0.832199547252361
-0.82835016616182
-0.783293555251615
-0.85143003412162
-0.93082050896031
-0.97682718633306
-1.17565113899747
-0.839281136985256
-0.837145040970077
-0.903528296160196
-0.99286580206084
-0.747892742737022
-0.829084706061133
-0.781647468060462
-0.867897668820446
-0.93694272674491
-0.876985887498983
-0.64735344807077
-0.779150739447506
-0.912968340905501
-0.837286442785518
-0.874897623506338
-0.935237880878739
-0.90947500379078
-0.771249345356301
-0.875052568573392
-0.738600343291259
-0.802659276951468
-0.782320745379727
-0.863554444393657
-0.730991948089901
-0.77017875998496
-0.766927473012972
-0.685970132423215
-0.735661118773679
-0.923888149550622
-0.860211218746273
-0.892318128791554
-0.619687551467
-0.739024892694215
-0.730340020283643
-0.845675165845263
-0.657285955088592
-0.592981075414654
-0.718205481585863
-0.780071924874657
-0.978258000214447
-0.886072561768256
-0.900280422518234
-0.754472538727752
-0.753091253889258
-0.856716289596665
-0.754790451031506
-0.670393170360315
-0.893831658094534
-0.664019561105342
-0.844935972616904
-0.790122398308927
-0.693280300146506
-0.828016828737434
-0.624343736442175
-0.799900277788241
-0.75819550843663
-0.746600370123982
-0.781279383021876
-0.864134474105084
-0.672776086981374
-0.694002311367459
-0.754238699889718
-0.732165718805846
-0.720410342604309
-0.754934607324132
-0.736867127667944
-0.782396568505908
-0.654455795909772
-0.719706827391088
-0.682882544297978
-0.672433490345697
-0.608465846326484
-0.729594958991859
-0.669898078110411
-0.779063003911181
-0.583520748425997
-0.732628481986591
-0.786365380044198
-0.568478036306221
-0.772528351424128
-0.610624204306175
-0.661917801380511
-0.860743606796766
-0.630308120096816
-0.692220845014413
-0.570795337238576
-0.653383930674016
-0.67900609031316
-0.589989165514617
-0.722379691512403
-0.60106585825819
-0.669976701553704
-0.697199220087318
-0.622850918715295
-0.707051299823396
-0.603453973061837
-0.71684759521494
-0.644862325654245
-0.596738336821939
-0.69530543918276
-0.570109384686299
-0.527024851501958
-0.642254547113867
-0.735923123838941
-0.760469188183058
-0.70501080405518
-0.659107557580159
-0.545307581363831
-0.547359521248979
-0.540466641873493
-0.636312790608681
-0.608805582003716
-0.669961591711589
-0.509027344740079
-0.588878780149678
-0.779581471762157
-0.565418811811353
-0.612669823181772
-0.614669939142049
-0.635084156192034
-0.459894058190378
-0.768129455281729
-0.593883466912602
-0.593068125643216
-0.749625247273928
-0.577347401767371
-0.509202814389407
-0.650400700829409
-0.451273549997503
-0.6735726813208
-0.5565348504261
-0.630743782487762
-0.420796874460497
-0.595475484886061
-0.613021096439786
-0.613991482635076
-0.589180403074167
-0.694350767122659
-0.5375649169379
-0.542439382699934
-0.593499452564692
-0.528340110786656
-0.607754207224484
-0.5310998594465
-0.564938698617469
-0.592648405062706
-0.751767069244714
-0.635929371357891
-0.596214400992416
-0.474646151072732
-0.597061759837662
-0.602485875146065
-0.505840005044918
-0.553901477571248
-0.645567186112186
-0.608289555783385
-0.500164662066115
-0.553868457469931
-0.595308074234167
-0.614046875995768
-0.570863472010428
-0.549507692275041
-0.485595138573939
-0.633108587775312
-0.39934019511941
-0.497186542107708
-0.530084116499088
-0.523487975430101
-0.561770197724689
-0.554690558799823
-0.571064708590432
-0.574328391309042
-0.521703134220064
-0.592014170663114
-0.548841271210604
-0.474017208199913
-0.43125447353132
-0.52081976212105
-0.431519700546415
-0.452578610297306
-0.42127711912554
-0.454981268720698
-0.503690350863792
-0.42732500413161
-0.515574608321213
-0.580467946529422
-0.442405083668242
-0.540507399112618
-0.51244707267642
-0.544520977828968
-0.384661843283619
-0.282012074057157
-0.391645303852801
-0.442635321846904
-0.579436137614945
-0.465445272369329
-0.622632216070779
-0.467123942382438
-0.465849456343326
-0.438583054723529
-0.415094999388475
-0.404448342554995
-0.612973264954299
-0.461673900354604
-0.424942757702421
-0.357536450630442
-0.485584822389718
-0.34798585041622
-0.490847622569085
-0.648381448862001
-0.346117299113465
-0.497756432787646
-0.467002458746496
-0.428498811697495
-0.391171663890411
-0.427628373803219
-0.453673387395399
-0.273672483589323
-0.458426951294167
-0.35448928424754
-0.42656534318722
-0.294688217767596
-0.279400415976029
-0.425916618410035
-0.300556634727073
-0.273105069786012
-0.418668286632638
-0.334872660174424
-0.343760720887941
-0.256755152342847
-0.313581435168773
-0.302050705921372
-0.451072023222444
-0.430910474089985
-0.289291573716442
-0.470908484460973
-0.320187496386019
-0.389483363151749
-0.413363370965852
-0.383570843965611
-0.351381676632956
-0.380057454027229
-0.3748313783719
-0.410445601308708
-0.318162864852015
-0.43767750671465
-0.273443327258116
-0.429581886289324
-0.375002265672561
-0.446803437214871
-0.275412796541824
-0.45729119758793
-0.473611671726501
-0.261056831193234
-0.390823016938348
-0.26497615419696
-0.369248737324129
-0.454023541824508
-0.270784024014339
-0.517133638575092
-0.335044142786658
-0.196668626653557
-0.277627996710738
-0.393628613674427
-0.243666896523015
-0.328679797173254
-0.105492399456805
-0.394351731461232
-0.229858526256612
-0.31624550289356
-0.419641534107208
-0.23360221146773
-0.298172196631962
-0.276161781535741
-0.325368135675307
-0.348855411535923
-0.0640717265371838
-0.387989456520978
-0.343525717278702
-0.329707019772623
-0.236270564821121
-0.219780231468293
-0.379400637238132
-0.21532538321309
-0.365953821226228
-0.352808577583366
-0.251495476000529
-0.289065738411998
-0.366535044204781
-0.154201619728313
-0.226515473947506
-0.241939211030945
-0.230183128981351
-0.233205287178424
-0.241911149866595
-0.332530830171489
-0.321086520073898
-0.251767101202377
-0.280266615381931
-0.211827570236504
-0.319170249954603
-0.188137044569572
-0.274722979789771
-0.3007113658425
-0.277759890486568
-0.410742803825557
-0.322754529506665
-0.160582994928297
-0.169471608592488
-0.174020368765558
-0.240223458957687
-0.361273669071594
-0.276335537212594
-0.276052325995328
-0.307546387061313
-0.167245072625229
-0.260061262347868
-0.256781028650756
-0.150567562696667
-0.115641894511591
-0.202390613614172
-0.358371593139011
-0.0519703316387193
-0.172205297317515
-0.237301541996059
-0.37076681218527
-0.260711922179644
-0.255494326751683
-0.121575086839846
-0.233236408997415
-0.332463096961442
-0.187744992931031
-0.200828903390313
-0.213436470731401
-0.0587578370809821
-0.16114290921901
-0.240315725586639
-0.142126705763883
-0.199371013089228
-0.143494396090958
-0.247982799818014
-0.317672293535428
-0.0496894106482922
-0.237078692112629
-0.152699138135441
-0.206372304574209
-0.254546203833179
-0.120230104587218
-0.215619075010027
-0.200824335899953
-0.0845097521858846
-0.117111869288856
-0.0534717882323575
-0.0945631950714247
-0.307822253090482
-0.108108404334024
-0.303498939653234
-0.0199179159933234
-0.0823951708165049
-0.201065448854984
-0.140570576679762
-0.247340882812458
-0.205616266483671
-0.0753781837630459
-0.180852969599164
-0.161221976118274
-0.17511041696698
-0.183407088129519
-0.0321110512382766
-0.0546395502010261
-0.251348951244199
-0.0665891186446879
-0.128744526925102
-0.162781334183934
-0.175854348047958
-0.293626957669555
-0.143916417039779
-0.150903004966736
0.0139695458584004
-0.0629143895572136
-0.113796664778135
-0.0539031417276565
-0.127774400697751
-0.000258108479948495
0.0980104334990455
-0.078902818202504
-0.0642956906062783
-0.0630285980243224
-0.217467952490578
-0.0190866946678716
-0.232658051153494
-0.0325657378102172
-0.12858743687995
-0.104558825542719
-0.0436105727984882
-0.239700478662848
-0.0019206996500153
-0.137717500942677
0.0864318393790375
-0.09145362584339
-0.0214347809559609
0.0572783173166286
-0.0697341441983987
0.0259465555713783
0.0221914531514154
-0.0324171957612482
0.079791734262153
0.0804893724938977
-0.0439158823910816
-0.141175243730445
-0.132269230132075
0.0663259749010846
-0.0733597776564526
-0.211236695983284
-0.0935600346838635
0.0372163187637457
0.0422838996286641
-0.0876337021848287
-0.0542397919657414
0.0701980074547677
0.044493363369518
0.0592676990799856
-0.0887051580757617
-0.0204436720442292
0.0560351968796152
-0.0222951209351237
0.0731981712539948
0.0661342476088999
-0.0141228060227767
0.0711607051811671
0.0460375459175065
0.0583903811346314
-0.14117398169098
0.0254914751394804
-0.0161170084941045
-0.168002951673475
0.061790623561684
0.208695109661945
0.0819269821875553
-0.0228519993966169
0.0888609231243739
0.145630860001061
0.0924640158411729
-0.0051790910465742
-0.146136634522704
0.125543601580338
-0.0267990025147136
0.130377098642722
-0.06787281517421
0.0277743503421045
0.0848307480140828
-0.000562274267322746
0.0964614980113504
0.0455809421932109
0.0686291943767151
0.088885252870017
-0.0146067676608396
0.0765797497035892
0.206451376258932
-0.0977317567687083
0.0962623665184924
0.185889378567977
0.0453601184097388
0.0292218644354573
0.0841870512115721
0.160144135373522
0.0927202016176552
-0.0354612796232192
0.0525508467489754
0.130658928207291
0.174285844957609
-0.0714935044235534
0.200345866350687
0.1040401261748
-0.0464635437003985
0.10756393492593
0.168718069973613
0.217581517597806
0.13631993000783
0.0468941099254626
0.161894553006442
-0.00614683819938265
0.212406900500807
0.139892947089918
0.12272539653237
0.0654926324298785
0.0781221342623058
0.0168140044441647
0.109014380970043
0.11699997654281
0.0974327521589195
-0.0842866843500412
-0.0135633943288119
0.0982089341169779
0.0102760993771988
0.0584236106916465
0.0476294852748075
0.278548925162982
0.220873740574119
0.235454784753599
0.272266640458415
0.128501304323313
0.0546653548523213
0.195685189017089
0.173511519841145
0.0929684897505768
0.0571203463394239
0.260362080839765
0.0369295049940927
0.293838262340414
0.146104145383063
0.245386327778593
0.275162970213349
0.208678526258167
0.131780892261003
0.262371868190674
0.238329784738186
0.179123959952284
0.308688362078852
0.0810366661573804
0.231890207197637
0.0783494816997077
0.127728701828618
0.0862597207431628
0.311442973303109
0.307671754343171
0.304132586898829
0.183763591329916
0.172592994138826
0.26380931142895
0.0917070910084438
0.310022336526936
0.230013687008915
0.291384456847078
0.167969543585369
0.0644138892426925
0.333542797420043
0.143982547993585
0.276842166677391
0.338223434403072
0.0741113640683766
0.271624523826609
0.187555469005726
0.0118471740343226
0.106484523620965
0.449171021439108
0.34967773260108
0.228489772083342
0.160264690671189
0.256549662749384
0.39985843966734
0.295045190637795
0.115877151242754
0.134934603110241
0.157743124735349
0.398139278229576
0.251535560155453
0.362969623945808
0.169042924771721
0.246747426003041
0.222438230246589
0.260184978226323
0.161854749506891
0.37445138559602
0.404465674478947
0.397776050725154
0.157358761671785
0.30012336736229
0.344054581102072
0.382944305074872
0.2533682383298
0.2620829689592
0.356186196097579
0.273260711821281
0.304698096708072
0.230247496499871
0.212458513019391
0.48965323164069
0.387125091843987
0.243697398465959
0.280899648763057
0.327294446787309
0.298282109634688
0.401798764155068
0.236003907268455
0.369610411586313
0.42536815098406
0.395226464977269
0.292657222734468
0.405476963659009
0.438559814328104
0.215893391067507
0.242668975006784
0.362950485824506
0.281390600486817
0.0925586227058285
0.327757347698342
0.320244637716459
0.333542382431053
0.218371450354502
0.412841717497992
0.304557584386082
0.340585799762755
0.450022898312854
0.360819218111636
0.189671977317586
0.337535800603729
0.445314326905301
0.339149838595444
0.411360799218155
0.312050521049211
0.341013843093563
0.297559255728052
0.324677012081676
0.337258375924143
0.508008473328982
0.400864018808741
0.40355595598751
0.337714571079667
0.417606301393054
0.275241445151577
0.306833552547395
0.239539389842576
0.268102726612915
0.373417821235606
0.36066685297124
0.303522551219901
0.259473205644537
0.530840747986013
0.333609031042619
0.2803519715539
0.394833197592777
0.295695624899289
0.241657709970777
0.534627552490282
0.512013725427793
0.463789013315593
0.449414105600726
0.399563827801493
0.286933311649141
0.424216789823286
0.526567962422232
0.413160678999135
0.4255615813702
0.455979482869339
0.30881747647034
0.378925439532437
0.53725594858372
0.426661453892532
0.382639798628524
0.381769142568363
0.410143924738401
0.445172887167451
0.489436653907805
0.342731300639111
0.559776812350784
0.49467979698889
0.484281893996946
0.433144015117353
0.525812871455005
0.487249177017145
0.43272534587618
0.459761828521376
0.368136435712248
0.448673662769249
0.512639693788482
0.465674770181237
0.495740717232638
0.529930713457264
0.514826754055794
0.471827206276774
0.4969890476509
0.454932525350338
0.473442813397136
0.508831748455016
0.497682052534324
0.529757825191651
0.646271519815663
0.590399437402107
0.501317066226873
0.499619794650168
0.524609684514548
0.551365609637123
0.538492023861801
0.543533418740399
0.544161063442905
0.60868904547121
0.546092144298731
0.575682057038513
0.515645636638995
0.526592868570564
0.442951325239441
0.503960632156943
0.662137963076827
0.462536573306322
0.491952826584157
0.511590588382984
0.621637714088137
0.570268299996099
0.611765758395159
0.597791430930545
0.632118393643967
0.485772302856528
0.632999422212723
0.588582847980018
0.657775334854567
0.419798005820224
0.58557505812028
0.833255430075102
0.522256645025979
0.609637756572033
0.61394318697734
0.740004985478573
0.529483510877283
0.579967446619552
0.591354186141847
0.525659051307867
0.610600387119669
0.665029965817587
0.577588325621604
0.687860865963232
0.629316149170047
0.661151854184886
0.685582655376751
0.643156269967613
0.46149947679201
0.495587613554674
0.575300540421599
0.581961287453615
0.676704486956303
0.580094097527359
0.676619059038658
0.601851857507035
0.474766451633858
0.697366346630027
0.640641930187945
0.58078337772365
0.591290411348808
0.61846611688226
0.533965078196374
0.429682262349437
0.570569450360111
0.593789606999221
0.481840128900019
0.585932867848475
0.60726796521226
0.573728622180193
0.555125116661988
0.619739171060549
0.697860398548719
0.671828959113797
0.580726182448416
0.48690031530385
0.722124933920336
0.650278709276253
0.518790433947544
0.499829964392454
0.701215492836175
0.497241281780035
0.794323142029972
0.601736663744911
0.73797222935626
0.777941189510291
0.729908707152258
0.615521202567898
0.719868914460693
0.747181651451534
0.733502292992265
0.734334842565381
0.73854069936964
0.594823314622753
0.630242508183331
0.538224712097965
0.685212887429801
0.519684185407165
0.72386294490408
0.686608332095388
0.70303816451023
0.600434321928806
0.567031019282545
0.715261041749717
0.726000393882494
0.743559292784815
0.677609721268095
0.554829986989982
0.702236957238906
0.685549448101461
0.726011445087215
0.746195743486869
0.711196547363441
0.77913786110851
0.797810384902071
0.761490162484015
0.857279589198033
0.693528109557947
0.745286458798181
0.868828728437315
0.787429107789988
0.768603352252715
0.680038722458627
0.678896942134155
0.689084823786534
0.877694008591463
0.820716287590385
0.836817593645996
0.846950943772592
0.738005154557444
0.744929361706908
0.815846294723012
0.674355025954324
0.794310564261179
0.820207169179752
0.787234656584185
0.824615323537459
0.810631801711288
0.669671799884522
0.786001993405332
0.928638709239529
0.599412483423184
0.62717039692164
0.644962621395871
0.909592418865289
0.898405830036593
0.855213318968846
0.785662705489766
0.872543299356297
0.752336157224618
0.751729885950077
0.87223918076728
0.655620022049424
0.624480922433994
0.829507479546785
0.838620069529399
0.828429764854744
0.747442252066029
0.830792558610317
0.892837761694127
0.847391956792299
0.758862008532482
0.746400443677908
0.847175743028216
0.895495274575845
0.890510315525568
0.776351514188181
0.843059766296294
0.891836689139623
0.72741917276151
0.83617686895714
0.707188718715805
0.904443123269542
0.860743440891155
0.964707374417235
0.694052919061167
0.866764158550046
0.826793055251934
0.892983690929827
0.686894939016004
0.932920059195931
0.896983821048227
0.752727356609595
1.12843646007431
0.798131505422696
0.917692844606029
1.00666927992146
0.916716614894422
0.890754810108642
0.845745406406391
0.897901582793408
0.829303018695144
0.884041600371969
0.914869945253944
0.946245737834269
0.782676903268127
0.72855654378314
0.948699790680758
0.757011719207771
1.10607882222096
0.989497547536694
0.834949150408787
0.795967677003215
0.881352720518823
1.03990093907837
0.853737025566772
0.88321621278903
0.947912104988661
0.800488052397343
0.799610088696196
0.962572324938025
0.762590465323213
0.942732476319889
0.963063743894692
1.03842162358892
0.9593638707755
0.954986305749495
0.965081127275465
0.944865265375485
0.822726860056953
0.975685575678372
0.83593748935946
0.977598247538924
0.818560913702834
1.00963462280784
1.1145695743575
1.00282173992566
0.866829050357797
0.761939016946071
0.912960292905696
1.00236246116313
0.989262520056543
1.06842386220213
1.04007358613659
0.948521582815426
1.00717172929502
0.874181042787417
1.04430699824881
1.14235569833598
0.987448773406633
0.984086938845272
1.04283886055346
1.08001361348527
1.09593872354227
1.02475257095429
0.988102751703248
1.09543223049291
0.925570106984751
1.08399978622586
