-1.01016829213628
-0.917256169362422
-0.948120051128892
-0.920594785909475
-1.01245366415682
-1.11221389863189
-0.964555264736385
-0.821039112668268
-0.901103894367598
-0.935203087156869
-1.00530452000844
-1.04365423171737
-0.977442695612
-1.06528711234635
-1.06703129302487
-0.960078957497549
-0.997331300443713
-1.17075231549755
-0.993399353595173
-0.985951175472607
-0.988120910021453
-0.956352591899085
-0.841085772831158
-0.945864359817004
-0.838421156004189
-0.941870861422898
-0.877953060650256
-1.05390261684788
-0.95503682373625
-0.736414438119087
-0.907459438680118
-0.851550006771902
-1.18002799986093
-0.878182505472618
-1.08060123762454
-1.03902052806395
-0.844290733362124
-1.09876961161086
-0.936947226745205
-0.812053610368676
-0.955016327782892
-0.88265079954462
-0.688064676656878
-0.735610872944496
-1.03208075440368
-0.865335116628489
-0.970000415805375
-0.989899387186917
-1.07595565130366
-0.791588578155956
-1.12354157781734
-0.969413987759726
-0.94304150727707
-0.698202964033925
-0.927847899805225
-0.799419233424233
-1.02767861267115
-1.00223540857777
-0.749975391125577
-0.930871819879881
-0.796765013622102
-0.971844189487931
-0.844078525256819
-0.841857515227057
-0.871080355069443
-0.809471338326983
-0.830971450617261
-0.94707430500164
-0.844378905571973
-0.822102169096377
-0.894194433570943
-0.831375774797882
-0.919409562716808
-0.675640966619523
-0.78630966264165
-0.738099999564398
-0.839446868526361
-0.745303845237412
-0.832068300784802
-0.813187462739451
-0.858080224738249
-0.76405413302591
-0.902660914808871
-0.764043758745184
-0.764636451751951
-0.658658477007137
-0.744920457169712
-1.01129588014231
-0.860696421256579
-1.00496693230954
-0.834484352344812
-0.794626973605937
-0.912820848703536
-0.776888717407068
-0.791814231558903
-0.679096520866283
-0.779810620163741
-0.8966535368911
-0.729163304310154
-0.810612437240309
-0.792867749729809
-0.843775318086459
-0.850679390910092
-0.812632715609673
-0.819586226171627
-0.840110393962225
-0.800506316146083
-0.983005738975617
-0.75544394999361
-0.774042755228372
-0.7878745705219
-0.835325517033256
-0.710687024749972
-0.821918326278156
-0.757502030792936
-0.647883655947256
-0.802295832313507
-0.612440445280354
-0.777243538273831
-0.680324552000064
-0.780684518831232
-0.840269171372692
-0.724414022176061
-0.86693501994507
-0.654103349029822
-0.646914594146119
-0.81563974414172
-0.763844967254606
-0.843185874737074
-0.663392486545662
-0.535113792597348
-0.768303312089212
-0.678212270382453
-0.857517621218312
-0.496691268574459
-0.732423835768183
-0.739582107952953
-0.787426547522012
-0.66662176971067
-0.646521735355151
-0.574216279088235
-0.590694348521552
-0.684147164902147
-0.648568852874404
-0.813133502874973
-0.789041657102067
-0.756363780883151
-0.724877855934102
-0.652419488536466
-0.860553811942934
-0.712263158974225
-0.741709646658659
-0.71284577116824
-0.796214792869859
-0.656710100261989
-0.62260038675263
-0.763489385892602
-0.594357365748021
-0.650082356160112
-0.701114014740899
-0.617017127351002
-0.668296614511163
-0.737499022961921
-0.714660774531527
-0.576522657007817
-0.584524664298989
-0.858176253284205
-0.533757784207794
-0.718677964172796
-0.654405062375297
-0.676018476640538
-0.687549711363812
-0.584519708131866
-0.648316473705427
-0.598059616840419
-0.67038020011236
-0.643336312724118
-0.499315234373294
-0.791837695272787
-0.661576007959526
-0.687173622160831
-0.579408004376947
-0.660538592480762
-0.538468084794189
-0.58661956393508
-0.571266679240229
-0.6398108303482
-0.515931397466303
-0.646660083145735
-0.583282584266122
-0.502677442268321
-0.692661219090083
-0.673257502050362
-0.604745720909738
-0.598270608801874
-0.734525433664255
-0.578365600853826
-0.601128090837789
-0.65408598621892
-0.714025095553906
-0.459610651424404
-0.537347239173712
-0.702295445642621
-0.598789150787331
-0.686164794419594
-0.623365864147092
-0.76612615568372
-0.654268220452514
-0.586190459862838
-0.518478235018793
-0.623841032502506
-0.532182673558285
-0.562812701407633
-0.543967649945326
-0.566210685995523
-0.5373146304016
-0.560313994449556
-0.632936785598155
-0.608778667542332
-0.671469213035986
-0.527984570058267
-0.56384317872827
-0.580953589742121
-0.605739738381172
-0.469360736701868
-0.448982837145708
-0.655907683394722
-0.541244411782073
-0.592066195711498
-0.536132624847363
-0.339013391149883
-0.534502147678013
-0.380138049727927
-0.638705151344522
-0.448872970206782
-0.674331777326527
-0.503694422352877
-0.523863595757055
-0.51931314689046
-0.610123626192035
-0.477586182273684
-0.543700954379875
-0.649134711463821
-0.60425654492751
-0.420824969557695
-0.44363728158594
-0.42884826710911
-0.540491527268318
-0.430603641964304
-0.488151191502363
-0.506723899739114
-0.518352269486264
-0.400760834309651
-0.577684260289908
-0.609057124130949
-0.54290878817273
-0.473744476069112
-0.433992943854673
-0.462583156242783
-0.376510707469059
-0.430571875825265
-0.624278813188153
-0.349744482172339
-0.558109142573064
-0.564343264217724
-0.483800637974018
-0.423940807162639
-0.271628265393642
-0.3508202419037
-0.291423009078251
-0.399172757426404
-0.414510408660142
-0.480169281603831
-0.535854202336643
-0.395544748566561
-0.493317517044426
-0.544217967343025
-0.454071897893574
-0.439841193340314
-0.4769792453738
-0.502542011738365
-0.394601908278573
-0.517758761579119
-0.261645521848235
-0.377811441103943
-0.360595959309986
-0.458390631493972
-0.450637495593895
-0.496647127906636
-0.328025484691037
-0.407179349964105
-0.485783426203595
-0.478368183701702
-0.397784509048133
-0.50338008543766
-0.299358475946125
-0.442488280645484
-0.472111455584226
-0.597757011941795
-0.431458068682799
-0.425969837472197
-0.412630549992386
-0.281026236409305
-0.321316520012011
-0.381900471356576
-0.354362874483839
-0.312536532473162
-0.259890837037049
-0.346397131402704
-0.319115686111325
-0.505948472783826
-0.44145223902424
-0.135913478759209
-0.517513456313406
-0.324963904407665
-0.385628766748548
-0.389858602770023
-0.43382215472765
-0.449505001226249
-0.367950538904407
-0.379642169428737
-0.339719317102014
-0.258736328101229
-0.368566904758888
-0.337687404671994
-0.29560874545269
-0.0992876126455542
-0.286821513681003
-0.350286654569753
-0.157508184519649
-0.475540663432383
-0.413679767672395
-0.318551545742111
-0.27807037043391
-0.283370831856822
-0.204228765921265
-0.441300735873595
-0.315764772849079
-0.340096711440177
-0.374924567545561
-0.282446584594607
-0.215978660849111
-0.257844852670287
-0.471358481575743
-0.219907420555383
-0.191411065877671
-0.210088448896954
-0.191949640512643
-0.331726369351298
-0.277460488551958
-0.172633832021647
-0.377844088628729
-0.239504938953487
-0.32942018924768
-0.309426314689568
-0.291670481988912
-0.226711846608449
-0.300324990037804
-0.254294202343549
-0.31818378411003
-0.398562449197887
-0.33259599739226
-0.323187916827745
-0.197828186213493
-0.186181564496682
-0.190442641351741
-0.350056607286795
-0.271551510895203
-0.241460261098104
-0.143521468278472
-0.329616718643479
-0.222198484676775
-0.464237007351544
-0.184514996035751
-0.32408064362285
-0.309970768487926
-0.194322372193425
-0.289450669337117
-0.225893261895973
-0.265524279153505
-0.371921362624783
-0.273265452363608
-0.238021877494287
-0.358794447210596
-0.245996116455028
-0.255296378270322
-0.387560961662525
-0.194466950978447
-0.109542641705675
-0.217371320356682
-0.166927324459845
-0.292473766102188
-0.0822681374795635
-0.140027504516626
-0.295425301733544
-0.319209305351888
-0.129442956647879
-0.215634957314818
-0.370887376762328
-0.147820044700122
-0.203559571273452
-0.211324598471421
-0.226875607849536
-0.255059795177396
-0.299395259286408
-0.117406658408806
-0.076786523589422
-0.295832372274506
-0.126653259075592
-0.14000784513505
-0.12944918303616
-0.231446273013342
-0.147315445750987
-0.239884552315359
-0.246662282415994
-0.0630605537754625
-0.243382621627242
-0.300168495177924
-0.205900234682104
-0.16125167429653
-0.0432332713125125
-0.216982525947192
-0.198547604980362
-0.194465542522094
-0.251546737361907
-0.172342224367597
-0.203180859264232
-0.177136438258646
-0.124206216292965
-0.0735491565888834
-0.138499516374804
-0.123170295004885
-0.221415141563537
-0.10410279468784
-0.0613207956139747
-0.122175966715665
-0.11095394333721
-0.376536233018409
-0.106837794202263
-0.18991212528712
-0.0505858733242316
-0.153000516419171
0.00567701864737449
-0.114541184287363
-0.0650808396129892
-0.146990059075363
-0.111139915583716
-0.153740490945646
-0.0816255289773781
-0.0712225749422788
-0.262887612874319
-0.132827607599695
0.0574726110459623
-0.0607831435868752
-0.0264491175389551
-0.0971160930061813
-0.0632378542173314
-0.0545027098825193
0.0221841052282109
0.000179575240118797
-0.0644201127556484
-0.110618273886361
-0.0408838936582339
-0.00290525290127876
-0.0844751901584352
-0.110630091224071
0.0917055772049843
-0.163819092007652
-0.024591344080322
0.00635827825855489
-0.0986790317957595
-0.121605363220594
0.0370296952172489
0.0501611198957516
-0.0627655085163757
-0.161106293302318
-0.29738077948721
-0.084106903497218
0.0674905597233486
0.0202197224023609
-0.00871194482520377
0.0286957710120508
-0.139096528458595
-0.0853786846909757
0.0460213564876242
-0.157502950117386
-0.11832604547967
0.079469180056452
-0.265621974479838
0.0812163216120662
0.0161615962161565
0.13184379264408
-0.0988762765644368
-0.0586332688330257
-0.0781594841138784
0.0888840493821032
0.00556734816627549
0.0433608203697923
-0.170896216868571
-0.1333768554388
-0.062985028237059
-0.0949227634102602
0.0017455298156904
0.010657116238738
0.0606244978080617
0.0672210436998262
0.00629319653498336
0.0973268610165142
-0.189504946047999
-0.000255083994550532
-0.116525994359736
0.0665057328203561
-0.0644187314211535
0.0995735318534445
0.0596624190968305
-0.0392422003675408
-0.0623604505715756
0.0971331180933389
0.0551081627892445
-0.0419494378602421
0.0276411413621889
0.141683920092844
-0.0631170005314451
0.0889653331710957
-0.00494431815959243
0.0732725554689935
-0.0701954649512252
-0.110365436124094
0.0764378357107334
0.0916767991601833
-0.0397234931050996
-0.0844385650502104
0.15021427353577
-0.013926560196818
0.0810720064573029
0.016713162025608
0.272650817987313
0.0786765026427036
0.0135944744556649
0.0435043811761348
0.181743899340861
0.0380473842314823
0.0728909472547552
-0.0213693487058353
0.0193807531872403
0.0767397331349132
0.0993702570355208
0.0771273461634986
0.101898687039168
0.183234349217983
0.0695506917105913
-0.00263518110152265
-0.080105465248241
0.014270346115549
0.135199363937624
0.0811453705563222
-0.0555095901347758
0.164175617168176
0.188895640979809
0.0516691064199152
0.0921971479147974
0.0782488622395466
0.208385116536487
0.26987899347197
-0.0279431285011302
0.233436480321636
0.174138782641146
-0.0915430622200783
0.156041713191924
0.137223340829773
0.0657658174751529
0.159624215885739
0.21061382339165
0.0791924191425958
0.0334238729016482
0.0834786285147235
0.324122679594683
0.245897249487454
0.145348330472759
0.187848768047566
-0.0399857794616734
0.237848477214499
0.211699762325482
0.0732198706131045
0.0782822672822432
0.0790561746514801
0.180561676868957
0.187831075403464
0.228804991287585
0.0781686910199183
0.122082821556228
0.284574979663233
0.127035981700821
0.256235288338914
0.0732298549073088
0.204695584633115
0.2842178682925
0.260164532908596
0.147153622438569
0.282548633291794
0.123729898689351
0.328236917211575
0.152987860599046
0.31772752713125
0.217609215086918
0.0116353530186157
0.172144237177913
0.289226170511998
0.275446192969649
0.370472268802623
0.195741445884788
0.210094433538817
0.361217743188669
0.313874134446647
0.296275189598235
0.150439611794491
0.0839790185451565
0.279609878911572
0.280151252676591
0.0187505698800992
0.242511862748607
0.241323060834231
0.173039001435356
0.287961782690167
0.174166266103664
0.277730195932049
0.144234668388884
0.260228649876005
0.199648159999445
0.360672218112073
0.386024933498829
0.249029441261604
0.105587533112784
0.273229670695078
0.244252670538786
0.341586732783264
0.12334543131738
0.405157327446777
0.313226014438768
0.228007692355771
0.141071485572565
0.304681378087659
0.26663430140484
0.26515184719973
0.141078866536421
0.241511009738767
0.276748322138706
0.380627109122161
0.234054251767024
0.313732468219701
0.389966593170011
0.276097000251236
0.408218189264151
0.434941595279552
0.319262024719507
0.362233095082398
0.327937561644413
0.339831004127413
0.39561977445555
0.249423028941004
0.309237476138346
0.30307847775539
0.373285130735694
0.389626456180351
0.541035599225731
0.414433263336666
0.330992627077251
0.317974967804095
0.301331706149482
0.488284363121915
0.313666589727663
0.397606944678658
0.338865792231502
0.43103528086706
0.239547968007492
0.428929974375668
0.226963760441377
0.25370166134315
0.2499496414792
0.288834064461094
0.434933640680406
0.229415395756757
0.353441054692366
0.294152686363572
0.353020921495105
0.479946800614851
0.463317529863576
0.352552305513355
0.385923357547323
0.429959382554027
0.289816529417585
0.388629841483759
0.32773920696222
0.300920383183563
0.42261127805762
0.426612144715897
0.340328058608607
0.492330588363481
0.482687028893856
0.253297542677811
0.450357792647688
0.5208382849325
0.459476834427173
0.424892711477329
0.327600857722934
0.385715024761354
0.382068220374214
0.397162528118716
0.240577401371553
0.431849307472032
0.553958843044491
0.366439215848994
0.458104497875785
0.572324652943087
0.503395288985119
0.453576464106834
0.377800348543409
0.554187136767125
0.347513527204257
0.420753342106833
0.467383440961901
0.328869770380004
0.474409290595657
0.353175544035251
0.443839578340187
0.350716460575332
0.559946184587712
0.530181273486621
0.361076870239329
0.459939607814947
0.493320642231773
0.47745948921342
0.47479598796893
0.55398598903593
0.362171941696789
0.449720122367261
0.487141939755125
0.590819706584804
0.296943362909982
0.51810247408427
0.420959619190394
0.61789901024679
0.638506408652806
0.397016178461429
0.693394194869341
0.47802840613566
0.536857765486654
0.571403929511724
0.400109167180538
0.46036040160281
0.443187654140529
0.457419191414559
0.49143839152289
0.455814862388725
0.531788069910126
0.42139510526133
0.52981089440596
0.558177813169372
0.384946019891534
0.539651127408276
0.563251899317373
0.512029230830828
0.533123058402071
0.499512864137988
0.504949575820288
0.49173657655428
0.619550371646512
0.546351509335698
0.622249196765442
0.472077089466577
0.422525247946052
0.514032093612296
0.530951566243433
0.510279870426438
0.522617997031765
0.532783483842492
0.497908012385685
0.533799484718643
0.591595237211156
0.571794396462478
0.555008753224338
0.495734818848646
0.578471544740675
0.460922429990364
0.565684779594501
0.494884457853594
0.546612743527704
0.713315588012931
0.520527245130927
0.638227196161874
0.526784494227576
0.520214371688962
0.579276320286317
0.675957583323635
0.506954732425752
0.479612911229838
0.59490794687881
0.631194272785044
0.49276863862713
0.605275949945788
0.526727601348863
0.664586581969024
0.562954344285988
0.593963597533442
0.581899911593259
0.714732020068014
0.59007670552723
0.547538805130325
0.475716272976158
0.718849391231082
0.651492947114102
0.578041302213417
0.676532755167415
0.787199259246041
0.679272348682113
0.618495633141337
0.664807624278776
0.670361326392
0.496147188379868
0.587581369962127
0.62219693046506
0.710004392928074
0.583948640328948
0.70739458579144
0.634342051074174
0.513977152779376
0.757726559857024
0.703631808347642
0.724112511845105
0.713797017138652
0.568346282099624
0.565252222216576
0.65613308119137
0.795304082010177
0.577901605227388
0.620141752563919
0.677214492593433
0.872049831626556
0.656394902340276
0.703295953647772
0.726536169694285
0.742014096252928
0.615212170859907
0.769490695006961
0.667611584616751
0.861601376799509
0.664793131471495
0.814124286336669
0.70171703928091
0.608449898699884
0.718360694924655
0.668635004995064
0.79771297046123
0.691534492225308
0.759034197691578
0.95828632439487
0.813618745856869
0.591641251574797
0.684281587984002
0.798722249340744
0.647673723551471
0.629771035591497
0.634961417723248
0.90634891221467
0.751773241379489
0.712536134428974
0.645759880289236
0.827573954506194
0.749301347584485
0.71093066592868
0.70264098666661
0.786937934964919
0.71509606004913
0.706955134846127
0.767278834399305
0.645624909134276
0.825005355798533
0.773465122791309
0.964117475059861
0.692961610797966
0.615095030966084
0.814769022917919
0.743412722146014
0.691696600174536
0.845216876167529
0.880968858600009
0.773285769049482
0.586027388405726
0.854326564497528
0.71570535895284
0.760898787736501
0.728959179129253
0.892898015629045
0.699118411984074
0.828649504725874
0.818908829756568
0.722266616978138
0.836334704246553
0.635650699312362
0.911675107602859
0.885372093129395
0.752160370616087
0.724200889776929
0.802511759706945
0.761431909419031
0.676692638743267
0.816234774101533
0.866038702805769
0.818999058620888
0.832168109399421
0.883240269254378
0.846445960403875
0.85301748278047
0.875261587147667
0.822808404345531
0.691136392848107
0.807077655606679
0.895386819770575
0.899068747112389
0.813948427577647
0.902140071811054
0.966943058628539
0.780764271885258
0.827752162848053
0.866137981095575
1.01148631510076
0.790043789334929
0.859512970675044
0.790476074287499
0.813519138244756
0.849045879971159
0.74691158318077
0.838341845970645
0.870839981405238
0.83231062312374
0.701527651386441
0.791255533095195
0.821492923562923
0.81787470171543
0.787678067373639
1.026026947651
1.032978590155
0.922669397267817
0.834441009781834
0.755105175013982
1.02167546657817
0.786099274789929
1.0082458775777
0.949668013162372
0.778810107294048
0.959800355862396
0.877074522026857
0.820656710263443
1.13429821780193
0.736747601164864
0.879816902793004
0.88564507743502
0.921681983408765
0.921610229084695
0.882815600611859
0.976568980148891
1.01212653066746
0.926365520459447
0.785800107511255
0.954158535665269
0.844307535029879
0.770485298254898
0.971472937179384
0.866145545898723
1.06337923120578
1.04020763037099
1.04747495103367
0.955864722657502
0.822105144896448
0.890990195635065
0.9552372371556
1.05317351312086
0.775784390676632
0.897031487306567
0.921642485546649
0.911865823649953
0.852353572933211
0.877196988408122
1.07810673514157
0.967264794734116
0.932257801448902
1.03594563578594
1.00239112543867
0.844342662603255
0.936566091430001
1.03312945697494
0.912003619723706
0.973297967298206
0.922750536413847
1.03954850587063
1.08060648619462
1.03563300494771
0.954629082290372
0.945656907631056
1.21275026404046
