-1.06040216058577
-1.02433282880322
-0.827114570642289
-0.932864388065901
-1.22754834974796
-1.00486988972809
-1.03068088250402
-1.09996946414313
-1.19359710397236
-1.04702136943558
-1.13172474506002
-0.878914443194737
-0.997297286228391
-0.903774436965413
-0.990073106980839
-1.02743477393048
-1.07005610651067
-1.08437720136173
-0.906391869051941
-1.041225949692
-1.10469602387386
-0.913206659204866
-0.809522315284565
-0.932220870888451
-0.898946647812923
-0.960061461825243
-0.918286414743328
-0.950099254677182
-0.966859611118163
-0.846187508061772
-0.839237952455757
-1.12097447147461
-0.834175683987275
-0.82056303145983
-0.865886123158507
-1.00381029975712
-0.787646634831911
-1.08137404430142
-0.921629459412083
-0.759343476230414
-0.836401746280248
-0.83775499564234
-0.922697027860059
-0.800787762977411
-0.814141463917807
-0.958875897866065
-0.818757950618859
-0.87462746499755
-0.861960368924638
-0.875013572564746
-0.907433098919991
-0.933222777054277
-0.94424564724022
-0.92294956374809
-0.888606528271316
-0.94330169893252
-0.915408328490224
-0.889289533602061
-0.933442380677105
-1.01095374496316
-0.986480692108554
-0.814108879842919
-0.814343617550324
-0.878064891972464
-0.870678905411082
-0.786118995769313
-0.836583573905529
-0.848976545643706
-0.828539708893544
-0.844955857163738
-0.877883176375298
-0.948661607581673
-0.708775054396566
-0.774374955956583
-0.852267535763984
-0.847578813443271
-0.740029102339608
-0.958542055864859
-0.84191986124163
-0.815506475180868
-0.851578399124656
-0.928266545769645
-0.81854937823189
-0.873119896831454
-0.814938176293025
-0.774187876694408
-0.788176530716653
-0.94233676626338
-0.957980642563231
-0.887486336436916
-0.79164479368318
-0.872355122622736
-0.90425267002521
-0.78343482015416
-0.902061390421872
-0.896372531488355
-0.795691371069369
-0.94819736903918
-0.762080998152261
-0.744926054217115
-0.689304806495313
-0.953114290239581
-0.568897860742804
-0.804036699272797
-0.820218201386706
-0.771215449763218
-0.627086152982114
-0.7721673073234
-0.685770423506617
-0.577942947843589
-0.831816363460914
-0.683422330372058
-0.7378603818006
-0.749538552918631
-0.830948122926625
-0.703796075210107
-0.787931168999208
-0.741971880718952
-0.804995177630723
-0.695756365206311
-0.716406944838461
-0.730718485827716
-0.751824913149946
-0.837043785645939
-0.562936798897266
-0.860480993876433
-0.81554665528414
-0.730052624591649
-0.753685929387533
-0.90611825595099
-0.768771844024001
-0.719569436143931
-0.763156143711823
-0.623078341133151
-0.638681997418772
-0.617865972637704
-0.759182412226991
-0.720204413475775
-0.61172062206703
-0.65121741249546
-0.685999501290478
-0.615861338235016
-0.80082611873629
-0.754878106922383
-0.827924611691281
-0.670588689340949
-0.540023530929782
-0.640403323584755
-0.681770046959046
-0.65763745861391
-0.626878024486302
-0.727355298396048
-0.703549142911667
-0.694070960601144
-0.625394010372118
-0.738642653250468
-0.777727291670525
-0.709542167165676
-0.681036478266964
-0.737578113692879
-0.696607526606384
-0.849725931706979
-0.717521025169911
-0.661819082162478
-0.605277105822883
-0.603884586301915
-0.52180065088194
-0.672795961549755
-0.638388776053127
-0.718186166342017
-0.737355634693054
-0.768933679575934
-0.662608566095202
-0.786167057604283
-0.739435761052287
-0.499772214764964
-0.632596243378499
-0.671293404646065
-0.714942913400874
-0.66756377179108
-0.655705290156099
-0.725440025314706
-0.663289858769284
-0.64020658748453
-0.534574010898945
-0.587308350148843
-0.696859579381398
-0.691091386120002
-0.568076923353363
-0.727431627043737
-0.766871701949037
-0.628319778232314
-0.60749048412699
-0.573541947236396
-0.667955136335795
-0.631759072841389
-0.643471928119358
-0.300131781854363
-0.657862143525455
-0.663857223931181
-0.523276943501375
-0.545133231200557
-0.631546717568014
-0.527222852331874
-0.668256910600111
-0.623609947649974
-0.741979155662924
-0.635993637920548
-0.622557395827662
-0.524080956314991
-0.596616762120344
-0.518565294212267
-0.40801353209042
-0.519373776007838
-0.532120915482834
-0.54752699377146
-0.707566958546973
-0.642044601627239
-0.503492569169872
-0.601493695849794
-0.501081066130525
-0.509417291595733
-0.592885737157417
-0.483866746083817
-0.610710888072338
-0.626701068403375
-0.590019550271555
-0.494285648229821
-0.498341667204958
-0.625978043175629
-0.511925948003985
-0.512979422844459
-0.531490693659841
-0.580809796863331
-0.553722222308769
-0.425450014420122
-0.451706970666376
-0.547291439059532
-0.54996807219203
-0.61470677579732
-0.476183831980843
-0.395814846826377
-0.555462947397919
-0.29573212869459
-0.546838671659494
-0.56693130363477
-0.550180579922375
-0.579931842273606
-0.305683674755432
-0.558158447202882
-0.448951154241651
-0.469950539270878
-0.526974297243658
-0.498685052997998
-0.369358055807939
-0.451137455466872
-0.489070045471205
-0.399729497949399
-0.581821296039694
-0.445683289556973
-0.443233252175405
-0.436150640478487
-0.571485982397502
-0.435056071101435
-0.528718827798988
-0.53741068669525
-0.523733155046167
-0.491821819172132
-0.492387602409289
-0.603033719941305
-0.510449453582497
-0.47667389347136
-0.462309068451743
-0.449233001117609
-0.464531813319176
-0.65744821498514
-0.581087167461595
-0.216973603854184
-0.517944644308158
-0.372107085630527
-0.432537944513795
-0.518433728156413
-0.466763172550327
-0.379146331144031
-0.375177540072325
-0.395637905347796
-0.54077700690479
-0.47223640653722
-0.357362653993204
-0.357362140509119
-0.453402256442624
-0.307684310635248
-0.397131150217981
-0.49131992882152
-0.441359373412672
-0.488184142674036
-0.468278737949879
-0.258569289489442
-0.410300740759165
-0.386396954925257
-0.398307324901679
-0.409794092611741
-0.431979671418495
-0.388251524315285
-0.516092719203696
-0.552935405836793
-0.50516825153498
-0.359804769487139
-0.393316594221452
-0.389821771823447
-0.401121694423801
-0.277809312492953
-0.451398054330365
-0.299789133835648
-0.258144849247763
-0.527307380151161
-0.29523404370335
-0.397331534270116
-0.347590858090696
-0.262367099306191
-0.386311249042699
-0.482079792416084
-0.292588706190311
-0.344155628205786
-0.217348151175688
-0.271411126972685
-0.366639840987539
-0.36611403921995
-0.406579589510212
-0.555602457028048
-0.206570226057776
-0.247672278727126
-0.174141480274865
-0.271672575295549
-0.36900724065139
-0.379569453801214
-0.177462138107146
-0.444495109085441
-0.282197999152438
-0.289839861643849
-0.35363829770311
-0.408729680415275
-0.315724739134632
-0.404396843802043
-0.240141681428039
-0.3043002526637
-0.226490665680534
-0.323749960710091
-0.327253271045203
-0.235126838447216
-0.282869641807381
-0.314984133729779
-0.341840299481097
-0.421811387969591
-0.249805516668509
-0.114982258709229
-0.112001097168772
-0.144247706513197
-0.206156968703234
-0.490514006440118
-0.211592043607081
-0.442387335800205
-0.298481968842395
-0.338441470803603
-0.252562275035109
-0.286265359313166
-0.306160483999787
-0.42103907270429
-0.214758873281514
-0.330539173020367
-0.24998039365687
-0.411027541943279
-0.271812331475715
-0.198875242390859
-0.283362109221266
-0.269767249515234
-0.410226882457344
-0.10904331687026
-0.114458940131927
-0.241306823022708
-0.192963832222334
-0.144275379812046
-0.380058373778047
-0.308181013800549
-0.29580148160919
-0.235012595906001
-0.180530490844502
-0.261128692923949
-0.21705253928668
-0.18451186639511
-0.306094509351814
-0.0532311941412268
-0.265160035229802
-0.187320197173998
-0.205582621179513
-0.0961856779687646
0.0159596635991756
-0.322924818366864
-0.204792393401019
-0.181807470219948
-0.233379614885656
-0.233331332029213
-0.0643882900228235
-0.1634884039212
-0.337954714530075
-0.180806625064414
-0.24117538370741
-0.146831926527944
-0.257326921442095
-0.230363138771526
-0.277616404639012
-0.109356748327984
-0.128744264163114
-0.171986604228911
-0.176686494480397
-0.135305819368397
-0.106035719839281
-0.145426449201699
-0.242732559435457
-0.0870780473604648
-0.289329246907018
-0.201160051049097
-0.13548078770576
-0.0766279340735869
-0.153695844877545
-0.301883838900975
-0.101105692356806
-0.130728452131914
-0.180225978170744
-0.00164540059551917
-0.0496851488762421
-0.196694121428436
-0.132810043707799
-0.181128379484543
-0.113023896414901
-0.284367655301141
-0.205409771197237
-0.162781907027787
-0.0891418144948753
-0.17155376955894
0.00169181819481866
-0.179291126151241
-0.0615796693844014
-0.108737878268115
-0.16949697134326
-0.0411622853284869
-0.173672993707067
0.0256684702212265
-0.0272747627049453
-0.154553594555792
-0.225062832351744
-0.0739563861571378
0.00218920670460559
-0.0621820436392323
0.00250167549462274
-0.124851460110623
-0.0544898690834364
-0.024409835371082
-0.0325013040703688
-0.140129363547099
-0.0464811661568404
-0.171856030316387
-0.00456734282824483
-0.0967973863360025
-0.0884940404887935
-0.0612547999626767
-0.0890387246465321
-0.139381956491638
-0.137942799999464
-0.055754556147212
0.0166294648415645
0.0342340130183978
0.000279236652979384
-0.0664095462701084
0.0560757826205534
-0.0388488791698905
-0.145198950778353
-0.00835837656908484
-0.06189351380898
-0.0388665558629286
-0.0925622879464386
-0.0266891925790111
0.0358626252573236
-0.0787484100267963
-0.055003905808782
0.0577848708773309
-0.0600543152127451
0.0708956792987248
-0.0034947063727337
-0.0112566925639989
-0.145681539996245
-0.0805791699542135
0.0403412379878018
-0.110993963416075
0.0510752734679062
0.137098892758595
-0.0964438309359354
-0.198473757424451
-0.0981783550053456
0.0148939276831751
0.030711198551529
0.0391345074420965
0.111636336156036
0.10809878434998
-0.0150491165990592
0.0221047444153484
-0.031801435166143
-0.0120902313569294
0.108584829684085
-0.0342449558443921
-0.0425216384870791
0.0423958798121445
0.0608938326679122
0.0344979998999527
0.0878943886269734
0.0331981426601105
-0.127332671721583
0.0101257950836924
-0.0501697944695443
0.0550211993214395
0.0345393461504739
0.0954987389735598
0.024019877695969
-0.0885329693086184
-0.00307321188310032
0.00295625120162822
-0.000256796236214707
0.0727253192046221
0.105379264572015
-0.00750712915425977
0.106137822580929
-0.0685794043143124
0.0227160694830078
0.159984588902437
0.153372252050274
0.0694791625142523
0.152326772845905
-0.0256881788567503
0.10055582684355
0.0169679303816084
0.112609662757797
0.0782925977701496
0.0311891281930114
0.090671082795481
-0.0597142510008311
0.0553083182181574
0.00535801714090324
0.173701175064588
-0.0061282732315978
-0.0168421660617228
0.00035577527019354
0.0329097274490415
0.198866461681524
0.16631400526864
0.114033034123609
0.0749345819252822
0.189096036776212
0.0933771434142002
0.133285959553896
0.128118187073068
0.128717746174511
0.14441412951718
0.173859677782857
0.186966848047142
0.143788028328269
0.32559220741771
0.0986306428285717
0.136647313875183
-0.0625325591500269
0.0174001650504967
0.249747724387179
0.11936375601491
0.300194955032819
0.162493699456701
0.0353064658736768
0.169489672044775
0.127097471010502
0.137452677288147
0.231870866555487
0.19460833487824
0.0799505850202871
0.0475550473073149
0.111136196952506
0.277200196834011
0.0554592499005246
0.0914538337912438
0.131746312219889
0.253578622589674
0.223364046370983
0.268899825199587
0.0953220775139202
0.335053686645149
0.275182697007459
0.125860725385328
0.171438106295781
0.236811433177982
0.198979178012029
0.0935226495392832
0.215301980848044
0.114838773897813
0.212857829671585
0.103467093691851
0.202490147985946
0.0804516765861585
0.305098718940394
0.324627063113925
0.224175718459849
0.278370344073842
0.34370110431596
0.137644734352623
0.285788108593953
0.180207759970762
0.306953257930414
0.322686219187514
0.206354408194589
0.176780025897629
0.103840322065199
0.302995131749418
0.220209538235958
0.254947038683432
0.207845756660933
0.201177272737186
0.230343557440052
0.149471038373823
0.113086152861146
0.303594644877675
0.245721103078878
0.298633274730396
0.397430102180214
0.304167381414454
0.312042622733527
0.245754648893927
0.262203026119878
0.240750533904932
0.301205969050735
0.312990937355447
0.348111606711348
0.325887459434507
0.397586434053808
0.144608122347344
0.336344609785264
0.328438220397962
0.265161870779374
0.321428375666054
0.229872837061556
0.288282315680976
0.340564606495116
0.309064971383747
0.330999858843837
0.252380802996774
0.283793854038835
0.299549904610387
0.377233075469192
0.382207938905147
0.273007558789354
0.275734257068126
0.341383993160275
0.34458572253775
0.264232632421583
0.307069471143599
0.335768437810853
0.195870700606889
0.342018317518833
0.325957308261112
0.34002535124859
0.459568223203106
0.380463867619995
0.363630680969239
0.293056381840921
0.282542147661027
0.245180046295098
0.399467856258857
0.31160309270773
0.192640191132097
0.40402706632462
0.362188794941312
0.245538748421257
0.409141659934614
0.420400961524184
0.327660411605393
0.240750172905026
0.390417196026559
0.440587739781831
0.334173043230765
0.230743642506108
0.306699258215363
0.311223901616805
0.338274259675494
0.471058369218366
0.505455067466439
0.282214234174758
0.349624513814184
0.182984128884926
0.511127643727967
0.357043181404432
0.297737176397839
0.379265462142083
0.417092019005579
0.377769767359022
0.524114479091312
0.295330602795495
0.518333517385024
0.431340427572393
0.348390371947755
0.493096485626872
0.495051502179861
0.220098646830581
0.397316476116139
0.4509381867001
0.442448796155088
0.445833014913428
0.602388701514595
0.339348309344806
0.425940844999202
0.411225504298912
0.377801172908467
0.468217877311725
0.438421137458105
0.370601081770753
0.40491217238259
0.230713516627557
0.493781097059847
0.415259341145743
0.413571439632686
0.401590923275601
0.407616292577183
0.57727363615984
0.338585839397383
0.318100949767638
0.366022565561542
0.326608323224691
0.45270633744252
0.361054203495842
0.272951167749765
0.452518250718315
0.500024280288152
0.409020570225296
0.533108499577399
0.521272972069184
0.564657346467574
0.496185970782623
0.451808392056283
0.621512996665845
0.373917671175247
0.561152027572521
0.560937848148309
0.458768742671102
0.455124017519711
0.457372856625244
0.553946005410589
0.491367357178885
0.606346352294037
0.457238451896081
0.571063114383567
0.565444882126599
0.552853883532667
0.518176340267556
0.595583795252792
0.632051061922614
0.616248365477313
0.476763911149491
0.503258560986329
0.533791217250333
0.436761885303299
0.635195745742071
0.575659590823784
0.709439426111444
0.590624214527584
0.463092921256359
0.489699678552345
0.63565767846514
0.504833287666678
0.389958899582785
0.594017038045104
0.551009343214153
0.602384003416449
0.488910695413591
0.634745764049238
0.713766135412854
0.502466126544664
0.592475633251114
0.421073469073753
0.493910739853794
0.68432588759016
0.685045378758958
0.644784159476046
0.579520626886407
0.669510211031712
0.603420700791133
0.769710140954895
0.583201923515534
0.454109305077927
0.473185737103334
0.545833919812877
0.45004328948185
0.661554425496286
0.560728641471526
0.423499732682538
0.687450668766271
0.46576263606953
0.595441354456579
0.518551390140147
0.585069920738996
0.612344417230261
0.507844637672368
0.758261382648177
0.558658771232939
0.59281378474191
0.725188158597777
0.635630612113675
0.571234361234488
0.620690103207471
0.574612497742998
0.625949958592785
0.531349086813423
0.594679691272557
0.717034064103124
0.529511834587123
0.667638058486635
0.54007609832958
0.678290290305467
0.680849686523895
0.736694536569402
0.725825018506478
0.780759718805942
0.668237525005862
0.643001380507298
0.742633043403066
0.667198376091497
0.724927789812396
0.60112919683981
0.787919684595111
0.63288096615195
0.6817011961464
0.693800704792763
0.700781056233878
0.859817899268764
0.759628624503637
0.705713113047453
0.609414223928985
0.696910520867789
0.603748448656725
0.651440271795059
0.653980612671949
0.652953184965338
0.742263058397256
0.71804438966976
0.55445955354427
0.714905304330877
0.62756573687915
0.736769778438283
0.811290053013287
0.608781212111935
0.78242799550228
0.73825203160277
0.867775195801331
0.676212149822108
0.720368198122429
0.599352697677645
0.762537510618292
0.681386676189886
0.827761671163094
0.638787434288239
0.737668024770871
0.767577850995443
0.786766449019146
0.676156811793264
0.732768634159161
0.830169911602419
0.709552393846082
0.755543824322675
0.748646302611906
0.725512510939333
0.81536437905354
0.695764021844942
0.837382449382032
0.683396891595944
0.771375887371728
0.640172720199156
0.690368520457659
0.708050105506953
0.791681689943511
0.86526146043119
0.821251667163399
0.685045567613005
0.763434866243558
0.706228999590311
0.842038745004975
0.672976645331597
0.756440857978774
0.785733478442167
0.688912198577787
0.737346386481499
0.69110889249977
0.649660056403374
0.916904799594366
0.665430620250866
0.764597728151277
0.831283533450801
0.735029017967867
0.737778087396418
0.712855951615207
0.783855434356913
0.707879755864063
0.932491234861999
0.908925231746586
0.706608623469899
0.929524228250953
0.853494519174302
0.970982100690234
1.01007290580578
0.820653795530041
0.801859399806497
0.743144410116517
0.832661741009893
0.795498449786935
0.856056613958063
0.792387151360966
0.987963760289099
0.763278160489972
0.808312010120012
0.785177596677129
0.919464992152397
0.846415655172085
0.880093371928634
0.829454019859175
0.908793171932768
0.885290370396437
0.837666839098691
0.801343140969464
0.788343161997487
0.802327863648432
0.833271829266326
0.803914485293746
0.846146860855793
0.940922464341363
0.931574038549562
1.01953591921705
0.775630677359
1.01411314754
0.728697405542723
0.959525291863239
1.0119939123924
0.914416971339226
0.963105325983938
1.02741664028839
0.862891683551977
0.841494134808418
0.969662615732967
0.878610813922256
0.935150426022106
1.05368334353668
1.01394349117243
0.9465213021902
0.883077514133691
1.08801025329414
0.93400301394412
0.971460441415926
0.968629559390887
0.938184907566581
0.938789413787918
0.961568262379849
0.891832575569635
0.993333428398071
0.859108563121656
0.909962130214686
0.923501080312747
0.923361673856552
0.890973829499522
0.886101643697438
0.780529991500813
0.81571747367143
0.920103302974509
0.969959687555479
0.950649174356667
1.0548039737401
0.978890578432575
1.05448068427925
0.938370024126742
0.974020488847253
1.02808262110825
1.02426544483185
1.00441756152366
0.899595326756016
0.940960439530907
0.938854138320529
0.956087958532975
0.925400255148956
1.02061646424252
1.08135049580298
0.866218388410669
0.934037614237493
0.98583648744979
0.922376960743734
1.03369740580458
0.939841082743178
0.984113445902983
1.12784881291872
0.930149833575145
1.14562323233215
