-1.0027666352338
-0.910219164081367
-0.952284869624351
-0.924779396711462
-1.0123748849739
-1.09808896526856
-0.982544619720478
-0.808756563801344
-0.915960756162162
-0.963833414114541
-0.990533562993975
-1.0335870662886
-0.976834406183922
-1.05168352866991
-1.05566390982181
-0.974522434402105
-0.983192841315649
-1.1801438195948
-0.981160373460268
-0.985551663108446
-0.998948069758711
-0.953408762928057
-0.859174321378035
-0.940821557326383
-0.823814908821407
-0.943405301739092
-0.88523796917439
-1.06375427264611
-0.961800340306532
-0.779313876462736
-0.886880368440502
-0.879650012569203
-1.16937181658561
-0.843212041202988
-1.0516580898075
-1.03637900994663
-0.850594516966162
-1.05873675283058
-0.934688688596988
-0.806694233769576
-0.950103733189686
-0.890058287631432
-0.696546978039035
-0.750301954165236
-1.04100898508616
-0.864458465784484
-0.962698195322537
-0.997025176768488
-1.06695038612893
-0.769831743253959
-1.13463741431746
-0.970042118194187
-0.948109679605093
-0.703827711738399
-0.934283274205127
-0.798754134589617
-1.02016613851058
-1.02023465197599
-0.752436374646576
-0.93528481745041
-0.794226574676569
-1.00204192105101
-0.836741116699946
-0.847990756265513
-0.84285294929355
-0.8100660293035
-0.804638433942133
-0.951019633795676
-0.830674037662756
-0.824070054245043
-0.917437954490423
-0.825029121168458
-0.932856975737875
-0.668676583730302
-0.764063587706738
-0.741160920283628
-0.828899338007397
-0.755066376002268
-0.845442802350683
-0.803657688174535
-0.850566201558306
-0.784060751260124
-0.886223271180338
-0.754560605138626
-0.76100432248164
-0.681643768305463
-0.756581005063945
-1.0159230886306
-0.878011384557341
-0.996362446488765
-0.837571504038809
-0.789850728235271
-0.93547802124809
-0.794563213588207
-0.822427306390976
-0.664465338925813
-0.78276214430934
-0.894103574488204
-0.71914699555337
-0.815216064569521
-0.779188383573396
-0.828855976129956
-0.845594449218711
-0.818441939933205
-0.802942516284217
-0.826151390244344
-0.783732249074031
-0.978043263827219
-0.756453316570452
-0.773756967315376
-0.764899113261616
-0.81747219615471
-0.70271327265433
-0.83236738817604
-0.755736573546962
-0.670329938008802
-0.78989006341593
-0.609608579588427
-0.768061463244517
-0.668334218310298
-0.765788408488621
-0.823880122726917
-0.722614372556341
-0.853507739633301
-0.6655412493768
-0.636458230481014
-0.823705262203241
-0.759185299286762
-0.844633714895933
-0.67139889220315
-0.558472299200011
-0.751678110674069
-0.659082117279635
-0.872981759738844
-0.502377348447535
-0.728426956293403
-0.736907910477932
-0.799556335780794
-0.672893841353881
-0.648900223501428
-0.555924263432628
-0.582800361713779
-0.678633832691852
-0.667185157984127
-0.821665969574695
-0.789077832130647
-0.747485674773943
-0.703097362279858
-0.644297543326764
-0.842900305431827
-0.688132055891966
-0.725850024061338
-0.704784035198304
-0.785330241998539
-0.666355205622269
-0.616970452772551
-0.768718429625844
-0.59530759721111
-0.66527373810124
-0.684742925019237
-0.625852583944285
-0.66624421885374
-0.745540898968295
-0.702247454362219
-0.601060919099851
-0.595599931039667
-0.854279556356428
-0.519720565865398
-0.718114171512097
-0.635925053751936
-0.675566160744364
-0.680782195891121
-0.607090048970033
-0.649296559282507
-0.583824038016449
-0.684295560977523
-0.658359053771455
-0.493495721953124
-0.812513617230121
-0.630223048676101
-0.696951020033057
-0.568658536195468
-0.647614167734718
-0.543673429530387
-0.590246747703825
-0.570353919534259
-0.664453022653663
-0.545130217581076
-0.666517600800765
-0.582668015660987
-0.496892709620697
-0.707286577672686
-0.663376039379331
-0.611081054710628
-0.594236717095844
-0.758945167899413
-0.559761627396448
-0.604354857990318
-0.670833392332682
-0.687110767983147
-0.477700846313345
-0.566684239167242
-0.728419289775228
-0.595574008410414
-0.704739437051328
-0.644058694870869
-0.7534592456729
-0.675074013497484
-0.578819238724876
-0.515933053572709
-0.633077118157818
-0.54788929382301
-0.563955023637411
-0.531647440871621
-0.567853077418855
-0.552542199960672
-0.570771227479426
-0.625804322661331
-0.604927433912849
-0.696628402551238
-0.530448615395909
-0.573555751846372
-0.589982378562233
-0.598530873302778
-0.456054319131461
-0.465909374252564
-0.652727820117574
-0.547706171788433
-0.575390689796849
-0.532990739122245
-0.332910847717306
-0.504356393401378
-0.377014861572578
-0.636395725187468
-0.442658038356557
-0.647975275177867
-0.51556977877437
-0.532541870081302
-0.52922175138792
-0.587265698242584
-0.501560782774823
-0.537072981469583
-0.631915872389693
-0.616063471643771
-0.419887222370839
-0.463202308132931
-0.436556610936217
-0.559198606409289
-0.431364234702391
-0.451718450974881
-0.507634199623114
-0.493791407821802
-0.414644919109635
-0.582613128872445
-0.596856923992997
-0.530952267847249
-0.456348088306312
-0.421722565630475
-0.441359712577735
-0.343748408372044
-0.437820595745473
-0.594948617901837
-0.368874142588504
-0.574179331740137
-0.583284170371358
-0.475113604390836
-0.405356469492676
-0.26451481998742
-0.336447201370965
-0.298802788673164
-0.389314479746329
-0.418376860575775
-0.483341563650602
-0.530743990512823
-0.378370076203362
-0.490264434748029
-0.514479159274869
-0.440963701732925
-0.452712117432502
-0.460632904111397
-0.476983917337332
-0.36746073398373
-0.519771076809499
-0.248700936523383
-0.376770259069736
-0.383366841024633
-0.462330391299275
-0.457007585034865
-0.4948064938201
-0.33270539033845
-0.393535811506769
-0.479967625168911
-0.457368695412889
-0.414933256857577
-0.493271585523535
-0.296027982865787
-0.440458579321989
-0.442974293173124
-0.608613775535268
-0.413375434946449
-0.433242014039674
-0.405398102010839
-0.276157898346359
-0.315244583273386
-0.379300097399195
-0.368808725815092
-0.320552751924124
-0.287148735749089
-0.343236661389954
-0.348463431565096
-0.508929705887852
-0.444498748432559
-0.145945717877889
-0.503969314055432
-0.34071831709371
-0.375113035517522
-0.398419360523562
-0.422890877517315
-0.417262167809492
-0.384391034146745
-0.361732198421344
-0.32721661921226
-0.247620312623343
-0.353718474511175
-0.361797732615646
-0.26397606772564
-0.104130140268488
-0.278000242734314
-0.355166396905572
-0.182893851935024
-0.489708225630735
-0.405852332706572
-0.312022607152539
-0.278241378955471
-0.307706938154359
-0.237759442654015
-0.423053958100235
-0.319862084125513
-0.328840015311189
-0.376526402913555
-0.300940892809324
-0.229317768014751
-0.282056255060127
-0.452800054666781
-0.231587596513346
-0.17550540573685
-0.235907907108938
-0.214682031725662
-0.350651776553563
-0.30731712171674
-0.177578805033583
-0.394238177741266
-0.204681403656106
-0.351242375112801
-0.31089820153402
-0.278400466511435
-0.230804306059999
-0.288874128735532
-0.232866574882849
-0.328892289610935
-0.392049630024689
-0.324335189020669
-0.339172101821523
-0.216686922303974
-0.186812809181528
-0.187313297825137
-0.34173078096771
-0.249843839108118
-0.231972380222847
-0.14862813876497
-0.297471082876632
-0.222408113784233
-0.466715635294763
-0.184739783248118
-0.314258220872098
-0.283463094928594
-0.211880111096429
-0.281661289800596
-0.214110134159418
-0.24931276095999
-0.381999365108781
-0.276608829183078
-0.254325426707165
-0.351896151468142
-0.258213087551897
-0.273691904236324
-0.360962980154995
-0.213518646533587
-0.0819632552937203
-0.229917423793199
-0.176300194317434
-0.316685332227899
-0.0810911205447278
-0.146540724746627
-0.30063184182139
-0.308684693747306
-0.12487164787252
-0.227894503778143
-0.364403705200862
-0.128212256964961
-0.195089054379292
-0.212574052907654
-0.234244998082931
-0.248576784490461
-0.291188069935331
-0.121778629724034
-0.0755279826196339
-0.322385079740008
-0.111751168609378
-0.135481342589755
-0.125995379877954
-0.218288951902001
-0.174091085410891
-0.231694176046321
-0.249732838836303
-0.0701253267178986
-0.220970181505191
-0.296934074258971
-0.204704561020331
-0.159279730116903
-0.0500641985866681
-0.227064680330444
-0.203547868226607
-0.178592793739348
-0.270126428747011
-0.193148168221877
-0.203262500183533
-0.171122665761429
-0.137221728673851
-0.0531420334989503
-0.136071067558242
-0.124278978439821
-0.228305972496834
-0.110966796056004
-0.0680595982298948
-0.152108363680725
-0.128077987572578
-0.376215210284214
-0.114506172935589
-0.183587327176981
-0.0599797863511519
-0.167558985046256
0.00762134018665805
-0.111909983113265
-0.0431462396194505
-0.13211841423227
-0.119387037834244
-0.152220751141942
-0.0962140719556844
-0.0254637998387496
-0.259353239205641
-0.134906316379627
0.0712973147660892
-0.0429482177007841
-0.0405959483691906
-0.110669090030546
-0.0723522772695405
-0.051226927183778
0.0257979078437488
0.0117319761266783
-0.0304844503751765
-0.133518645076139
-0.0436309357679465
0.0143634424567246
-0.0977248921342483
-0.127233762488053
0.0806481277513225
-0.158372612071111
-0.0274298290094271
-0.0230038263638771
-0.0904854910883653
-0.133731531941167
0.0271258557094939
0.0264643837940268
-0.046532695100287
-0.168436537394376
-0.285079865768732
-0.0776114727566206
0.0527661841134362
0.00931038191004276
0.00894453398250881
0.0305292626210959
-0.114342256519901
-0.0864338894999253
0.0521419007476167
-0.16813816527524
-0.123709160716882
0.0928320780064984
-0.244422326831555
0.0579646114167586
0.0379538429484608
0.102607282368456
-0.104106144605495
-0.0497387536886529
-0.0800914425041445
0.0728029438175918
0.00833295316939157
0.0468712682544284
-0.185953319018253
-0.110837708761691
-0.0479773353668613
-0.10150626388927
0.0263783885298328
0.0203866888155632
0.0528456203929447
0.0580695877174051
0.0140202136276662
0.0785693009002137
-0.176445846042227
0.0257695905263402
-0.143864840794771
0.0568350325875738
-0.0739537471120637
0.0813497113684918
0.0680014179367077
-0.0246268684026862
-0.0723175774783438
0.0897900885995783
0.0308568223170386
-0.0297171120324767
0.0529185897816274
0.14505373628069
-0.0673097842107043
0.0731401684468211
-0.00382513107984746
0.0758196496759874
-0.0804609694673418
-0.118188676661905
0.0892045084965061
0.114036830231834
-0.0110878014932
-0.0775081847386742
0.171288911090187
-0.0113424017753364
0.0759263860692731
0.0208979941395902
0.266789043355865
0.0701934104616368
0.0194825776179236
0.0417372844718983
0.161727247080697
0.0362809257368969
0.04701329002879
-0.0212368460673265
0.00970444672690661
0.057650164394286
0.0887245337990391
0.0733345044924783
0.114868963237516
0.175056169924974
0.062398296118652
-0.00577341577320311
-0.108663471024701
0.0303627081210844
0.131672709380832
0.0810062337409127
-0.0447260028861321
0.154355312806779
0.173705962021375
0.0656242204879062
0.113115260081407
0.0902736822843228
0.183537019958023
0.281541906324627
-0.0211617922924753
0.239276717387686
0.16661462194524
-0.091754721137373
0.160795257513574
0.127062480028402
0.0910703065606777
0.172681261322043
0.215296018165218
0.0768914822843772
0.0310110171586797
0.0861399674949362
0.32504011938649
0.259527445951415
0.161836674645677
0.195794934839237
-0.0399766165696596
0.241949899521945
0.229939603256801
0.0645850165724723
0.0797048230841259
0.0737778842454068
0.163730693251637
0.205712681928457
0.212010608365074
0.0726420441617546
0.109611454563813
0.269082992903377
0.127920748412786
0.241901942111466
0.0739328511497951
0.191506581268352
0.289515740373426
0.239643775551333
0.172633899580295
0.282043834417924
0.119066049489703
0.335803452961905
0.142749669790476
0.336026556203133
0.20202198031866
0.0187033875968504
0.193851083501
0.286261426765821
0.282007378735221
0.347171006500319
0.175346414539199
0.19193064887302
0.364309157407104
0.326301162472554
0.307527943564019
0.156627000509485
0.114641989683916
0.281336813643198
0.275394303187469
0.034700334664035
0.225764866072473
0.270639772514583
0.17399772781394
0.295973465422774
0.198422276016143
0.271999235035162
0.105280169523867
0.268888049121821
0.203703747047394
0.385076386019602
0.411736198622977
0.247846503842216
0.121123297247342
0.250234461304158
0.253112680137946
0.335649047649001
0.121396091423331
0.430632598929465
0.268206864015497
0.247583678304718
0.151673806070358
0.276442566788043
0.276449340314358
0.254153269340386
0.172577528307506
0.259961661295923
0.278328449174153
0.357953355167599
0.244753386940609
0.321234222303424
0.404365829429867
0.267191353423998
0.410987345343188
0.422790862794862
0.341505696701601
0.358239418501299
0.290039420591797
0.331431212117723
0.403168814507622
0.25035330026177
0.304032361246029
0.301856592048231
0.344379585691731
0.389810569659711
0.551410798738401
0.41074544903774
0.33475971115419
0.330377594769332
0.292951785798513
0.475994650259348
0.309588696367667
0.373988445623071
0.331521304230178
0.438180109844772
0.245505003149066
0.426304437794134
0.218538088223033
0.261966016400085
0.258338295793572
0.286283864053191
0.441027674033311
0.225024185775855
0.343887126681852
0.315893956802987
0.352693140064741
0.471875487969152
0.44127720949602
0.370165638276426
0.394659420465761
0.422824879460074
0.280080446773127
0.387086779563334
0.319177114778697
0.318272887754065
0.423751153030456
0.434993872225312
0.351143167647236
0.497124593063056
0.470107024104626
0.246143871437888
0.432030288737304
0.52257466264519
0.476651038311455
0.406947555890022
0.357906067067182
0.392403928781819
0.381520294161161
0.396483346314474
0.249153728420323
0.446841594590353
0.531936760942544
0.366412819824409
0.444738892521096
0.598843695558652
0.498932326001908
0.459660916685052
0.366123866142518
0.535981150082916
0.354240581384572
0.424929680265694
0.488918619529423
0.34809653404334
0.488775099789475
0.346089465735543
0.461517554055947
0.371107697987208
0.558800765862601
0.534472395051432
0.34771224186497
0.432039831994906
0.4953701892829
0.476673218990801
0.493056214243979
0.535514769695553
0.365634105476234
0.442982633750928
0.452047945553559
0.583879201598544
0.303474497794202
0.486047904631869
0.418866187077994
0.644523213595325
0.615667072675613
0.404979979199193
0.678743842931392
0.486948088324842
0.539438284426188
0.581115703818821
0.423252616981792
0.47265649566758
0.467167799545408
0.503011924330535
0.489460679830961
0.465748580123884
0.524319186237213
0.423412398165988
0.522793897037201
0.553140227146292
0.407290318046457
0.544219789830973
0.570489655297431
0.518607817916629
0.543326033792603
0.474469398819418
0.478362071706994
0.490687733662448
0.632069541833545
0.529600225856611
0.630957764000037
0.489656167795514
0.450593227372924
0.541804435665258
0.546282392409243
0.526438895597307
0.517270808319166
0.536374441768573
0.497639510663039
0.525912804732807
0.596766634779494
0.590326215701206
0.549839501508119
0.482753249943525
0.582331813257987
0.458646699178212
0.575336601664585
0.502447571481276
0.540745157972527
0.694390883125048
0.516611334906776
0.604597683041978
0.526110398585936
0.53962176413437
0.586910575590892
0.672869481451281
0.508122644182474
0.50149084118342
0.575917751178425
0.617934816212622
0.49793149993091
0.600496190605382
0.527809562158592
0.648961354099037
0.570404619868651
0.602925584298883
0.583012880964171
0.708572203350313
0.584234292944668
0.557251752661036
0.47949436503364
0.694515808339891
0.642673861159361
0.567014044225255
0.675124795534648
0.790127241405571
0.649584512418002
0.607116029399458
0.65795095513719
0.667646543236645
0.523854490517334
0.588945702206412
0.622610553817897
0.719602283520575
0.572603853560746
0.715971573972409
0.628344130671559
0.517527754615305
0.773191877578517
0.701572754228023
0.743322947242386
0.719580874678762
0.557864852167749
0.576684680740841
0.649907540291863
0.801106170121143
0.596034059666638
0.651048547444454
0.67633953811447
0.874180678960009
0.650178418045528
0.690677627195085
0.734530579304941
0.769385655884339
0.616062323457505
0.783808890265111
0.654145026084916
0.847944784954812
0.651763683663828
0.820879884955901
0.69908394215798
0.60253188997493
0.715239292969146
0.673199729933109
0.831073594375518
0.681281543974813
0.774544750268897
0.979915704580332
0.837374404024016
0.569258444569711
0.67884530822934
0.797749931548318
0.645883129491931
0.619076280140851
0.650093094203653
0.912571997180231
0.731565500148735
0.688420370403624
0.622700099631048
0.802644911995381
0.737519602509631
0.691869120757925
0.708117971548421
0.782643313525726
0.714409634955295
0.70833118103856
0.769606488623859
0.63264599259595
0.831287111407228
0.768663263580449
0.947645552782699
0.701577864101625
0.61807728793502
0.822627010042425
0.773672261509033
0.697338789239557
0.859022462956905
0.888459416361621
0.770149882707125
0.582647095855475
0.870787155866282
0.720624276053021
0.77004719908631
0.728521810623994
0.888362834310302
0.694114697633854
0.823199813846769
0.81529651689318
0.740213899537574
0.859392597639258
0.636902272682241
0.881749617166284
0.876503274648005
0.736257222510587
0.708629738897215
0.798546977614327
0.766391004383708
0.648217461195448
0.81013563145275
0.880247989495449
0.824318178635336
0.83029998124743
0.861991869734933
0.861569438824938
0.879684014108274
0.870312573666361
0.84666638478377
0.697401636941815
0.801981108429328
0.863531269547161
0.893142976632537
0.810847153519677
0.897533895961324
0.961041754499904
0.811558738781713
0.844630373671019
0.887522057784096
1.01497257452689
0.783616127332045
0.846643569245619
0.788005466877959
0.813051377029239
0.864595537137267
0.768984821719583
0.823225422471283
0.868176344830546
0.810753368869954
0.699148393878647
0.77002424573713
0.810014585211644
0.816062956372108
0.788000884241659
1.01044628742379
1.02598119250589
0.922062184884738
0.872951916241062
0.762330625230806
1.04035146551904
0.763212536422083
1.00876646562008
0.928482904926696
0.769441449116629
0.948063510092303
0.864433527769478
0.816329438000355
1.12246959771423
0.730945507017964
0.844343982901477
0.872002489066017
0.926944828267262
0.921546240800637
0.884983574292433
0.964636102093046
0.988797358534309
0.920776970458123
0.779666068193411
0.927429654025864
0.849438459692327
0.762052584172581
0.966273058288044
0.874281016955429
1.06786933041834
1.04000196104116
1.05358012541555
0.969213201765966
0.8275716297547
0.910689300407987
0.937315901573894
1.06238807528342
0.782017332001191
0.889914989071526
0.905853614733841
0.91513215200653
0.87629139791432
0.904588912500066
1.06971721706127
0.978949683432807
0.926633064487915
1.02940366054449
1.0005555624706
0.849889061765614
0.948458177667099
1.03436895022933
0.903165691791067
0.946878452543578
0.907002460611337
1.05892250452077
1.07819885445884
1.01514268502096
0.968532115248441
0.959306144806146
1.23027647183383
