-0.914543602074438
-1.08900739469199
-0.971101456478218
-0.934577361210291
-0.953356327778441
-1.00683025924041
-0.979532596058347
-1.05008751995094
-0.980545187235716
-0.873307136572049
-1.0433365013703
-1.12867590109718
-1.00252215203933
-0.95550026149878
-0.954951485327712
-0.920009756876467
-0.894753212305797
-1.09253258477857
-0.992966258265701
-0.727792720552389
-1.07919857024272
-1.00338450429313
-0.837426172438029
-0.857517730744039
-0.997972282237289
-1.03032063217834
-0.893520088702026
-0.812745345608754
-0.985550959600232
-0.9991209185231
-0.829113162004945
-0.833831905456753
-0.95999574879685
-0.928501419253309
-0.943779555261453
-1.09759566833973
-0.79427833425342
-1.00364517443917
-0.792278314429224
-0.873706664137014
-0.915918195774021
-0.937454489528397
-0.961056935040094
-0.889878577633719
-1.00745185026277
-0.935910181026195
-0.845251779164639
-0.910059016622518
-1.06739742221687
-0.963222951641873
-0.894162067915324
-0.90457984995722
-0.837354543026809
-0.94492751927575
-0.747671551780029
-0.823476554444894
-0.791698292718089
-0.867709801817559
-0.894220013521345
-0.854146387227932
-0.868049070217518
-0.854399161860059
-0.86631947216521
-0.908268929763438
-0.791402407603921
-0.937187490951811
-0.871913865127072
-0.894933845171171
-0.774792572764016
-0.787320826108527
-0.772215482299543
-0.736847399968186
-0.688880694086434
-0.920742424693288
-0.863755284865287
-0.81064619947841
-0.853316169496445
-0.703218873646798
-0.940728714725153
-0.720821034808253
-0.868410275722497
-0.819386164468769
-0.832452088467126
-0.763866415408809
-0.858357793336738
-0.777407499615989
-0.925057096799529
-0.860693238937529
-0.727929533111618
-0.639364809688045
-0.849699673791994
-0.715057157443523
-0.718994523639976
-0.881860295988991
-0.805005344650536
-0.990665365614736
-0.698403517175881
-0.800146106274799
-0.743056612590806
-0.773614426935733
-0.710853607509734
-0.833090084409235
-0.69878106796261
-0.887125691227673
-0.798421403422
-0.697750864962882
-0.670351394581515
-0.634935710431123
-0.842717551119046
-0.882606533074674
-0.660778756751975
-0.805398093174317
-0.673285563025808
-0.734643078257329
-0.84717036783483
-0.803106817694489
-0.756516848474528
-0.736154409732859
-0.590268150815479
-0.605223370439089
-0.585770983567758
-0.671770927997025
-0.752486165058544
-0.728863055893843
-0.848516325233234
-0.791489722827721
-0.551661582374661
-0.71547149816279
-0.736865587923076
-0.639343552081143
-0.737903213444865
-0.842201328375931
-0.560785341484246
-0.854934377856786
-0.698170467737005
-0.704857843324155
-0.767442604394535
-0.671124816318473
-0.790446767914404
-0.838711655580154
-0.763463759113964
-0.738787538122649
-0.779925550940497
-0.763372656950625
-0.764911250370246
-0.73615551900956
-0.712133118346261
-0.701064861104058
-0.764637125719489
-0.708721483002337
-0.574108014189549
-0.743563375934823
-0.652611600549818
-0.616862046503549
-0.590365906238548
-0.523700489440088
-0.661195692788945
-0.643847481704815
-0.548882270609729
-0.616536912992996
-0.740256912587969
-0.675804390364121
-0.702033895048829
-0.803200107977371
-0.687505709087666
-0.519474417423856
-0.74808556534552
-0.68274459041587
-0.749896752905977
-0.771258791364163
-0.661088008538017
-0.700165383887464
-0.726494615694988
-0.711302203387269
-0.692183721175949
-0.7012926213552
-0.684836666300499
-0.655122197006752
-0.761519883081874
-0.749811259812977
-0.461154227608845
-0.545282723372917
-0.519756960377714
-0.5366270308589
-0.733194278729477
-0.59722952408541
-0.486542482675454
-0.545552478167848
-0.676323460853721
-0.77530744962624
-0.651003579871643
-0.667845520481753
-0.629112507089886
-0.560061424952775
-0.60272216306924
-0.810778730655018
-0.527464492971075
-0.678154104299303
-0.590403550102396
-0.691383541045055
-0.630505356399807
-0.71500928121443
-0.601391614039805
-0.694787669176144
-0.704083168752257
-0.644647068920783
-0.55337074085142
-0.531725800148251
-0.711627076937221
-0.473527719899111
-0.608721154801832
-0.414528852541954
-0.517903441459703
-0.706040414894252
-0.533832849224669
-0.545921689315952
-0.517312543917582
-0.606462296825428
-0.654547027026089
-0.513584043564899
-0.698258594381578
-0.502037125303628
-0.592072555562029
-0.593503227425827
-0.626880106191565
-0.488289792743305
-0.489152284650269
-0.527442767591892
-0.508309765249899
-0.652211564594451
-0.456579020625424
-0.599465198730668
-0.683502814460991
-0.551856273735207
-0.501396935239057
-0.520426488422059
-0.541629754705013
-0.503404819267293
-0.55540852804935
-0.490852420622903
-0.463422515551306
-0.575014774812956
-0.606654840980287
-0.616072624775702
-0.700350195656191
-0.493006983986762
-0.463421958587216
-0.489211855814716
-0.481569654892357
-0.462228608229007
-0.364661100910459
-0.523719189951285
-0.485316595829064
-0.563363019974598
-0.366855593948859
-0.560598587525719
-0.558965582505201
-0.575303294137822
-0.480952531334006
-0.501138613267162
-0.495558719835047
-0.35822597466194
-0.448930403379934
-0.583159862173533
-0.408625196052124
-0.379580474660729
-0.369710923789044
-0.416628097170687
-0.555974919890302
-0.515135685082623
-0.513842819628454
-0.377595560731671
-0.363446191068488
-0.394645016371484
-0.528281158240568
-0.229599071769181
-0.462449252779561
-0.420350013439369
-0.399332416982329
-0.491622891487837
-0.390477117393408
-0.479721353822815
-0.344232019751374
-0.391927072041523
-0.352587085893246
-0.399598411254795
-0.391723885719848
-0.296284549217278
-0.560475169438297
-0.285560071105613
-0.421050878757894
-0.380257223129485
-0.401363333471484
-0.440225935610491
-0.300899183419953
-0.301854956615755
-0.421823113061272
-0.382524128527278
-0.327709899437324
-0.396749477627741
-0.173070980149058
-0.326762063359164
-0.467514017283513
-0.273565239538109
-0.271316206768017
-0.318931192388247
-0.422797524731357
-0.436508476474846
-0.36539106791903
-0.422286165658935
-0.47934393841178
-0.444363785991351
-0.352781994636607
-0.44149986476422
-0.408756369959732
-0.298351312429174
-0.337767579040181
-0.405848668863154
-0.278193396050188
-0.300708502811211
-0.395813942010309
-0.466589675949546
-0.450720678178512
-0.258101004347269
-0.237720180948507
-0.367668934624637
-0.304182426788909
-0.268623780522068
-0.390073369633204
-0.341510860530061
-0.332772231201943
-0.328273771917968
-0.26747865071174
-0.379704239191015
-0.362542694594004
-0.209092149401945
-0.279312593590875
-0.344626190412484
-0.332349683844044
-0.395179003495102
-0.359038686821354
-0.360653308382449
-0.240510513928115
-0.364780917820621
-0.325053902397051
-0.293812538111581
-0.205637674735538
-0.253534870316282
-0.320333477089017
-0.248703174857215
-0.239420227885076
-0.226163543062579
-0.305103499563781
-0.220299736837798
-0.229698791723491
-0.274713220474167
-0.398458579954261
-0.187752072575369
-0.313302623569609
-0.321646986269153
-0.209570044151583
-0.35883350867084
-0.250060602698556
-0.396326497398888
-0.350058504196833
-0.235954387459647
-0.312457407649579
-0.375071146806822
-0.295421053065193
-0.101553848476099
-0.209078871519889
-0.299577330177742
-0.124211878009537
-0.134256127784752
-0.336587593630988
-0.319449977316091
-0.173800938237883
-0.336615540401553
-0.284821283105432
-0.292046113304498
-0.355380579480005
-0.261352039277764
-0.264464945470558
-0.342786447987788
-0.189606707094672
-0.375054548086222
-0.18931290459937
-0.450303469060061
-0.264140387746573
-0.261955243136687
-0.226235072010895
-0.192188625083087
-0.13569198281912
-0.26931976360371
-0.296429009655716
-0.180276265089582
-0.178238914949014
-0.226714419976834
-0.142593083225565
-0.222684030876534
-0.214123113149594
-0.0378488651159376
-0.291996624471589
-0.202516294423137
-0.168807866481269
-0.23017976517508
-0.0765249855278069
-0.214959608914111
-0.273205510080551
-0.190235134825117
-0.191186055295007
-0.358470383783819
-0.198907304609828
-0.226821658664903
-0.236033169398874
-0.138421313872054
-0.214971245145807
-0.178457786592068
-0.135803191430105
-0.188640196607459
-0.162261474492884
-0.136824776921891
-0.151930885664229
-0.218782842519635
-0.247800964769142
-0.136175142984013
-0.0624103142181199
-0.0561545176772007
-0.095156271448387
-0.240119715925471
-0.269389161361646
-0.0577245670946263
-0.182405990499791
-0.24418200050325
-0.121740450263762
0.00718853479513975
-0.286023511922568
-0.195703918464584
-0.147808841588147
-0.18009025369306
-0.163190693564627
-0.327893089660775
0.0444679226841493
-0.0775584286077979
-0.117537410478834
-0.0516229637343892
-0.180284299954209
-0.168205699634635
-0.220005180440099
-0.0371882989156154
0.0526546698642023
-0.0443458631993174
-0.160106159130346
-0.207260534173087
-0.0428365271331153
-0.0881540511202053
-0.0288464651482646
-0.0793302993867163
-0.22182947092858
-0.121059035140813
-0.121601324331775
-0.167034832673811
0.0169326243795816
-0.13404094924911
-0.0921397147938371
-0.149088002748942
-0.00994656913090949
-0.00183240516021146
-0.132075682362474
-0.115085771258363
-0.0139529136358761
-0.146698780819176
-0.00492272145419342
0.0203134231539592
-0.11268070326897
-0.112896221369732
-0.00567954169092647
-0.0487113097045593
-0.185802874213053
-0.0034524921147306
-0.0625073802260726
-0.0888239121676318
0.128330692907011
0.0271637867750419
-0.122720730402767
-0.00459729336507222
0.140323048491827
-0.180059180590139
0.000427048023379007
-0.0910069908170892
-0.0677021748821605
0.0579633378869864
-0.136795871505196
-0.160665952377723
0.0115514240321638
-0.127825247213582
-0.0361492781951177
-0.052626327114686
-0.155446920940448
-0.0833118969809195
-0.0603945209668814
-0.0688617053435285
-0.0201185454890712
0.0683416703760712
0.0239701859292224
-0.0312901395910921
0.120093363723378
-0.0936641190006855
-0.0715353161334789
-0.0101990634038271
0.0804105315846648
0.00117458078332595
-0.0869960589205273
-0.0216973862854226
0.0852855978344012
0.11171122495219
0.0460756342357613
0.11587419495738
-0.0131590464969837
0.0201303227933671
-0.070185016079611
0.0686062464393434
-0.041037162971803
-0.0825419450148153
0.278976361458769
0.146039978728366
0.0937337581153792
-0.00559382545040298
0.0396140576375932
0.163904494711685
0.0423330706852799
0.0107336618929779
-0.0429714607025549
0.0707915711102583
0.223402533228093
0.198883674965941
0.00264946529994396
0.0597209834163921
0.0685523278659004
0.122071587209307
0.0841061754523523
0.0384870092990447
0.184924249704855
-0.00200074237445162
-0.00865219416765852
0.0993890307317895
0.0660060629176258
-0.0933204979059515
0.0235104398291602
0.215675274128384
0.130831772121751
0.161537971764345
0.0936565347429651
0.227935485891477
0.204880603930703
0.139224298712896
0.0716538889332346
-0.000874284202517239
0.137227528581432
0.0709498245812521
0.103680958903882
0.151487207942276
0.163407935839373
0.11712645129366
0.132530042548319
0.0413090454786692
0.0980822544290235
0.206373778390027
0.240328677949614
0.209142386669739
0.147487452074209
0.143709528456586
0.20154051855755
0.334862693159129
0.246565825122457
0.256521010624287
0.157885667918022
0.173271336498632
0.14028151163616
0.173713641532788
0.112807757347974
0.184864885596094
0.114674958028433
0.163783233746479
0.11608328173065
0.197071868232523
0.0742774561024629
0.253520319411223
0.0346178326829646
0.339327426589091
0.112400772447687
0.270383044405694
0.15905489167275
0.236908062777106
0.235499096763931
0.158082385133201
0.16072610633408
0.293802222601394
0.233609935789179
0.0839698476495817
0.237421384326983
0.14214791909157
0.250823355981342
0.304842105427175
0.282931241778275
0.345387598469117
0.26192461149185
0.117645405803219
0.233197702064898
0.310606063546321
0.204224980714666
0.427640451176802
0.175224510263168
0.185281747490329
0.180877508746385
0.221276374269174
0.123958294120512
0.376359737782367
0.248251249674797
0.265997808760515
0.166941281624725
0.316491942904406
0.260839931337604
0.143122629897085
0.159352781830937
0.336364208478794
0.21278069209879
0.232803186997296
0.151291790091695
0.367903976755987
0.398572796355681
0.346151083159493
0.411236763790387
0.257233632147263
0.19648613989736
0.286359680145957
0.460404085847847
0.161082452825383
0.205785843515383
0.23490780178944
0.257222622967429
0.157517217116807
0.239482689224667
0.246914056513491
0.261704132868232
0.353630752205838
0.195803185440061
0.259739482501804
0.297429023916157
0.257534739580059
0.379158612452058
0.438204720062224
0.248508268467387
0.411362428421225
0.286114514213383
0.407503715617485
0.244468379718858
0.413606186355607
0.319616478654008
0.329625518620773
0.119101649016888
0.457093585213187
0.347158845067817
0.345616073008627
0.326157376830868
0.220437526954581
0.269491253870782
0.289054682415453
0.298350104887814
0.347485802861993
0.201043329663611
0.294208211716318
0.253422101642459
0.347274433854576
0.308430411333407
0.231707518290146
0.337161361088448
0.467142329126372
0.29999285785226
0.367092500240506
0.331784765300744
0.292815288760424
0.4075245575108
0.419127487002806
0.511195499806553
0.268011008450607
0.440504682039797
0.429710860011566
0.377325115161421
0.400172658088486
0.417845834186173
0.474620491166063
0.350811927326982
0.454990668850125
0.498706972091678
0.465214956963921
0.30239948863745
0.455867641475845
0.545859758581638
0.41373600186263
0.377754759019857
0.389200063992535
0.466854684691062
0.652759880003271
0.451407081164449
0.482913051812138
0.330626667370723
0.224969830639394
0.333415895641246
0.357145206264994
0.489822790304894
0.345577175066665
0.438103064799974
0.248526059986083
0.432660665802422
0.434555570629774
0.405271611909159
0.551197817106145
0.448514269626762
0.634583125772646
0.559813287199812
0.493574248685104
0.588443335533173
0.608582575403497
0.422729627950836
0.60739710251545
0.420250200669353
0.437260082913348
0.467271310659794
0.340814978590135
0.439738516483394
0.530944011493928
0.6727778921709
0.710180831691491
0.394617282599115
0.474354892312205
0.407525152593733
0.581878952977255
0.463530933948648
0.512268853650709
0.413541089999738
0.317240930885812
0.442697199477312
0.432291403352277
0.487596931578855
0.557882995473851
0.522168245347819
0.500581351402309
0.430781232312315
0.628844377960517
0.42565380444599
0.428645525921388
0.423777516629331
0.495445941650301
0.460233257303835
0.338003046204136
0.570647700532096
0.547388952505962
0.494705553868386
0.588549420628908
0.546965549736324
0.465316684477197
0.423981315640629
0.512511461372061
0.672662133411941
0.613261259812538
0.46148067780945
0.42177480681651
0.574467520454019
0.498505411440714
0.611408559097425
0.565682348465153
0.516321543935971
0.626078224393242
0.623865131305303
0.577998098206601
0.555230190069014
0.675152641697149
0.481145857520285
0.485663660737273
0.57501219504181
0.644114520885569
0.488432252015894
0.57322608607777
0.571177744994625
0.32503827069046
0.658183561386125
0.48839593415475
0.356014956011788
0.781531018086205
0.626971218281196
0.588610667069956
0.54155610637874
0.479807410068891
0.637315016041729
0.544787101825161
0.650013206847615
0.618026184119491
0.616996184584987
0.618534538165894
0.69163116167767
0.635575932414079
0.599808765709279
0.639781227040297
0.566066826084333
0.672044003871081
0.765298740356436
0.560215914016114
0.513362174390251
0.517618546613489
0.742990199084983
0.674772167558096
0.737707051904135
0.487393776589557
0.639377251283477
0.550512874007645
0.636908422254449
0.539516332032023
0.607015513044293
0.625494491695312
0.741815035890105
0.633549925175326
0.731388588416284
0.644421469241166
0.609555722538403
0.566246625207056
0.523658314660143
0.718956319642436
0.869437069307336
0.671369890194567
0.752222526312774
0.603704716403733
0.750936694292213
0.784814054161076
0.552266170569626
0.687180698154888
0.634519900973681
0.629109813512578
0.653219272021121
0.761078918422377
0.61632232889922
0.638284789935076
0.643492375066712
0.555868729239698
0.625169986652542
0.74627064913809
0.547545108431161
0.842515634078304
0.640308949941696
0.708320569169252
0.572789280005741
0.794956436266044
0.652473220726921
0.724459926341321
0.804133443041863
0.692417175953618
0.79034862065898
0.702954895558413
0.693487311500161
0.783246694338333
0.83262822314447
0.891611477871588
0.616494352020454
0.674925569048634
0.812486040456116
0.856454710151905
0.724322844093492
0.657553929833817
0.669123083476426
0.740774945840006
0.719853647531163
0.673074323767984
0.669847731488784
0.71584275147601
0.81419748197032
0.717157369622763
0.734693737689134
0.813711315261071
0.853894435581941
0.754765131420287
0.738793782388594
0.697115141164203
0.698108339218059
0.610663315032532
0.727088886446586
0.611423266323656
0.764059452950243
0.665925567946514
0.893099294295697
0.905275150417076
0.787975661094974
0.882988099054325
0.758339393045352
0.825377727483542
0.770821062768803
0.716380563350083
0.69795478818613
0.70259731301955
0.711840730334392
0.688866103460588
0.658331730528032
0.658809886401838
0.827025886929281
0.702296009716175
0.789350097705063
0.731875722261012
0.758835617504701
0.739158828359061
0.742533193530259
0.817202589456095
0.855562359453098
0.817395923580062
0.799677722769315
0.732690324525368
0.877834415100525
0.915951652691773
0.970322308859041
0.808389141410514
0.82624364568852
0.881354837338538
0.756776959242063
0.932538069838156
0.781399202861572
0.844071700873024
0.905188727541693
0.943030216231134
1.02304065250418
0.844096220888276
0.81359286175842
0.779652592608709
0.735231931717791
0.786496216660181
0.889698519747935
0.946225759570527
0.909619226040498
0.978834103923843
0.761294420379676
0.924083912982207
0.916918643049123
0.737015297894355
0.76874983923844
0.91046689325443
0.838040110919216
0.880696382231225
0.952599926788034
0.904898872553826
0.929936253837374
0.880096654166711
0.887771353023415
0.888945698507139
0.939601128067947
0.872566850636508
0.952035491963464
0.862496265369689
0.88939678111154
0.965443891158493
0.78536265892493
0.942518224851599
0.938718628449655
0.729373026099086
0.715853812671521
0.921358527919967
0.852672201250609
0.908103363870159
0.821780982049751
0.909541199279149
0.906942736229225
0.980225322906224
0.924689328259934
0.960136895812724
0.926024206689813
0.822569443716921
1.06158655587895
0.98546620136405
0.934145928115684
1.08850395493612
0.899524200320415
0.894079179837901
0.970959620695273
0.990341899664552
1.00998158542135
0.87054541739285
0.96197431644607
1.03107599703941
1.05569471461657
1.02131995571435
1.15112411144047
1.06518671318312
0.929591100708364
1.06349432040861
0.888001077211256
0.970071565833614
0.979474185190875
1.06657512492814
0.971593078697779
1.18807486723872
0.927106125004426
0.966768136335688
1.0245414307684
1.09690443813858
