-1.02744136489845
-0.899568409858869
-0.96520288103401
-0.919772045556775
-1.02407007892775
-1.09538581855334
-0.990697724258732
-0.820887419215068
-0.917248901405217
-0.949578979961902
-0.988325425637492
-1.05769763661872
-0.962967886781509
-1.06378937858134
-1.06577695795167
-0.963233631221993
-0.996977120454553
-1.18522941634041
-0.979586111761702
-0.993680786124146
-1.00423347690014
-0.960020051635872
-0.842129808131541
-0.948867532336882
-0.841323243262655
-0.938136686502134
-0.879802225338119
-1.0537268127705
-0.935294617648177
-0.772696593136007
-0.89794267490367
-0.839505601203381
-1.1588183198313
-0.87985843185963
-1.07351678687427
-1.0565419726611
-0.838095436654289
-1.07624136233373
-0.933285394768462
-0.801995177203585
-0.957067134127004
-0.89065118299355
-0.720756630332254
-0.747670454858696
-1.01515485909663
-0.852412128859222
-0.977921027762094
-0.991564632778225
-1.09212246065559
-0.793359894859945
-1.13641468016977
-0.954341003672634
-0.947914850034622
-0.720976441968862
-0.925908006211372
-0.770569680771053
-1.02310916639436
-1.02660116824496
-0.751710450997764
-0.9276586974224
-0.800137255164498
-0.95510188015006
-0.843945279366073
-0.83736607338263
-0.845658479451901
-0.808993133545849
-0.80940587756584
-0.957272121001914
-0.843236999882822
-0.813891331436326
-0.916190018998866
-0.824968734646526
-0.927889928568865
-0.69373511901975
-0.744817124035323
-0.716759804186751
-0.84450598514257
-0.754157767888027
-0.823922808366985
-0.806614506854738
-0.834036164301797
-0.77451536329334
-0.894047612372749
-0.768914661252649
-0.782791932738847
-0.681615995982884
-0.755717024264854
-1.01214888423502
-0.849681525986528
-0.99817534743466
-0.83687429159738
-0.811797142532836
-0.91446931114303
-0.798155929277706
-0.801104336526389
-0.684427723573592
-0.78819684938065
-0.909978508579926
-0.730185385793442
-0.806214537198905
-0.785353080336183
-0.840604469630693
-0.86210415217611
-0.80624243461675
-0.804078306983442
-0.821263462401189
-0.791253715381137
-0.965951727321956
-0.748679726942281
-0.772565697620787
-0.780849195922974
-0.815450546968756
-0.715006605837018
-0.829477600262966
-0.730072658889066
-0.654603776006339
-0.788829321093569
-0.628707242436444
-0.753154924881791
-0.686442591658977
-0.750992895352837
-0.829847671335204
-0.721833597266744
-0.858112139861501
-0.654155590245228
-0.640962952645721
-0.806499453727418
-0.777429876060758
-0.851804729776733
-0.651657637030058
-0.556570469065884
-0.761570039200965
-0.688270316176181
-0.872400558065982
-0.5003878069797
-0.731087180408307
-0.745488106492767
-0.79397772091014
-0.665841119882571
-0.638792010199559
-0.57977382475653
-0.574166849275976
-0.66902236436333
-0.647143197053132
-0.806948151925372
-0.802803187808866
-0.747918410369631
-0.726306319571414
-0.672192413038105
-0.843794421668538
-0.701394400407388
-0.740868707712859
-0.701002725140885
-0.795828425524042
-0.670428358662067
-0.61294514212649
-0.759460641441844
-0.613985992553942
-0.656218271190524
-0.695568839754446
-0.645468687447322
-0.665634499359173
-0.765634405009664
-0.711227387663924
-0.57035631561502
-0.586192770773597
-0.86395984759342
-0.515865575949826
-0.704720516779646
-0.612712016067644
-0.665703575969727
-0.658199737128407
-0.586936343097727
-0.629099013180566
-0.572387743725415
-0.672396137703336
-0.668258849225614
-0.483011527780771
-0.799000164958962
-0.642284850761547
-0.714316556483214
-0.576227568120138
-0.635288007213389
-0.513177885847448
-0.579676282999016
-0.564543882967207
-0.648304208085503
-0.502766647998455
-0.651277971352775
-0.575980345545254
-0.504135850401911
-0.704231663700499
-0.674778835918367
-0.610170711357721
-0.604142343324626
-0.732488266065662
-0.563228958080843
-0.61277948191195
-0.661507382966673
-0.715100232359422
-0.481481609621018
-0.558558647661236
-0.714504250257994
-0.612421787375936
-0.680390673699836
-0.636130571439775
-0.757388050881392
-0.630984087692856
-0.569436936346834
-0.500069388616145
-0.649168046245327
-0.540003365937008
-0.578525271033723
-0.53182188183406
-0.572333988980129
-0.551514834423942
-0.572148870676255
-0.623508327975812
-0.605710988264555
-0.673705099482059
-0.543448443113048
-0.579833269898934
-0.580217713787425
-0.592743057875314
-0.48183949455223
-0.469209427181709
-0.632079160331557
-0.534757503475612
-0.600831103203363
-0.529294737378521
-0.332274815858766
-0.519422748034315
-0.40787821623225
-0.607406395649892
-0.425223200543842
-0.660492810375483
-0.497413941556741
-0.533101112476357
-0.543542234385848
-0.599342645497618
-0.488908653107085
-0.521012911977262
-0.615953817927913
-0.632695167017753
-0.44738853207011
-0.447787922145119
-0.432296983810422
-0.564881077369149
-0.42564739694594
-0.471801092284236
-0.518048423736951
-0.498392826363835
-0.427722518229465
-0.560421934062705
-0.596589292090438
-0.541054583242756
-0.448090922635889
-0.433444524148264
-0.443159008698079
-0.371779878341964
-0.430410553267462
-0.602569062731424
-0.353941725077075
-0.59447986640064
-0.584009805382921
-0.492499903360914
-0.41202194103738
-0.277235591817195
-0.336535783109967
-0.297455583029359
-0.397357602458792
-0.409197207932134
-0.490356060599575
-0.532940249620645
-0.390268983590518
-0.475134229440617
-0.51775758698446
-0.455053665779558
-0.441355451371246
-0.46292696194217
-0.48065887608306
-0.378685880001446
-0.552642508695341
-0.259255311802453
-0.372345692012623
-0.404915272672008
-0.447322150279491
-0.467133408058565
-0.481974974835399
-0.329291807364122
-0.400112990818175
-0.471985849634783
-0.457863436042662
-0.413260510347973
-0.505676793106114
-0.291484386947337
-0.439522349408011
-0.448014642982055
-0.588005694952246
-0.4345417765837
-0.43591055167697
-0.394716793985508
-0.265746790731706
-0.326214522816186
-0.382697650035513
-0.361304942198037
-0.311803165923274
-0.279498250185225
-0.337543166816004
-0.347867662638473
-0.507803553173079
-0.444084454336974
-0.147801854880558
-0.52582666991929
-0.317197231448214
-0.34877594122129
-0.41282765714729
-0.450270865478653
-0.438240221008971
-0.358633851145056
-0.354141421620005
-0.309448508486255
-0.248777760801515
-0.355277942018132
-0.337043094422211
-0.298634150931083
-0.0972625182599378
-0.27586338896676
-0.361164125049366
-0.16903130949143
-0.507616362133154
-0.417381562749985
-0.316986797946513
-0.268903753565958
-0.274471406131191
-0.238986012184789
-0.422429195947349
-0.313703064522941
-0.330516794645278
-0.348721897346032
-0.299637889756291
-0.214254677466103
-0.259069729482885
-0.471882197830538
-0.224321235673436
-0.195346515077941
-0.216072599702001
-0.216364013067415
-0.329408311308184
-0.284158904316301
-0.199596430795391
-0.383618084591357
-0.207168402857172
-0.352886303747811
-0.29418814088614
-0.254449065664825
-0.227159518283885
-0.304406062496462
-0.233161158468809
-0.335074642067909
-0.398241903985258
-0.318461804147563
-0.321348860799777
-0.21395798330683
-0.178225145530664
-0.196487906027753
-0.350274440529538
-0.268458483161348
-0.243061387455233
-0.149003407247818
-0.329638619147097
-0.236830157851777
-0.460703206260721
-0.188438831178222
-0.312948046220942
-0.311448152244664
-0.213776979452866
-0.26768168372184
-0.236993237482886
-0.26339756088021
-0.368531176031697
-0.259764249245665
-0.240285991605527
-0.336367666629968
-0.270490005500417
-0.270945124645751
-0.342929125310036
-0.218077013120504
-0.09933106557483
-0.248989025734603
-0.173090477957639
-0.300514805597297
-0.0868051834338697
-0.135106260687162
-0.280160077597009
-0.314568893218612
-0.139534617022089
-0.215148155876947
-0.380976061341545
-0.150149484667742
-0.215760077889678
-0.219237816320083
-0.223603124084284
-0.231358888987587
-0.295405808609995
-0.135910234552158
-0.0760169662913516
-0.340578471649933
-0.0943723383352313
-0.141568479272829
-0.145978633454628
-0.229834608369495
-0.160243234432838
-0.22733289981271
-0.25250172147439
-0.0841501301902039
-0.248080227766402
-0.319401993472748
-0.206633343436812
-0.148223845439699
-0.0488865549310498
-0.22865177354835
-0.19596372262257
-0.185618641813657
-0.250587309531382
-0.168220784883353
-0.210216768281427
-0.168554204772549
-0.128379188113839
-0.0617520850386264
-0.158536203013542
-0.132698822833158
-0.233596485924041
-0.106512301701664
-0.0403673863337136
-0.154640859080598
-0.126886749618713
-0.380182188296238
-0.0826198081264465
-0.202455903119308
-0.0611671066174655
-0.155152865698881
0.0243565310994244
-0.113345881600888
-0.0629958478678065
-0.150222598856382
-0.122064667562785
-0.168006694001831
-0.0836329918111217
-0.0432956079291012
-0.258427684665506
-0.140635659285823
0.0726520489550668
-0.072396565895018
-0.0397240855983958
-0.10507110032254
-0.0774599145804303
-0.0496747298765316
0.0350301300390211
-0.000420748992975819
-0.06110686317445
-0.135113279877044
-0.0393132484391986
0.0158892459961313
-0.0866579985152997
-0.104730489428093
0.0747728732517708
-0.149969110164029
-0.0247001398034453
-0.00807319239529266
-0.0925566476943514
-0.156642884581869
0.0114525562126054
0.0609983015839235
-0.0556085700789716
-0.144433624243252
-0.282620338926439
-0.0758538768801547
0.0523995113583671
0.00260359412101516
-0.00675155349460397
0.00522299819314019
-0.130194041828043
-0.0866921504643153
0.0592361057263841
-0.133263871244133
-0.115682682323735
0.0894668713881889
-0.237160124642871
0.060471508931639
0.0291621858548629
0.104411483697175
-0.106408203584138
-0.058694299030249
-0.0716041687050042
0.0833470092644306
0.0222545976661059
0.0307308725617007
-0.18240010732851
-0.127533920803645
-0.0384264817786966
-0.0981529322794389
0.0428348583145609
0.0220249469207414
0.0808549989486265
0.0514564547915014
0.000763258057855972
0.0890411683993931
-0.187598911254368
0.018764318896511
-0.143953133710732
0.0561790445190631
-0.0598347354628536
0.0840061838834742
0.0671404582825107
-0.0309139030911167
-0.0829951446160837
0.106936619539629
0.0138758511800508
-0.0406746884634532
0.0329539111059934
0.160339942370019
-0.0602534026377757
0.0762563182090108
-0.00943487039920576
0.0734382244768396
-0.0673987868397792
-0.0980187947538815
0.0557585554953369
0.103946946503925
-0.0251018742171633
-0.0728751258753834
0.171538059787077
-0.0124034742456817
0.0754198471174767
0.0310981023507759
0.244552950371411
0.0786403908896253
0.0196796705073851
0.0321437697502894
0.173455377831867
0.0373165243288686
0.0699190407212379
-0.0234342356263539
0.00694071608020462
0.0523781443819446
0.0828574384972213
0.0814693012192007
0.104954320985229
0.192651654771797
0.0718301417229191
-0.00926489626925006
-0.088771461097581
0.0381928777676981
0.152107772838578
0.0621868271790955
-0.028789347445928
0.177065278727681
0.183629356179645
0.044086606473307
0.113703947465759
0.0761815434684007
0.172182785159295
0.2736450281364
-0.0429889358744333
0.232363853934976
0.205608885698061
-0.0981317530102587
0.15780843962233
0.129079989741963
0.0823434684180773
0.164141562919815
0.213015346393331
0.063641687361471
0.0437129219353621
0.100393842651457
0.306551239498925
0.251809605461609
0.166386413314318
0.182751967199898
-0.0573572320397182
0.232165957550487
0.220183754953643
0.0597302889610991
0.0809854796433734
0.0843088343584404
0.149215469819793
0.20968074227361
0.221165656387648
0.0612496008969744
0.110030145777628
0.26613781348378
0.136714091813459
0.243366429971855
0.0708168744139353
0.194369202216186
0.276567616346588
0.247587171675473
0.167713136858518
0.285298895990808
0.113156393362557
0.34368191712806
0.153174992494333
0.335936721257388
0.207455332613587
0.0370487698108972
0.159004113863379
0.283058375004473
0.286251494795997
0.359380009281643
0.177762471823515
0.212031255085332
0.392067959291156
0.328398847307496
0.294273371881902
0.16863495782377
0.108587133381716
0.271485432621116
0.256000007682885
0.0180710240487288
0.248706250017101
0.239539220304139
0.175951069371769
0.278013002609917
0.183380078314144
0.281263140300539
0.109033630473393
0.266430411559453
0.207270721263463
0.373039554435671
0.418651664754126
0.241395903188604
0.108960512603827
0.283026918115716
0.243682393494069
0.329871359104466
0.134850756253431
0.405203696713726
0.29674868426101
0.225281861673843
0.149771422007677
0.301060334155729
0.26663546706957
0.273324371805895
0.160674077330706
0.247176009600917
0.28509353136289
0.360505394752128
0.233763104271335
0.307679073476419
0.417882440202638
0.273307681211865
0.409209445020296
0.455485762723308
0.342868912179518
0.350600875690343
0.295002246953529
0.352437495850544
0.407297758724725
0.263367811540995
0.327037357214312
0.296631879645758
0.351633283620022
0.391729701519171
0.53166215907234
0.430580371700185
0.342712669588132
0.32434092605425
0.291239309990508
0.486980931482575
0.31391442686224
0.397676941883484
0.32779160186939
0.4483501866354
0.232483512556359
0.400127358086421
0.218632517912288
0.227727221299897
0.246715101044178
0.277354566638836
0.444679751643859
0.218378630721301
0.369660271478829
0.293165006592408
0.36508273221332
0.472534349887808
0.457620143503499
0.343136436072768
0.410451825652859
0.419169979622567
0.29252210029039
0.398238021883995
0.330270789742969
0.309992346099228
0.405440554531289
0.436522639637413
0.339852584936408
0.485865342957794
0.466823851652231
0.256071868307203
0.43632211590822
0.537571231531766
0.4567840678497
0.414804486889146
0.342309907737542
0.388134052302095
0.380689187965678
0.40477779004655
0.24873431867174
0.430677381277446
0.541626400107083
0.338259385895143
0.475302762367781
0.592961873639431
0.489413415869313
0.452089192526694
0.360566073298559
0.538476261121078
0.342189446133351
0.429639059103081
0.488352782757017
0.328398833027251
0.475646849970757
0.35592504158582
0.451573614420292
0.359503294185973
0.572222565230895
0.514287025706226
0.353025059702574
0.429469199140673
0.497889766761111
0.46784413138692
0.504165483635084
0.548114900836525
0.374647095702029
0.451090161576791
0.482560517965586
0.591126993604998
0.281395562675128
0.479764356804735
0.392307199060305
0.618353385993815
0.629482396447622
0.392815803234096
0.700803064323479
0.496919472078367
0.529912315293474
0.58738143830088
0.432511743375803
0.470966248410926
0.458908582078926
0.479315629852802
0.493292789817295
0.473835265575456
0.523957364158941
0.415956289642651
0.536639752012931
0.540844698236213
0.408380478849498
0.541240291354439
0.552051807545886
0.509457308312017
0.529414019134965
0.504034726025232
0.510672964499508
0.496263944325585
0.621706364274088
0.559905874710207
0.647339339174585
0.462773741671946
0.43627874928783
0.550155486766642
0.525867772955649
0.540893187697658
0.517724465955115
0.543570407651632
0.506807416342636
0.527059502832893
0.578947629722087
0.586366280867771
0.55291785832203
0.468971116703504
0.57606422188435
0.4563593396804
0.542340140670743
0.481684618613092
0.557504306374489
0.705949571067638
0.502736372223049
0.626426709196497
0.53815111198264
0.528913015617974
0.579567623657689
0.676259056307485
0.5067671017475
0.482159273519044
0.575132205449552
0.631894474951626
0.499367515757961
0.596821270192302
0.529074681079638
0.684758372350763
0.575803532366752
0.631450332409496
0.576733697876525
0.724663167575896
0.594719110833253
0.548146155716155
0.46542285424595
0.681854403564761
0.662509742957887
0.573972827750142
0.669524856077822
0.792431744862774
0.663621862802635
0.620394467029003
0.649190877765691
0.684982892663983
0.494430781820511
0.572608302133739
0.626850773887284
0.721880719671003
0.5716443631909
0.715427412812333
0.642324511728527
0.523924513649736
0.757721579394749
0.715921238943783
0.744882803059554
0.717214443345599
0.561881730895288
0.579044137366259
0.62762446531943
0.782866255539893
0.580378454050038
0.635761675964876
0.677674825214275
0.850933334280266
0.664941704799156
0.695170154123621
0.726202723051055
0.73507783390696
0.627781433860308
0.783804201508774
0.657040046832729
0.844915771494371
0.667393741297018
0.79946346630468
0.709231217311106
0.606730382569041
0.70335636478251
0.663521368958077
0.83407400560794
0.674873877550049
0.771335363140162
0.984193315976949
0.812106730136293
0.598390776509009
0.692126443784986
0.799323279238281
0.654995956760993
0.631277467462172
0.657980273035895
0.887645874748008
0.736787538169464
0.71568155643794
0.61534798849189
0.80845566801291
0.745811741313041
0.692658693219858
0.726621165989003
0.799146577967223
0.709512861323999
0.713811262210148
0.770511539407292
0.642970831576203
0.852955740011771
0.774732220242121
0.965302913890232
0.704707202130016
0.635401374158937
0.805932784352697
0.767741801274995
0.705956423019663
0.837443946722857
0.881478522189036
0.766833794068059
0.578000084498858
0.863786705334027
0.708513101048233
0.785368211576061
0.727014227104176
0.885005045849236
0.699426102595121
0.816895613228071
0.83351231805893
0.716180046478637
0.840733137994078
0.641217706637177
0.899378507053101
0.873571641165619
0.735768938033158
0.707171747952292
0.797964753552846
0.747476693925847
0.650265544940382
0.802027083991033
0.851751548711835
0.805189335738472
0.843327707584271
0.87038849189889
0.852020653732771
0.864072281584584
0.8659287579058
0.833253917312166
0.676271508746575
0.817395970960515
0.881427234445786
0.908303765945232
0.816530317958576
0.890458241795649
0.965969590754739
0.793749514153982
0.829873080676364
0.890356935817559
1.01698496900148
0.806429531331723
0.814296029096577
0.796570186868144
0.83487639069807
0.850973875797818
0.750396259725974
0.835356287965835
0.858435403505625
0.81495375266841
0.679409390076947
0.777886167192501
0.803195243137166
0.815035880724953
0.78572343402708
1.00860448086984
1.03551239074586
0.900812432130317
0.841166069043279
0.768767140850061
1.02017541263381
0.769809825256536
1.00804831510357
0.919546004816195
0.758987413904889
0.931738011817803
0.887011240298232
0.795724833518459
1.1253794757625
0.722828439210043
0.88407199555352
0.877516438875848
0.91784961524944
0.912211490963104
0.866524677508564
0.977414906113139
1.0212982498322
0.943039856221673
0.79300588866701
0.92727388397439
0.823744434020849
0.763022259764756
0.968289034939887
0.874692235879138
1.06726540918463
1.02698015547598
1.05167140535819
0.95780359026825
0.825272915404843
0.908611869295739
0.932312903141496
1.05790597760199
0.792544656045248
0.905398714840272
0.918914359041554
0.89645156913085
0.851063621285815
0.885895152247708
1.05361663510845
0.976858146534871
0.932678543473695
1.02837834030367
0.992447025851477
0.860664069996173
0.957754472658086
1.04376020603989
0.904194147517069
0.956456901561355
0.93824306799718
1.05285058585503
1.08032707635185
1.01813599034039
0.962536642464344
0.945678950079674
1.21591334210206
