-1.08117756126417
-1.03983868515562
-0.824882886574649
-0.940326386592681
-1.22886529159601
-1.02070362714406
-1.03441932826201
-1.11806177656884
-1.15296926914041
-1.06120318950259
-1.13312346525941
-0.876641417062253
-0.994111213191927
-0.902995803155269
-0.990906757026394
-1.01899361630293
-1.06775865886224
-1.079878770769
-0.9095644875912
-1.02706046032282
-1.10453681529714
-0.936026351680725
-0.82260753303745
-0.90671340750906
-0.920072275511566
-0.961042646452905
-0.923829566128816
-0.946814351328522
-0.938422396411898
-0.8461053035745
-0.851971842045263
-1.11302071946451
-0.82754457648108
-0.820401912268311
-0.873589282401715
-1.01920612545073
-0.75716987244019
-1.10365718735713
-0.91192909194633
-0.76154147096417
-0.846184196605351
-0.814728258877359
-0.916091136635638
-0.796788648658907
-0.798210308750571
-0.973646169674684
-0.79781350644447
-0.902792283633816
-0.868386315378082
-0.860382885635398
-0.900946622400836
-0.936448291512947
-0.93175406607527
-0.918822919582476
-0.894637111110313
-0.926909979945161
-0.922096874627072
-0.881469128284184
-0.931075756988473
-1.0149736522402
-0.992698882338155
-0.831758755646517
-0.83890835702015
-0.898932426408304
-0.877438777855456
-0.788925208480217
-0.830742541609583
-0.828983339262211
-0.828929885236011
-0.860466019450868
-0.889970864247944
-0.933857834536332
-0.72120524031998
-0.763939022423034
-0.868346490136567
-0.839433932388167
-0.74670656957
-0.953078010675922
-0.815357885421009
-0.822528141437502
-0.835360460970571
-0.928417176721778
-0.81038071569899
-0.85412102765336
-0.805118004029976
-0.776905346306669
-0.791011348066045
-0.941644768815109
-0.950245509240006
-0.890594188625212
-0.791094806762954
-0.888923516544227
-0.888374632623872
-0.776569025967184
-0.9178053438093
-0.902662662945026
-0.802513941245205
-0.928327413050743
-0.762727692537293
-0.749084336068748
-0.678546705835979
-0.970523609202086
-0.574103561147174
-0.805719368705798
-0.824748597046295
-0.763117307189934
-0.597026652780815
-0.743171628355955
-0.678698835446991
-0.585058511386562
-0.835184385578493
-0.705096354350146
-0.740505023573881
-0.742247329992511
-0.819572710331605
-0.705652483664976
-0.788536728438014
-0.717106651300671
-0.810005829373998
-0.697749027409884
-0.701503471050373
-0.744947540474665
-0.749543774954831
-0.840531456553655
-0.587893063654205
-0.85865858548479
-0.805184434144472
-0.722115445069462
-0.746104212068739
-0.892589797542847
-0.768981149241119
-0.70522564936449
-0.767432373608994
-0.628178811962967
-0.641267581103393
-0.600941339604459
-0.760237524727603
-0.700831339606246
-0.595324728998088
-0.640338288959981
-0.656259691650483
-0.60829887684923
-0.793768940728934
-0.748833589539186
-0.812225902986205
-0.668239310857689
-0.53055828108008
-0.644774717861768
-0.688444852133209
-0.641438271477136
-0.626491181853842
-0.720654874879215
-0.698449343326035
-0.686180780911937
-0.651389978062422
-0.723734363544725
-0.753399473098295
-0.691354953395821
-0.670666762313126
-0.718938967773154
-0.683767889922648
-0.847338582762044
-0.739764922418261
-0.659137265811725
-0.600007423707813
-0.594111887052722
-0.540615602208647
-0.664854068950933
-0.639335887321592
-0.700218931252029
-0.751907144772537
-0.765953961043465
-0.67001765624224
-0.781251366704107
-0.731513141682195
-0.514034453105709
-0.618182122341264
-0.65975726595916
-0.712547376358251
-0.688581964470457
-0.653578975644752
-0.72432458208276
-0.675314098756985
-0.636391058417026
-0.522774907154085
-0.610684130455336
-0.70437323137628
-0.694124457235797
-0.55214484277418
-0.716513248670391
-0.762801105774319
-0.617221946523085
-0.600653785175677
-0.601107187240848
-0.664136671253067
-0.606520755774431
-0.666500229301388
-0.305017770770698
-0.665751019547947
-0.670097093742564
-0.532989342240976
-0.5791099126788
-0.62558921959572
-0.52912630084404
-0.664214231414858
-0.622543537750647
-0.764570446549646
-0.66677142066992
-0.614933231563843
-0.545152480418705
-0.61747383424714
-0.514832133273729
-0.418578874267886
-0.518391258300232
-0.51746058541955
-0.554011745143666
-0.694552050086007
-0.652283969289445
-0.483033369661058
-0.603867556362985
-0.518185865265227
-0.523164093256507
-0.60395630382576
-0.504407000182796
-0.612822582768459
-0.627811728062996
-0.594025694388991
-0.509005180273645
-0.484228634960623
-0.604769035991968
-0.523803505076409
-0.509887711022864
-0.523540730980871
-0.577786744031822
-0.558368539415198
-0.418137796653754
-0.451205405951121
-0.553022165794363
-0.556555637755944
-0.604211895494953
-0.461867234549653
-0.408246272430056
-0.543155184627758
-0.324865661104559
-0.557616267222031
-0.564226633205938
-0.548690283901277
-0.562943549801515
-0.329829763932365
-0.545008511756722
-0.437861694493568
-0.489283157494626
-0.520830964694618
-0.485809206825874
-0.384318812759765
-0.441561179151397
-0.489882612588585
-0.380988546270495
-0.571703313682862
-0.460269556800073
-0.436534869444021
-0.416923933674034
-0.547904250998643
-0.427561731013961
-0.512398383774894
-0.543819459874994
-0.527214603666443
-0.494048420729689
-0.47116635181143
-0.604815851423098
-0.514696549624323
-0.48723894079563
-0.494025512122135
-0.442529492914598
-0.462590690718112
-0.668341390714736
-0.586429562432466
-0.224416927407128
-0.548653211616357
-0.354573897978708
-0.449474920350052
-0.478219548364439
-0.449337864452237
-0.377874126657026
-0.382461562616819
-0.417025612006141
-0.535246146744623
-0.483152958737919
-0.366323165617706
-0.357179946157646
-0.456389180984352
-0.31345108715609
-0.39826092999776
-0.498363270232584
-0.468790212655064
-0.502088059167326
-0.473800316157905
-0.258806276241055
-0.391408742551476
-0.390828499783157
-0.416789605424219
-0.396104048053504
-0.423692486313532
-0.388178216929753
-0.509915670064036
-0.565766522665992
-0.518985056931595
-0.362337944332178
-0.386808481566359
-0.374841392762774
-0.417332325856316
-0.26671272177613
-0.439801415594572
-0.324749708331389
-0.270589179759377
-0.540268187878717
-0.295680320924324
-0.378848360119966
-0.345223163555841
-0.28052988562637
-0.373567242309088
-0.49090966888519
-0.304973250690617
-0.324208611927475
-0.21698663775875
-0.26956155785058
-0.362425688928062
-0.368145176699773
-0.388890169300479
-0.574380657287261
-0.202253117365735
-0.254177883921703
-0.183581507117128
-0.272124829544696
-0.402141883177396
-0.3882843257251
-0.179734034348536
-0.450416603148789
-0.303131915348274
-0.29092310551037
-0.364427807962718
-0.402025773086652
-0.315373693644102
-0.390002048434909
-0.207387096312688
-0.281913198356491
-0.197422733935451
-0.318123192264527
-0.32995684944898
-0.232284924308226
-0.283062527280698
-0.309323777944461
-0.317888573812257
-0.436027379648452
-0.249440498418432
-0.110082970029143
-0.113846602789816
-0.125700677085139
-0.204612803311316
-0.510701253836221
-0.229003290990999
-0.43479393243743
-0.319558165466342
-0.300239833064296
-0.219830152005787
-0.284898022874543
-0.286084512431511
-0.413295794110716
-0.210991763638117
-0.30579080496063
-0.229100248587762
-0.414323155741503
-0.27571360639634
-0.209885228184949
-0.285928009542966
-0.270172782226278
-0.420922125318209
-0.115866240245087
-0.107947757185406
-0.245290549752904
-0.185132418954385
-0.15181485552478
-0.374796869740592
-0.320674452407196
-0.285446305520775
-0.228176776173283
-0.201665853431927
-0.251733013626666
-0.226637309167397
-0.190030297996957
-0.330754296476962
-0.0535414128125972
-0.250344492940756
-0.195657702956751
-0.225563939790758
-0.090301013319293
0.0205654572065168
-0.315941399388689
-0.22007620108476
-0.190722159278115
-0.214385569654107
-0.207001871333465
-0.0738489829772483
-0.139555577506366
-0.309546960798201
-0.205952137551707
-0.227281579387769
-0.134669939930361
-0.273293105576531
-0.213375034361956
-0.276186574111099
-0.118527697004465
-0.105285921137198
-0.173353433951145
-0.171742956154725
-0.146046072532886
-0.0807744675970207
-0.139506626469591
-0.223720555933094
-0.102500568433254
-0.297850680052914
-0.189755790571559
-0.141518067182123
-0.0575491541791452
-0.133913450383903
-0.307703997518126
-0.0960316863135617
-0.109347345210542
-0.152732521944339
-0.00775474715736126
-0.0613342380651205
-0.198462721616804
-0.156582379281364
-0.194467474342869
-0.104497996530936
-0.273868973593874
-0.205297059227356
-0.129565698964093
-0.0969015335404979
-0.185966189157187
0.00128438525655566
-0.185543564679244
-0.060111218948231
-0.117025065335079
-0.156506248009004
-0.0359673909123798
-0.152035353304261
0.0359747562988865
-0.0503697039222996
-0.171323969953946
-0.228997529720668
-0.0725232326960904
0.0194966812983122
-0.0777155383017542
-0.00929609759376715
-0.108098174520296
-0.0517856153086781
-0.0331837172114529
-0.0205934119735739
-0.13953584217032
-0.0185467917845918
-0.172725650324606
-0.00126394103898305
-0.105243935142506
-0.0738605880692849
-0.0604563473014711
-0.0969525338348816
-0.145644542620757
-0.134094645805181
-0.0619427841662322
0.0348952353162375
0.0241543086287375
-0.0148356079323286
-0.069169226780839
0.0515593371851943
-0.036359637871892
-0.128687294607337
-0.00350434862776355
-0.0860032543524838
-0.0186922307940094
-0.0793127744267247
-0.0207592410388499
0.032515810629704
-0.0673762256007764
-0.0588537629494571
0.052630279816218
-0.0592933814291693
0.0803394132862064
-0.0146480512902174
-0.0112899221253254
-0.13380166761732
-0.0701892859086212
0.0402103619077921
-0.0921630369940034
0.0667031275149338
0.115362716634414
-0.0805112390049129
-0.18673637089795
-0.0833785052488606
-1.88221616681243e-05
0.0202015072854233
0.0446338229384667
0.111679992752078
0.126916363872686
0.0065691388514012
0.0476090969466207
-0.0693334280760424
-0.00455677318456645
0.115680865828481
-0.0348529590216627
-0.0488465087897573
0.0475793840555112
0.0400907970816767
0.0263503961112305
0.101385110357238
0.0368848584490058
-0.134680016884417
-0.0144906725264172
-0.0450919385640358
0.0602155445571566
0.0202644690881989
0.102387764328376
0.0257338308123957
-0.0587089205856359
0.0181893688609328
0.0221449796064124
0.00320476754288516
0.0664399136511622
0.0927161348628474
-0.00803681121863971
0.124063992532423
-0.0570979584504585
0.0281839563048968
0.138270630643025
0.139080734785298
0.0703317288135091
0.154797450363528
-0.0454947083082327
0.0901694241658699
0.00961791752315276
0.112478071512942
0.0641434717352961
0.0190445810656825
0.095648313391403
-0.0618456588275805
0.0386615479497672
0.00207349577208625
0.194044576845394
-0.0218223303708236
-0.0289797861667558
-0.000141445580107752
0.0196910297512868
0.194903051142762
0.157705056438015
0.103909509397264
0.0710949714834808
0.198942293443759
0.112487572480907
0.142101794664068
0.111003379705975
0.12434411654914
0.1518570732187
0.168400278888354
0.207648640656057
0.143766084240576
0.334720376097365
0.102175474816862
0.113349161295077
-0.0805097251913989
0.0171177715298045
0.227047847686411
0.121680590520387
0.29251464862054
0.146635340301973
0.0470567189841267
0.174286963984047
0.122051154403793
0.151243984026983
0.254640540116518
0.209139418662777
0.065831961043269
0.0749129253737709
0.116956098357725
0.274170190317467
0.0809396026603957
0.101300448311905
0.122255255981605
0.252974929489346
0.203271207044282
0.289604469370187
0.0654516912238237
0.332375262534832
0.29055747453798
0.110775357238302
0.174250476127662
0.21686708740665
0.191457764196351
0.0866700389111557
0.221842425145905
0.144616731339354
0.20459480324903
0.128252824184411
0.216058310203754
0.0939577661102025
0.293347838280404
0.329902691930539
0.225057247160521
0.278157015707342
0.331526290510198
0.156977197131571
0.298856796472162
0.188637847804499
0.300236767039244
0.331702576458523
0.203963374053239
0.162442263714739
0.104239959829527
0.304995351380701
0.192832418030074
0.27575471781038
0.215905371041071
0.200803772542612
0.23612340273068
0.155838676520109
0.135048317687317
0.30074145182582
0.28766071348954
0.288192051722798
0.402622200106003
0.276276737826783
0.325866400666772
0.241425965466478
0.252967185710692
0.221013377392613
0.306011769710726
0.283325565116871
0.367062618722185
0.332100073086737
0.384695002576912
0.147192163255534
0.336473710408681
0.339170228223184
0.263996310093821
0.331707701476414
0.229944824487621
0.303855282837117
0.332065181700824
0.293225700712282
0.339242846892064
0.255234920203361
0.277472675278717
0.309875530602944
0.356721092612694
0.376693151545085
0.292603136819369
0.283482077857068
0.361447221945505
0.341511537405824
0.259388993798544
0.296468772156873
0.317080591225229
0.216071973350798
0.352398352519638
0.345474416789502
0.342051041544598
0.450363550964218
0.367781677974658
0.371923749479606
0.309406468439488
0.262203600833618
0.25900823925044
0.414806052958687
0.336185899797342
0.224290153695732
0.361114788240037
0.388093914043849
0.250918735541326
0.393567170374462
0.394125625053712
0.330743534854615
0.249208448740246
0.380223149903988
0.451944844169052
0.337527420499707
0.21016568259532
0.322400672164767
0.324510920825621
0.346782589082928
0.467476141810932
0.495950588361124
0.251810014981665
0.357819162267761
0.189296893786342
0.521638103891411
0.374431960274408
0.301985051597248
0.372848071723156
0.438340666702993
0.364902407390039
0.522616049461885
0.297907446112007
0.544106066253944
0.426873224903734
0.344956404711918
0.464482396288074
0.508115695421217
0.226899548968662
0.404089348863363
0.453884002530128
0.427783641756593
0.460318759986027
0.606728436713151
0.360878023886974
0.449562688084925
0.399063252425192
0.359062741595712
0.473523419067712
0.426845131876382
0.377756483288407
0.395998656960649
0.242438249230604
0.493218276290018
0.414652256517117
0.431638533388472
0.394844001259883
0.389159104977732
0.559899392555314
0.331908856293677
0.320805934281103
0.370956421225331
0.333840187454968
0.464404649219162
0.370541624449461
0.270481329290944
0.446745704460345
0.498151468074374
0.398124690664793
0.535956031606709
0.525052427249012
0.541893307925434
0.499159095242257
0.455651160738622
0.621395874994353
0.374581852264611
0.568702578679211
0.556719551792663
0.457785264686379
0.480683304467905
0.456310970239719
0.534290665462552
0.496865950694181
0.59542268841166
0.451247163094594
0.587563143419777
0.546746932912458
0.552270459840843
0.529613371613954
0.607585298081178
0.641179511991876
0.599546647286653
0.47057996760669
0.493578993063348
0.504490660186153
0.411508854991416
0.614585132139443
0.580240252143165
0.716913757129768
0.583790027862839
0.475587635508115
0.489932516110627
0.658411170917924
0.491607098824128
0.396495515479681
0.597551550492052
0.554033321076149
0.591833687250474
0.491300947778974
0.62861060459546
0.720340877558518
0.52275896426305
0.564465662308266
0.426629425229409
0.478234188761732
0.675879625134876
0.654248170887037
0.665372177287565
0.585284262438014
0.677859745449323
0.591998625554064
0.765367837517114
0.57868848016386
0.460051885529486
0.472814486911097
0.534620752738506
0.450514719310573
0.66166602565549
0.533675173024327
0.434282016292912
0.682620415914733
0.430618411478339
0.5952407081112
0.501264176884567
0.599797526058024
0.627705564391791
0.510296440503213
0.755910453225976
0.562580822638026
0.594518173410272
0.70049104815277
0.627563228054366
0.547731006443499
0.616269187431
0.567253905592403
0.651421173102199
0.550316419267997
0.585758981632183
0.692699943233477
0.554635304577693
0.670830397924937
0.548478878304045
0.674130481840284
0.657899777509548
0.728879503547315
0.715919514635552
0.768091818100402
0.673102573893938
0.658533421414525
0.731903277560811
0.670460155607204
0.738140535958972
0.615810556475713
0.800863473524242
0.63814781399771
0.695622056100002
0.69831214589197
0.696117652644897
0.825764552735448
0.753191933422139
0.683043758190529
0.623333463203059
0.698572576508505
0.601668280649341
0.657683474221781
0.644945185324716
0.674013397329667
0.728920847585056
0.728343219169301
0.575680044568163
0.719437003653682
0.642164744490245
0.738189521980088
0.797831816028754
0.613194034719828
0.798276536128439
0.731912210783529
0.882545196519061
0.678780499553213
0.72724402416772
0.588684448739767
0.745336880093811
0.670696430681324
0.812670901205187
0.667817627387559
0.715913519691678
0.778348893252248
0.790662914716111
0.730441663636977
0.709802671282199
0.832126796329624
0.686212356492653
0.760425294372084
0.739668979167911
0.737044581201763
0.802877592155169
0.716522441464939
0.84080894383687
0.708209034180518
0.786887154109242
0.633825744950945
0.679308605299018
0.683899004761726
0.784613290962932
0.87196067767516
0.849655525828536
0.686856395376794
0.758016256498448
0.713121771478209
0.851526228756603
0.688386062299035
0.772601842854679
0.785503300583226
0.668046885938874
0.738918963200228
0.7104585533009
0.641046553817115
0.907343438113385
0.680681734379873
0.751362083219278
0.834169966443187
0.752682086832252
0.727225257525557
0.726044785570221
0.800219372143398
0.725054351829778
0.916708160656097
0.900986834093124
0.712478648049565
0.91337099834188
0.852350581498927
0.975121853981482
1.01305762109851
0.838979808589471
0.798118088773008
0.747214856366091
0.842315500595167
0.812036181128192
0.859496092408332
0.817556462234787
0.968593896262525
0.771445656558449
0.7894058834187
0.801705738652333
0.905781574996553
0.836172462302176
0.868024783928259
0.810629552601006
0.896796685475789
0.884830189123658
0.838772995353806
0.767864260700488
0.782748038444195
0.82904669271545
0.825068548862336
0.795656306404938
0.823790909901943
0.926310602650294
0.941053142428232
1.03318818600848
0.773676599209343
1.00964202706326
0.708475222482113
0.96791907350731
1.00380221561672
0.903151075695823
0.973025315824996
1.00677095317484
0.870260253112047
0.888060765229107
0.979983659065256
0.901331202006571
0.929613327541434
1.04161920012017
1.00740104865709
0.938369735250717
0.892649425343173
1.0919757756454
0.934736900870942
0.943896818323684
0.962491471214534
0.946572913544428
0.93611404050829
0.945204442742312
0.869654669564158
1.00852029020577
0.858292309357636
0.911601644845243
0.918891780655029
0.91914989642699
0.919770865395
0.890591016474614
0.766513043813649
0.829066631885567
0.91406855772958
0.969734710379525
0.932720091521679
1.04329689462983
0.95361517140934
1.05345204133496
0.940418304410567
0.977511503170553
1.01765366113566
1.00569350217104
0.991841514468119
0.920248702709021
0.944683753796914
0.95261787931541
0.948431624717395
0.913367242041651
1.05004902227179
1.08669973654121
0.846232346934266
0.919897838291348
0.985448961520962
0.924726868750954
1.05034658314472
0.935162365978945
0.98673208255364
1.1213164787265
0.927498879615918
1.13901073104454
