-0.959586336923012
-1.0101757453061
-0.975839439739538
-1.03011957361418
-1.06879683869089
-1.10768402301976
-0.92527522419858
-0.906406137741446
-1.13719341772465
-0.819610621641519
-0.978244229376076
-1.00821698534178
-1.04685929218535
-1.02348194527213
-0.900548641720632
-0.926652666272088
-0.918523905730198
-1.03028439822576
-0.994716216118829
-0.940456747420994
-0.771649101364255
-0.937868724893714
-1.08167074486595
-0.937323545936668
-0.841907872053811
-0.903449337720586
-0.980087749756036
-0.974599960896177
-0.843910060235183
-0.908183575758726
-0.962804826006296
-1.06168749674934
-1.00436651033955
-0.972160007490467
-0.85798854217057
-0.840358980087714
-0.933972668124135
-0.77072957901555
-0.947828487862404
-0.887771552101816
-0.790941555408903
-0.840647348486079
-1.05144980056922
-0.98269943485351
-0.893673109346047
-0.868162164783596
-0.970820328046884
-0.908578996883707
-0.943916651673766
-0.814024509862791
-0.958716515408663
-0.997953136250239
-0.938033807351621
-0.88151087146515
-0.916637488137946
-0.891152974598614
-0.837850014615039
-0.845877640386362
-0.947495575543893
-1.04296769680206
-0.855228753443161
-0.97391163363565
-0.799225352214528
-0.783323193660147
-0.779328788506096
-0.817310987980519
-1.01347240991851
-0.861683438492341
-0.822636731537426
-0.760710982715619
-0.857558864012278
-0.904064067334229
-0.959640011543543
-1.14968257239259
-0.835445947013223
-0.836110029849559
-0.891625916027483
-0.97576136574352
-0.748851503476442
-0.818613117631739
-0.776522922563661
-0.869032301759768
-0.944688923658062
-0.890148502476477
-0.629110019133871
-0.788558184024795
-0.908459653295426
-0.836970681343133
-0.900191845491125
-0.944466385256312
-0.8962953641339
-0.769823723016311
-0.861619385927374
-0.747407688316777
-0.786064130295143
-0.779500605079599
-0.83448269934787
-0.716004788267699
-0.778348380052222
-0.75657285698467
-0.679341852089475
-0.744937903121013
-0.93159952583068
-0.861027579817527
-0.898193204916785
-0.605285171167578
-0.744841822577772
-0.740670135880707
-0.834395457894075
-0.648161210817401
-0.611149066735321
-0.710865835047797
-0.776521121841454
-0.964984746736059
-0.884395266376878
-0.90901233959239
-0.782138650162402
-0.740800899503954
-0.860244248890711
-0.76461215264004
-0.663030262081042
-0.907536583231323
-0.668470217621638
-0.826501989211628
-0.781378368015882
-0.716676377401616
-0.844688271021612
-0.63220156823887
-0.77207212881968
-0.764492869692685
-0.761561074522006
-0.783927009306517
-0.841901464137544
-0.663210768808967
-0.660497002201468
-0.756686822507388
-0.744358277004723
-0.718501446147132
-0.741431506616352
-0.766939019344872
-0.783252635998986
-0.629056936491369
-0.710563227522096
-0.68956173554149
-0.66390947910616
-0.583607284785098
-0.728559725954986
-0.675534396772387
-0.753252417401506
-0.582206068308415
-0.718273945865867
-0.78728445473968
-0.574549429132215
-0.768800092403745
-0.619372451358629
-0.632960113601127
-0.854806128543366
-0.613647949327528
-0.715560511549762
-0.591742213834323
-0.662621970532731
-0.675432099137229
-0.584813113047712
-0.728492693028525
-0.587036137412539
-0.678730026310724
-0.685906075635744
-0.638519178923034
-0.710445420897558
-0.622777391732657
-0.721693921226191
-0.652647085235981
-0.585601333540555
-0.686765283001245
-0.567475290317597
-0.53836671986725
-0.637380697525266
-0.744012366194485
-0.786937348996417
-0.691094753836332
-0.640024566292715
-0.549751729073318
-0.549567648617956
-0.559535738677251
-0.6238565589256
-0.598369209341035
-0.675841241759199
-0.544640536434177
-0.578884292169875
-0.776834278578673
-0.564821494627902
-0.59459187941737
-0.647382843506651
-0.636769190804396
-0.452272510245975
-0.783203502819116
-0.580726214289911
-0.584919304719165
-0.756064661707269
-0.578767249244007
-0.494564478989851
-0.668777707113282
-0.439375896429851
-0.678413567568598
-0.535222821653313
-0.623988791148541
-0.430628844299607
-0.585526942832565
-0.596124507697233
-0.612909428963165
-0.57935694805613
-0.720102170348718
-0.536360462078788
-0.552103336945847
-0.609845895664359
-0.524360968714484
-0.603326533446597
-0.529913478419194
-0.555851029871809
-0.585732757962483
-0.733405100726436
-0.646013471109618
-0.566097255851897
-0.482043029622136
-0.599017465532932
-0.596686460624679
-0.50104368171861
-0.565143100659878
-0.612735957348273
-0.613578971666181
-0.491135793355386
-0.523699483943066
-0.598533229959973
-0.627862716697086
-0.569371864257573
-0.539116080290997
-0.474261887801105
-0.620618825682793
-0.404330557669159
-0.499982050493568
-0.522557986053341
-0.511477123235016
-0.559068820351979
-0.54479950524609
-0.58255041400577
-0.579662228482496
-0.502365917842404
-0.593218958761408
-0.53835207873034
-0.469910288184438
-0.426816083719813
-0.518569263339458
-0.437095398073525
-0.435562491328244
-0.426386899661204
-0.439610713537983
-0.522913703397752
-0.436119727298693
-0.4848203235469
-0.589001168237641
-0.432152623050312
-0.539991447816551
-0.52272775361854
-0.556705950156995
-0.402492095066235
-0.247539549019108
-0.382161277959847
-0.450779034970408
-0.549946770874302
-0.453241018860105
-0.635412867189218
-0.469711488121807
-0.450898354087743
-0.431538765682578
-0.413106448356879
-0.405900453184919
-0.616323559102135
-0.460358644138004
-0.406960718991753
-0.359234475402751
-0.479704462614594
-0.341395619394059
-0.488288347919699
-0.662373673638381
-0.355597007685459
-0.50999322230721
-0.452357711893404
-0.456678298956171
-0.387603641871052
-0.455901898697685
-0.4582197589402
-0.288747227182104
-0.481345558030112
-0.356251918056503
-0.441263272809618
-0.271032887476021
-0.275201563978671
-0.438355831248489
-0.310831508290835
-0.274260655104545
-0.400749473843005
-0.319959119334259
-0.354145766537258
-0.2663291563767
-0.311420864996663
-0.319931598966703
-0.455885991857307
-0.444555973055391
-0.3056731971838
-0.478540916429744
-0.338390388286725
-0.413287306052865
-0.424511355610533
-0.366918429028353
-0.34752791907317
-0.363043101082722
-0.380771743406272
-0.399968109523979
-0.337310131438348
-0.431343156223136
-0.253382763288674
-0.418268849085395
-0.3707679423302
-0.444826156445252
-0.298392609790875
-0.471151862392929
-0.471871121628793
-0.264185824834548
-0.383911655823741
-0.243176402387475
-0.376638056898507
-0.459715134138647
-0.247033258138553
-0.510397520330643
-0.322097835428687
-0.172055018688773
-0.29207326224514
-0.389801378132488
-0.239946740795178
-0.3178549627969
-0.111067609508854
-0.409288197266672
-0.230050251768104
-0.321292743479754
-0.406107132397853
-0.251786877641169
-0.293713450542839
-0.269672491835766
-0.32358823570616
-0.342864705693023
-0.0555674242508401
-0.37606894889286
-0.344056871051289
-0.359283459076154
-0.224306007581233
-0.238124720892384
-0.380715429142177
-0.211632664644023
-0.376513733607978
-0.35802489583708
-0.261452022682492
-0.273398546229878
-0.35514772580205
-0.15671879832048
-0.24633389403492
-0.248989614648864
-0.236307592193922
-0.230879362753049
-0.247604480269847
-0.322502370940103
-0.318950146008444
-0.262810390835991
-0.28234215871028
-0.215354041169209
-0.333583643421663
-0.164054915419708
-0.266755925314534
-0.305042968165777
-0.300455214877426
-0.393289802221359
-0.313230761862963
-0.177843469965799
-0.15391352729406
-0.171135664504817
-0.237333877703021
-0.351171153606574
-0.303307804204483
-0.26686313479567
-0.32385413234208
-0.168993357126936
-0.267306073855772
-0.244780573616508
-0.130262892242133
-0.102772903515852
-0.201086772441671
-0.36688585874388
-0.0639109664901624
-0.149329094997813
-0.250295853293472
-0.379194358051161
-0.262212088241116
-0.257110275496035
-0.114443513837655
-0.224963294851837
-0.320431457504656
-0.194119780792454
-0.209656331428482
-0.220405887654351
-0.0719002230353225
-0.181060824966397
-0.251672636194188
-0.156104725107372
-0.169431124228287
-0.140696680012059
-0.273268491893978
-0.326660648406854
-0.0385554025530225
-0.230570138101014
-0.143079338507123
-0.190694870542324
-0.265760848112067
-0.123189130339228
-0.215632813286065
-0.214008080282218
-0.082042149109861
-0.109402014539357
-0.0704288007735185
-0.0925285901961718
-0.304513955117386
-0.103254707461542
-0.297043762762918
-0.02774768724576
-0.0984575353085627
-0.204737708795406
-0.16580550320125
-0.240793161971585
-0.180960610324287
-0.0739379415913021
-0.168223376796123
-0.147581888439645
-0.164075226740623
-0.176853612041263
-0.0566218941114
-0.0591477048735539
-0.256675307348597
-0.0878323291887053
-0.145639611549451
-0.152000105616339
-0.177976057017492
-0.293100130716197
-0.162091987028946
-0.158147430540193
-0.0073163466277565
-0.0765386509512816
-0.113188473855462
-0.0647331035920118
-0.122480649531916
-0.00218133358307232
0.0971255199972667
-0.0714118075404753
-0.0839406766596311
-0.0532270765868268
-0.208898772041637
-0.0165247416720747
-0.234021477804929
-0.0240419052006196
-0.10269185225077
-0.0885836426887169
-0.0474796342343666
-0.227420035790484
-0.0086687758710527
-0.135443058206254
0.0864008980191307
-0.0975807979187374
-0.0453901759394658
0.0609232392779506
-0.0586025692934531
0.0242448455171498
0.0156903884445062
-0.0496166252621666
0.0844078581811946
0.0967777438070049
-0.0194203462913286
-0.128230979251979
-0.109510546416882
0.0690582455783351
-0.0905592829692042
-0.192392959006957
-0.111146598012828
0.0220948846262546
0.0550601972483222
-0.0877807723566095
-0.0785574049208851
0.080591413888677
0.0736329401659983
0.0550833881479076
-0.105271097014301
-0.0123216876335308
0.066892973743463
-0.0313218332771846
0.0642857267914064
0.0372235873385958
-0.0130582184796216
0.0794955742149811
0.0428637360141553
0.0577166147209718
-0.151281232835218
0.0515573143192226
-0.00610005637802673
-0.18406026099844
0.0759464493235011
0.225503612152517
0.0829153643258127
0.000434375916508601
0.0791365061564917
0.154499115121892
0.0876504582481869
-0.0119431060072606
-0.141013874366591
0.135725447867338
-0.0339936327054277
0.111525902092223
-0.03893733187731
0.00881772237309019
0.0834941884468379
0.00234680582839881
0.0920418338147707
0.0243421116201156
0.0819328122455042
0.0881273233562799
-0.0211456939591593
0.0822845110507435
0.185421417986772
-0.101709222993518
0.106747571137117
0.169198559581397
0.0591039052039973
0.0291350324094598
0.0965766499747771
0.150041240398448
0.104099087411232
-0.0547623500674835
0.0600549015256803
0.104938352671298
0.175655453316128
-0.0782518668352809
0.190559243168582
0.0902771554691598
-0.0573526247240777
0.105565255086925
0.15191940180306
0.209791875419598
0.137711403673763
0.0233919566721642
0.147815105969764
-0.0335853433818625
0.20778142481263
0.12404034185906
0.114717626314623
0.060983361054689
0.085819452380695
0.00426801438616594
0.0911214567630347
0.100778806314404
0.117299657512468
-0.0807672355214809
-0.0288598844958836
0.0975834070058506
0.00524996607284837
0.0460062769920302
0.0329347264380186
0.264432451228947
0.238455487833587
0.22483195672822
0.26593054495443
0.130369735667277
0.0535190393372492
0.195961378650836
0.154631615983674
0.104635643676313
0.0586668463906813
0.26457647111451
0.0579615600162092
0.282760838740254
0.162738121826245
0.245771449042851
0.272304374242847
0.219834056135628
0.14384756027066
0.270392211406967
0.246427443233772
0.17675960520601
0.315583657925514
0.0676949204527938
0.225381603801285
0.0798867307801937
0.11710574386594
0.0746761273809523
0.335220259948967
0.319411798334137
0.299183882750695
0.184717665834029
0.162265726338845
0.267530015072537
0.096243747712974
0.302236431663155
0.237282108221123
0.298790587496125
0.183262234562719
0.0548659721534173
0.326344311795758
0.143280194725745
0.268298661862765
0.331849364097959
0.0620001784861175
0.249258673805465
0.215779943666098
0.0253283707056735
0.116593697181309
0.463733403643677
0.359600964416835
0.21069113112842
0.181124580086626
0.262698301753248
0.413149691319178
0.287378653428709
0.110805886784142
0.117782431970851
0.152826188143778
0.388113737134388
0.260349270609361
0.351705611972253
0.147550975131277
0.245285413927434
0.209166470331734
0.262705879921723
0.172437792616795
0.362469951407514
0.399259906592834
0.384312253590877
0.166314836597654
0.299030309381916
0.349727608262833
0.397790929168824
0.253145331040579
0.250598056733973
0.345486905078267
0.2425369301342
0.333803331491686
0.237096873646893
0.19596375352986
0.476368548814733
0.400613485691491
0.239104812188645
0.263376290643276
0.346139185624759
0.302260099381592
0.366673807170038
0.236416318470718
0.391432311872921
0.420948874111202
0.410580295996107
0.305697802800948
0.411822925174879
0.446739356612497
0.220723813626292
0.278748485739293
0.358455703404773
0.296798263863932
0.0897249661700413
0.317535074123922
0.293189467893509
0.323976671390477
0.209671261916222
0.40110029890486
0.29770803411986
0.300500102436919
0.444857966103896
0.358466565659911
0.178462596272122
0.333313901598581
0.442894311503713
0.335322779929337
0.394959098134657
0.309387719423109
0.340891480559227
0.278572884109206
0.329119278723079
0.331828874388262
0.504005061032133
0.381158179088833
0.410667297766333
0.324123574782747
0.408013301442053
0.280389933433726
0.326053074078769
0.234446699544929
0.277037306496472
0.367497470599411
0.364452931694245
0.294963554200863
0.260452325991853
0.524350420603417
0.34991333568678
0.265843272409843
0.388971469100861
0.286593366745976
0.257463062951413
0.534480543020158
0.49652982705054
0.473463117667957
0.462005803905973
0.393288758240891
0.281859077097659
0.421936791978233
0.514057591666685
0.423490506178147
0.424622354272082
0.443720863376471
0.3092567755372
0.38097703345786
0.538698161755759
0.413568565837541
0.385871020604811
0.381752242941241
0.404067073837003
0.454626605842454
0.524248241447726
0.338862885072803
0.575405336724282
0.488094895259207
0.493261275725122
0.435594114356378
0.547944216187464
0.473605541681423
0.444005736652759
0.461287948371929
0.354349182831518
0.433082642496066
0.499009792607959
0.456257894542006
0.503120078874439
0.541482062188432
0.484810691646066
0.46685150059325
0.494588577113321
0.452974116352924
0.480349285329426
0.514906979545835
0.496951727744073
0.520331936443907
0.64604092614142
0.583996994582764
0.497297863681795
0.493508297249563
0.528664992971593
0.565843014981689
0.528997518531938
0.549871303037902
0.5175960577707
0.617559749367189
0.532195709219445
0.562879528950021
0.530238618592022
0.546729036620777
0.465655836185667
0.537004410398267
0.673718414771626
0.471853746320275
0.495436916818005
0.508461648780928
0.636165985913337
0.592876148941485
0.605151749465283
0.602074164407788
0.615052837377402
0.494631514110992
0.615959270539219
0.566650547549181
0.660457698369152
0.450767672073284
0.574166152358216
0.823204257174216
0.52952982630282
0.608375852538703
0.624867788922122
0.734079829453508
0.533143647368275
0.583555041125695
0.606699633248171
0.530445822555734
0.622807319193865
0.638755349771747
0.586846286828809
0.707886849419774
0.640221695867968
0.652759433333175
0.678283807255122
0.651588152944408
0.469100271724892
0.490013991724621
0.550422926141615
0.582207458170039
0.689663171104749
0.571526628449534
0.683431470862354
0.579861924114889
0.475022465820065
0.700750369399411
0.636563275376696
0.576086125637723
0.592836593650742
0.611157167214971
0.53607494831325
0.418611249459696
0.58663051871602
0.606155466858885
0.497054367385447
0.600834692773297
0.613279347874112
0.565847102627208
0.551520613885013
0.633370502414408
0.692158850072943
0.668083761713682
0.579191103509572
0.511669561360153
0.726749384037116
0.681150083731154
0.534630415252028
0.474332448569344
0.722295383196591
0.507363240090344
0.807087517214719
0.579191058387096
0.699876412588302
0.808769700656839
0.709867270177166
0.60708620159765
0.726380742999933
0.749039472266607
0.726217643025446
0.717489906248362
0.727244934891569
0.600044899360811
0.660677763490156
0.534005748445576
0.671198194778906
0.497740865741864
0.747400015145537
0.70793466589953
0.705652960179025
0.597356656104601
0.592430280361852
0.710415916335091
0.724611526212898
0.727736997071961
0.666150883990675
0.561476044942317
0.702608911086664
0.711690315000021
0.73970977802902
0.752114082149855
0.721646784441693
0.785942771032014
0.785141508923248
0.762584282580083
0.843927713247273
0.679332393376806
0.723970074098379
0.855472370501183
0.787273267668601
0.75553636647228
0.66908701637768
0.699696902642294
0.691814615033223
0.841468681706881
0.821609865240696
0.83053944050279
0.867868225685372
0.744164804571563
0.750082385658281
0.810724492634508
0.666790985984395
0.811315996382909
0.822307386807371
0.797184319779231
0.810656836922965
0.807737909985135
0.680067973099296
0.796530724167902
0.91957978812892
0.611212781860622
0.644736396818274
0.647257979243359
0.904085709931305
0.897162458728858
0.880115570894308
0.775511892360813
0.864076190447427
0.744768184860394
0.747466792227088
0.866614817398119
0.65148846719482
0.607171772635608
0.825502241484637
0.825323407357193
0.826429565413557
0.752064784041641
0.82212356237344
0.876448790789087
0.848696613968897
0.739684543988839
0.743857159509725
0.839332957479437
0.91618791502948
0.865917320701488
0.779673040317793
0.840442867921844
0.907241019007054
0.731725030925247
0.818564473410492
0.713160380475748
0.894475945418991
0.841545657242558
0.973190571475447
0.710549870907299
0.885936986405319
0.824131752770533
0.921840468415428
0.684257969036321
0.939370977256914
0.894104561146097
0.735202428858434
1.12010090972808
0.809115573943835
0.953451908727124
0.998883466143033
0.917834333100185
0.874527100081825
0.864084186816835
0.898656733096211
0.825847464444609
0.887692480050746
0.90095851171873
0.937373535090996
0.804980233817468
0.71268388540131
0.947815330944976
0.768649512812877
1.12417206263166
0.96759572070031
0.843382819186813
0.812524049948183
0.883367611922703
1.03786437205383
0.861905359023401
0.874484908695455
0.929294263471104
0.824620559845478
0.787604961784854
0.980548992106668
0.769744897048056
0.926684728813208
0.959809094825997
1.00965626070458
0.948265790183127
0.940459972917528
0.976181829355178
0.937426163075497
0.842189940789369
0.989062911603997
0.82841509346481
0.967137340505629
0.825586906081881
1.00184162207645
1.13242013711044
1.01677907437205
0.84892177267267
0.748692150458072
0.918218135618628
0.984217045879117
1.00116089840179
1.05250621330393
1.02719518739411
0.963151192745952
1.02436147164122
0.88201358177377
1.05478440634758
1.11434050997037
0.999281401647166
1.00373350860271
1.00741988462922
1.06589598051946
1.08244105510914
1.01553312105302
0.993819081692581
1.08938694530054
0.934101319993694
1.08898318260947
