-1.03852571497174
-0.878913948207515
-0.965346975679492
-0.946179391230514
-1.02273189174371
-1.09761422328825
-0.977379205434379
-0.809988488589738
-0.908521094765581
-0.964646941220926
-1.00627927394913
-1.04584144366972
-0.969900250274993
-1.0546841131655
-1.06740839753403
-0.961780344552184
-0.979614538066847
-1.17396314405416
-0.996694116845015
-0.99876986035263
-0.969098188760841
-0.933609779287921
-0.845728146894484
-0.946715122368072
-0.836189234272212
-0.948254719510852
-0.889614608241825
-1.04829702783038
-0.957444915481415
-0.761533467315213
-0.888072911045187
-0.870741276458005
-1.17596586772461
-0.866812773582231
-1.08884057749677
-1.04384786647193
-0.84062767238112
-1.06633503267757
-0.952929745192302
-0.805303805257193
-0.960604892630949
-0.880999471095776
-0.684395652986211
-0.737473390057215
-1.0520795770164
-0.839164422268162
-0.978373045454876
-0.987717753832407
-1.07041411383409
-0.784172683376701
-1.1261490935816
-0.96950173954949
-0.959321250758753
-0.730009152765536
-0.935788774229677
-0.79243286266091
-1.01931062758912
-1.03585011265318
-0.755791338305686
-0.931520652865348
-0.79701461074002
-0.970552473109651
-0.852417456482399
-0.850802906791177
-0.839263677666396
-0.803801826303764
-0.812807772105861
-0.928166595573211
-0.823519141510663
-0.818074035766399
-0.919281523282114
-0.819587354675168
-0.9453504852042
-0.67347982493433
-0.738134006278314
-0.717897252895667
-0.844538338665495
-0.733584168935893
-0.826456749166507
-0.804304805199671
-0.824451277604071
-0.757357823035781
-0.886424459611897
-0.755290739970284
-0.775937782954157
-0.692331306652825
-0.759598097171999
-1.004525983321
-0.850567026212076
-0.996654376210451
-0.823479332878316
-0.798658239617966
-0.926866435982155
-0.800950316469299
-0.825316413081626
-0.66920332300996
-0.769524609402493
-0.915983404381975
-0.725134360679696
-0.8127108359042
-0.776590826957637
-0.850157454448302
-0.850006264666688
-0.805360185615399
-0.851233674103519
-0.850636543583476
-0.791440517669145
-0.975600005637756
-0.753924475763589
-0.771156094615959
-0.783894343212654
-0.813288882585079
-0.722537738814043
-0.831176927157379
-0.756864780605255
-0.643768691994588
-0.812065427470431
-0.613256494574447
-0.759397608942738
-0.663419650644756
-0.758568969596349
-0.819095421997035
-0.717394285444146
-0.867327810258657
-0.649627355796672
-0.643950594380357
-0.801498827262794
-0.758460098736138
-0.852125850087474
-0.674317542416732
-0.557867514545913
-0.739500345002133
-0.659757664780417
-0.87761730706082
-0.477674668458733
-0.743698882834266
-0.736860168200947
-0.800130393118201
-0.651010682145098
-0.673639586170698
-0.593896710573946
-0.56787937348533
-0.687820183812283
-0.67042201359992
-0.805776095870658
-0.793103807280661
-0.744491828040978
-0.71220712026268
-0.677163567906659
-0.841444288676084
-0.70080008504039
-0.734777555225011
-0.692995541315204
-0.787646853939636
-0.653542535556881
-0.625554280361233
-0.785431840346153
-0.622042314503197
-0.651755223663646
-0.678189713260847
-0.624967423064918
-0.676489991185263
-0.765535084382612
-0.698948342261136
-0.582120354873259
-0.589339771455894
-0.857322820368838
-0.532407790730535
-0.730638657429768
-0.649819217176861
-0.680385153826005
-0.669486811272006
-0.59437047577707
-0.634067815847436
-0.565261838255424
-0.660401493418453
-0.648590833134618
-0.483738344408938
-0.802991879944061
-0.647131742060344
-0.681955743057501
-0.572325557173437
-0.631046429195275
-0.54443104259674
-0.597798037686824
-0.584513496247934
-0.661768963572716
-0.534017575424099
-0.633994096102931
-0.596145006301956
-0.51549707928005
-0.70786069917006
-0.667645136389325
-0.595928671207485
-0.614449814997626
-0.720049921882458
-0.567599090891772
-0.601921005505838
-0.667035642846914
-0.703150102530712
-0.484099662308119
-0.557430366325057
-0.706377854423866
-0.608336727598926
-0.681940282974489
-0.621583968501555
-0.754359879546962
-0.649235220084187
-0.569836020980521
-0.514096980832024
-0.654598515231278
-0.550598744850197
-0.570408553204249
-0.539204414248744
-0.591523243841475
-0.540639095144737
-0.592912603058933
-0.630569909339662
-0.6093546195701
-0.671992058146601
-0.539185601795874
-0.556489850974322
-0.588091388729754
-0.592942443130889
-0.465601510088093
-0.455624855703446
-0.639300372715963
-0.549614783121305
-0.586284774444633
-0.543929680650573
-0.350578511943676
-0.510488061226343
-0.3858846800378
-0.609161337198762
-0.431282151789101
-0.646311447306715
-0.510292454947212
-0.515099458266093
-0.513851629667163
-0.585758995287055
-0.479798664086161
-0.552168231006917
-0.62054865478333
-0.5997513215353
-0.417477159701906
-0.44801996489746
-0.428731959757898
-0.554337743081085
-0.393675965518814
-0.467835939490949
-0.520250787614787
-0.49773423181794
-0.423180671901588
-0.598132602768708
-0.61084400216139
-0.544581391153831
-0.459433606358795
-0.413592775771968
-0.457517182573729
-0.37009725966271
-0.441172816726606
-0.61051732773046
-0.360072848394572
-0.588656723749545
-0.59363534309739
-0.48607634069131
-0.405441112551957
-0.27935983138424
-0.352910035065183
-0.294228356507806
-0.372017957308197
-0.436106378373458
-0.477554389177879
-0.523871395314594
-0.383532796459142
-0.496088706454882
-0.508966048023597
-0.44587892895258
-0.429902729767086
-0.482737340954527
-0.479833899341538
-0.379250611176905
-0.526047523818913
-0.284495323397206
-0.369665798354056
-0.391469673899528
-0.440496994246215
-0.470636646358103
-0.484795341297884
-0.328065438313312
-0.421233730532605
-0.474994134444442
-0.459557735398394
-0.418832448139126
-0.499684900159493
-0.300453728838056
-0.454144779885413
-0.432948684836039
-0.604391891224346
-0.409888909413376
-0.4361887758361
-0.410468823132631
-0.261862777669342
-0.317057657659099
-0.394215981324596
-0.362652538807741
-0.321237479444996
-0.273868648245809
-0.333834399028934
-0.346348493168285
-0.491555175463642
-0.43650482580206
-0.128123904580836
-0.510699099899622
-0.333915375472893
-0.382664100053936
-0.402911923114919
-0.432312292000586
-0.434040075174941
-0.368683942108278
-0.348892532627638
-0.333464423395896
-0.253612004985551
-0.352604035310064
-0.334477449295619
-0.29311861787072
-0.127756265628615
-0.296556955034425
-0.344485423272764
-0.17831847055134
-0.503317739220178
-0.398946647209968
-0.307081084638101
-0.264359747464661
-0.278250551934376
-0.232637308898641
-0.420795901580002
-0.305440665476644
-0.336702797273281
-0.356185379759206
-0.300755321823712
-0.229374720056019
-0.275900232546354
-0.447325540261725
-0.229634146481327
-0.185403953246485
-0.226079080322355
-0.222846744921937
-0.335112082599522
-0.321782879599961
-0.18894544320854
-0.38682852668736
-0.232064354298821
-0.358776432645397
-0.306555345353457
-0.271641955446098
-0.238925689333025
-0.293946394287771
-0.246764983816724
-0.317818296666969
-0.402715191665947
-0.339325257171718
-0.339203057886703
-0.196761948822611
-0.196294811748
-0.17750391123936
-0.338013794259223
-0.260628915002115
-0.232332040849955
-0.169214428641521
-0.327679393666205
-0.217343543987915
-0.476278902274185
-0.195935412954498
-0.317183733173423
-0.299666982908238
-0.197021177520875
-0.277538269218224
-0.22453179256232
-0.250312479619304
-0.34868040539026
-0.26823624948931
-0.258342019191357
-0.344601613059374
-0.261733625131561
-0.257608783490475
-0.371301589385304
-0.197667267443386
-0.0924735779999253
-0.245846274725059
-0.172506611978128
-0.306400553365179
-0.0711302319387787
-0.132718338737223
-0.298591616593649
-0.312103074350121
-0.130741265559333
-0.238991806537779
-0.375526644070194
-0.140051373226825
-0.20887028744952
-0.228430114994234
-0.219947315646715
-0.245047921713986
-0.292827451821928
-0.138196314625157
-0.0552547123412533
-0.334086310670966
-0.102818898620967
-0.131107563954569
-0.151701363623115
-0.211305578077486
-0.17511509351323
-0.242677970857461
-0.257082917731726
-0.069955299320367
-0.228096567972627
-0.299058834796712
-0.20561641452803
-0.165744932189187
-0.0363324335245183
-0.224589092278689
-0.19791782563588
-0.194584744115692
-0.252950379027587
-0.188285850203214
-0.220122227769055
-0.168513134925069
-0.115239088337368
-0.0745051124524487
-0.130648560387016
-0.118386804052511
-0.236418166062754
-0.113236669121103
-0.0480237459009611
-0.146451895823067
-0.120967943722602
-0.371913475497476
-0.10701941737154
-0.194409897081424
-0.057146091629325
-0.155636417440057
0.00720202717656694
-0.107726452979091
-0.0480335919885432
-0.166264869003318
-0.116238763784059
-0.15954536512888
-0.0930060356516981
-0.0672921693889163
-0.259273084617192
-0.159470835890615
0.0779123508909086
-0.0623365872874466
-0.032860806600893
-0.0894565498177503
-0.0755619921178253
-0.0414628179187664
0.0217340717901709
-0.0201031982990088
-0.0561516071956972
-0.0993844338678797
-0.0468814799285682
-0.00780772915586275
-0.0808280804596404
-0.120070755379706
0.0687738029050286
-0.167378969688719
-0.0108532045450357
-0.0214733166211978
-0.0760864749003238
-0.13246541919505
0.0234587888559265
0.0518983510942554
-0.0407718888515367
-0.155777581522424
-0.29965801008153
-0.0568630251989916
0.056693650407335
0.020241193523081
-0.00797832848895853
0.0305637039169968
-0.123520460381456
-0.0988755325208481
0.0402712855200625
-0.145561126195562
-0.11234803644929
0.0895078537554112
-0.243121497182109
0.0792238130537897
0.0163546943850003
0.102205062090969
-0.106582089027605
-0.0431839332946725
-0.0726931254480644
0.0695818116261536
0.00762732842199657
0.040469873632002
-0.185570934097867
-0.120623971451009
-0.0742212817213211
-0.0889883813780012
0.0248982119084324
0.00380350746807283
0.0567891875059038
0.0495314148120361
0.000829866261591658
0.0669944325042308
-0.158624862225836
-0.00252454244809116
-0.123590975967381
0.0610734699507153
-0.0646231519377396
0.0864143104178781
0.0477170149635431
-0.0282454013567793
-0.0801175927443024
0.0810251190380151
0.0361513000806834
-0.0302444596323062
0.041243752741766
0.165170812457208
-0.0714594742032701
0.0870647077833305
-0.0115800425403138
0.080023326892564
-0.0821456234240189
-0.101356089905838
0.0830503761912704
0.10283703334262
-0.0175247207726434
-0.0789907017909038
0.149154913027698
-0.0146936431851037
0.056513282724408
0.0371944398261723
0.245650464764997
0.0759816228137263
0.0137853570188216
0.0438967193019225
0.183235959123086
0.0573545496851395
0.0476825246965325
-0.0245429723883015
0.0197437986706839
0.0520594165658911
0.0926842297253923
0.0745577708786887
0.088127218017494
0.192870112500794
0.0918183720161592
-0.00214302670652405
-0.0877552199009806
0.0285846268927388
0.139451404609954
0.0751399540570964
-0.0175176879466
0.165167097291805
0.181275263189398
0.0683122068077342
0.113326383044864
0.0601629240541008
0.195578178520869
0.279504433043193
-0.0267198309212018
0.230183557692305
0.1800684611692
-0.0924008589659542
0.151643364524695
0.140573210739254
0.0890837697028131
0.150302170442639
0.232805354209829
0.101102157655733
0.051426406581598
0.0864776320968764
0.334006637664757
0.265743488523043
0.158621524615245
0.179307734756268
-0.038613830351418
0.245859812627417
0.219402794955725
0.0661531240445389
0.0916888798596834
0.0844758070923201
0.169368212132582
0.201286934042312
0.225006845576986
0.0460025383078485
0.131568943224251
0.268070130354416
0.118653313908614
0.22836937228022
0.0720582881376327
0.191582495001383
0.270428401372523
0.249934062155357
0.155550674360551
0.266688082124731
0.134210972170349
0.320423970583526
0.156083842529129
0.332831900395778
0.20931560245333
0.0208189800001289
0.173368706671621
0.288699084408377
0.291950936784659
0.362197960007771
0.186681803147529
0.18677118302378
0.376564052706357
0.324332822478599
0.299296560965558
0.153512556295017
0.108058632927475
0.260216023553608
0.272615065620003
0.0281115586663343
0.22152911677803
0.248251016401579
0.188205617684105
0.27754770180855
0.183029899603293
0.283379289657881
0.111333954087918
0.248980930247109
0.204246461187872
0.380300862079514
0.417066270777365
0.262138209317461
0.112402105116253
0.260977310166381
0.254087701790872
0.330062345446772
0.139839166544677
0.426553243666409
0.279455503328435
0.257842606892386
0.145523845792885
0.305785040036796
0.262109238194394
0.273629523526687
0.167295298880532
0.241710861405746
0.274368659717248
0.368325182719585
0.242419569353653
0.312393644854507
0.391719520576648
0.293269116843311
0.419614016211919
0.432616535877807
0.339705670846284
0.367166351051425
0.308222415177704
0.337365459261561
0.412948727652956
0.240735138772279
0.314306397157906
0.303417356943483
0.35555017264659
0.408440928927796
0.542399587094101
0.416789274049583
0.336686989245679
0.348975949145551
0.270508594183369
0.469245420050497
0.317741870062497
0.401236785008235
0.33739788943035
0.43182221265312
0.232519123794967
0.400852652474863
0.218661015127802
0.238593850326148
0.263785240981589
0.275469662376087
0.430459920094119
0.222562893918985
0.342698250999202
0.299828772322421
0.35214851692309
0.494051656431719
0.438103833265671
0.329671957169314
0.417608603054483
0.40994046096559
0.299305514844077
0.383926737482144
0.328208731028289
0.31954572081854
0.420327478571847
0.422970300589247
0.36041981806335
0.497754552484513
0.480234633452973
0.255687816377008
0.439124572733369
0.525586950064293
0.449973583999556
0.409825990805851
0.334841368857012
0.384108385151829
0.364793304885365
0.408456399762098
0.24665187196024
0.432787527771999
0.555902705071762
0.367301958504766
0.438564655198475
0.583004288645501
0.490543805399187
0.458145041159195
0.360247373150478
0.536620557928996
0.348398761464951
0.407835743645287
0.46055549598173
0.33812638792489
0.471337069975886
0.361425103899465
0.458992122539056
0.349008489120245
0.552338575861168
0.511097016606964
0.347598000768702
0.43472424474414
0.507793552194259
0.455412905584772
0.505906754226174
0.550829486952699
0.383964991284807
0.437652786930844
0.485536489627982
0.579564779352283
0.296575242870863
0.489589746796658
0.435725175731677
0.622174234917112
0.626445216429768
0.420243756706391
0.696934618101809
0.493301570030254
0.55243169945295
0.582722577919511
0.411439325764147
0.460517165065173
0.44446923079201
0.48013529349036
0.506563981171867
0.453399488220633
0.53406393892297
0.421563892384881
0.531541123771853
0.568469058888256
0.399256658158613
0.534450954497127
0.56344945966262
0.509177002480496
0.548575959171839
0.511761431294625
0.503785080983076
0.496164758024765
0.62262668563109
0.561393810447399
0.632055052041763
0.47583894515445
0.444954816515046
0.548864003244953
0.516537383374292
0.543385951568307
0.500775127335042
0.546584605003382
0.498724618979855
0.509216970175429
0.584906471675677
0.570485700360782
0.543766202969183
0.501643638672805
0.586875525049882
0.463451031922803
0.571433387596053
0.509525949864918
0.567326436839729
0.687832386544707
0.519158627645309
0.629453419326027
0.554450068369874
0.526330029365537
0.575844719895194
0.678093659854021
0.501432977860365
0.492873894572366
0.588062178420905
0.618669071282406
0.504952932259627
0.582518377407255
0.533102528162389
0.672557956587347
0.586067845031851
0.59342700538014
0.58331710586731
0.718235303509307
0.585328528265013
0.556814443228357
0.481582485158139
0.69150061797116
0.653872210940851
0.573905778123343
0.672634185825618
0.791816372509511
0.680963865276973
0.592983933124829
0.644090913539909
0.673283728083393
0.49495727060015
0.58107288486416
0.616368908947429
0.705767845371849
0.573675888754771
0.710963917340662
0.630467277961197
0.505791001990404
0.761922208315948
0.684701582631282
0.732834285452831
0.707315317015225
0.570456541133383
0.588552285490494
0.634266849041794
0.790011484815486
0.576923152188814
0.647703472723843
0.687115862281725
0.864743164348308
0.650061293622521
0.668605359655
0.734427443881039
0.747195419660855
0.645932492790657
0.787670375619943
0.678361331381314
0.838440833683016
0.662859078650725
0.811565642642633
0.692163007231124
0.601082491228143
0.740859999370812
0.682122288483374
0.834639952854631
0.683021869459152
0.756225593228651
0.979309846791677
0.822620642150086
0.585766780830507
0.695033431146965
0.798599915876803
0.64722287699644
0.625100599319105
0.649583381914256
0.915317094444707
0.741058312356787
0.70159993196084
0.622025598291894
0.83385236551924
0.734457948541559
0.687376301016931
0.709012984221766
0.77251809544847
0.724152267255066
0.700553179635462
0.785357141523904
0.653661412889457
0.841273124777692
0.768694243430757
0.980115378540891
0.714354843557732
0.616843127115349
0.798243943947697
0.749119860074284
0.697195507662864
0.835862345465855
0.88582994585185
0.783522781096361
0.58033773654151
0.869191416552955
0.727933999061236
0.756260985402361
0.716972435381527
0.876794886306327
0.697866898978466
0.828513206856528
0.813640033968991
0.718192781619239
0.843031289496454
0.634922649833247
0.905387625031674
0.871804165708381
0.738018661459256
0.713540926854572
0.798848033691117
0.746045753936293
0.656696322902096
0.797383435231075
0.850423056662365
0.798249652010418
0.83977175386679
0.854256767977188
0.858041664086381
0.860318049880739
0.849178210507418
0.826233843664305
0.690785461568209
0.824499954123489
0.898164694467123
0.901390639664004
0.83220013298966
0.90350730775277
0.956962765939909
0.785380088352325
0.854891221537261
0.876750318060392
1.01417547043577
0.785183378952891
0.835518303485585
0.797788301791296
0.808195158730136
0.834020450507584
0.745925578140404
0.828106248140234
0.865627416297262
0.816428343769066
0.675307346762208
0.753145575027035
0.816482244375081
0.822227388847786
0.784464814067873
1.03175054656152
1.01935719077006
0.938386351266473
0.842623549788732
0.763116424487814
1.01938973727253
0.788767744422596
0.999795913146068
0.927786501812126
0.765850357992132
0.978206668602921
0.882953424315749
0.820770341013637
1.12254761231419
0.721181787309034
0.875226862225916
0.865562231361713
0.916680760865599
0.929190484454382
0.881021851441437
0.977487710264376
1.01200227034901
0.912120894089091
0.779230015144576
0.944009424739564
0.827704625528421
0.77137269969655
0.962048237939435
0.866721513491492
1.07136271268898
1.03515657609698
1.05454578043944
0.962378735580405
0.847770070762676
0.925188403616788
0.939162031943288
1.07233172095869
0.783205267553586
0.904419535484606
0.932421527686337
0.894229924109567
0.855460438884417
0.903100161899994
1.0632216133195
0.974232741869023
0.93328615251593
1.04721714652582
0.994630963418019
0.851198774325667
0.933136607684217
1.04110836786891
0.900975536830196
0.953193088789625
0.931109857676182
1.05742340224104
1.08124872098132
1.01200031566183
0.968241942126087
0.942938589506966
1.22815221288972
