-0.84622736474105
-0.94849001900514
-1.03573033504899
-0.942532170949028
-0.794066866365193
-1.00622659643314
-0.93163510005377
-0.984087036314049
-0.964750015247428
-1.15967577925154
-1.03233679381395
-1.13056341884302
-1.05814467363368
-0.966707619694328
-0.877129070913954
-0.989336006890983
-0.95214992366862
-0.908886136725265
-0.922765774636037
-0.841492375226048
-0.848824537681659
-0.951477614194515
-0.90476481857945
-0.909929260493659
-0.914872598845737
-1.07141165771297
-0.987405628832087
-0.879843146707894
-1.02571881930296
-0.893105465566285
-0.897328434305289
-0.864897535661762
-0.90743857285149
-1.01513266217978
-0.811739597549718
-0.934151073446889
-0.833687574393817
-0.934431245776894
-1.08556325412149
-0.809100813427547
-0.726193761451578
-0.792390009129006
-0.873923763863453
-0.943918968904103
-0.971886888479218
-0.853804152468584
-0.88329806658358
-0.872387491245285
-0.834344876010482
-0.952192584836921
-0.994089737711648
-0.890151216142954
-0.878811639306078
-0.896578774809929
-0.82811752713406
-0.954494537571312
-1.069196562252
-0.932640774708711
-1.05734789238673
-0.987581151317505
-0.769346215716508
-0.853708511543077
-0.886583423654496
-0.894690608488699
-0.753758396206659
-0.931764656305408
-0.814065886800116
-0.828114404681277
-0.807171001355083
-0.897216040076987
-0.779990877842329
-0.819654200910413
-0.769023654135308
-0.875494284996954
-0.828387034911865
-0.816365718673005
-1.00120724419428
-0.880334056082795
-0.851995380753852
-0.824092243627817
-0.821940495300318
-0.777276478807158
-0.876608066605357
-0.730108154753342
-0.847326587249874
-0.926866777384269
-0.755428275367992
-0.851394747896861
-0.765860157857579
-0.823406557022278
-0.899083385851203
-0.655004853999003
-0.786451048094061
-1.05399178129452
-0.837281052211305
-0.640099935691097
-0.820169160893585
-0.934126428760142
-0.775052435352526
-0.784431334152054
-0.729862672258056
-0.71750041711722
-0.827885046073542
-0.865119916773578
-0.648092182190268
-0.789792239011215
-0.819089568111976
-0.841894516874509
-0.795043088976078
-0.87833668268819
-0.757776573110329
-0.755797836057483
-0.762327626593459
-0.697651504456042
-0.860137419367186
-0.737805749790666
-0.750298277105403
-0.829304587773894
-0.711947204668435
-0.819690968057
-0.935060657691098
-0.764772045197073
-0.647283366827466
-0.623731884093467
-0.57236079468348
-0.649225782520976
-0.819741941802167
-0.7608917456191
-0.82656407929852
-0.61667919722348
-0.651016030579216
-0.720830295473214
-0.749669202621055
-0.760055926310333
-0.765039483938114
-0.779780281353289
-0.72176161182791
-0.565274219816553
-0.70856685427861
-0.609715769565453
-0.694429425871161
-0.777267542450686
-0.65660389216558
-0.893530518314824
-0.732721248865214
-0.587274876998897
-0.643125005658286
-0.684735568696424
-0.747775321544067
-0.560461242432567
-0.630805718498056
-0.688389251201678
-0.628649509899187
-0.673269946294785
-0.661612951782064
-0.752872390006592
-0.670689826572927
-0.845389060120537
-0.71709741373098
-0.835830824512824
-0.66031678966659
-0.559919815677315
-0.657545468771003
-0.755148409488109
-0.766576656711236
-0.743564365822211
-0.711641489197128
-0.663182220929272
-0.594955895358718
-0.676185631491778
-0.760941248913946
-0.734889145228239
-0.624793179538839
-0.669624189393379
-0.55310272813259
-0.473702309904972
-0.650937047994836
-0.656269441236654
-0.614814390588364
-0.650051373889348
-0.851362484932849
-0.692857302316755
-0.688605978380152
-0.813667787505807
-0.669763543415998
-0.721170827152261
-0.643796159496995
-0.684572951326253
-0.65211755505924
-0.529746347648757
-0.677948347677462
-0.623170478337332
-0.618964218014579
-0.714055842790464
-0.617826698768004
-0.578807170002779
-0.453185305563249
-0.687099564029017
-0.657543239579509
-0.631063327601423
-0.526189335786213
-0.547093071485667
-0.45103092952239
-0.604961693714664
-0.54779614021971
-0.419618145385507
-0.532946734691872
-0.515719408503368
-0.480453945346888
-0.549661185274187
-0.55274210849358
-0.469740100676073
-0.59821177626544
-0.481948031997692
-0.445288574839011
-0.52623369073882
-0.581584377086155
-0.400201812480395
-0.736347858262834
-0.424606422834484
-0.507635605283222
-0.429815742145468
-0.647806078256776
-0.651738287474553
-0.567250653185396
-0.611632395872231
-0.555223829909465
-0.541499023145486
-0.468586588013051
-0.535908740453689
-0.523587794803417
-0.6219201042187
-0.434271277023903
-0.480548242347894
-0.551422804513356
-0.512101823824924
-0.546685690686179
-0.525624192174988
-0.620071481643402
-0.481118659716698
-0.52963036247811
-0.654663741431887
-0.41627973148401
-0.689375279987085
-0.591923589914502
-0.592496028840301
-0.434945706391106
-0.486282576384776
-0.437321221388826
-0.547244249993402
-0.300281210827836
-0.460443409759778
-0.409929746265088
-0.518625801924644
-0.520920467205444
-0.48381450768487
-0.531294631170688
-0.633601909178494
-0.511491055305579
-0.477388737366997
-0.552268255265722
-0.505784697650131
-0.371548523135028
-0.501112463609948
-0.535413390378636
-0.357588076913574
-0.456248400839555
-0.382276021420045
-0.546504249806932
-0.453192782520196
-0.407346785335137
-0.539451681327749
-0.579284314255114
-0.580472428622932
-0.420451732199917
-0.399403844370058
-0.33281505623943
-0.384067392693759
-0.603760856261258
-0.325950908138844
-0.4809788263098
-0.598159192494954
-0.43238016939867
-0.474047282698183
-0.497597411272713
-0.44070056079608
-0.419061099467698
-0.464219173979818
-0.409454091938029
-0.473251955481395
-0.530216133526725
-0.450902013799914
-0.357051628796312
-0.393354317027408
-0.460616867460828
-0.298427118009085
-0.223175362706038
-0.37499336347759
-0.316610934867079
-0.46641641059748
-0.507143502489299
-0.301914346883762
-0.394903643498652
-0.405051434611535
-0.315949166007088
-0.274865843803901
-0.311438320785183
-0.366693701354658
-0.340977610697395
-0.268513880805612
-0.430180925695754
-0.224638909308452
-0.46902660214116
-0.259247831957371
-0.34486201820293
-0.434584557016739
-0.385962529064313
-0.478521973076494
-0.260273474879542
-0.291285503328418
-0.34990286498408
-0.36792277887143
-0.385036888961036
-0.282159860386365
-0.399146123067948
-0.238037694665198
-0.31951864635865
-0.342022024461202
-0.405475645625653
-0.378576815116196
-0.382426623139117
-0.281234411899077
-0.217694434448788
-0.413926367285651
-0.448249692892027
-0.172729757612242
-0.256765839937438
-0.36380564850764
-0.321645308149118
-0.235103432922925
-0.334794357358283
-0.269128723997546
-0.252302615053973
-0.312898245276926
-0.42577597088639
-0.304543762986641
-0.276088288598733
-0.233749357765371
-0.262089507069541
-0.380205630622589
-0.313413726469424
-0.352020015503337
-0.330562600401636
-0.240164417102251
-0.448659272555553
-0.208773866009838
-0.166712761134674
-0.310363509436679
-0.259685022090677
-0.357533462492108
-0.279639219559347
-0.357627971090857
-0.266304845339802
-0.145086768804524
-0.29378045237162
-0.49491141691895
-0.408987190399911
-0.278529924975308
-0.193834263817472
-0.34245977450861
-0.141865069323274
-0.292539462263841
-0.38920577787522
-0.287633103467377
-0.267294800188451
-0.353583502707729
-0.166808851178166
-0.331629693588132
-0.26558369617117
-0.351184025156564
-0.251977939829329
-0.285510911983049
-0.338145290276892
-0.298230840478507
-0.11435611641868
-0.212214241111251
-0.263965268684751
-0.194876856535217
-0.326298793700035
-0.238515067412018
-0.241652717057002
-0.181296887146493
-0.110830624327776
-0.127421134034336
-0.255337067127631
-0.303979714383948
-0.314369150206982
-0.237593056084966
-0.140924953887751
-0.187508321234874
-0.14347666949977
-0.265957648390856
-0.154064561267471
-0.128337608252364
-0.215651051306899
-0.109152572752032
-0.0969544113314173
-0.210563092294269
-0.350309907615565
-0.102191571215758
-0.0965784834924557
-0.126886559677443
-0.242984028600885
-0.327093674175393
-0.0539843434033127
-0.119964440909724
-0.228355441372673
-0.0529857098882645
-0.33664097190267
-0.110753009523657
-0.0268782347176285
-0.19537696986233
-0.158601443014284
-0.0813347315691214
-0.206781309886257
-0.139731567166717
-0.104171649443463
-0.190995482935974
0.0435189907120972
-0.204262543997608
-0.21777261865536
-0.0235554246995356
-0.208713370341931
-0.178413613084042
-0.184061838748828
-0.0855533437111561
-0.0482781871881563
-0.150174765512434
-0.177436668725533
-0.114145891623828
-0.169767180044607
-0.0784619311997338
-0.0964733019113121
0.0231982172901954
0.013560134646507
-0.23027982200698
-0.0715739477440537
-0.185974338478477
-0.193836577975492
-0.0837247317983729
-0.277074472667966
-0.0484099861414473
-0.0297751182352777
-0.165062494245978
-0.146751756260051
-0.0233654891272574
-0.0184692457986218
-0.114885945577356
-0.0601171051741728
-0.138072848338322
0.0111829642113379
0.00791472929040619
-0.0918422872471586
-0.0172823891636366
-0.156864857654037
-0.0878769450210298
-0.0917142589684754
-0.0512585123155175
0.151998028478959
-0.083619368943866
-0.0614008121309913
-0.096484109420559
-0.128351154156913
-0.0245166181509386
0.00771173036656127
-0.112212848652135
-0.056051350987286
0.0395502262980216
-0.128430207031685
-0.0233936783477405
-0.111714278718305
-0.0420196756086831
0.0097309071397811
-0.206574444708267
-0.10654257720188
-0.0907223395056422
0.0245815354088255
0.0664650254263213
0.0023462787633933
-0.101753009235011
-0.0282649468341666
0.149224905204953
0.0482053568256302
-0.08273982890557
-0.00338802388258845
-0.0280524849154588
-0.092349344439022
-0.0338748735072615
-0.129637284443781
-0.0680594564176508
0.0469748185164278
-0.0408018652823812
0.0430530251837892
-0.0571379068209619
-0.00399530615907247
-0.0235392734034177
0.161848860408024
0.0448367229759209
-0.0692018562603933
0.0873302805299714
0.115109446156492
0.121694330871866
0.0697068616955719
-0.00745892156484516
0.230869385654717
0.0157545120218524
-0.0318757956958707
0.0278116467648764
0.0878971248666224
0.116385772819767
-0.139968600023282
0.100215492507622
0.0152544501430156
0.046189805302478
0.0369058090271324
0.0601665537776178
-0.0436482446132443
0.0775898175593327
0.115733498527995
0.0929105797811961
0.0288989807759582
0.160469596887002
0.14803085837429
-0.0460590152823338
-0.0103886735456322
0.0469693749277981
0.288115381549137
0.0976754656862819
0.00654423937674231
0.0463472019520421
0.123346845573328
0.129071938210245
0.122989248791156
0.0141145543988154
0.0745408785702513
0.0203457613501112
-0.0476308991996986
-0.0476597592213577
0.0261233569791389
0.0231440977387262
0.145225476620403
0.138574023807736
0.127895685949991
0.199345798064544
0.196270285023252
0.115136081021941
0.142514762442988
0.151580291309033
0.332264019915522
0.0321599070688216
0.15050051043109
0.191318730598122
0.310273915693327
0.104300799455263
0.27407679625882
0.0932362183952056
0.192924467003833
0.266839786597564
0.105161983284649
0.00146384166680817
0.22775446190317
0.260383874857197
0.200487063643222
0.0810394542832786
0.227468755295921
0.119960958511397
-0.0134908988389034
0.0718340766420487
0.184137967675145
0.0915781041035888
0.0496909977908956
0.169134028642525
0.107555487213499
0.282647975056145
0.101985060685166
0.0377987691078613
0.0899691470197776
0.157093619253631
0.0474569153858205
0.3025566759469
0.0557214109824376
0.181038239536906
0.179750516490143
0.181553633993371
0.282032442790604
0.33664563701074
0.197002411662629
0.138548010004754
0.211241791252419
0.164142914288365
0.307341403329841
0.167753405146352
0.273187396685701
0.184423854253045
0.126211364751933
0.195801462370685
0.206615225310115
0.251230296409861
-0.00837349725619222
0.254191328481692
0.220652151959188
0.202541787995847
0.0409341111134063
0.161772552746927
0.155507079293905
0.120769062922709
-0.0319247713373777
0.417585574860979
0.102591382223156
0.250680440866793
0.303553618328679
0.293463453171814
0.19379688251453
0.228573294229962
0.272988040894784
0.209991533103469
0.250108519981265
0.14173477865739
0.255881743577742
0.275369881558979
0.241919892923947
0.214355631774483
0.305601140536038
0.241181687445838
0.277691780697035
0.132093576571891
0.272391842019532
0.223413454094444
0.278318496132169
0.325755405069424
0.25248135786219
0.315856558756247
0.11033649592532
0.347841226135493
0.342090525530167
0.35848080705244
0.270890735218884
0.298918804439485
0.462618625799781
0.287887738278249
0.27230374431433
0.422311332689846
0.266888000904244
0.318664612022576
0.349455758966265
0.338489262881669
0.377548725757433
0.238255426336192
0.388986432417462
0.194604757943481
0.433269369185881
0.478242970310623
0.403083662739247
0.415965821994541
0.439733474145554
0.414865845027413
0.378396359505712
0.332303162279944
0.358626860315877
0.285086679395536
0.462688110430107
0.281119486256435
0.3165392481557
0.121872522061975
0.303975574529873
0.272545811143604
0.327051631066079
0.343761908496817
0.392051211135258
0.377908317790954
0.362793336475813
0.322475174131418
0.339983018745729
0.405032668192663
0.435916003389015
0.460102339864761
0.0611670709198017
0.218323881801864
0.407380138830202
0.53095249942464
0.458419952033275
0.371315406399751
0.303859426498846
0.270878995265939
0.225328589084607
0.461594756648468
0.354206408747151
0.584743668474722
0.48802351384367
0.315193767057007
0.459478845765336
0.358005691937306
0.372991092462602
0.381175497321514
0.431147502725121
0.227657246119445
0.331100086445765
0.424470405106135
0.450259782397633
0.446566333003651
0.44854182224191
0.405993835362185
0.524164108306458
0.395905235673035
0.382745207438731
0.507313867832097
0.481784499444509
0.57777891581292
0.532272743627848
0.364209685581569
0.558819103942997
0.350259722884455
0.632478824157909
0.505164064453075
0.520996398936058
0.434296105388964
0.451255192667073
0.423554618611351
0.388056403558457
0.593936468145168
0.480989605435387
0.319033443480979
0.371327199113941
0.306759861768849
0.37959361387104
0.469299541801906
0.465331375954619
0.434918755158632
0.508212286060117
0.368505331421296
0.567074308480755
0.466988638368539
0.499656342294025
0.358489679115525
0.372645869032654
0.510095427367214
0.528524316945217
0.437778232477602
0.395952840761806
0.480705867591372
0.517544985381395
0.521879055067675
0.554153635735349
0.390378153695743
0.456469359733503
0.527211190945628
0.574333108399447
0.511376568065662
0.533343661444757
0.627158695742136
0.38862968252004
0.596836651671955
0.56958368492581
0.439608674354356
0.567168432717884
0.689292282703753
0.444847991446989
0.510551683781624
0.421983756379523
0.569559010731242
0.536554266593861
0.630156119552048
0.518262715142832
0.644329309538121
0.522551624936077
0.40566878304698
0.536889364182288
0.539191129434164
0.579058453543788
0.531643647133613
0.553581863362317
0.641545589998983
0.548709828409594
0.54387368856734
0.545806526191567
0.65095083873168
0.614588690205514
0.58895687365635
0.599779351860355
0.572477868183138
0.586752344548365
0.542581039207107
0.531154686751203
0.581345346979251
0.707264224615035
0.546954888163503
0.688694574829541
0.483484752849098
0.56222518928593
0.492973260471008
0.672568658443486
0.611895526730171
0.449839851034419
0.746530938251196
0.799231613259461
0.774675081523373
0.635037748374801
0.553005275933304
0.703698053496056
0.681157107014197
0.489104955783316
0.654894990903351
0.613541745461197
0.671534138229748
0.70612962556018
0.515679702144276
0.681997037506279
0.54501199130538
0.611344554883126
0.72642180543701
0.676035694022474
0.735705351130808
0.550201290168856
0.58958727360686
0.703831212259211
0.523937020491293
0.642432991473303
0.741075982829476
0.649105945915686
0.584172171781416
0.752580705475873
0.784088507557407
0.736018904034931
0.661029878862458
0.737508245576388
0.743044464569543
0.517687889537058
0.810176297430547
0.633064510926272
0.82259567059158
0.651399069122181
0.789716931074282
0.639372551708674
0.656216718330841
0.654463727657784
0.638692922825864
0.685827837683016
0.679857813783512
0.823143336700271
0.684939883710506
0.625187224467684
0.684196982679924
0.766178410507378
0.608920577563281
0.606396956087486
0.866037830659685
0.67599455027383
0.676925438398668
0.766104918631997
0.831318668873435
0.584234190579461
0.63179973309251
0.55815648212894
0.860558523644643
0.587353569380976
0.687918038903737
0.643140204263302
0.757815038204259
0.761222769148394
0.853699723544472
0.642670867195558
0.678452899948276
0.73035470171815
0.880801810844274
0.757540589234516
0.698203842428809
0.776999274959787
0.805885737046729
0.678628967818786
0.677224904606255
0.789517593579755
0.749195242502864
0.757969527536309
0.743635680137225
0.802801160400961
0.848054071233463
0.798971417863688
0.630195859745661
0.680055504799601
0.708975448544388
0.692352722197762
0.757456982852807
0.858741942997818
0.7026447104309
0.953076534882288
0.732868013627701
0.702883297700837
0.857801326849755
0.752386718774061
0.758798637572153
0.818853170698982
0.734229435986578
0.876260156714245
0.865807532761619
0.742909236388624
0.79165556863647
0.871696776378406
0.72116779749159
0.94104856122361
0.788800527707273
0.943580519603867
0.81987225884498
0.793322564468825
0.805610062172902
0.685535501469568
0.792171535337845
0.764039631417364
0.828147081125386
0.755950735362357
0.920658775108695
0.996636751970182
0.89774950939656
0.784764261183992
0.876840481252613
0.81034202301284
0.791893028234393
0.758422475922582
0.765853753233883
1.06009995118328
0.844636950455632
0.710145082808862
0.945291412155712
0.880395530673461
0.920633054310483
0.851625415098498
0.928528653633855
0.890320140847288
0.886551744307699
0.815094358295462
0.747522130759463
0.89059085648007
0.950930783364301
0.989676534598722
0.975244344900167
0.844919736157559
0.80889435512555
0.991495931218039
0.850961789046318
0.898694244231419
0.802815703478721
0.884887981858479
0.700020299599453
0.800781203646087
0.929743675070679
0.831986689364387
0.901336610327786
0.77084733477901
0.940973501741187
0.984880821645326
0.954311920728671
0.947196067864087
1.04064689722658
0.916500427387179
0.811960683295237
0.993059236001806
1.07458970526414
1.01676645536529
0.833176370933333
0.999071412178631
0.970565894197844
0.81729270355071
0.820143747617096
1.0372539756981
0.924332057582857
0.954415856779094
0.96724551228066
1.04873310598154
0.885943027873474
1.12874544563303
0.815582270826593
0.961414583091989
1.00423497721805
0.968602097717308
1.1314591211207
0.867786638633917
0.924203694003881
1.04614763312655
1.02356113384556
0.904249916220526
0.99297215266956
0.938029702299388
0.970184311962269
1.00396421666448
0.900041915867104
0.882859247078452
1.05404195126107
0.937665021686007
0.937148852608628
1.1046903289701
1.0033711797333
