-1.06717680918202
-1.06296194452525
-0.830437957537259
-0.918329153624641
-1.21749575603964
-0.993618943711178
-1.03651684878063
-1.10727245614511
-1.1730428071787
-1.03713836586258
-1.1664935749453
-0.877221457746119
-0.979351045911526
-0.909448721853182
-0.986152165403728
-1.03836640978157
-1.06332590033541
-1.08230248597371
-0.921357916816078
-1.0316623645422
-1.12553067539148
-0.913670171282272
-0.837813740512055
-0.920178779150566
-0.905977289336006
-0.964850925966251
-0.90498461279465
-0.948560381460331
-0.970407174271085
-0.845796129030665
-0.856306946605403
-1.10438840081771
-0.839273661726675
-0.822670384532042
-0.863211623839062
-1.01285222969955
-0.781744384129596
-1.07470989127927
-0.906657711508393
-0.755813952447681
-0.842618761588993
-0.833654667725529
-0.90632040376063
-0.79204090524051
-0.810901814732286
-0.96419975165256
-0.801934120346695
-0.882081445419034
-0.866643440305129
-0.852069301392796
-0.924758570421055
-0.955872596716222
-0.934081768516048
-0.910312182457613
-0.86985522809988
-0.936916173695263
-0.918837588392492
-0.895928344903784
-0.941917790373626
-1.02425396398514
-0.978931021767372
-0.806804435352156
-0.82296256990421
-0.867811844000935
-0.858553001478414
-0.787215155205731
-0.82365246178834
-0.833989627870922
-0.816042661435002
-0.850852334965413
-0.880905353821893
-0.952251002433291
-0.705230039289892
-0.774935137846401
-0.840120082815587
-0.845396386157111
-0.766713197522534
-0.949697387092411
-0.833448794797263
-0.813312386725747
-0.832302884013763
-0.928761982575453
-0.818260146460876
-0.878791842059322
-0.80994563173092
-0.782958497867913
-0.773120048801016
-0.964333993440703
-0.940190346235885
-0.8738229245205
-0.770843401977968
-0.891501506361736
-0.893398177624242
-0.776579310446051
-0.902763885933147
-0.894419435054286
-0.806491364260342
-0.947311774293535
-0.758317399099189
-0.766361885133699
-0.672558611450716
-0.972185004261248
-0.577240557873338
-0.815549178090142
-0.79963703092413
-0.758239278813568
-0.642949876880602
-0.741138377865854
-0.672756450265621
-0.584007633205428
-0.823464297565571
-0.683183689793789
-0.752454903862697
-0.735463355442305
-0.821304965179327
-0.686326094695615
-0.762536696141495
-0.712220177674826
-0.810652461709299
-0.679992082340779
-0.718588747401389
-0.71044471730525
-0.767375025893991
-0.845945831921076
-0.591768108974375
-0.860642801264395
-0.817109432582955
-0.720222151785528
-0.744363354562326
-0.915696554824815
-0.765929840401122
-0.740877636809677
-0.755211096388862
-0.634876540743407
-0.638570146100715
-0.604067593204389
-0.762939694101786
-0.702188956091279
-0.636437017118606
-0.662064036949264
-0.655528804381389
-0.614014381779736
-0.827795713017099
-0.750382660374508
-0.804860131668556
-0.665310516861927
-0.542967326900321
-0.637814558304068
-0.70823999783868
-0.663541337659239
-0.616234487360004
-0.737436458750005
-0.705252512363632
-0.712774889520955
-0.63736690311437
-0.727606952585771
-0.739462797893308
-0.707293408949083
-0.666721720199451
-0.749980405973237
-0.705686832051569
-0.867690189052795
-0.730665938816297
-0.658051527197385
-0.613706376685434
-0.599433606083612
-0.53198774589694
-0.654418824906438
-0.631705827227729
-0.713966196906789
-0.735081434046651
-0.770822385132288
-0.672590052321741
-0.79523587108942
-0.73917474849805
-0.50776141229962
-0.648839584140721
-0.652792517730174
-0.72264839146121
-0.67992138752877
-0.626859606332937
-0.731909706570218
-0.669972800730112
-0.647107382021837
-0.516366076885261
-0.580073763643474
-0.705278809342061
-0.703533197234904
-0.574137349159065
-0.732132087178133
-0.768418280331328
-0.62936996987484
-0.586920619985769
-0.583380581556698
-0.677105776287638
-0.630405315236119
-0.653226113796575
-0.292993264064975
-0.643810960090791
-0.65414073852023
-0.531383032710478
-0.563219978728957
-0.63360351503238
-0.507694319609631
-0.686870403321957
-0.610910990393513
-0.771564041673276
-0.638146109560382
-0.606244774253181
-0.548324521591492
-0.60126664294063
-0.546575697931232
-0.399404717395478
-0.518333317080477
-0.522729870554036
-0.552774695958207
-0.707670326866554
-0.627520243542424
-0.499231423122831
-0.623731681540053
-0.517859108099699
-0.531249498566896
-0.588736270683655
-0.477100758167434
-0.614075424242938
-0.629687255429548
-0.603801700074729
-0.508606218487281
-0.493349048900718
-0.611828182456198
-0.528188740277933
-0.518110554814122
-0.535241710969357
-0.584483311588759
-0.555727617403198
-0.456570374839151
-0.42330002455606
-0.538458777324825
-0.548419041923355
-0.618117351419883
-0.464092906327976
-0.402196304579705
-0.547504948230216
-0.307718093026405
-0.523961860282642
-0.570889046236453
-0.555008944759487
-0.560044350003721
-0.311182339191109
-0.555041732475846
-0.456150150285586
-0.466187360948339
-0.509346709542856
-0.499593944860315
-0.385318238092414
-0.455157502974005
-0.476170647500819
-0.372063475157156
-0.570490319990763
-0.465800620672723
-0.430931630328367
-0.450949950932637
-0.555541664382074
-0.422212478932961
-0.53767747525938
-0.55744335073174
-0.542374843518879
-0.509553322149464
-0.461352468529513
-0.587452051097507
-0.521291131706843
-0.472737690607057
-0.464718145642226
-0.434005221079196
-0.476559170598542
-0.656838029388964
-0.585840037356115
-0.214999407451337
-0.52849302772646
-0.362577943894122
-0.408366684003464
-0.506644064367679
-0.449179728270709
-0.375553920235014
-0.375832416768039
-0.385602039204307
-0.523125410853756
-0.480399138876425
-0.38065568407847
-0.375725579621162
-0.475018194080127
-0.286401353277808
-0.401565322647501
-0.508262997482177
-0.445266348777794
-0.477528091927193
-0.487687205637806
-0.270466062045855
-0.408532935898591
-0.399128978423061
-0.415323778038244
-0.400266777096872
-0.43295300719661
-0.38792703657425
-0.507556432976381
-0.533915074149988
-0.507963271707398
-0.352926977326406
-0.376986422794447
-0.375772622778391
-0.418811317200884
-0.265731365388745
-0.467545876729887
-0.304960752500169
-0.260717826706864
-0.532732520021457
-0.28314933972407
-0.396483000855502
-0.31615864565021
-0.275076015308222
-0.389328563161673
-0.49477470842589
-0.303452468356389
-0.346307904075845
-0.229666787152147
-0.258724747252545
-0.351496084665605
-0.36684898493897
-0.405412125883882
-0.586991969827972
-0.195703061077201
-0.25608612381724
-0.16983775894586
-0.263406255085643
-0.381519928591581
-0.395893336343044
-0.180484749745766
-0.440523394999076
-0.316706961050699
-0.291324546415383
-0.369680137706532
-0.399861072193678
-0.307656969596373
-0.387277736853096
-0.243057012049741
-0.289114630415624
-0.186457083322219
-0.332064761647717
-0.336246467655917
-0.22353452684718
-0.292764077913404
-0.302717896415945
-0.34283726912046
-0.426500126212608
-0.248102128048136
-0.0918420378582571
-0.111831643827687
-0.121097026376455
-0.187640008845769
-0.496004050398683
-0.21656951980585
-0.447293970197625
-0.302445998976728
-0.316347046936292
-0.218926641429644
-0.311233317310591
-0.305908209429143
-0.435534036331993
-0.219335322536323
-0.314701484136632
-0.219147768678651
-0.405291140480012
-0.262314428507901
-0.22098777410422
-0.302723814970962
-0.278972004962082
-0.42740590169307
-0.133924153171908
-0.105345877070934
-0.238961552168226
-0.177119128425575
-0.148640724027418
-0.385423560930731
-0.306621618891239
-0.282635503049903
-0.22214217552575
-0.194199310662452
-0.258610780221464
-0.22056375232768
-0.17116916894725
-0.318305679977579
-0.0335277545963585
-0.264750730931917
-0.16688287060719
-0.209219941574227
-0.112229553457726
0.0324332545438779
-0.315923005770603
-0.18978846975846
-0.173236849736955
-0.219223711126364
-0.204510848692872
-0.0597063316716474
-0.171510482724164
-0.319651013428365
-0.202595124398722
-0.234332808882326
-0.142676747673355
-0.292012884906135
-0.238233030312687
-0.272114526004549
-0.10904981682689
-0.107418206508075
-0.167780129106666
-0.187767198843517
-0.156422134351215
-0.0791420317537366
-0.135336480800419
-0.234076157145768
-0.089756491013547
-0.282301374228242
-0.189195471339319
-0.140762819934234
-0.0570328726594292
-0.157569394602435
-0.298317602941389
-0.0918387589855755
-0.13946937096747
-0.16041643129103
-0.0208485495711436
-0.0497035770469131
-0.179736540681058
-0.168961013233116
-0.194206263256261
-0.141380480406713
-0.273541331804604
-0.205291171830336
-0.148744451366482
-0.0846647464369538
-0.176854044189879
0.0174052810311014
-0.180901601538418
-0.049442698120972
-0.136824547783629
-0.165392451908793
-0.0408316433325742
-0.156177844842152
0.030838673562489
-0.0494364767710101
-0.160917879144981
-0.221192850963211
-0.0964832645608128
0.0140045520391599
-0.0646259597629209
-0.00228370920005809
-0.1186197960527
-0.0285594229002346
-0.0409381626327915
-0.0117965062723946
-0.143438810170148
-0.0318560916000724
-0.163708533270676
-0.0173879098227901
-0.0942028460361731
-0.0897337810028705
-0.0658896118477194
-0.0909038464990284
-0.14113807429823
-0.149397202382742
-0.0524813101444479
0.0223583622138048
0.0521583644501535
-0.0144365944037922
-0.0558175865327614
0.0544753559195631
-0.0543658730184261
-0.126950235524521
0.00651458403375413
-0.0562007024408866
-0.0431385681897353
-0.0914644449141659
-0.0196387065179243
0.0347290170017676
-0.0936792905938343
-0.0617719149861756
0.0629147193273956
-0.0633945363655983
0.0641069872464602
-0.0200078664121848
0.019002766751035
-0.141324097537787
-0.0632918695517334
0.0479365804180805
-0.0759153834059645
0.0371796326548807
0.128787738783621
-0.0629426016097107
-0.196974500616226
-0.10497626664263
0.0250991100390594
0.0378978246080204
0.0254916997372959
0.0919646787782207
0.107222635900086
-0.0101993501120233
0.0357525887146604
-0.0550593679523619
0.019867514212498
0.107802911801061
-0.00714999110636592
-0.0552707262663589
0.0569932061943612
0.0402825280468221
0.0231341104217446
0.0948404179956027
0.0249852235530719
-0.120033022466647
0.00247844002276866
-0.0448972920977905
0.0364471369486521
0.049079687970458
0.100192838399578
-0.00789734582300129
-0.09003430320632
0.0135529832713098
0.0157805431176139
0.00689537951308994
0.0582175379359266
0.102362761647043
0.00980391097838323
0.110606699662527
-0.0718709980129824
0.0259336321440477
0.142815052365008
0.142029141136058
0.0568568933275874
0.1467397875081
-0.0500742742919102
0.106304434705375
-0.0138324869983689
0.124653611858054
0.077158012631642
0.0476782594717908
0.0886561711810145
-0.0520602755331667
0.0390480629188786
-0.00206114462617207
0.189462099295968
-0.00182508267024143
-0.0103056014023968
0.00701634902961606
0.0252809021579079
0.180309158251891
0.156506703276057
0.103864229103368
0.0664007353885955
0.207475935424686
0.098639212858162
0.12257159865629
0.120684885450036
0.13374951141159
0.140768490910887
0.174330127761948
0.186870623143777
0.146917228341563
0.325357519453629
0.0927798225100238
0.135118091198802
-0.0788391634982746
0.0178801490105116
0.252547129022359
0.133444503106187
0.282953239464147
0.172419183593438
0.0338367497608899
0.186884868471833
0.120997721292522
0.134390124259038
0.250314564011748
0.223367165679688
0.0550879005559967
0.0688431118430254
0.120867507777065
0.277912008288404
0.0593124508997954
0.090667370992095
0.133926489233127
0.26451630938936
0.207371795206666
0.28534150321347
0.0798889047685124
0.33818486835758
0.312757816051963
0.133407936330029
0.15997492187904
0.211336138023637
0.203587591644801
0.108219661727366
0.202323268116647
0.129958092855857
0.22585066331767
0.121724681110289
0.221444102241793
0.0861759936557664
0.307581405806096
0.321645275694391
0.229304454902932
0.293067395538572
0.344693464263952
0.150735250621377
0.286211159851526
0.215295981266009
0.292120629300993
0.343441346562421
0.211811553767405
0.177048448831518
0.100738831999372
0.290308328567035
0.214075107271151
0.254010618737388
0.208401240130051
0.184639740618871
0.246972770958559
0.141337969052878
0.122920466865919
0.273143935106295
0.251227663923274
0.290069995881706
0.394609191491778
0.273320954303418
0.313182713779427
0.243484720111558
0.280560904906501
0.265065786339326
0.305854949646423
0.295490773943402
0.355688516173822
0.314176689541216
0.390446445552613
0.146400670481879
0.334555769268371
0.337921146089784
0.271249519299607
0.341524599181863
0.232013773043654
0.303433184077185
0.318987524131655
0.291375327968925
0.339101436711253
0.251938021787105
0.286067625347344
0.303443930490045
0.366763344157407
0.384013295780781
0.272910199694817
0.259385922994614
0.346531627242851
0.337635150442718
0.252925340598486
0.296493291984324
0.322251199372123
0.216056726934311
0.335807883490009
0.324466252419749
0.353224210995356
0.482403218536997
0.357646181848239
0.383534594379186
0.306787932202788
0.305293342358809
0.254825609301602
0.402895593554757
0.33068261279476
0.213261634264275
0.352467283070562
0.364038532349435
0.274688916279027
0.403687255400906
0.411188024363529
0.323581341807347
0.24313098302513
0.396808845608208
0.452014349682803
0.33074082481623
0.234038367638039
0.296722821882429
0.340455652369011
0.33591731214851
0.475018277890258
0.510641376699438
0.271405000155917
0.373361996602979
0.199039408355025
0.493783682370387
0.376485341958123
0.292490740297668
0.383548230745928
0.409920437612212
0.361758416700492
0.530167075932429
0.327213525037712
0.524292651591495
0.425677026715345
0.370383616680865
0.486356405588343
0.493921081209817
0.223277647629806
0.383763831932517
0.450816108269883
0.456652630392376
0.439297168793725
0.601489596510916
0.353862178757361
0.423968792713109
0.422533214556312
0.376895808864423
0.480480811242634
0.42764329504264
0.378023204487415
0.377042380955114
0.25145239079937
0.49096230582963
0.413528501389507
0.407669450456231
0.41081333178005
0.401735911795795
0.563635667786797
0.327335807237151
0.316224716370485
0.37511961793891
0.320454846687242
0.447200983398963
0.361735404846845
0.270972878743164
0.451978591261228
0.525717095984567
0.390729348626507
0.538601677594698
0.51546924413618
0.54236157085056
0.500364278231464
0.436533567238501
0.637330926590907
0.383085137767844
0.558808064713676
0.557260390452992
0.465412995834252
0.44972244689292
0.453753886319489
0.552694563688672
0.496478581913741
0.603936627110624
0.496120616311476
0.587372216495794
0.555083563888746
0.545178388374087
0.537037034291879
0.601371605439398
0.644776808308583
0.585556607502428
0.46063692134005
0.504450313211559
0.501362622602712
0.428140668427616
0.62329320720195
0.577476974210862
0.709306440788743
0.607770400133695
0.471603624382165
0.501857419951279
0.63363894810988
0.51032699376602
0.388459395822996
0.601704961708842
0.541944804625278
0.594863997225665
0.484663656668436
0.616810219578448
0.696708811975741
0.513394765633486
0.570769659793881
0.398855569613308
0.477801438055385
0.696678938422977
0.66856840865061
0.667131993692698
0.562838221054521
0.681253298038635
0.586117224255787
0.756906032277477
0.574092789307723
0.466178731644329
0.462218207907347
0.5452117767113
0.44384622308871
0.654606126342511
0.559290567169621
0.40930977070911
0.66044444296123
0.4481622978839
0.60063580121984
0.480326711632763
0.585226997759986
0.633971445002152
0.494014833650425
0.74813310964366
0.574162268185099
0.623929067735691
0.723170853765054
0.621748043231234
0.564675708611944
0.604765789603088
0.57133551067359
0.644682115715358
0.544829249150564
0.58057838019214
0.703047753205007
0.543388294018065
0.678696717874717
0.534085531380279
0.694756530031604
0.661108598749518
0.716305054781719
0.703421704247151
0.773466339501365
0.661979704629125
0.649943317123809
0.73392133390276
0.69318416141652
0.744055708616258
0.633180579238315
0.776374240852958
0.6484206096868
0.69195850630133
0.693400845314187
0.723435476660057
0.84598985612624
0.746823227371392
0.699867396807167
0.617015609961307
0.693256464742581
0.618402824750091
0.648397387986211
0.650936602362676
0.660466535225501
0.742404925427918
0.734222491010989
0.552400464642434
0.702108398825744
0.635269000633887
0.729781829738298
0.810094958619121
0.611525713274725
0.801527267386298
0.753734492933268
0.847870177748165
0.689527856094717
0.723186755120376
0.586199519866503
0.744923981919119
0.688274004264132
0.814270705967956
0.650859969793178
0.722878832835355
0.793967036160521
0.80320990232403
0.707890604460007
0.738694822460443
0.814296286138144
0.685865926166548
0.751736510490356
0.741371755143633
0.740137166922133
0.796742631155411
0.712234984934757
0.842878000204861
0.697944286814538
0.765295758159781
0.64504536699157
0.689006224703526
0.700504323019753
0.800314428095902
0.864476880586139
0.848219128768428
0.675949167691528
0.735608582112697
0.701907320042298
0.845786386156228
0.696678508564342
0.776459792424365
0.765321878774617
0.686160000849292
0.740314323739858
0.70134506955701
0.634876398861407
0.915683271032441
0.668578769722721
0.756310860659734
0.83026734814537
0.735412486161948
0.721443877641257
0.722763064749905
0.779779088949006
0.726783060865831
0.936981275198926
0.910518701616438
0.71488191678731
0.909436739288418
0.846237412118285
0.973449531410072
1.00422072263664
0.810871256092165
0.809270155789847
0.745140520974895
0.816192551042638
0.799874569029864
0.857067437443687
0.813566003170995
0.98279434233354
0.782097521449344
0.76142804031267
0.80361807982571
0.898018770566606
0.825698226584862
0.87928683331317
0.813179240418268
0.910605760350984
0.877926131419561
0.839923260149619
0.811141772362214
0.801081866778669
0.820824819056382
0.813879532287738
0.814313657653694
0.828416651534601
0.910457556051063
0.927569014038766
1.048905292151
0.768769992174006
1.02890705827224
0.71849512412011
0.946879754982727
0.988015433111396
0.909992447204017
1.00215086104504
1.02691464884039
0.859909462251339
0.853533188868558
0.9836578542685
0.878483356303831
0.923923050443182
1.03487151651296
1.0133659103776
0.907915981200573
0.892622446251173
1.09254430416175
0.952172072336422
0.957083090824279
0.965811941614059
0.944111383183589
0.931350777178146
0.951066931074908
0.883053953257506
0.98427935536877
0.836146021900717
0.902006832981549
0.907614938209552
0.927071911555681
0.871758312856475
0.895314979114065
0.765851314006766
0.830695250186947
0.91724372222926
0.983015922717509
0.93120534991424
1.04308345741488
0.949729140232475
1.03731356168824
0.938612546974323
0.972687810825757
1.0303245513682
1.00241415616263
0.998268467247465
0.90613037380105
0.943717707737562
0.944713746675651
0.960928184058007
0.921460793750385
1.03874133228473
1.07761000862218
0.850673508624029
0.90897166712912
0.988774739526096
0.922302660574097
1.04377027467812
0.94847595927227
0.989971593272191
1.12019554146405
0.933145665672319
1.13912137762899
