-0.896661899656045
-1.09786243360112
-0.981608568153372
-0.908462235866857
-0.929913261346063
-1.00929193704582
-0.969816079663428
-1.06071071375044
-0.972889854563146
-0.864472679427502
-1.04413407395324
-1.13703084251188
-1.01770099743918
-0.946734264360606
-0.957380703159631
-0.936029062742037
-0.903423260938353
-1.06016926997267
-1.00386596929765
-0.737117526440671
-1.07918511117798
-0.992269348019356
-0.856997884710762
-0.891163637909359
-0.98513858926163
-1.02470729049534
-0.899244758527785
-0.80478780933199
-0.989543823314125
-0.983364516703992
-0.85753223965644
-0.842631937695139
-0.962623579723412
-0.937812686033665
-0.939921297886602
-1.09877671805669
-0.810536873817207
-0.999962513072983
-0.776950518719892
-0.906081174442608
-0.897884810890818
-0.923876637871824
-0.938044790407355
-0.853423583957255
-0.998679046514372
-0.923024773454402
-0.826566294299362
-0.921684887424482
-1.05550102769211
-0.991750152972073
-0.910237868554682
-0.935876894469889
-0.832438701199838
-0.944029833766967
-0.769705147424933
-0.835497486814894
-0.809977888479927
-0.865860979807773
-0.899970907288374
-0.859635741077191
-0.861631105964797
-0.883745270607574
-0.868863381243589
-0.887083102471301
-0.799580251190831
-0.919269407070224
-0.880410932393426
-0.890427969665239
-0.799429180586091
-0.786616016187671
-0.764828727056993
-0.743080150891688
-0.671177075784931
-0.919037033246397
-0.869884010946994
-0.823593601011903
-0.838180796770182
-0.709991349198842
-0.968342447921336
-0.736361890668531
-0.864972297450348
-0.824130260673095
-0.823844300317193
-0.777465707633176
-0.858991148928974
-0.779526791552183
-0.94430138249348
-0.84642934628976
-0.739618699440303
-0.652608044688636
-0.84740286641115
-0.719985138675286
-0.709031319569302
-0.907426331956857
-0.809525137109737
-0.995155901003052
-0.700521118111834
-0.818255770104997
-0.753665166073165
-0.764906940678567
-0.686503682746038
-0.862223974160712
-0.689890563480572
-0.88427070461184
-0.77000134189357
-0.703539285786595
-0.669559612629477
-0.676771645550406
-0.844194405693897
-0.886988493056909
-0.658900343098957
-0.811072905081185
-0.686095536659237
-0.749281632945909
-0.845906343424405
-0.772984690428309
-0.738181352942228
-0.739721063797967
-0.602769556706187
-0.624083373174832
-0.590009999409072
-0.673276129986228
-0.769765305381108
-0.707061679843371
-0.841404753119021
-0.78660737482563
-0.552547629781748
-0.744830933971785
-0.744446184417224
-0.630656548973456
-0.743435756484073
-0.833125694297293
-0.560410329766272
-0.847292117992108
-0.728881702146426
-0.730352492324553
-0.778167490410549
-0.66137009677442
-0.795567495481655
-0.80961891926828
-0.788506344637681
-0.733891094503131
-0.795218618697741
-0.766660673092987
-0.730686170776276
-0.716083423984571
-0.733693309029148
-0.694682067762091
-0.764186607819661
-0.712492200395911
-0.575921627623264
-0.747687637399429
-0.644132313229017
-0.619746379193531
-0.594025042227757
-0.528623858197593
-0.654026977958566
-0.649326556156945
-0.567921601189322
-0.597941892210608
-0.71634025633611
-0.683181190500209
-0.716561922246796
-0.779229101961698
-0.674241708009474
-0.504806124245699
-0.739255006184929
-0.689010240848334
-0.732733623134779
-0.74781962060097
-0.66254718271531
-0.704337773222046
-0.722636205401468
-0.726187385090905
-0.713585494240043
-0.6836566529859
-0.690211411021762
-0.650156774972822
-0.748705670380466
-0.754727674370157
-0.452564184235858
-0.526406385274845
-0.51944191766747
-0.529164559513763
-0.735211346051828
-0.578895526219737
-0.487784986117581
-0.552887294041367
-0.648289752391754
-0.783278203986433
-0.655939892698585
-0.658371956512233
-0.635809114101629
-0.570096698295556
-0.568919983759229
-0.800080479236735
-0.529254246191417
-0.658038801370023
-0.598165462802662
-0.675184665826107
-0.642302022089303
-0.73174059683608
-0.589650016714652
-0.681133190942594
-0.696974113503063
-0.660713315199076
-0.558260173010997
-0.53176068899218
-0.717091891258169
-0.466414990582174
-0.632329039751242
-0.430530670265664
-0.523530653285805
-0.696371512380684
-0.518534797603588
-0.525323377045438
-0.511019970253354
-0.61181689694621
-0.646996622123952
-0.512835467802126
-0.686038133417811
-0.475129689412381
-0.583370918411491
-0.573333044333762
-0.635367079242417
-0.495843840791712
-0.484202869890371
-0.549960262272974
-0.511218871120113
-0.6453789729992
-0.45097629650523
-0.603464847696942
-0.691081647347408
-0.564314281194127
-0.495834055284579
-0.517608000047072
-0.536125028843062
-0.518022901810417
-0.572996701992594
-0.467500781729987
-0.476259860891334
-0.566450745019167
-0.600440778566532
-0.633110769368741
-0.723539773304691
-0.503687067284832
-0.484553171513538
-0.513200131567697
-0.482733695026614
-0.465608890969018
-0.377725077204359
-0.502984352482104
-0.476574373872239
-0.570935378214321
-0.3911988963318
-0.554988805281012
-0.565486725557843
-0.565459582350911
-0.464239853504813
-0.501650198130322
-0.495239693635946
-0.376309263936188
-0.469823568689555
-0.558835884594871
-0.393570698783914
-0.361101491007873
-0.368556350028272
-0.427418199423297
-0.556985299877822
-0.53383920833776
-0.520102634761699
-0.36378417552473
-0.367578365084252
-0.401219677669315
-0.517647037875244
-0.229093582804039
-0.448028670622299
-0.425644576511985
-0.420072739471339
-0.486610417976982
-0.392139742260246
-0.471373599767217
-0.397075126718663
-0.394363048562358
-0.342510918618529
-0.403412516878801
-0.380408642802748
-0.2846287443178
-0.56431479500335
-0.251747357958549
-0.42048171160943
-0.372515974849311
-0.405655301903203
-0.447674885488124
-0.284422058458576
-0.296101209610495
-0.429064754148601
-0.368024144639074
-0.358599331578548
-0.408055526908178
-0.169893824842637
-0.340007080887708
-0.481222124753596
-0.267661603565177
-0.261995194337586
-0.314322432032804
-0.428946798965757
-0.476119330859797
-0.355421321231313
-0.42175492036508
-0.459570404812145
-0.432761677088866
-0.364814183378136
-0.429515766481981
-0.398852528618126
-0.285976131358546
-0.335119300848214
-0.366742768998691
-0.290573683834311
-0.294219753664486
-0.414839360476034
-0.469831151533779
-0.455933988205884
-0.265152585837376
-0.227296716544982
-0.372977496809597
-0.294684623253044
-0.253293915920777
-0.391138281705993
-0.312642551023947
-0.341402953407184
-0.342810890428545
-0.259126304482785
-0.365092666410616
-0.365258987098567
-0.231065689838904
-0.29336048194482
-0.335122293295066
-0.31938378369472
-0.388783134973425
-0.363101415423992
-0.353744594663629
-0.233225810989709
-0.373269115893827
-0.333844411315081
-0.285100276992305
-0.220511488918597
-0.214710740611407
-0.318705094997199
-0.258355438352987
-0.260908274476712
-0.238688093291207
-0.30766653409664
-0.209063782138314
-0.248483626544937
-0.296038860807398
-0.389801519948177
-0.19024204622027
-0.32315543624985
-0.314632727752645
-0.215608345684297
-0.356699412400333
-0.2522446510967
-0.402768249599366
-0.33418549715414
-0.197623585766826
-0.307331340986445
-0.378524722219234
-0.314357288111516
-0.12676196285511
-0.21131282234408
-0.290814413931889
-0.12814539553917
-0.147739363199483
-0.326825549977643
-0.320067907591356
-0.159390395936436
-0.327281610266157
-0.286908387038316
-0.280581473636301
-0.375409902058339
-0.288998990459807
-0.26972122530988
-0.325777449656789
-0.193938170061364
-0.378110929719035
-0.179078445994427
-0.445575853252344
-0.254800827249932
-0.259761373983907
-0.238189515226786
-0.204588426213889
-0.125989842151501
-0.282309846793667
-0.286961589309362
-0.189754098526469
-0.169017576014462
-0.224038031710875
-0.144070950297311
-0.209198180574902
-0.202150289026986
-0.0453784315993858
-0.311325573857431
-0.184651444442979
-0.162423034908664
-0.221847582554656
-0.0626000134993078
-0.216772976190028
-0.267011848678617
-0.179598012923529
-0.205036570302688
-0.367201300119004
-0.195959181243303
-0.214973286259654
-0.242106370872041
-0.132822759308591
-0.21372841190865
-0.160789201796297
-0.10799709604911
-0.202404542673841
-0.158271857481241
-0.147871076665765
-0.164588859535581
-0.245435589391659
-0.229224921265957
-0.124769006935457
-0.0742227736115163
-0.0735716212638824
-0.0719680688370492
-0.262962516520359
-0.2934682218304
-0.0598528730784273
-0.20432104966019
-0.227719006276529
-0.109653352415827
-0.0188142447985519
-0.29440969981795
-0.198916510032608
-0.175906474433899
-0.17961854288191
-0.184096145912829
-0.339662877797778
0.0427320636920463
-0.0916479969271986
-0.0910485786438935
-0.0622392733176522
-0.157167887983129
-0.174050082207772
-0.230762976958624
-0.0242666775408694
0.0634286820485349
-0.0270660556436472
-0.165413871689465
-0.197807478955645
-0.0447062942767868
-0.0688758042871736
-0.0530095477457657
-0.1006768616032
-0.2258059980864
-0.120087990866577
-0.12979056861098
-0.147569098619167
-0.00258312926112178
-0.135560229931993
-0.106979539412222
-0.138362529494613
-0.0151368218382979
-0.0177698304356156
-0.134623308430304
-0.0990730381134751
-0.0140851673233778
-0.157955572238849
0.00360284324119677
0.0425299202090922
-0.0951970037496433
-0.105299484262346
-0.00740920751594223
-0.0378895822596833
-0.22124621118461
0.0147681438032354
-0.076231324386204
-0.0887598242955062
0.111778594294908
0.000116677561917657
-0.104302179412326
0.00768123078200145
0.12087452994054
-0.194694806072549
-0.0262500399080467
-0.0744282668650947
-0.0777729456084313
0.0585800235936235
-0.156275731711637
-0.172333256375942
0.0149536029166583
-0.143559837328509
-0.0443783549928733
-0.0613086042502305
-0.182401299653752
-0.0990309904882292
-0.0454002494391142
-0.064952311895881
-0.0193146931033551
0.0525741837764013
0.0266592618531415
-0.0301671871347964
0.114838059224163
-0.0916962258697598
-0.0636548993511389
-0.0238457316073074
0.0740519755504229
-0.00722976819498761
-0.0866248262917192
-0.0188740811832258
0.088041817582383
0.12284328783872
0.0371611184064101
0.116769238700187
-0.0276101545413421
0.0066143355200016
-0.0752643712665636
0.0550311776466186
-0.00787675394306526
-0.0538641394262484
0.275475174321016
0.159524451480785
0.117312287021664
0.00050745420464625
0.0315505075601913
0.17287631867075
0.0323457056550489
-0.0199792412919016
-0.0324519536817746
0.0628204038769434
0.225157168439212
0.18529190712861
0.021603399808147
0.0661767295700947
0.0843299346226155
0.126214304419677
0.0861912459221331
0.0501622352720097
0.19382191727309
0.00526180660300454
-0.00335605181285521
0.108616088526693
0.0605556349858917
-0.107246985807859
-0.0128035391639505
0.20248603644155
0.127335312004755
0.155848515969615
0.110469175648386
0.218886278326839
0.211743915095873
0.153257895980081
0.0695810396163625
0.0105041709549289
0.12783738019977
0.0503041207161472
0.128148580618991
0.170204632838747
0.132960780766349
0.103526931582013
0.156312572817219
0.0567832627612012
0.0992167465781653
0.228484213452384
0.240392872063371
0.20486278237188
0.154110631552703
0.139829296644461
0.211527744467862
0.305721301320165
0.236609167572993
0.26904834834453
0.160921952366724
0.153156079520169
0.149003992040918
0.178120296116911
0.117209081739474
0.153530001008328
0.116244688586782
0.164951603859459
0.0976005246895301
0.219154371329346
0.0765301253561828
0.233991928156451
0.0119477274898837
0.357184153732308
0.101553500242338
0.283483051074302
0.155646775897782
0.246096328211522
0.236232779435095
0.167511466329517
0.15946926184635
0.307725922787396
0.249103951829559
0.0899228883485365
0.239346025710473
0.151003876629351
0.24422166642818
0.297450608411034
0.26951323115832
0.323906471509679
0.252844963912503
0.133722056251221
0.236408998251889
0.317474875385291
0.226994405759139
0.41637564475935
0.181568029719536
0.17930995332615
0.17321710654292
0.225808844868077
0.13170981502127
0.374339464207221
0.242486642364328
0.255770834724402
0.171626264098588
0.29251258974841
0.262778231932612
0.138626918197649
0.158040221932244
0.351480256250481
0.215141253672358
0.216719940415567
0.158969444654004
0.364044343727404
0.395320896716584
0.3281564533721
0.389684527177831
0.259565987290312
0.212389340438467
0.309330646807955
0.455275336197945
0.159852891988748
0.208791257918674
0.250363054326958
0.274784710075004
0.162029856879131
0.235045360428571
0.244977859809124
0.274168901435889
0.353543405756393
0.211973976515417
0.257715722965598
0.305321336754233
0.252143253885625
0.37240603143636
0.44138691227393
0.263241456587463
0.392981987490013
0.250548687815373
0.418036862606678
0.236379682040343
0.398662543731823
0.28575163459209
0.339468771281003
0.112404318244947
0.449554519666167
0.349177503265114
0.352505687731329
0.335986927576001
0.206062585066708
0.271036267917257
0.295162238129133
0.306339275476737
0.369870680779029
0.196754791118572
0.301033910276394
0.259922118041841
0.337561961285867
0.299011418615866
0.225044379370779
0.336886172983894
0.487931168043565
0.275866646606132
0.371643731359493
0.323814066417987
0.304364748537266
0.384806792183972
0.426507820399045
0.486270045193369
0.273713916507973
0.425491334034993
0.438282247555508
0.366679842152704
0.398291626115539
0.412612903065538
0.447657387548606
0.38017646932572
0.460375406533222
0.483200240209491
0.470417059555715
0.315044120676189
0.442699076848732
0.540991265055345
0.422236290662401
0.390607201665187
0.394340314562056
0.469717882470371
0.643213225518453
0.442278619512218
0.507001378825065
0.342943156796937
0.224550760959877
0.353588615105487
0.385664026025984
0.493304013313061
0.34669722683918
0.453232467109222
0.245779299604767
0.413391418911802
0.444070211592579
0.410766276895371
0.541568049772611
0.46197041339761
0.648893868964491
0.558045178496917
0.486932353349512
0.601318458039558
0.601408262557041
0.415808489274654
0.598094688173562
0.441300041924266
0.446742280126313
0.481638038406527
0.341101467415378
0.411122053502305
0.540553686328761
0.648365080816348
0.69767471433151
0.401439237193757
0.464825911181401
0.390933761495463
0.583282517180927
0.471647915736661
0.480929455419214
0.448200726137934
0.33194357485536
0.420649251753271
0.41938232856922
0.508880593824034
0.567943587262173
0.546689213542255
0.471592357863761
0.435185008511532
0.633224768853936
0.442013048022494
0.458682191377144
0.418777558644511
0.509787270791416
0.471741287870031
0.339249799902098
0.580464374366695
0.537959003755782
0.506004893169588
0.55377595079857
0.530902241987825
0.450830142594979
0.398697590042434
0.513573398223534
0.686952625059866
0.587257767769082
0.466620437725977
0.418172289079378
0.588560764166787
0.496998895647452
0.617107433392068
0.587301831357948
0.484634346423097
0.614327475674851
0.601960300835485
0.565324860150576
0.535382126250647
0.673491353529539
0.494349638340609
0.489429608031484
0.608608624878138
0.625865124063231
0.47832526681759
0.569626604879082
0.579211655353276
0.333946723619156
0.659174172709675
0.468790431784739
0.351924317035177
0.76007663286541
0.658234491748529
0.583475797861575
0.524268707655504
0.477966931804355
0.643711258073722
0.537277550997742
0.652808008936999
0.619644390046807
0.620950479689834
0.628184662054588
0.683842897407438
0.637832405082792
0.599531029283187
0.646904480859117
0.57901167870201
0.669627455353903
0.741428240070906
0.565388685768914
0.493192646897243
0.489447910582751
0.740993002017538
0.664065686098485
0.703533978292972
0.494815644738372
0.639516054964274
0.552672803228607
0.628315799640046
0.527067042577975
0.601411966894702
0.651045947339911
0.745968606199413
0.629682402748787
0.727271060694556
0.634742903117818
0.621265363274008
0.574774638819622
0.538567395096599
0.693144407786977
0.854313674913564
0.685462389856362
0.756546863854322
0.616103608556515
0.742966233265143
0.776886311379096
0.552786315948713
0.705294388644674
0.615268473354293
0.622079249921041
0.64074452899734
0.748693425206572
0.628701338039535
0.661524498822558
0.66385999685371
0.523600238979426
0.626114860012344
0.732343684339499
0.544147127076307
0.856810639256828
0.641381638078806
0.708006044440802
0.576730145714283
0.75779540821899
0.649205719043046
0.750888641609412
0.801239251385358
0.685069140644412
0.801887339016253
0.717379484076672
0.69435506824191
0.778626205190171
0.839770452275461
0.884251097861913
0.629232693995212
0.672996732997585
0.827088173337381
0.867695221767971
0.737716816652914
0.635319901657177
0.638562411337829
0.771840968603165
0.727533844217951
0.656542613956134
0.675579798908661
0.725270355809473
0.804754853919178
0.714020263222082
0.723037299882792
0.828754373966386
0.858916096875618
0.760410946644427
0.73796753362897
0.684534914746609
0.712979970962534
0.606312032600605
0.752330457890627
0.617912633382881
0.770474293766487
0.688869468953419
0.880445519280538
0.899407752678418
0.786240861092799
0.882054248356777
0.770266092432815
0.823079450530584
0.7538663085929
0.697922520524754
0.688219229561834
0.714436474262866
0.718580310741634
0.69930278911304
0.671937598066316
0.650064332235963
0.780693274544021
0.688751759134285
0.772167846736825
0.725102450057937
0.755156792253704
0.732161578730592
0.729214592219118
0.81812958718758
0.853631503769347
0.822630532470886
0.781041820047546
0.721576848058702
0.870925206188507
0.921964481764065
0.968316896187937
0.822749379799683
0.810509658886515
0.884624376196226
0.779318805365145
0.929592918952362
0.785682614587921
0.839509914825838
0.901137948481121
0.940604836358991
1.01675259806716
0.836469282263165
0.82157567745882
0.789024787412872
0.739320415476084
0.766591451902199
0.901628020709749
0.922485511563791
0.891292828002144
0.979627548329551
0.759306047374618
0.903194619963357
0.904281839024242
0.740791859542763
0.782521733258147
0.88862852272586
0.800395097716682
0.887812578186955
0.969151650492281
0.89856447814248
0.952491411627032
0.896491624339599
0.877812170197977
0.918268881490596
0.917860081399536
0.872772480900495
0.971033027910065
0.859778658652052
0.889471867558986
0.955998049416919
0.792355528014546
0.95038836300072
0.907496749101135
0.730832936960245
0.738538130410806
0.930001016432549
0.843479759942924
0.908021047056183
0.819216808543577
0.918896223082901
0.922298398886597
0.990946562193914
0.91253351071491
0.956881083852064
0.91890793344193
0.826387185435992
1.06106972335924
0.969174989750788
0.944820014128296
1.08128511198873
0.881207036209385
0.893854178289186
0.994270214952584
0.993536335912276
1.02198857177907
0.838792232141538
0.965793941748258
1.02578995492358
1.06741699873282
1.02736389314387
1.15975071925263
1.05617264709429
0.929530566553527
1.07323840278506
0.884197373654311
0.968171533207262
0.99502433580944
1.07168943424958
0.954514107126824
1.18000888460917
0.914703381487217
0.979507395083703
1.03032822821154
1.11652161359613
