-1.06036421751134
-1.05158608920411
-0.830791956834445
-0.925972733522407
-1.20818357925007
-1.01347463966133
-1.03882499924457
-1.09727673325021
-1.17226499715746
-1.04826127206587
-1.15077521709072
-0.868727227312964
-0.995273454159399
-0.906600937352563
-0.993050192054941
-1.02356259335615
-1.05763314014836
-1.09307144998943
-0.917043265791643
-1.02706749945749
-1.10715318902257
-0.908782708358058
-0.82888254821208
-0.927169263776876
-0.916142544424911
-0.969497117795056
-0.919955106869198
-0.944083032266092
-0.944863346300647
-0.852699676885467
-0.841985567893435
-1.08492675357241
-0.842431834688867
-0.831269807604664
-0.862492649073079
-1.03221844798304
-0.781512514529028
-1.08097087661334
-0.911086265333376
-0.76345942889514
-0.853517337057464
-0.842246578444323
-0.904438152616786
-0.790296053932586
-0.810598054938321
-0.96869896382603
-0.812719926714472
-0.902160610261015
-0.871126007294002
-0.858554469523727
-0.914867391386692
-0.944211898050727
-0.944693016280606
-0.921966334444224
-0.887787698552883
-0.948044353265747
-0.892070283732661
-0.887115261976392
-0.914828204707771
-1.00806737996368
-0.994381162338533
-0.8249119275356
-0.833752104775304
-0.886869667945004
-0.887792138662994
-0.794341993881384
-0.825857202745331
-0.846612532228497
-0.805881382750438
-0.853986765801511
-0.885191340910141
-0.9505366808173
-0.704596177751372
-0.768682946080699
-0.864027577935848
-0.848135880763062
-0.76450775668907
-0.957998920200187
-0.820663010159197
-0.804458063070423
-0.847492050860156
-0.914670802255961
-0.816243790264896
-0.853379068983124
-0.804076928487455
-0.780693519319884
-0.778871824376821
-0.970145875590642
-0.944619822250891
-0.889990171711769
-0.786253581027411
-0.877252780990031
-0.884957685619009
-0.786888553259067
-0.898400139976647
-0.898399962682752
-0.808422151184632
-0.94177049729037
-0.748375440049688
-0.758907085770486
-0.675687512136487
-0.942770296731081
-0.570717270505714
-0.802261800160445
-0.822602918929467
-0.767213976725776
-0.628222166070116
-0.754330254972462
-0.698181109385848
-0.598757122747359
-0.835276599790778
-0.688367445382539
-0.735546465505306
-0.732884014139334
-0.839394854324243
-0.713174159952032
-0.76938769934031
-0.739732176378099
-0.799260372249491
-0.687181780567752
-0.693484803332528
-0.730843284247145
-0.749959019111497
-0.856534846221852
-0.580348851733592
-0.877884841229657
-0.819407223382806
-0.728323001215952
-0.749737287788216
-0.908258756522214
-0.784703861580168
-0.717064200551623
-0.784940921775518
-0.642718661600178
-0.639200799649532
-0.619338988541181
-0.774496683018052
-0.719921335880851
-0.60880355872702
-0.645513645498486
-0.658097682008704
-0.598471454929223
-0.815012385707281
-0.742581065419289
-0.810939354486924
-0.663154898057021
-0.530982670453147
-0.632160532168969
-0.697600642990731
-0.644671886017687
-0.617574407931361
-0.724441881685055
-0.682087143919587
-0.712414849778092
-0.664488162603891
-0.719776456226412
-0.778854262090381
-0.711411081393422
-0.665117499471118
-0.744470696153555
-0.695660092640439
-0.848229880692068
-0.713815596448137
-0.664440158318282
-0.612047693607271
-0.606340477016396
-0.541497128857367
-0.661901511693628
-0.625722861431333
-0.695421303678966
-0.742966203104954
-0.765728159168346
-0.652717710744726
-0.799631110617781
-0.768665193792258
-0.511372464175919
-0.630918441555842
-0.664133996846631
-0.711479397606574
-0.675248363267768
-0.632768885421606
-0.71981359666387
-0.68084252815266
-0.647502461017556
-0.520870601689626
-0.596648817301725
-0.720021681851043
-0.709502795705968
-0.558813901028391
-0.726365393083002
-0.765169218886279
-0.618367298460036
-0.597440855641382
-0.587507805117075
-0.669384128358124
-0.624900120725745
-0.666898427831894
-0.322645810568063
-0.625466838762078
-0.666290336611593
-0.526880477390699
-0.565708483987896
-0.656025652060419
-0.517564267263153
-0.689086657754967
-0.614163799475361
-0.75505457987623
-0.647602820118998
-0.622113651101882
-0.536694773299936
-0.616127281989707
-0.517321962107437
-0.419904762739322
-0.527738631473796
-0.513069298800287
-0.551817272689337
-0.719775717412377
-0.646383643312479
-0.474795341705654
-0.584732145301069
-0.508584248882001
-0.520582084834839
-0.599582463338133
-0.467717043429467
-0.616987004838016
-0.612451686463066
-0.589950566684289
-0.501444358625507
-0.498014868315424
-0.595765577359629
-0.520788756586633
-0.500957249171019
-0.538291445152919
-0.593283903821698
-0.566086646236175
-0.43306772005103
-0.434311987704649
-0.55976467422328
-0.56220160143161
-0.627128563596884
-0.460994326437307
-0.405387133683769
-0.551187376700595
-0.324247156493769
-0.554713113779434
-0.570575501375451
-0.55071276869724
-0.578120642284626
-0.320430581926383
-0.559410054322078
-0.437886535848329
-0.477485484529897
-0.531435622508731
-0.468446193939353
-0.35994038139068
-0.434738949506469
-0.507991067818765
-0.385889576071
-0.578842560581144
-0.459117146103364
-0.433139161091494
-0.441419532208501
-0.577657065126193
-0.421529961998059
-0.527304388642185
-0.560135499250092
-0.511390366831052
-0.486947894913089
-0.494078890089529
-0.596351471565923
-0.501504611909576
-0.475278370983903
-0.459445027911842
-0.445973739988402
-0.487594789979842
-0.667827276101707
-0.588186602820574
-0.24298913520185
-0.542114860336369
-0.348787108560664
-0.42406528647433
-0.506254645721179
-0.447606308989743
-0.371058801434073
-0.380108730045695
-0.412706142604668
-0.507859865704057
-0.455373520801607
-0.39317839560522
-0.381710587931997
-0.44470224855243
-0.280373707940943
-0.412442080954083
-0.496297781291654
-0.463093130390741
-0.486387276594222
-0.487320845704524
-0.274601798711811
-0.403082340120207
-0.401815146303518
-0.420861694650232
-0.392844057454225
-0.43378616205165
-0.402919175896678
-0.51035945872166
-0.541103251991691
-0.504687379346625
-0.365057095904141
-0.378562529548747
-0.393058631535352
-0.391898966121941
-0.267495297545857
-0.450352447181268
-0.308582897861156
-0.257853925154683
-0.525269784772651
-0.273964681315422
-0.403576098751396
-0.330926852782095
-0.258791350113408
-0.365289963714846
-0.502926401079924
-0.303029931325941
-0.341525160035149
-0.220426470792214
-0.266880408147692
-0.356492963952467
-0.352246502113684
-0.41827716365141
-0.573056258479862
-0.183769305345946
-0.274168846513438
-0.17642479809447
-0.2679167840838
-0.392223519277824
-0.380441296982759
-0.181015428879417
-0.447326767656688
-0.304474670656444
-0.264578568414027
-0.381858171989715
-0.393293869099234
-0.323448994651291
-0.414103296734081
-0.232865574206392
-0.283938477252101
-0.218050191463035
-0.314923907368742
-0.345642359129001
-0.216901488461024
-0.272598001186365
-0.299305705255533
-0.321300418808757
-0.410384282794183
-0.254946971134912
-0.121750257364219
-0.107844901629958
-0.134549991366319
-0.194297265913191
-0.504928360765795
-0.222617858333808
-0.448268606886536
-0.305870847314491
-0.316923459310452
-0.223443706141906
-0.283092215945458
-0.295021178573762
-0.425087738916022
-0.234275023578164
-0.340914407231748
-0.242412968956969
-0.391693711510892
-0.276312883937699
-0.213337814535393
-0.264442467147631
-0.275094139912687
-0.42531986384116
-0.128231917684932
-0.122896841615044
-0.222551118864565
-0.183447331856146
-0.166656344541384
-0.396681088052964
-0.319873758431253
-0.280965582936193
-0.244178343730139
-0.178152620848452
-0.269864253857579
-0.230192617352442
-0.193005870981209
-0.326021435122405
-0.0535063047809237
-0.269995561651781
-0.161761587294493
-0.217932083308696
-0.0953146175226401
0.0366933246507135
-0.317539742769696
-0.197720447024401
-0.189456906681011
-0.224513361464592
-0.216881391672958
-0.0719171076400247
-0.143525942993725
-0.344555562897127
-0.205318853336655
-0.229590936708531
-0.123341136047993
-0.266345327329795
-0.228293743618442
-0.274858674552035
-0.109597440929385
-0.10264587591352
-0.173777430408427
-0.178935074653975
-0.136727972970468
-0.106796969406228
-0.14426740386633
-0.239915841341091
-0.11405065226912
-0.268645046444816
-0.191970202790884
-0.140374270457615
-0.0720286207928555
-0.156548521226114
-0.297602137719301
-0.10168057153495
-0.131592944119701
-0.139481201441745
-0.022113850201286
-0.0512658386952061
-0.175101603537814
-0.154884925206827
-0.19571245794102
-0.10546412380185
-0.253704511807861
-0.195784670735161
-0.157015559419008
-0.113152157805416
-0.179637282232028
0.00987399278518378
-0.185206541568925
-0.0437709932635797
-0.12287342189263
-0.13990535128942
-0.0206991696941346
-0.174030564134296
0.0373747627412435
-0.0593303309472421
-0.157332230686189
-0.226585935144424
-0.0722382747550358
0.0436522967529226
-0.0839784202736498
-0.0166372301327938
-0.116768463491297
-0.0568550314258265
-0.0313637552063048
-0.0260696813790908
-0.125824662488356
-0.0175220081551114
-0.170425936392336
-0.0223838275296053
-0.0695677279226053
-0.082836788347865
-0.0648647457925025
-0.104234831304182
-0.152363866023293
-0.133311403355629
-0.0640799077106887
0.0204666106108503
0.0350051658060043
0.0211844997346989
-0.0734526460496375
0.0558585082552504
-0.0532878119660795
-0.126888111978491
-0.00712958633993529
-0.0672969005218947
-0.0445623028101811
-0.0625690938312423
-0.0488943509066553
0.0435097217510639
-0.0803347070385913
-0.0621872713128946
0.0592619785896561
-0.0553448514508544
0.079027303693905
0.00955187299117113
0.014933090686654
-0.141035509687331
-0.0882389256943236
0.0463449997813151
-0.0797453117694859
0.0481861288863308
0.127370905482623
-0.0765503527646638
-0.202803288769787
-0.109717897091714
0.0191763244686808
0.00852929029646939
0.0317872698207148
0.111162983441038
0.0969349412489481
-0.0155538329721411
0.0350061172099373
-0.0366669982686732
0.0276179424976041
0.10366193516087
-0.031222941253259
-0.0347824949449629
0.046943070260978
0.0535131138957251
0.0266746006378729
0.105398895226357
0.0219834510301855
-0.150296254161797
0.000316684759005438
-0.0357784738057267
0.0346119639209206
0.0212918251870208
0.103889581671233
0.00724374379827622
-0.0916032293654444
-0.0164743358847256
0.0303980684853054
-0.00197164015713909
0.0776481244246118
0.0893595747974458
0.0113687641784324
0.130542601908158
-0.0732741614167659
0.0280147924631047
0.141289032847714
0.154228834730259
0.0855273705916092
0.147163165747871
-0.0323805960940186
0.103191832004706
0.00286860822653483
0.113188449435275
0.0645205085945837
0.0346326078905148
0.0685494591123175
-0.0712905818871944
0.0453533222819767
-0.00128079457353795
0.192895921183261
-0.010566342983852
-0.0193603815685859
-0.00527655636438738
0.0206342653716193
0.185132602712347
0.152174506941392
0.0982036874013898
0.0516189451249106
0.198519001348903
0.115165425556483
0.153820413702983
0.122928236144887
0.109637860603574
0.136746837381046
0.169738406840566
0.18071197282691
0.16485793898605
0.322028542268479
0.0890287200245322
0.129232443876076
-0.0837458480730883
0.0396079787764978
0.244305198679366
0.11513584154668
0.283481966972503
0.155647779545585
0.0341934622839153
0.15661984056658
0.140347433934539
0.138187097736911
0.249714157339233
0.220461271000552
0.0696362388152937
0.0738924159786481
0.135655824830798
0.289549293633828
0.0688705418099865
0.115862766230372
0.140728142944535
0.259356652874412
0.239049826786561
0.279153134214045
0.0782699766300342
0.340668515852029
0.304871053638689
0.127207322529333
0.171474174447483
0.221388666083006
0.209198981120749
0.0854383837617683
0.216790460384068
0.116736859332168
0.197504463243027
0.109589434881723
0.217133341762695
0.0899399250085733
0.297420190096827
0.335916501664852
0.229079822216075
0.295204716047202
0.349570256458407
0.149545469988181
0.284532115629273
0.202460251221097
0.31965795060646
0.32821179979295
0.217265906112117
0.156300636817874
0.101350884751904
0.300408093885446
0.207872292745589
0.250546604585269
0.219706585487266
0.209760025914049
0.264247987106884
0.133302221673524
0.120019601064409
0.289184635141723
0.282239949961903
0.297666699631958
0.425147444243111
0.292361866349811
0.310428375924049
0.258265410915214
0.249359865580072
0.225215456759612
0.298023422273755
0.288631562730389
0.345767070446979
0.317559857547369
0.394029874138202
0.143707741261672
0.34314959190323
0.336095745532083
0.275425776250989
0.338003305128672
0.223576266289185
0.30602939091881
0.333139423950061
0.291000890228034
0.371607702957346
0.226972488849563
0.270754514742384
0.320708605290732
0.381561201861905
0.385184901064373
0.277180793888041
0.267607839945937
0.358316332560292
0.337786542947972
0.26374795747693
0.305786617635749
0.316858202885587
0.230534502454528
0.325984342142777
0.329303012926496
0.343929148257445
0.445543066867082
0.363466446240412
0.362802994896617
0.294926449633909
0.280113393619098
0.239820348819573
0.405543590599506
0.324412275074223
0.228095001125107
0.37362034897861
0.371821877500858
0.253657823297854
0.428055643146442
0.399419665311106
0.329596043488531
0.242594416688053
0.378828367327919
0.45433079047389
0.340976362509238
0.224358434986788
0.296589384673821
0.328265945295858
0.33794753716449
0.498543386597339
0.517420597726506
0.253893730301331
0.326706770052128
0.213303206295844
0.492886021188439
0.368559176547014
0.318856303734891
0.408931866485986
0.412708424466657
0.36474852959928
0.530353716336643
0.309629172385723
0.527639468133937
0.423168346541647
0.380180683218531
0.483052784385382
0.506848202983598
0.216527852685417
0.390489809741535
0.44506761201761
0.423260601221585
0.464338273818262
0.622977941920355
0.338380376120291
0.425718796406492
0.421182881834338
0.388865072174891
0.473403131170177
0.425657955656156
0.382895882644659
0.383777427105477
0.255473687276465
0.469245748873635
0.40465778794564
0.432943944273432
0.390095910477444
0.399628049594693
0.552789411080673
0.336934355692751
0.310805220605477
0.357175422574573
0.324084373626111
0.440697706053735
0.36262331488437
0.267101896454515
0.45103798486162
0.499306934513704
0.414275158903134
0.55905760665969
0.510442781217378
0.561294736855526
0.501517167898931
0.454464048914603
0.641345774043604
0.381652241411868
0.568424280381917
0.578443412573367
0.45844584919219
0.456934141810256
0.451706690615218
0.56591339397271
0.485855293864957
0.574152978151115
0.452634752973029
0.593330804285443
0.567112191052103
0.54624146808126
0.520758142868141
0.605250995213518
0.637423842072772
0.608532893167996
0.466573115765667
0.498871084875927
0.518962245189186
0.426737558923358
0.620508156234235
0.590952911522435
0.690944928033078
0.590991081205771
0.462977006686993
0.49525040863793
0.643620488467523
0.519378784084799
0.393046522068523
0.592520044750239
0.562735065463339
0.596834302546164
0.489612758191291
0.632925095760875
0.73469850252702
0.506340810285353
0.588349250203675
0.406682878075246
0.483519575465583
0.657904186978805
0.682773420182083
0.649388559654437
0.57413508957348
0.672379736802739
0.600673405226792
0.763168300350048
0.581226490893759
0.473256909085126
0.483606350537729
0.551217576438176
0.447230257083563
0.654190752493417
0.531700651095428
0.418217868368226
0.676406209299217
0.441685835519506
0.58616405915914
0.514645778650233
0.59446243166028
0.614583224139668
0.519901911537074
0.748888075887725
0.561028184421013
0.611052903521993
0.72917665597391
0.626596394782739
0.557219123405884
0.616006368887678
0.57196083450263
0.640396651074665
0.52080373015384
0.592804179470523
0.715747283230586
0.540169230944337
0.67639355122579
0.539749496838987
0.666717985195545
0.650814107325538
0.719349139138928
0.706993489674307
0.779494602228052
0.682986634767295
0.66615784509839
0.737913995734591
0.673687474567991
0.720376917790464
0.612172816169913
0.774306048858816
0.62861719157442
0.683872994219515
0.706734097521102
0.713615503110143
0.84753151610119
0.748479233158821
0.699831660012472
0.632269088559963
0.705514114706154
0.598550983524654
0.655898087033071
0.672620823927488
0.669773900414995
0.760711255573165
0.742920561692616
0.556543761210914
0.705322062487767
0.634221356788979
0.730473782648174
0.811105879128882
0.622801178182947
0.810263699313697
0.721592074376012
0.882212597847646
0.692753222759046
0.721466541018263
0.600492433530647
0.758002003375152
0.693292388544223
0.80920016548882
0.647504132127518
0.738964854996905
0.789485613781838
0.80088560267225
0.703744044045482
0.727195747592641
0.820814995403307
0.692312630515115
0.795102044540146
0.754669420431239
0.739635688691054
0.804353436631344
0.706461541234948
0.841133798588381
0.716949021836071
0.757148507403454
0.640524631081715
0.690357845865515
0.670342145588416
0.790947525791369
0.846557562145553
0.848136711958725
0.708681472164769
0.753887272478663
0.70237039038591
0.839924806419292
0.6852342276412
0.757752952953349
0.770315982643558
0.678591764344194
0.753878257635714
0.708588241292481
0.644913041027695
0.916048604561797
0.669416232849617
0.742337600749499
0.831490145086533
0.736011742647809
0.743375634382269
0.706961396419023
0.793653733297233
0.718747962020125
0.932380999916963
0.90673037244047
0.739824943434479
0.923056118230408
0.858016603855331
0.957366684320206
1.02869383026306
0.80690403377517
0.809425168415693
0.76653950119048
0.849441916227399
0.815443903732631
0.847374273774602
0.797067755289896
0.972787570019792
0.776440147163125
0.792558213661191
0.800639876066684
0.895505376394764
0.830104488795963
0.882409049081186
0.824040108432998
0.9098317732193
0.893822161852861
0.84088433293398
0.790949991732945
0.796007273995913
0.829317204996466
0.841507345630982
0.802994451011669
0.844121087152777
0.925836793782027
0.928669302968492
1.02404262966066
0.791467816810626
1.03450151014996
0.716759162376336
0.963095308437082
0.986687839250876
0.90628257415599
0.973169686325455
1.04605729531153
0.851046561089299
0.859967606017478
0.966475543134431
0.896028052480056
0.932802255987736
1.066919390439
0.983779717168167
0.931090175325837
0.875983857743332
1.09034734587659
0.936894695216348
0.982382546599622
0.961349540387034
0.925769193882515
0.908142653975813
0.944623239021131
0.889843924694481
0.988754113445016
0.862704312778559
0.900899350639203
0.922322478087936
0.894590553828844
0.891496983076641
0.864088707264988
0.754069362558138
0.820446057145208
0.961235162984108
0.970302573563467
0.946601204886994
1.04930817243718
0.97627307930809
1.04483648117995
0.932532023432227
1.00754558949601
1.0055866230045
1.01392352941456
0.999393656570075
0.899342372720292
0.934990265387988
0.949879565731211
0.941401190239374
0.903478576039033
1.05758412739649
1.08001682391079
0.849028464733656
0.936314443072397
0.974242532404744
0.916187519444477
1.03281268534368
0.934408478455472
0.964845688075037
1.11474132655854
0.938842680148804
1.14328033606138
