-1.01483307125507
-0.899729221923707
-0.969518091569556
-0.925169602203652
-1.00964973831561
-1.0811302926228
-0.970562009029471
-0.808736226370613
-0.892739634677031
-0.971253016064925
-0.989976531455563
-1.02619806793332
-0.990405591013412
-1.07025319181046
-1.07431021028967
-0.965943496013488
-1.00447195101787
-1.17598357948531
-1.00964914016187
-0.988668072894446
-0.978292695081245
-0.955211837588752
-0.843557251374496
-0.953346120477709
-0.829042378297291
-0.954535888197116
-0.901824507168764
-1.04695113339837
-0.954180456383821
-0.759733503113657
-0.894743776361249
-0.875817956119579
-1.15296699865748
-0.872951430556375
-1.08806405459995
-1.06128941799593
-0.824569745599723
-1.06488931961158
-0.931940352405112
-0.802774285195388
-0.957550406739259
-0.880330747079359
-0.692289149322912
-0.730999972031273
-1.0427242204717
-0.847449478942308
-0.980879952411577
-0.985453482503192
-1.08107649560122
-0.777985860973252
-1.10985602675302
-0.986204251701681
-0.952453530053206
-0.726959584795067
-0.938882865828305
-0.786541767969319
-1.02852057266319
-1.00215517868004
-0.739333576714577
-0.928766974293
-0.810954518939316
-0.992417277837347
-0.849772706569108
-0.854709143481169
-0.862825574409937
-0.822047266227314
-0.815003357235268
-0.980032085999311
-0.848479021687375
-0.818054455304857
-0.92620864320503
-0.814303043176755
-0.936449510152023
-0.684687152420924
-0.757997481071259
-0.719273009477031
-0.849284960056629
-0.745396135245677
-0.834443428029461
-0.797196726080263
-0.846929441184323
-0.769469372816687
-0.888456837624756
-0.744147095651269
-0.749799999635622
-0.663577163061039
-0.735147158527832
-1.00066032057977
-0.853517443838747
-1.00020082777309
-0.820983669280851
-0.800392235197786
-0.923560478038737
-0.798954954117545
-0.803256894343651
-0.657009441547128
-0.763780988597117
-0.90278197193035
-0.724214570015216
-0.809727920485369
-0.772848730951747
-0.849433329671803
-0.838108263600212
-0.84208981795132
-0.811330871872418
-0.850663437157272
-0.800856325425543
-0.95668231582766
-0.753692785371267
-0.746389867207476
-0.785940793367945
-0.81738983518515
-0.703327041689237
-0.807414148175872
-0.75524702088235
-0.659528957463811
-0.793232827415665
-0.629662585655421
-0.758792030671603
-0.679806606587419
-0.783308986839318
-0.828928117672527
-0.723804595380011
-0.871378817110381
-0.64935997086562
-0.641204404455933
-0.787221520855705
-0.773780947134776
-0.861310076192513
-0.684226468043443
-0.560335150041158
-0.751871736081649
-0.652392728620334
-0.880406633912536
-0.504421220954465
-0.740434810049736
-0.743348504082399
-0.791702900839912
-0.669281033617784
-0.670255443819201
-0.583282967564006
-0.582937363680129
-0.686049273418356
-0.657073166099715
-0.79393386180609
-0.788658740604863
-0.743025952688209
-0.716084319363716
-0.66065572189032
-0.838783932690526
-0.709964208708361
-0.741905473983657
-0.701357764417104
-0.775157158514186
-0.64300399289205
-0.620542441266793
-0.776592600643864
-0.599703842754273
-0.658324330232353
-0.686564153991568
-0.639281475573647
-0.684300434704209
-0.743688665804849
-0.707727080795652
-0.589164056629765
-0.601532281868925
-0.858720885330925
-0.526786802493273
-0.716621591063707
-0.634372391668009
-0.692364868709256
-0.668478857437055
-0.595074316794804
-0.653610577477916
-0.578769422849707
-0.674101361441301
-0.643680781715202
-0.487373607378754
-0.785951085946429
-0.637166488765431
-0.697877867206542
-0.590025486491934
-0.646422154905176
-0.517528746778541
-0.594613737073314
-0.561091860984961
-0.649628649882975
-0.533066611585345
-0.655473815193075
-0.598839649572715
-0.520575773964483
-0.696145522677729
-0.646452550953362
-0.628022250425161
-0.613618847393043
-0.735418391795158
-0.562098692229189
-0.600372201475567
-0.66622797608742
-0.691405530990384
-0.458204600953006
-0.572102597699579
-0.699854752750247
-0.61083313700679
-0.700993015399719
-0.63116808419189
-0.762426158757699
-0.661768984920473
-0.575875652949596
-0.530017974949148
-0.621258992948279
-0.547513296614475
-0.584821008933177
-0.536718757570602
-0.566077000363249
-0.552752129372729
-0.583014689260671
-0.637641847147153
-0.601180661940635
-0.669899657552032
-0.519376235913971
-0.564891612017396
-0.585136379712021
-0.584269054426198
-0.459945259033123
-0.458522097850831
-0.640323361551182
-0.523793140353194
-0.594387025525463
-0.521064953240687
-0.343185986888697
-0.510077456734987
-0.39939287936964
-0.612698348171977
-0.433268903336075
-0.645181941352341
-0.515516773219784
-0.527903616291684
-0.535533135071097
-0.593646706120616
-0.47513021776949
-0.527795223942031
-0.65040372022062
-0.617811096761666
-0.428402363850634
-0.44168167514484
-0.424810737628754
-0.566561791102992
-0.419515338053723
-0.459816767456549
-0.519211323638618
-0.502611514526038
-0.417484634760442
-0.574319100476083
-0.614244547945556
-0.532329425956476
-0.452042820318499
-0.440420682572161
-0.445405631209778
-0.353497034818417
-0.428161793770809
-0.617804993726287
-0.360707576863872
-0.580603386931407
-0.571758935295147
-0.477383781576459
-0.402262566068406
-0.284665239167447
-0.36579883277791
-0.297032881153188
-0.381296824415348
-0.433254420963825
-0.47880587266088
-0.519476722326042
-0.381707213756317
-0.504001707819198
-0.539246370386447
-0.421542952927759
-0.431011875179533
-0.448041894696686
-0.49654874517318
-0.384916002649814
-0.517135688244205
-0.271071310390021
-0.381512320056454
-0.393038640088925
-0.446792801689391
-0.45794807532771
-0.50154067054654
-0.316497148483471
-0.414937429835215
-0.456279006535325
-0.485359169991981
-0.413116168669841
-0.501719334059731
-0.303462353285673
-0.43435650289166
-0.448819907526276
-0.59490301096404
-0.41297211685935
-0.434788355421699
-0.395598472943848
-0.260908822201797
-0.327672297226764
-0.382496867583137
-0.362656929534891
-0.327934675281642
-0.287099696804619
-0.327004031051857
-0.340061112161691
-0.518961959377141
-0.43405888432373
-0.163328415343169
-0.508377439607333
-0.331625541551448
-0.355712736492467
-0.402833389064785
-0.425058824901131
-0.432488505327861
-0.349420877145569
-0.365142034064685
-0.343857183325264
-0.256314234125204
-0.35919012458524
-0.346680545610539
-0.292094073444777
-0.108351998387924
-0.284182448522688
-0.348194440391352
-0.177641429810653
-0.52368880024887
-0.381336010503898
-0.313173973007027
-0.271524337005528
-0.278013677980148
-0.214408367244153
-0.409020451012233
-0.30438094782248
-0.334264366963996
-0.373107327445524
-0.312665673233069
-0.219784813939232
-0.266260275791502
-0.444393655374904
-0.213956215080767
-0.18654322763811
-0.230827629033057
-0.217944949519548
-0.351077940070651
-0.281871307008612
-0.21078401341006
-0.386179033193473
-0.21616046932795
-0.324301783285462
-0.302573030299249
-0.281291500251972
-0.2437311381453
-0.279955535486429
-0.243792198732381
-0.320566109599368
-0.387883151713552
-0.31979490334039
-0.346549921333357
-0.205109968203774
-0.173938677749268
-0.175790676419706
-0.348952297094616
-0.268452111621676
-0.227939586840933
-0.168652587953932
-0.311953175119066
-0.228684846379136
-0.458068904831187
-0.201345721388622
-0.328138135576573
-0.294433136069032
-0.188129347010521
-0.282475966203828
-0.226663562630556
-0.276690214917256
-0.374344685120045
-0.277075181886306
-0.255249148733774
-0.359745477871395
-0.279513386336592
-0.276407322489877
-0.362216724534762
-0.193298169621406
-0.0918192283468642
-0.227172182677507
-0.158143436080557
-0.309606669591135
-0.100301328863922
-0.157094870171524
-0.301579653754446
-0.317112767072154
-0.106395789943841
-0.215935491501163
-0.371962853379241
-0.166855735591752
-0.209573747728323
-0.20474641758051
-0.243286817551473
-0.259591325444105
-0.306635916241687
-0.146123973123835
-0.0862631927675133
-0.298882545395552
-0.110206657583032
-0.126409848751101
-0.145872863597457
-0.227824929696708
-0.17126640067944
-0.237734375936542
-0.246226766659347
-0.0753395184462231
-0.224665595165704
-0.316801455393993
-0.212044166234839
-0.15213294988569
-0.0194215902014038
-0.234847518326365
-0.200201675802722
-0.18566379847717
-0.241670209068221
-0.191982216252485
-0.216778631848358
-0.175800470378718
-0.125237172177389
-0.0725435528322887
-0.129011038085694
-0.141049585700618
-0.228215662221874
-0.117331431402341
-0.0448294594596621
-0.143530165534372
-0.121648953060386
-0.37553862803773
-0.0955078471372322
-0.196379011770124
-0.0530147886793564
-0.160022125939244
0.0280294737898749
-0.0796585110035177
-0.0610123201599065
-0.155999863470019
-0.104982330725464
-0.152536903283393
-0.0922014983315948
-0.0365779398464668
-0.26529193443278
-0.130049947035246
0.076838501735556
-0.0645677754505027
-0.0225054299267807
-0.0904841014299031
-0.0707024557888467
-0.0572361409801556
0.0178326682351153
0.0161200125167024
-0.0703818720318563
-0.112504636940647
-0.0504091500922941
-0.0232212360533687
-0.0889065336507949
-0.105783641119069
0.0856866958945894
-0.180764821157171
-0.0283460849962412
-0.0176749698935784
-0.093261168113196
-0.142161763108149
0.0149598861850336
0.0569576670777674
-0.0689145539070757
-0.153549319289519
-0.293009466115204
-0.0597916842564836
0.051095433769606
-0.0117989930782951
-0.00296205770088529
0.0100244768095271
-0.12265449916347
-0.0654885314783012
0.0454107137863354
-0.144761821274832
-0.11537428214641
0.0830656653476207
-0.240175976015728
0.0517697367686788
0.024217328440293
0.118368761832031
-0.118539199656475
-0.0441417862369117
-0.0613612972663102
0.0725559193074741
0.0252387381327387
0.0383746353269465
-0.193474426511721
-0.111976696970476
-0.0511666087762067
-0.0910455749990126
0.0356373139890104
0.0197826755661748
0.0915610499942781
0.0616267869460545
0.0145355489979783
0.0902750288832947
-0.184490759533889
0.0210041579195812
-0.115348067237004
0.0582228571081475
-0.0727362577331448
0.0803803104039435
0.0505023856278437
-0.0350590400233568
-0.0702878499322105
0.0933665078676327
0.0254700675507178
-0.0190210592504045
0.049652792048597
0.164768938486267
-0.0690012128977561
0.0556923489259635
-0.019338760020945
0.0627847096671437
-0.0827064057555957
-0.107202297488304
0.0902392119821639
0.103790941929309
-0.0421056688475016
-0.0568275891453491
0.154924237598472
-0.0178884172832343
0.0434886212801963
0.0274628147065105
0.251593714134089
0.0989060271234296
0.0383278963319897
0.0429512974945454
0.153520645791393
0.0403232853511301
0.0629155518982525
-0.0194739565884259
0.00482706900254868
0.062498940641826
0.0854963859849926
0.0853210106832435
0.0872073197748495
0.193462287591051
0.0778385531131101
-0.000453125362843909
-0.0988183541686761
0.0398724393017454
0.130868576891873
0.0884572027305899
-0.0307452254380946
0.165416424441813
0.184601360120766
0.0669271244457528
0.0960240864672836
0.0770840647026637
0.197965545013109
0.262967175032605
-0.0360665283987309
0.246936463880425
0.173912940251219
-0.103653292886268
0.148130756474409
0.141734984787757
0.0740296611470137
0.148465196344406
0.202947595872803
0.0903871431975562
0.0350969347882482
0.0678281844714678
0.322901021724904
0.256126569217837
0.179370155616177
0.189059411531585
-0.0429852691728542
0.248756010139565
0.234355256282546
0.0627408499290271
0.108013071675168
0.0901116276622083
0.184033867975546
0.196802732591268
0.20906584301027
0.0816480937028269
0.115127487166761
0.281722015981652
0.125677939762328
0.249581703248443
0.0613407710982442
0.206846018282681
0.285674652923045
0.256560362516244
0.163159342875822
0.269388341866487
0.11104868661572
0.323967203326911
0.15054708866572
0.315535629298644
0.193756140070997
0.011611261914403
0.162340445233338
0.30137958905237
0.278698775195349
0.362586300805302
0.191211841379534
0.184382058658919
0.367111347282655
0.322409927163765
0.293015527334689
0.152798606109891
0.0903309610519495
0.27879306819604
0.260065331151668
0.00917581178853683
0.248671182033037
0.271158837547368
0.183682627061754
0.285067976269647
0.193548735527882
0.261424957039561
0.147275257857991
0.258218971692207
0.203263123964731
0.398783547716856
0.408291920363888
0.243306308224417
0.113959429522463
0.269859729828907
0.247421797602481
0.329102774587508
0.121979458247352
0.420209213131081
0.27523135040457
0.254175790542577
0.155185207485824
0.308304767408967
0.253597001831937
0.269849586661778
0.162268990467526
0.255166511232695
0.281476906261681
0.354629379956631
0.239098860386279
0.315195916887563
0.396357954855347
0.270942019773275
0.418063748896865
0.461069050446994
0.322440255152732
0.346426888798285
0.318366326659952
0.331538148124244
0.402759851160178
0.240352151574948
0.300527554096553
0.294114987486563
0.352455744253095
0.390611677147265
0.538894300520273
0.406212778516518
0.322379610182611
0.326260318437625
0.301546415555191
0.477678102083068
0.305330726158844
0.395151471474597
0.345639473169225
0.430559178207288
0.241970721942092
0.418512062386834
0.216043428855
0.25462821026241
0.272371868261126
0.293078394066472
0.44426617572182
0.221010151160703
0.357782219501838
0.298663254215583
0.351843513091278
0.479528304953273
0.427023720874031
0.343241086664148
0.380926524315004
0.432367918903035
0.303655207653577
0.399175464468526
0.324323909589744
0.30725003264774
0.42332907019416
0.427928290001336
0.359002924571813
0.493038255515484
0.483310595783426
0.240990897733802
0.439099098107379
0.518469096925681
0.456866539025134
0.41825442606357
0.340182828456649
0.398598689228022
0.400478895988508
0.416155721814273
0.248938253153771
0.433304756418037
0.568420717023434
0.357860142878043
0.456033903102917
0.585885518798209
0.48669582419054
0.446191654830511
0.354656340893771
0.5336269526381
0.330215298725579
0.425441377169217
0.468920515711528
0.322633549127647
0.471767884834625
0.363049036049087
0.465907916155553
0.35301838799259
0.537175952578564
0.521284412189419
0.366733439627647
0.42993972356574
0.503084288629069
0.452002900324135
0.478383824230696
0.545163501362074
0.371255118818937
0.454529775440614
0.467389599982243
0.591587597696952
0.302478603078821
0.488563115038685
0.415327228054486
0.618916203325642
0.63700567958137
0.409313062417278
0.67842360726001
0.492792870089573
0.536970483906852
0.567176329395367
0.411195322558639
0.464471623412851
0.450771749295638
0.482308434821567
0.494109576727256
0.462689319283027
0.515775093193063
0.427407994040819
0.528689992526613
0.549973019462887
0.394169406417126
0.545812704046583
0.556283944732349
0.51881618855808
0.550916246213494
0.490518112708669
0.489896783143072
0.510745207619109
0.626116400554237
0.543919394030044
0.631164463403169
0.461478167027197
0.434117221258354
0.541931478984896
0.516048377270097
0.515051404634605
0.548485388906628
0.527555583072647
0.508843948511786
0.532374662344049
0.57633756962582
0.576899073568108
0.552870059888977
0.491991047365948
0.580757483658535
0.448328649907439
0.553477108816991
0.4794473700275
0.532633256639624
0.711262218164997
0.526137878313898
0.622102059641619
0.527195378666323
0.539479011110721
0.585160065846085
0.675236785797099
0.507538227924186
0.513732855509104
0.574797041340719
0.615077155369563
0.50911478037495
0.604023573685431
0.530222686320687
0.677120466993043
0.567839266937646
0.604044686223547
0.592069695887011
0.713488198964328
0.579233215820338
0.551273066592467
0.462338838127599
0.705349962522961
0.647130394025363
0.562607276120044
0.677625642582996
0.781994626455943
0.663039197920363
0.60295932262228
0.646313273704811
0.675952019766784
0.492115925537707
0.577626867751462
0.629581681791704
0.7135178198446
0.60104717393191
0.696422001297114
0.642012835404403
0.515281060351715
0.763914880077039
0.69601761514687
0.751898819972474
0.70147402321251
0.572220893844256
0.598830429282307
0.647725181200229
0.782880898727788
0.577558118563987
0.619377028267119
0.677531336510549
0.857035015522965
0.642396318482687
0.678515129878775
0.717085290203643
0.747761829751713
0.614325529427265
0.779041561628566
0.668167415924331
0.83353893750307
0.656124885458936
0.828589229953028
0.679494048053236
0.60958729419211
0.718182882086327
0.673502032764699
0.832327776923484
0.673690197909261
0.767397303024994
0.98448739623445
0.812627340932525
0.585488785081169
0.678328470280864
0.796232319160077
0.664376062039885
0.634290922669101
0.661265985075257
0.900837418602607
0.743104801879026
0.71032509715876
0.633409982126088
0.836784474727497
0.717049592409695
0.701592401263112
0.706338360037666
0.806615597248524
0.714822066620368
0.713325246776481
0.810430566885356
0.635127079016532
0.81438716390736
0.752088849709766
0.979826700192732
0.711467689862155
0.625678831106947
0.826419917807369
0.752771826693624
0.688795421024726
0.847717674290289
0.888401120082826
0.775093040451008
0.590957252727907
0.861705139118249
0.725616938907236
0.792634681159359
0.73237959471305
0.873571040477985
0.715822044918328
0.821664526246876
0.804375907660106
0.72811521206709
0.851478972241826
0.655371165909264
0.892444446576696
0.898625961594433
0.728710566965532
0.738318959840828
0.799799027863122
0.762263227310042
0.680070930078914
0.800375824693204
0.876349590495664
0.810169125153525
0.850078688769434
0.872086791030771
0.854696796420995
0.856272688050645
0.87202531620058
0.82760337151553
0.674620388257443
0.803437414650255
0.881061714794701
0.882108606083236
0.819646913949053
0.899408535666158
0.957821847688282
0.768000023095298
0.840174793123742
0.873061915771447
1.01278612210552
0.796993269780589
0.8381996034674
0.805075943949856
0.819115761617882
0.847366949004078
0.741089177898151
0.813662984530808
0.862342494432675
0.797247396496408
0.676879856495775
0.757525611375512
0.813239113867496
0.811362650962999
0.782177044116845
1.02303347218419
1.04470802230001
0.935304478966479
0.829787388321898
0.779065145456743
1.00936991489458
0.783074599092745
0.998942925987798
0.906585689869873
0.758948350810304
0.980350070445513
0.886107367099701
0.813324927512022
1.11748354226863
0.719572290910483
0.884572898190473
0.872909898945427
0.934458383757481
0.902172615021705
0.878507545615885
0.966911363523625
1.01942498524071
0.936736883701378
0.799123627022728
0.931110030632306
0.83919855287888
0.765223935702779
0.975863504109734
0.861939173680242
1.07924626787856
1.0294787405797
1.04448058808323
0.983777403443343
0.816719080722695
0.919038212808882
0.94557449606473
1.06357240571249
0.789692802423747
0.899395037955543
0.922272718823914
0.87833322213358
0.857379294601112
0.889058527582135
1.07364726956093
0.975389772592779
0.904359249519335
1.02848675371169
1.00878327760298
0.868859592143925
0.950658735050301
1.03909161164091
0.910925639286092
0.950925191675876
0.91917892008857
1.05062383432359
1.06520427230415
1.0237975559602
0.951672672735077
0.965578801208202
1.23392377426808
