-0.890915764123765
-1.08691917425182
-0.98712371168826
-0.915900413930917
-0.945961837158858
-1.01849180889808
-0.96591212372279
-1.07639049721569
-0.965307103472087
-0.878220738052169
-1.06740979836187
-1.12581024223322
-1.03221175580987
-0.943528157138459
-0.938551266420271
-0.925568159048515
-0.904808819833219
-1.06835463102224
-0.985543431834674
-0.734341559359655
-1.07108811956226
-1.0192561768353
-0.855364722252869
-0.868985049397555
-1.00883138260315
-1.01106999448296
-0.912233947070327
-0.799505418797067
-0.978484809806385
-0.990586142239965
-0.830393517563242
-0.848056245397579
-0.958995162606445
-0.914813618226883
-0.953718754083973
-1.10234398123287
-0.79665823486283
-1.00372738612816
-0.790174955885275
-0.882014912057579
-0.92197001027305
-0.923362498928387
-0.960863113864171
-0.86620669372858
-1.00292502693816
-0.922945927043675
-0.838789954083502
-0.9134205118934
-1.06274527832241
-0.977091650560845
-0.887314558741137
-0.905962520327705
-0.827811250564466
-0.935925888636676
-0.760525446523426
-0.840618437044713
-0.826232023400559
-0.865943972888683
-0.929121995779156
-0.857325506573551
-0.872242099320394
-0.874549884100721
-0.868020780018108
-0.898864641519575
-0.78549287630129
-0.94040210632193
-0.856744642393966
-0.891889036913205
-0.759814565535571
-0.767298562108034
-0.762518571667124
-0.752444916756227
-0.686891221717361
-0.889459383280215
-0.846641527276406
-0.822799596290982
-0.845874412157154
-0.710030556360369
-0.947534983903717
-0.745447442585106
-0.878592990189865
-0.828911221004149
-0.821036208891598
-0.772577714115152
-0.831201416137635
-0.79719208979635
-0.925568878537089
-0.867156312521925
-0.722666755004382
-0.658971788128918
-0.838948281153993
-0.710542620723571
-0.702754971427693
-0.904080528595063
-0.818873628272434
-0.979906348415602
-0.714632155004221
-0.811267242187306
-0.745899467512098
-0.755782257860219
-0.718769633246929
-0.847729815113729
-0.693939618221785
-0.861809687751025
-0.762844158984574
-0.735906053203448
-0.672400206369498
-0.667166465934374
-0.846030907780189
-0.894717961141492
-0.656633850428364
-0.801235253442896
-0.670396144704302
-0.731008007129865
-0.857015741683286
-0.788849865076566
-0.764066956886696
-0.731208838874367
-0.591803796169348
-0.63420305651689
-0.583628629807424
-0.677369870368605
-0.755034552583815
-0.71473493594047
-0.840839319634158
-0.797629552129504
-0.565657080737032
-0.731299183840656
-0.756043191288606
-0.603380109956998
-0.744165039823071
-0.846616179564689
-0.562619921037772
-0.84458541596409
-0.73415577882115
-0.702991815435665
-0.767183971740703
-0.654850795509472
-0.775704242277605
-0.811328341593223
-0.803912712821448
-0.721656416386889
-0.781585496582615
-0.746964453520551
-0.746279799128715
-0.727602254695243
-0.721896643739303
-0.701362079346511
-0.774692915121915
-0.709709904367854
-0.593407224911583
-0.744613412508877
-0.646873065675619
-0.630764651798606
-0.605351164773356
-0.544796513360161
-0.661886652884739
-0.656514631890375
-0.557727598269398
-0.613913415849515
-0.716858863905155
-0.685065677420887
-0.710292860168406
-0.809088840268426
-0.686330092775464
-0.519088406466287
-0.760441345824473
-0.682528456244573
-0.738704170276194
-0.755170962453711
-0.66540056665318
-0.71709733030521
-0.718596696603205
-0.742334344099934
-0.700796382324118
-0.697021467834579
-0.670137204626631
-0.651970388322964
-0.743987602506186
-0.733322340020607
-0.444129593317369
-0.538807730848432
-0.520161246555649
-0.544075193761972
-0.708905496132105
-0.582970073583737
-0.488925620314516
-0.566401929534215
-0.648896227268293
-0.771065413463737
-0.657027115940501
-0.65824795989024
-0.628189909512881
-0.573229962238211
-0.600362478275558
-0.799955074168081
-0.538050513166533
-0.682944271323829
-0.604398666995518
-0.690810020027618
-0.645829771673866
-0.735227396231266
-0.617852209612007
-0.661299261920557
-0.72201919053697
-0.640469335485339
-0.570237255725848
-0.533385629114433
-0.696036008949756
-0.477761707718308
-0.621715242488757
-0.426763698628757
-0.525310848212083
-0.684931264260266
-0.504914730128557
-0.520243683886004
-0.524433046236721
-0.615715023132251
-0.628532124190665
-0.513708961167988
-0.716374085776132
-0.505291400342802
-0.588335688988009
-0.564125429306749
-0.621288768369039
-0.488545111354388
-0.473428178995849
-0.539093683127099
-0.509763464275907
-0.63848510621892
-0.47792308229473
-0.632476554639241
-0.700586661082722
-0.577119614937143
-0.484152514288931
-0.52041639065693
-0.546376681625176
-0.517737593858707
-0.580826139114103
-0.472528170497204
-0.472103548569989
-0.554634090053322
-0.602997233489448
-0.62145706168142
-0.711459380168863
-0.516215710287965
-0.478022447583536
-0.500172479883379
-0.487554283160357
-0.463651226455783
-0.390382159651194
-0.517843722246423
-0.485094218771906
-0.570959928452449
-0.383883724693056
-0.553927883944646
-0.552002683107055
-0.563113627858363
-0.506504145661249
-0.511872040548507
-0.509621365210923
-0.379289874067475
-0.448151458834946
-0.559091235373881
-0.387427344873842
-0.374545063108497
-0.383593469964461
-0.418156816241308
-0.552343765128112
-0.524904999643551
-0.53014056947555
-0.381620671353131
-0.381502184068328
-0.387536884990151
-0.548034370805311
-0.23899520971957
-0.455631626819339
-0.436650503621429
-0.415619189292091
-0.489218361006054
-0.400411738147887
-0.495075414011508
-0.370371148876183
-0.391034113784446
-0.346971617658946
-0.391523973392749
-0.394917570987247
-0.282306067979278
-0.532946693373286
-0.296638320388099
-0.405551871035696
-0.397476814772224
-0.413546907411662
-0.449351087843049
-0.303191333804515
-0.314841089829591
-0.425347395182663
-0.3641959960642
-0.370110074090955
-0.417725228008382
-0.181508891215114
-0.325098226844396
-0.451860987158565
-0.291305978910051
-0.269021883688238
-0.326991201663118
-0.419152935400242
-0.460024174975983
-0.365405674505598
-0.418217347421094
-0.479452158331085
-0.423260986059084
-0.358195759501647
-0.45329236870649
-0.416493823401412
-0.280247176614213
-0.343662341037092
-0.366842988887325
-0.253887573728458
-0.291329748782546
-0.401839955786332
-0.467991479031615
-0.432228680331042
-0.274662573242185
-0.226270918367692
-0.370983388392996
-0.307352046611236
-0.259430840439426
-0.352799940771823
-0.337071223897777
-0.345297064997241
-0.324244724513307
-0.269024448574412
-0.391576381940961
-0.364176448456844
-0.222266048846351
-0.280515059294841
-0.347669680298931
-0.312327413778095
-0.395641808535077
-0.3762348573639
-0.347787720539071
-0.235472587883856
-0.360377533795297
-0.326199903477235
-0.30643190751418
-0.195312003033484
-0.227778597684559
-0.311936459666862
-0.254469420122126
-0.266392651867012
-0.227063941585592
-0.307688739295434
-0.207920452197816
-0.23636225947066
-0.287021058158847
-0.384554387412549
-0.200283370036508
-0.290297227033125
-0.302078137034624
-0.222927216774759
-0.351396522938082
-0.259888342943162
-0.401334338763769
-0.328047388702407
-0.211293367136046
-0.298353974002626
-0.379671785834449
-0.288817144705576
-0.106761782438796
-0.205283560232385
-0.289264529701109
-0.119642501394147
-0.152686303977609
-0.341150243374484
-0.320850158564924
-0.193053520682417
-0.345649963548282
-0.284099130596691
-0.280196974914454
-0.362034641717406
-0.281075464623119
-0.286407273640502
-0.329301478036627
-0.192362970010397
-0.381439609770366
-0.163892587858717
-0.447510851001767
-0.256269691189255
-0.28348547713728
-0.228159991370743
-0.203857919608643
-0.133725615927011
-0.275075593929469
-0.30393280567255
-0.190383522824986
-0.172153235471976
-0.217911816317751
-0.136403307721025
-0.194916502890377
-0.226997787395902
-0.0264475407387781
-0.313671139313934
-0.208320607898012
-0.162312929681952
-0.22148368518789
-0.0473991374397849
-0.207284913570975
-0.257903703682547
-0.191608502633979
-0.20700759704151
-0.338077767690661
-0.213208552435766
-0.219635994508229
-0.242952193209541
-0.138794982524018
-0.222096325036169
-0.163818691945842
-0.13173812315147
-0.188306167453962
-0.174546765317282
-0.135105022153248
-0.152993967491722
-0.229343764194117
-0.237788389701437
-0.145717901482705
-0.0571642579378637
-0.0687061823938536
-0.0893224662410714
-0.260734534326511
-0.258663225698131
-0.0624308225812378
-0.18795884800158
-0.225190646389525
-0.142311263657297
-0.0240152902536982
-0.305317034842086
-0.207843008178526
-0.178483696794257
-0.172886457607604
-0.177550161476805
-0.329401221961326
0.0285440306093143
-0.0803231623064052
-0.0855020200795995
-0.0414401676899346
-0.158420183418561
-0.177373310398166
-0.231958155717146
-0.0289536112270956
0.043961968733807
-0.0181674505589506
-0.166799135332805
-0.203278205815732
-0.0235804595189921
-0.073130175246012
-0.0297214477382423
-0.0663096073830424
-0.223800215109412
-0.12669288338364
-0.120071088537915
-0.166303984171361
-0.012859869467052
-0.15057258038154
-0.113364324098687
-0.123828471792177
-0.0110330805662301
-0.0160582961467254
-0.150839416554065
-0.0981893027976341
-0.00910670179881221
-0.165158634651072
-0.0248644561568101
0.0483136638556854
-0.122697113419106
-0.0969206335698109
-0.0212096362344079
-0.0555243901108639
-0.198567434644473
0.0253336685467794
-0.0772288158735491
-0.0927283246067972
0.132407480749149
0.0124920092524293
-0.0951020586867655
0.00104287976331959
0.112880052104647
-0.193607298292844
-0.0299620989899255
-0.0792046751493172
-0.0748582570025799
0.0698611276559965
-0.141015941316154
-0.168905578786689
0.0192181046226352
-0.11606546960648
-0.0336001860626161
-0.065658317773704
-0.180266587384269
-0.10633625873019
-0.0531946326985243
-0.0549139107447268
-0.0189598900892498
0.077571592037329
0.0265294885078464
-0.0386896198749117
0.122220932463425
-0.106526745459077
-0.0503885867931722
-0.0313204588212987
0.0658185860748656
-2.25773675083347e-05
-0.0960057814702036
-0.00669849181374581
0.0839991047903469
0.122995739305677
0.0374899621474302
0.104386956331617
-0.0241757647941659
0.00469024147136032
-0.0633049894167204
0.0714060875226269
-0.00322782559584567
-0.0712606354108684
0.259168950106828
0.159956747228246
0.124761512743496
-0.0290540028962038
0.0344801609724925
0.168184462891111
0.0471312714253391
0.027980984765077
-0.0510605646800679
0.0636307317192565
0.21203495341209
0.183232508519634
-0.0053103005463601
0.0599114371631584
0.070426186677654
0.137358876839881
0.0737829002641596
0.0337353229896302
0.189767758268259
-0.00379928543779452
0.00103743877094455
0.0821393830084674
0.0879333722112055
-0.100655475440791
-0.00745579052952413
0.195803505006265
0.122689211604544
0.159859314010787
0.0901344901125026
0.225132409012309
0.232841274895016
0.143430397176041
0.0557878142791205
0.0116628031094342
0.12221592206555
0.0328985152150982
0.0908913404480421
0.150113736332232
0.141970951427564
0.119395785028392
0.15337443962354
0.0353080478719177
0.0718168685105534
0.214268192663097
0.229499232588768
0.194704653965595
0.164858545721075
0.152308469413013
0.22346882858628
0.317091189068857
0.247362434301983
0.280709986161123
0.176912662805564
0.147841020691419
0.138826848044246
0.164764689454448
0.10585801344788
0.168159724968232
0.11531704314008
0.177158527789253
0.0898248459488949
0.203777554023568
0.0726935659252178
0.243674989045479
0.026660006379311
0.347218993964614
0.104482108959676
0.256499801338368
0.145251843100335
0.226840058062141
0.251523472879444
0.155794985988147
0.163025747608327
0.299865898374317
0.263464617381466
0.111622635288302
0.237580927904948
0.168680520373551
0.24418761789606
0.282860799985389
0.281049228346775
0.330388214004246
0.269565859477233
0.136272078797878
0.23160350579608
0.313243165699463
0.198144216965357
0.438836147795266
0.186471691013339
0.17809210516619
0.155568252605892
0.235667753288507
0.119573330642115
0.359055832830139
0.23568313310387
0.251299589790987
0.177196273673454
0.297269376491473
0.244696186458544
0.143765521505583
0.175817680903323
0.332206281379865
0.220513903616678
0.202279434945184
0.170528719621503
0.379504892846132
0.411276074021201
0.340403404931972
0.400084156482629
0.255778560087917
0.21229476488805
0.28224039666248
0.46257161221346
0.173429235431095
0.217978571654158
0.25060812087636
0.268329929961793
0.164986627341724
0.217871812144077
0.253327371039267
0.259761369579516
0.349803224943412
0.213551716254522
0.257138251855208
0.309561553370961
0.252450781983828
0.365192755169642
0.442527039878156
0.267537980506204
0.407285119535799
0.256202595561384
0.412721715925138
0.245551406808216
0.412072308216519
0.324866616464446
0.332991350331823
0.119069942699081
0.470038667862264
0.346626987988816
0.349270235478414
0.326573362248895
0.249724426901026
0.256823810926844
0.311670446670665
0.296579486872526
0.345806048444554
0.185821143802879
0.303714894469694
0.262293603883503
0.350104905248858
0.296496790311903
0.245287318029942
0.336508223159656
0.476664476498657
0.289657726550161
0.365694065965318
0.32979654972443
0.289831758757486
0.395739099007407
0.429241390159033
0.490940363274256
0.257575400238952
0.440733708113523
0.450728140011837
0.376523586183126
0.393032970791877
0.415514434044363
0.450662262541883
0.377226006135523
0.455024431870109
0.495090101014957
0.472281077525426
0.341219295685944
0.423074700078243
0.536964722708945
0.431316080725025
0.353905526406388
0.411977020952397
0.46703750924356
0.631367673952721
0.442209965331148
0.472947672813473
0.331835662273712
0.221580797180908
0.377319072984803
0.37063052866017
0.519415240770734
0.315805766850417
0.448550718772382
0.258113795037372
0.401390444132835
0.43050408410561
0.39304660381455
0.544241359807767
0.456901952947716
0.638908825186189
0.555801101708116
0.501485583907992
0.610305142965417
0.593132408507068
0.421999022877934
0.624019603106973
0.424606041163769
0.443930530259567
0.460966579385734
0.352449083800682
0.438680443947173
0.551919168975485
0.665994788099924
0.721816305725277
0.390799288515883
0.47686520336416
0.419414542174263
0.585131682594503
0.468397821852256
0.497575491209893
0.406330573301561
0.326912956448966
0.439502101994086
0.415521343399364
0.490955815347983
0.565961699611509
0.538178257357943
0.51067283812213
0.450968649235114
0.628727190081296
0.4385528668721
0.456486756910802
0.422473754532081
0.503757955563239
0.456537205581802
0.324385736105626
0.570173217037722
0.543840828799603
0.498535387435143
0.558148793081017
0.536635991455333
0.440975669300757
0.400334784406756
0.502913185364031
0.675015909632344
0.609224954388966
0.476974276102813
0.407596101831389
0.576819954774662
0.482561097020504
0.626164267694284
0.581954901265464
0.509758917228536
0.599659845630682
0.605871713980755
0.559943705639894
0.533503680011795
0.684252447307049
0.490863498099506
0.471966410150355
0.58024831298051
0.634940213187698
0.490685801325773
0.576673929448532
0.567870342982355
0.332065205600663
0.662353701635696
0.473054804850715
0.344426009116496
0.768787154725087
0.626259754333525
0.595705870744198
0.539105372542876
0.510685298971036
0.652818075728746
0.565608984748726
0.662181619100381
0.621619003154535
0.627975605878821
0.632976590965562
0.682232734943153
0.638939197496197
0.611729229594377
0.649345944314192
0.581271768646098
0.671590563802489
0.7381435130254
0.557169507638942
0.494337174301244
0.488481636477291
0.769109896770155
0.670560842650403
0.727006094818634
0.487558566578422
0.629217279659022
0.552434890400428
0.625493584087363
0.513494289003479
0.62008858586448
0.636437773459558
0.739813095869023
0.622314579599215
0.725002477521791
0.630053609031913
0.603607058187526
0.586288283825575
0.555942880821253
0.712139530134342
0.86093143951055
0.693359373431212
0.75667811422846
0.622276965193194
0.757765709585853
0.76979716582612
0.576126911441444
0.680182571934421
0.627664228927761
0.631892057722104
0.642447535703013
0.758940928263827
0.617407796248248
0.65351415183085
0.666961944737746
0.535184694535143
0.622264832330361
0.745810715702146
0.536559868156225
0.834964931023928
0.652183755306121
0.696749213959724
0.5757368652945
0.752958243586313
0.652440336975254
0.730617647605682
0.832262584082114
0.689872528464718
0.797254615066373
0.706786832268812
0.679855423379089
0.764727383351939
0.834803643963486
0.868397802241363
0.618137087310855
0.667736550201625
0.800937518145388
0.861697397316613
0.73092147835989
0.652033043662928
0.655234372807227
0.756311579538394
0.71508165234201
0.633763602419356
0.685911514419048
0.699578489876197
0.824648317375658
0.715862466556843
0.74291142326113
0.817864268960531
0.861706668623488
0.741313913516496
0.721304076403681
0.691830749380132
0.702259278916544
0.622816433526309
0.739900773915995
0.605206292029458
0.776406928295886
0.660240295284621
0.891135467130475
0.896231363681247
0.804062295748087
0.888540371019018
0.760819729026519
0.84612215694597
0.781879965499375
0.710829572815308
0.692199196757806
0.723154391284054
0.696290830928567
0.698648769761596
0.670018675192003
0.665823102752819
0.825075854714052
0.681911275259583
0.786320541892984
0.712740386165914
0.772286542157606
0.736079022625706
0.734781875429198
0.796604490806608
0.863507460079565
0.814730899388408
0.791156066779819
0.720625908791745
0.883757602385285
0.924419592886993
0.994834839081433
0.817094145503892
0.83535384180879
0.877381223766437
0.769125720591408
0.93299488430923
0.793130613921764
0.841105997844637
0.891866498771892
0.959015194573118
1.01951564515093
0.838051337352797
0.81330082026549
0.787869297970873
0.720947017865113
0.76747940457497
0.904731425018709
0.929110019891455
0.901933818436362
0.957025919151685
0.761230441067685
0.926249010727287
0.877198027773192
0.731574745365925
0.755265889934612
0.901019808195686
0.812808119900456
0.900908782047908
0.960286025354438
0.903030933436419
0.935787743840246
0.872094705124527
0.892778005607671
0.887757449129743
0.945587234924477
0.865467908662175
0.966332138385851
0.878797192829178
0.894187152691694
0.952197204924716
0.770326355208083
0.947540192717529
0.910282075792143
0.742403593302586
0.729194982711362
0.910545147188582
0.831711283084121
0.910152880695684
0.826227435658353
0.911253608904754
0.919636614497157
0.989879681438096
0.921992013334587
0.954492152323473
0.923459035999673
0.834294946221218
1.07274991003316
0.966771140220858
0.93362971946954
1.06617629568187
0.891515234032087
0.895720960641598
0.966790801776687
0.998694938565771
1.01584582369192
0.834205640098066
0.992649356086186
1.0170351807215
1.06971335931757
1.02103408990602
1.17623965248446
1.06723509314029
0.9448643547793
1.06913790409273
0.899848878938074
0.939726073050752
0.988571626599492
1.0493804347609
0.946909094808456
1.17927102158574
0.919963699519541
0.979160421746335
1.0226735412393
1.09413772447106
