-0.917990548367175
-1.10501675668716
-0.986564230698108
-0.907742429423323
-0.948071910437399
-1.0094580299644
-0.987064253083056
-1.05773566414958
-0.955912775721806
-0.901787183958369
-1.05762368660909
-1.15033531366279
-0.991314051886598
-0.954324523162831
-0.944928227393892
-0.927097816864938
-0.906441819478041
-1.07044487831709
-0.988815372226567
-0.734054916352724
-1.07517633306725
-1.01271088122743
-0.848833063992695
-0.875619875417447
-1.00079606196051
-0.992989345227373
-0.906785847288252
-0.812229907677081
-1.00447903766733
-1.00259902549978
-0.81724349807215
-0.844635942343612
-0.951414037420333
-0.935453562790137
-0.965453031328079
-1.09291108938939
-0.770437434481687
-0.998520818998672
-0.780377700820857
-0.882664966100905
-0.938802780740358
-0.920568151129449
-0.953241434023896
-0.871960197643232
-0.998429889245081
-0.929005724468005
-0.851902704506662
-0.909976459939982
-1.07906565136513
-0.973373512870695
-0.913977579254522
-0.909893189636246
-0.832413063142631
-0.928107710691072
-0.761068123741208
-0.851628302936137
-0.804976234775471
-0.885583668422297
-0.899917178596509
-0.858109419907988
-0.86156934271931
-0.890826719276239
-0.869669394374088
-0.919709723425284
-0.795616909216314
-0.951293029194341
-0.861123987457159
-0.899692544954536
-0.764779458903659
-0.798657336287562
-0.767589901855049
-0.759629922794158
-0.687974737278747
-0.913365957644193
-0.857962975596451
-0.808770197446623
-0.834780406747669
-0.704886291873812
-0.939573589652135
-0.739528546723642
-0.858996152667979
-0.82786602983373
-0.839221113239341
-0.774906184747975
-0.854767624011622
-0.784854750521975
-0.930302221026047
-0.859531819547792
-0.740984955302097
-0.652523456858379
-0.850407754572482
-0.703960965174293
-0.717219294698003
-0.882336186673216
-0.800433659843504
-0.981075119906782
-0.697107737098147
-0.809074530575137
-0.74559476284474
-0.77838665125515
-0.712265194058063
-0.853703379859926
-0.709154551662942
-0.876055514490716
-0.761121113747633
-0.719221906700458
-0.685107291326594
-0.660659223842604
-0.860940048232729
-0.893732899554824
-0.659515722779809
-0.809543651230718
-0.669387954083444
-0.760044686606097
-0.839875456662819
-0.794002124301521
-0.747937082090167
-0.735398609074074
-0.599452184905263
-0.613116879510852
-0.596236375090694
-0.693442493815194
-0.759707079485421
-0.73344155120538
-0.852751802333178
-0.789394585245228
-0.545683358919106
-0.715327201453061
-0.7429562123549
-0.635532346978289
-0.727005045206065
-0.823932326956187
-0.559950953955263
-0.847461584446152
-0.716043726814819
-0.70027466404998
-0.768245599518
-0.672633721202773
-0.790546722019229
-0.814831150073199
-0.812794807289807
-0.73116480089909
-0.77313859204885
-0.773050335153716
-0.755758169958381
-0.714164521319259
-0.716794771947859
-0.72100421617447
-0.779318612742391
-0.702567960828883
-0.575450374554696
-0.758906204146992
-0.636331447031603
-0.629651514266951
-0.605417053856696
-0.521327206328588
-0.667664847154738
-0.640119067754743
-0.544613203878613
-0.606551923134856
-0.717420134498238
-0.668603339757743
-0.688279075143594
-0.808543531943624
-0.693798651598074
-0.51564791241229
-0.749887149032255
-0.683461505212339
-0.724802541154357
-0.754427078839445
-0.650502025284252
-0.712847719971922
-0.71609702834587
-0.705237824649091
-0.71746682964954
-0.688119250464788
-0.695963252890488
-0.665538794498879
-0.745953606188736
-0.765110908230787
-0.453989813736375
-0.519666246628876
-0.523484581332022
-0.526174928400791
-0.726703638117721
-0.567017763558677
-0.49033328320414
-0.556853438984585
-0.651861813689188
-0.785561907974831
-0.677563939819266
-0.647791207147274
-0.622273481564143
-0.556658602512003
-0.596428184618394
-0.804344377483675
-0.523643972330389
-0.663329662721602
-0.587080816261406
-0.691097696791004
-0.647721366201161
-0.734493342419969
-0.597346075207737
-0.654585565490548
-0.717040618565522
-0.654040463542554
-0.55309134669134
-0.544261729089535
-0.710465041125151
-0.468592273514531
-0.637505726862346
-0.430719896141464
-0.524888332746623
-0.675907965308705
-0.522726565546652
-0.531649405948626
-0.524504550410304
-0.592195571194582
-0.638399165532532
-0.518699336240778
-0.687462113498997
-0.496433055052391
-0.605648420634035
-0.563060866213171
-0.64508979474062
-0.492134450830563
-0.487811301017062
-0.530321925128525
-0.511888793336477
-0.640134959325178
-0.480505209410515
-0.625602226199276
-0.670876595114665
-0.56614252787883
-0.527563058213016
-0.506862593425211
-0.547943697321827
-0.518999485319348
-0.583845135927645
-0.473371867991834
-0.47371958581208
-0.565610766100952
-0.60593509338612
-0.623110192141534
-0.697411559191908
-0.510229536140057
-0.481046838911621
-0.492575760983098
-0.456872198842221
-0.463305871337226
-0.362661227869057
-0.502701323998671
-0.466568691420236
-0.583475623823459
-0.38149497340029
-0.556436646917627
-0.539396630639611
-0.563070392438135
-0.480723003975079
-0.500359607338263
-0.508803493309114
-0.377376390196833
-0.465241525155736
-0.600626663605087
-0.393389833887672
-0.375193344766563
-0.377916824539429
-0.413896951834895
-0.54813405187458
-0.512629786577084
-0.513634927150267
-0.385677349288647
-0.381764824304391
-0.379636282987101
-0.548054165270333
-0.233424603232878
-0.460984221369282
-0.41882698382888
-0.416125220897845
-0.478886978394778
-0.401492807980671
-0.473809330049943
-0.348781058759152
-0.388208383000469
-0.33997816668724
-0.385951394663056
-0.38824919632707
-0.279834545031259
-0.565153509354128
-0.286393841340241
-0.428496588230965
-0.405112287507756
-0.406359840143766
-0.472694326282989
-0.287579639290887
-0.319862297193622
-0.431289326772138
-0.386517560566053
-0.353342560362612
-0.40841776197681
-0.180581202048699
-0.34950001651753
-0.459210706732295
-0.282178293934618
-0.272534126948397
-0.320049955255649
-0.430717738402148
-0.439182083467634
-0.375951083310156
-0.413763233346388
-0.478447615072473
-0.417701224047963
-0.364902011801492
-0.451263828246133
-0.396563278337206
-0.294809453113656
-0.342063106483169
-0.374830373467398
-0.281985274939334
-0.29811457963256
-0.404501615564593
-0.470447621937532
-0.439984075456802
-0.267041328930033
-0.25263014389801
-0.378234803186127
-0.299349125486008
-0.248022936714581
-0.38295156051503
-0.321963751772237
-0.324749817274231
-0.315189680527085
-0.249289768146122
-0.383267169034225
-0.361722102764862
-0.237634172924678
-0.287457871650929
-0.353038167391221
-0.322671609500821
-0.392782104182924
-0.355306474404004
-0.350229436586113
-0.249633388516995
-0.369956043834794
-0.345759897557108
-0.285593110951216
-0.196467679082458
-0.235251573488807
-0.346296832573598
-0.257342749953244
-0.24445725764251
-0.223893936495334
-0.298783075286339
-0.196525839159374
-0.240728483027753
-0.28167799270962
-0.398467153696018
-0.185442892126952
-0.308419997219643
-0.316506525038812
-0.212078288495682
-0.347147751870921
-0.250745135200168
-0.405676534865063
-0.317078228230265
-0.219812229468284
-0.306950666491973
-0.38902733416513
-0.298932439831543
-0.110872289548587
-0.204541980681509
-0.272193261192315
-0.115426382692894
-0.124552075851497
-0.350407634104945
-0.304184242234553
-0.163370630486746
-0.352872879918103
-0.282292948169375
-0.282960936452437
-0.369823679801115
-0.28064838305258
-0.285878847247288
-0.345277303884838
-0.175369574476606
-0.375489074701523
-0.172872189871301
-0.465418260138481
-0.25884319699944
-0.267538571656567
-0.242888269916546
-0.201547780299212
-0.124032049518417
-0.277350718754044
-0.311001214003071
-0.181517195986409
-0.175230887858033
-0.212951402675838
-0.126345754043085
-0.208299470934773
-0.216539885141419
-0.0479560737084228
-0.306203719197336
-0.197516319590839
-0.150275596856633
-0.235551596314851
-0.0468821972955347
-0.200019359103633
-0.275996090556162
-0.199991468646018
-0.214753125460313
-0.35976052613574
-0.194221240134981
-0.229467865440744
-0.240036061458098
-0.135075850806576
-0.228491486437716
-0.177375624091995
-0.126692116879063
-0.187373084967552
-0.194757956672824
-0.117391970170996
-0.158577166803933
-0.232374136600438
-0.237955795731371
-0.134675126336474
-0.0645330788196806
-0.0455838177270398
-0.0706416689206715
-0.251388774111192
-0.268502080665565
-0.0536120203910458
-0.185352951853386
-0.233249279181796
-0.106774075350649
0.0188263323427938
-0.295032417346071
-0.202142263396888
-0.178193361764498
-0.187852369050208
-0.183502684117425
-0.332819982719187
0.0376977064285111
-0.0948624267268879
-0.0861447171762527
-0.0345604714506093
-0.15351281628672
-0.184317868034859
-0.230243178484951
-0.0535378791665722
0.0309706029986053
-0.0393839815881794
-0.146506708559123
-0.202202330744905
-0.0201226340555095
-0.0793668810323995
-0.0198474655167397
-0.0772584900276786
-0.225610287126844
-0.126720709934079
-0.0927077799923748
-0.140940672259716
0.0198928722031023
-0.147780358600804
-0.103959381056879
-0.148877889707701
-0.0083343099579725
-0.0207496851990951
-0.160431053053356
-0.0951532819660508
-0.0109382284836818
-0.1458820033516
-0.000467600208705131
0.0220428055404685
-0.0861509552044949
-0.0985675052985741
-0.017882375063721
-0.0483690848609847
-0.206993778818945
0.014190192107212
-0.068387823657144
-0.101423935103755
0.132448461161875
0.0202079108725352
-0.104208131785562
-0.00209898420045145
0.107884529825903
-0.167955211647052
-0.0258978334872045
-0.0790402695823113
-0.0816011134081911
0.0605799043262992
-0.157107358786276
-0.178844930472161
-0.00541987216414422
-0.147666531798719
-0.0489530071979581
-0.0344911728031459
-0.146633390767729
-0.10470918052544
-0.0406103114439646
-0.0433910251333665
-0.0103353883273843
0.0789865642671091
0.010341050641733
-0.00657402123297594
0.125485029042396
-0.0884131484405733
-0.0661759343024919
-0.0210912255308417
0.0719891641480209
0.00324950945808806
-0.110031226898929
-0.0230950877135849
0.0980636527681529
0.1059166513913
0.0516588560469029
0.119674981196799
-0.0284951197032974
-0.0104180490606219
-0.0565434650756121
0.0564191833663583
-0.0170242109829747
-0.0680586834368348
0.271249930487097
0.194986110231534
0.117452087296446
0.00662316559644376
0.0548193064270671
0.177729820631928
0.0544089087319391
0.0173334955993573
-0.0338636475191096
0.049276823270574
0.229521337697869
0.188504227874336
0.00115090296760023
0.058490028124268
0.0732107020471441
0.120448620691875
0.0805380399229296
0.0315438019095384
0.196516640190483
-0.00607449739640519
-0.00920691340415244
0.106469076540831
0.0745591473678942
-0.114317711563479
0.025096211005498
0.215942991859926
0.113342431901838
0.150851533135252
0.100732470681906
0.227538562090036
0.216412185009873
0.13604675868042
0.0487271157140453
0.00913362302947802
0.135686651936486
0.0511187782222634
0.120360243353526
0.169220900288366
0.139374280009379
0.113726478296081
0.147164380560774
0.0711846373939733
0.0977085352938703
0.224160971042322
0.228346001156863
0.186510078011343
0.139375543287349
0.139799703291905
0.219255690040179
0.323020582592135
0.246400266995734
0.27991738162851
0.165609035614625
0.158355759836603
0.154989573586611
0.170403915146726
0.113955163873932
0.182999479455693
0.107640862504437
0.167177604380128
0.0849258660835096
0.20886162319892
0.0977181359091088
0.24488513952467
0.0295016686138093
0.34544910669001
0.0955995411037001
0.255505582846155
0.131343268801996
0.212315914827758
0.2551164509481
0.153470451981997
0.173735951597561
0.301865238183117
0.257581241891493
0.0979956675726789
0.236466178609619
0.155243704512325
0.240262560382856
0.296680298511002
0.278464329878485
0.324502420195725
0.25109741817582
0.137603057722833
0.215699920481541
0.298781765628492
0.222462015948775
0.452202870662521
0.1716867660171
0.172578988672153
0.188194579867405
0.203152015593219
0.140712646855874
0.369401076369104
0.248606528147289
0.254882950280655
0.15619884513934
0.330907359367539
0.259217366589809
0.144650259127203
0.198974383123386
0.346726931725842
0.207949846956351
0.217566118255712
0.170502586721477
0.365263801906929
0.389119963477738
0.331184686408989
0.400786833780948
0.263190419733109
0.196709677536195
0.289954997739473
0.45804106533708
0.185389359916004
0.22972355737843
0.231840913189496
0.267511229797468
0.148062179872359
0.218398554787623
0.245293308343218
0.245733602173183
0.353319960123048
0.22389813063326
0.273835694988521
0.304583642038336
0.262747015121017
0.374431953953166
0.455570079428921
0.260995390375227
0.378964908440011
0.264390608002885
0.439860417472435
0.229769601822311
0.416545526402624
0.306742419158017
0.330609683154107
0.100971060071673
0.458562860824366
0.349619943730218
0.32450577104019
0.335555338358958
0.227202879408516
0.273281277446358
0.294271489263335
0.285778151665953
0.355460531291388
0.188696351285104
0.288712449204097
0.269748464818749
0.34384783097582
0.273676141967385
0.228813043167847
0.338595901125349
0.471853086415735
0.306398188905798
0.380683785986893
0.321996475536079
0.299567914897808
0.401463672659406
0.43098235648376
0.508801269229685
0.259723358178591
0.439258173003426
0.439461555232843
0.39210337824751
0.390620992426789
0.42460723770196
0.453551326059964
0.361046327136647
0.481467479104727
0.495630287401531
0.463831203791236
0.319123495345217
0.441871439392245
0.540109603382508
0.42302239810336
0.378693354570916
0.390973701282034
0.455653419453248
0.651065720045626
0.453203039824402
0.468014882212595
0.335098015260413
0.214125392075846
0.346823256181192
0.363794880108813
0.483814866321094
0.336403936733713
0.435541234965783
0.280478701093033
0.417512255523323
0.413330757918832
0.420223377246749
0.534074764100166
0.469120151039341
0.626800394712043
0.544861326711764
0.482696234143969
0.61062182063421
0.606692088043306
0.409246338726973
0.617677470963307
0.425032188256078
0.421620312266762
0.493916329737669
0.333871858778879
0.431277455379135
0.575116791337032
0.667147641268339
0.723121549879688
0.378401897522231
0.502116435051565
0.390107087414837
0.591411927042986
0.471933553772764
0.504365817729082
0.426180316947564
0.317308384119524
0.432774813901848
0.422141122885905
0.504871914254195
0.553459961431776
0.532922691527595
0.50004334099942
0.42888543363192
0.622592249554416
0.432971140363833
0.453763620660882
0.396856498279819
0.489693028502775
0.466817077613726
0.329563143235802
0.570374254216044
0.515691714282586
0.490104159415289
0.556670004677479
0.535019837060799
0.455380120888826
0.416163526783055
0.518955769618519
0.687563756925609
0.595170136440584
0.447737613758296
0.426042277131382
0.563713175702173
0.505897681309569
0.622762854630651
0.581305578440808
0.48650217846869
0.605043361230395
0.587768769051283
0.554844707180888
0.537036194293284
0.690182013916487
0.497072033751681
0.486341632500419
0.592436148870425
0.636565702238881
0.499183814902169
0.586164128878819
0.576254231534151
0.336426590297796
0.657394182368008
0.478435354075916
0.34653355335383
0.763244157227865
0.644043609776505
0.594302894169108
0.511087520235587
0.491999871237622
0.648119919427818
0.548700371364701
0.657179782870536
0.623185609084748
0.633103694833019
0.637757016037973
0.684340385654149
0.645371822874668
0.618539135636745
0.636251331303604
0.578173900834802
0.659613543882387
0.765349989324442
0.559852607045068
0.506772661645384
0.500743745088377
0.739906474395058
0.681172198693031
0.720934217375739
0.501287235477341
0.632313160893364
0.554458273478555
0.640795324844314
0.560521291813921
0.59332287180393
0.623044093346915
0.730920679164391
0.627140592828399
0.718943021157525
0.635209276306217
0.613161410524966
0.595358687928329
0.550519713161987
0.705907940094088
0.874643576132114
0.704243340210664
0.739702288807849
0.592374828034211
0.730113204251547
0.789137126675552
0.550392240859925
0.685225264422588
0.626846981028706
0.621400611758538
0.63975226494144
0.760058268651931
0.621926170671512
0.638742936936638
0.670068031307693
0.530753570591476
0.629403812876297
0.75199380475745
0.545127395402587
0.82927075043304
0.644640894639388
0.689486688415543
0.584201713479185
0.771629426030891
0.640401503147458
0.725837134365257
0.815012362420785
0.667702241184171
0.798298557394867
0.703727127394977
0.684210949866605
0.751970271784297
0.835162450294112
0.874656850517713
0.605093188407235
0.675323657840731
0.826071219895337
0.845271012134056
0.723629081789701
0.656520804823101
0.660700217925345
0.764615123985156
0.70557310002941
0.644094221408951
0.690631116191033
0.701258866357968
0.823889292486011
0.705250625744969
0.759646090901385
0.833675430829071
0.869513755313015
0.767025861669302
0.739272898504664
0.698260111696645
0.713598214748677
0.614298884891745
0.732166360797143
0.591992361037448
0.784922795223206
0.652907742658663
0.875836538925892
0.904047101712721
0.786370871211281
0.89857928233253
0.774783569384942
0.863318238612757
0.780582176596475
0.708483321011446
0.6948177617499
0.716571634400951
0.715802454490985
0.693781566196316
0.662498888969743
0.655748476879639
0.800266632819317
0.690119204061962
0.794323251833187
0.718311952710484
0.758189159720012
0.732965956642413
0.73254264827462
0.795303027798503
0.864944540121816
0.8143643123355
0.788141060401653
0.72754868073517
0.853567214100077
0.919837114353658
1.001524378012
0.828116303056656
0.819643856738171
0.878875583768217
0.746639445602813
0.930031640882461
0.796069945941087
0.84667998643619
0.903477791844439
0.94963542675272
1.01527094372153
0.8419514157176
0.817962517950617
0.816175516982908
0.737297651116893
0.761926888081388
0.916705648289428
0.930981705402208
0.913447999646925
0.976818135178485
0.756935776621567
0.916403330483277
0.920956658564302
0.735164568529662
0.771529141335112
0.916372948217061
0.849595509068498
0.887499717952801
0.954138124677254
0.897581711464232
0.935905770992219
0.860609242594197
0.870936219543143
0.875723373040341
0.928253951566325
0.859031499607608
0.960203234363868
0.855644707873373
0.887604137145505
0.980715346852401
0.77870795216237
0.93913032431992
0.922886190431082
0.711460619916395
0.743005875509173
0.920579521259459
0.829377444691828
0.905444496735277
0.804588959033246
0.913916942208997
0.920540631451609
0.994958195285848
0.930093500366086
0.968342717334162
0.928477421901447
0.830450047715203
1.0718888124699
0.970550284910954
0.931637230758059
1.07074158673996
0.906364047999708
0.887843187115563
0.974506367592612
0.995596029189631
1.0092471097533
0.846468098531447
0.965441474526784
0.993282581800867
1.0712722603455
1.03457816838554
1.15818988296049
1.05587459702899
0.949276087196599
1.05799571707404
0.876440967936876
0.961306292010454
0.986549051886522
1.06352384443483
0.936739906991386
1.17554536699069
0.904825345337599
0.988368742312172
1.03222683001453
1.08306964785391
