-1.05188127586093
-1.03378109070196
-0.817033589337969
-0.920100452063706
-1.22014670112733
-1.02589454516269
-1.03049568560627
-1.08928425830063
-1.17977075807825
-1.05607830783959
-1.1294234781072
-0.887764044187238
-0.982003491385522
-0.904624652428861
-1.01116353582123
-1.0335614058247
-1.07315640205075
-1.09402262626689
-0.905035947767955
-1.02503660168886
-1.09783150646281
-0.93823284323339
-0.823230264105272
-0.915406909294579
-0.923631735065404
-0.977693494315427
-0.92587495559794
-0.928767028451295
-0.960681237978905
-0.837213475119907
-0.844910836332796
-1.10580250459396
-0.836656374549226
-0.835279833990298
-0.87441449651252
-1.01411252927276
-0.778718063051952
-1.08017039839419
-0.936204041893913
-0.765038377583491
-0.83494249031105
-0.827521436618437
-0.9099447477871
-0.798784229240895
-0.807781648134845
-0.982571634897233
-0.789086122115765
-0.879736350396688
-0.858573560036873
-0.849528945882344
-0.897528235772375
-0.9511852905498
-0.938569294010145
-0.907897536407157
-0.883975667797186
-0.936010479375074
-0.923831989008202
-0.873242920048362
-0.934469423627119
-1.01270511458456
-0.987051203898009
-0.841437988156111
-0.832004111615442
-0.903825422687027
-0.883667514274846
-0.784698912439438
-0.831256812822979
-0.844744143228566
-0.822902074491557
-0.862873452392753
-0.888872751891077
-0.914405310700833
-0.727972165316382
-0.768001774297424
-0.874583263535863
-0.834636735181449
-0.754427772187956
-0.94640389129919
-0.817813561580226
-0.818215891838635
-0.863844232316643
-0.92577182541541
-0.808989804523225
-0.868205064726518
-0.802453535219156
-0.776777415335936
-0.77942827793184
-0.959682010665851
-0.955296752227252
-0.883507161687362
-0.789862332578159
-0.880073640678845
-0.894689565639683
-0.782357768897363
-0.907567129156159
-0.905809391644859
-0.793239134000542
-0.931945937963184
-0.759412625730827
-0.776940654873902
-0.696248680237192
-0.957700824029019
-0.572582622457006
-0.813389589288262
-0.819279556644889
-0.770208873935615
-0.626308936338875
-0.763694625770109
-0.683069364993633
-0.591630419713124
-0.814534700736946
-0.71097504192641
-0.734034788681825
-0.739598735997304
-0.821251981635428
-0.690413759779894
-0.770840703579732
-0.732121060348114
-0.817870222981093
-0.673986821128752
-0.700043801330169
-0.715625508511133
-0.759639653706307
-0.842265265726228
-0.589083030081795
-0.86574292078086
-0.788768458225048
-0.709329782635205
-0.755776914928208
-0.893977434341101
-0.767120510985048
-0.728674997780473
-0.791027188531675
-0.637195673951137
-0.638883078301219
-0.603900201741625
-0.749527978250259
-0.702603716762439
-0.608591577379316
-0.645175070113803
-0.649288735933763
-0.618529867850903
-0.80657189962102
-0.745591310350308
-0.827138220935849
-0.677900301672031
-0.545973938899465
-0.625712975310828
-0.687302153748562
-0.659948971791928
-0.615653694607643
-0.740532374909427
-0.6997009421606
-0.669965249412115
-0.641562591661637
-0.730097592852087
-0.775720671079843
-0.700096157637194
-0.691512640019238
-0.725212093750452
-0.681481552730985
-0.849084210154186
-0.728760208417782
-0.652937638970658
-0.603501455754216
-0.583831599318507
-0.524640044033551
-0.660996339722113
-0.62893427310957
-0.682690363658881
-0.724870232699812
-0.751340702087624
-0.66459835209739
-0.779082518232839
-0.746485064787692
-0.514385638210641
-0.598287372979773
-0.649420655469058
-0.731948826693796
-0.68876308000333
-0.649567445107572
-0.723694948757582
-0.673344105907295
-0.654576165315036
-0.52532039572199
-0.614677896057975
-0.725537974529206
-0.696224143388214
-0.59564906596932
-0.726916257483162
-0.754358643761519
-0.632849300788074
-0.577427214017453
-0.579385856639177
-0.670331073775345
-0.619073946269662
-0.659030549145962
-0.30114378127544
-0.645559619739085
-0.674189188593987
-0.513716532523913
-0.560782850657986
-0.628015691257163
-0.520225807987107
-0.680076263160462
-0.619466594440585
-0.752465848611036
-0.659575102449552
-0.607235025008649
-0.524669015870678
-0.596460280250905
-0.518784266456249
-0.407832404277713
-0.520408140998791
-0.508824225532064
-0.564394885503937
-0.715675589993186
-0.643685963894436
-0.495864478510162
-0.601870880276959
-0.517125851123385
-0.515806810265683
-0.59604827764246
-0.497191051284567
-0.620605899852933
-0.628669836444559
-0.587314332400016
-0.483484908907924
-0.492563245188675
-0.594906980917727
-0.531302260802754
-0.507583204842918
-0.554819920425465
-0.572717652820426
-0.551155995902682
-0.447938011556355
-0.450275965773022
-0.542939500524926
-0.573550326603907
-0.610333587457411
-0.462452482614647
-0.393466454613175
-0.576804203800684
-0.319788385709081
-0.562635968396852
-0.551949667172941
-0.546089028903101
-0.567859896043765
-0.321639900301476
-0.555435111637803
-0.442372233377295
-0.475088524298985
-0.525154979316946
-0.498641421775073
-0.362433808898137
-0.462056052520327
-0.502527643707264
-0.396113906109023
-0.565578542058244
-0.440130931211168
-0.430197478155084
-0.448568980612753
-0.556713834035339
-0.439596322565136
-0.539337824686239
-0.529837927608253
-0.526028498661683
-0.488982114324914
-0.483792501802466
-0.598677342336577
-0.514586658862339
-0.484196214895681
-0.468539968238645
-0.437757374877048
-0.475138345328246
-0.631553416292705
-0.583172743341344
-0.211966494767637
-0.526694836806769
-0.364170743624607
-0.435292901629305
-0.520443175000667
-0.463486020766066
-0.369225900142844
-0.383904386458496
-0.42630506905956
-0.523534229099323
-0.462925560625389
-0.376871652455325
-0.365550496427024
-0.447618865353026
-0.301356793928721
-0.397730295081729
-0.513410295036623
-0.421643854511679
-0.476895676488464
-0.475339447915038
-0.252589164285673
-0.418552089011166
-0.38783398879186
-0.389066057658292
-0.390275897511152
-0.429615323798886
-0.385243398061767
-0.489595880152781
-0.550847189054412
-0.497950341106283
-0.358708920584721
-0.354138679423869
-0.388187127350043
-0.410241137220179
-0.29094430130804
-0.434383263033462
-0.303075947792924
-0.239422535539479
-0.531128914776889
-0.286870278700935
-0.390461987538757
-0.338301689695728
-0.25705407205525
-0.375857872241421
-0.499680375021299
-0.315740442739465
-0.342326602482635
-0.217316011542362
-0.280971296496786
-0.367249425578771
-0.367109639131584
-0.409575251935102
-0.584900973043595
-0.194268971466555
-0.259918468900372
-0.177365554262767
-0.25753638685049
-0.376455634090701
-0.408339294820779
-0.206796908137075
-0.463087245409149
-0.295513321786257
-0.294001935492739
-0.371544792238378
-0.39256657623506
-0.317447234276966
-0.388477560682278
-0.235395393939239
-0.290371485525225
-0.201432725893985
-0.325396386727447
-0.341622701110565
-0.217768030474621
-0.278886618680606
-0.290625433757863
-0.330998171952979
-0.416324954879643
-0.252528394010184
-0.109458465938863
-0.116871550629761
-0.125080287131257
-0.209516649016102
-0.485549832529874
-0.205377024569715
-0.439816663770762
-0.314110331210946
-0.320705229967168
-0.240694853339298
-0.272963309906706
-0.278095431454207
-0.411122812622095
-0.226809211630319
-0.330312376054149
-0.231348626641755
-0.408958823042745
-0.268389304510208
-0.221552582208494
-0.290873045236423
-0.283735054966208
-0.435128413527305
-0.113919484024899
-0.106198069578593
-0.252564184025635
-0.182302721722812
-0.15713465261327
-0.404695059062887
-0.329774000640986
-0.29999847395311
-0.208250930519854
-0.186573835843747
-0.256486947508791
-0.218662523167292
-0.196566659726861
-0.320826953796876
-0.049968974225581
-0.258020003352032
-0.155565211675619
-0.223266933550706
-0.0899183264436324
0.0425018177845835
-0.311081751393818
-0.207722665420534
-0.166760289107758
-0.225252876670584
-0.219977958863481
-0.0769206208428325
-0.163000861275586
-0.317038085282953
-0.204824905077215
-0.234477994013452
-0.129591971976386
-0.265077947058375
-0.218527953274921
-0.274108531803514
-0.102265806501844
-0.11724388992565
-0.158700596773632
-0.19098164497149
-0.142274476854259
-0.0908896507541072
-0.166939228576855
-0.235515245241177
-0.104815996179339
-0.27931623161872
-0.203386733197994
-0.126197640382079
-0.0655666603158619
-0.138597445900782
-0.310702942727695
-0.0881154022928359
-0.116595497048185
-0.147398618958304
0.00239003588576529
-0.0428776645871691
-0.192057634406606
-0.156663571207931
-0.18370699878214
-0.126489138323735
-0.27170633107799
-0.20238971999876
-0.147141105701918
-0.0839122931635311
-0.18383802700393
0.00804974464945372
-0.152672489716998
-0.0542978203482156
-0.121566503910488
-0.140609843252041
-0.050862346251156
-0.164244671641809
0.0361773074157135
-0.0653104541680061
-0.144611595920921
-0.233576619462665
-0.0820017864565926
0.013026099285111
-0.0515985236449739
-0.00872417128861722
-0.103855853360412
-0.0569394092927771
-0.0290798848946736
-0.0371621086958097
-0.144204718538639
-0.0523602227669968
-0.166975205534664
-0.00679372063907853
-0.107143428100397
-0.0917500176059257
-0.0587508674704224
-0.0835259361361748
-0.145124618589398
-0.133889401026541
-0.0652262206252686
0.0133726367544348
0.0282687930173795
-0.0206480095933509
-0.0760902665719404
0.0382950919042316
-0.0462479546038443
-0.134337901388914
-0.0104688138136244
-0.0616725958854773
-0.0432659908421068
-0.0762697284968974
-0.0347463338174622
0.0326300159124833
-0.0668770016710697
-0.0626528608540371
0.0563913970736793
-0.0696783742836097
0.0787123500008313
-0.0112323697482088
-0.00342498697130251
-0.14907777627562
-0.0801281836677735
0.0240674345194873
-0.090535786016113
0.0379279713417298
0.123828276508626
-0.0555338080357655
-0.197530954749499
-0.109188549471243
0.0102544034134525
0.025953823275789
0.0497185060345766
0.113464274395861
0.109875417804254
-0.0125990580386027
0.0445505818290276
-0.0557346170746897
-0.00279028423599056
0.108248269204287
-0.0125132294403095
-0.0478900589141654
0.0445386157180226
0.0334002540095487
0.0329824691705473
0.092123031686522
0.0202933282990704
-0.14204166350008
0.000494160732342014
-0.0365477000040172
0.0536310949456102
0.0326689351365841
0.099771439200639
0.0032986963979711
-0.079703707530406
-0.0043784427011151
0.00944994344501103
0.0209848745167012
0.0602399582742501
0.117424989268698
0.010218178043414
0.119408771469094
-0.0611291388570877
0.0355208805580435
0.146152300072914
0.152242475930621
0.0601324381203153
0.148335033019285
-0.0356791942126395
0.095049582352692
0.00604777789798845
0.1329959765998
0.0692245378946004
0.028937299764789
0.093465474940911
-0.0745023947204822
0.0299410839616686
0.000162980237749006
0.195006468890577
0.00776072388493228
-0.00967663090456801
0.00799655271114206
0.0277176877778704
0.177957528171873
0.159600803912678
0.119003063899102
0.0701785284966236
0.21574674389867
0.112367304456146
0.13416913964965
0.14258495759758
0.131593266892112
0.134324813488403
0.161590153253929
0.19963328665475
0.154844679635608
0.327075174948543
0.120285705097572
0.118743205087507
-0.0770643981483376
0.0270282123306084
0.250638841139422
0.12921881686671
0.292600027468124
0.177304209821172
0.0469565664955295
0.171107003408592
0.129063317240425
0.1238091582231
0.248680562960106
0.20875322446691
0.0634141048466923
0.0729289056146959
0.111005928629348
0.295200886840393
0.0748251925995398
0.108936203227608
0.126317392262593
0.248682897924176
0.224875915887641
0.300580445261366
0.0805500954124688
0.341085376071096
0.281276489085546
0.111026397614149
0.185443657730731
0.209952149962319
0.21094778786053
0.101563932069691
0.193913340033513
0.131720868374684
0.213940634387257
0.121906592537428
0.211206300512224
0.0655005141509309
0.322330800824359
0.308763746102491
0.236604786931353
0.294237753610318
0.349991900075636
0.141133292382187
0.299322789236557
0.199978416663149
0.274646077373409
0.337568924721688
0.222915004593143
0.155204607720481
0.115061819814493
0.304393466961751
0.20852819243007
0.23886068528808
0.232966747446742
0.194166070768462
0.245229222322306
0.148521867560441
0.131391428890337
0.29532863770826
0.275105197679704
0.294559352536747
0.392210895180325
0.282863614880152
0.318701373868805
0.253132302038628
0.274825557503432
0.250019461801652
0.302914135930614
0.305929259335738
0.348941047295862
0.325107057245988
0.37630098232423
0.158611749115264
0.350988401384498
0.333433361697186
0.25806778960279
0.335092666985249
0.233716020839955
0.302567070830269
0.341577699635295
0.281482718274967
0.366574251398874
0.257020075216628
0.284607029720315
0.300222716899802
0.363271955758889
0.374276744148912
0.288159700007333
0.261413746479086
0.351113894850671
0.334523040036008
0.243115660473064
0.312410533641143
0.329841989455906
0.19628993418293
0.325934905808672
0.358943585995315
0.36457049848961
0.456669852291709
0.367886948539679
0.370486700576096
0.306801036021535
0.261371777943271
0.245106568475262
0.425140676920105
0.326237883586968
0.206833840983501
0.371397754314137
0.356342715967628
0.249166373086781
0.388368793487012
0.412686240248581
0.335331418521521
0.250089555113598
0.381197471937554
0.456751338727636
0.346963794887719
0.198614883759925
0.324751404339224
0.33272908585487
0.333112641833442
0.479694743170149
0.527980501690025
0.275345921900348
0.338487411115076
0.21954718543173
0.49307476104011
0.363117755181196
0.296148716482582
0.390860626204928
0.441138604406035
0.368125933200126
0.527169289490575
0.29177759842109
0.530657031351497
0.438530633399322
0.361372454041839
0.470373398626547
0.493746069453087
0.227761941748408
0.399365366224234
0.449596917596566
0.427764360892843
0.437491314165492
0.617817223693349
0.33509507271983
0.423518294618547
0.410056473818351
0.391688573621366
0.485837072940932
0.427243663491616
0.372947724104147
0.389305252032617
0.243487464294811
0.471854801252313
0.409898173644436
0.421916459707608
0.40379058775317
0.406030345692752
0.556696655956816
0.32189197764608
0.331803169453686
0.350384047406732
0.318247476311775
0.453342441983056
0.384361677541172
0.262298024734021
0.460299402761568
0.510551021685387
0.401910560311676
0.538137651525741
0.523418729698682
0.567402398090479
0.514024578051976
0.448208486455784
0.63234124358084
0.370357955388603
0.539868341160012
0.547968139952942
0.477521967038871
0.463741799770253
0.466490091261198
0.536655156055484
0.49818588827626
0.606507804709252
0.441942687082979
0.602928219711626
0.562315364090752
0.544619153666273
0.51777325396011
0.619840492651353
0.640636113593718
0.622731923481146
0.475082708403277
0.499506258373534
0.514017221574772
0.421561600788845
0.604481850500889
0.59976462436445
0.712408430821721
0.60576839007913
0.463689592586088
0.476487947266986
0.6166155016221
0.521273748200997
0.399057114540109
0.591926661768538
0.553205460559901
0.594418290816968
0.49469541627297
0.633910026696738
0.710560777789522
0.503558191910185
0.593696622088662
0.433439964353555
0.501872778632222
0.688145061176854
0.666027899345145
0.668734476231052
0.564958993667531
0.658375378314357
0.586303545548421
0.7634094021499
0.599864063994327
0.467746641912196
0.473713405025069
0.550478651520977
0.462988605434842
0.655201207539725
0.542394360146954
0.430103332440269
0.659999434281956
0.447181055178726
0.601003707446679
0.53266076502346
0.611311640035302
0.624755299110456
0.506644939228649
0.741385208704822
0.591709557452942
0.599878456680696
0.692359554018463
0.625829791655271
0.557385582943945
0.615612673276837
0.557277311174104
0.63894049670991
0.543842852810566
0.590151019833988
0.694665888858129
0.530523009739556
0.675775857923815
0.535777184662561
0.67670080551969
0.660110196973899
0.724831889886635
0.71421197530347
0.777015002896488
0.673892295176844
0.646351050649215
0.714956677119292
0.687304590218333
0.721303915140591
0.642443855767843
0.763632986325561
0.649545090766245
0.67885089988027
0.699293892652333
0.69428037464291
0.842071479836448
0.757240275276526
0.694951882539191
0.628423181794318
0.708039807075688
0.589114340411813
0.659780837644418
0.661488545237188
0.688016316425445
0.736984933593925
0.733514198966187
0.567997887494587
0.717706293077856
0.622861476163946
0.739903479738689
0.795286614719267
0.628498878844045
0.807209300288803
0.750236671157612
0.868389814178439
0.67895953088709
0.686544230077751
0.579015125544002
0.730248293547728
0.666889508232628
0.812677597778831
0.6349574656819
0.724168583684135
0.801895701293028
0.796143429325855
0.700599975023318
0.741042797492684
0.820049378909125
0.698289388216616
0.765534138122664
0.746144619002367
0.727792634566849
0.798774396737315
0.700452768217865
0.840515558664903
0.698467256405808
0.760819103052562
0.631126635035551
0.686390426274337
0.670588524554602
0.78037688719568
0.871735716247319
0.84819573026869
0.708181317915838
0.751806121932346
0.730397747175276
0.845556419344631
0.685989945875824
0.781137106069487
0.770821950535773
0.684372445151487
0.783233653570146
0.717000569487846
0.642187515708162
0.919389270045873
0.66270602339709
0.770447707270769
0.839053299791417
0.737979410334273
0.735258213101504
0.709461868475964
0.798311804127403
0.723216918765918
0.924962352771115
0.885645831169763
0.735113171282843
0.909629290543933
0.864459768227355
0.976513361420493
0.993071668668653
0.836865137437326
0.787883502546942
0.746553587070876
0.843119071345767
0.818204860128788
0.855855083504792
0.791062398925074
0.982708834312282
0.796213091938225
0.750760848222622
0.802122565449835
0.897388213336943
0.825390284700203
0.897012482830212
0.833509101350224
0.92210194846021
0.8770271404937
0.834081564645375
0.776393798517693
0.7966390495563
0.815723088259674
0.833672226960859
0.81853914210902
0.834868660744145
0.928312068921872
0.930641081568895
1.01759173428572
0.793964762808414
1.02667351245217
0.734183591505619
0.94293125064157
1.00743211199183
0.903929194221124
0.980687113553679
1.0242828298581
0.859088448227998
0.85974288008193
0.988417298612509
0.878663256649146
0.926201290404134
1.02781951169509
0.996586886836441
0.926767568621456
0.891801645178571
1.08058222435707
0.951250332018202
0.965316307384803
0.951392122301171
0.935524543974396
0.937818065928811
0.954834810558353
0.879822395958312
0.999237205582022
0.861962963325923
0.898197910157055
0.91393499207555
0.915758903378291
0.887267662563458
0.876072869703519
0.771176318075068
0.815804794102767
0.929417006552508
0.97029310269217
0.940203653068638
1.04744671734648
0.971094913689597
1.06369543458728
0.944939682933106
0.969245503674949
1.0203856084302
0.996273178401919
0.994782539167475
0.89803844125929
0.958492803200004
0.939089320799146
0.94473200056195
0.910895093756701
1.03912960535155
1.0744444918995
0.846045305248217
0.908256753637867
0.959941568053799
0.922422267159324
1.05777243147139
0.955762027110915
0.997500287185276
1.12181650106226
0.932436666058253
1.14891644791842
