-1.06083343896625
-1.04655551143329
-0.81204222982368
-0.929419421893997
-1.23564123723863
-0.997041727894425
-1.04093320618334
-1.11580171943283
-1.16766923861398
-1.05718323448625
-1.13864557467698
-0.884932917060904
-0.991164205418564
-0.912254091675728
-0.99222166882434
-1.02163704801704
-1.06498784047214
-1.10711245983357
-0.92089302572758
-1.00648384992766
-1.11991754971099
-0.907641744646425
-0.81775482956789
-0.92915290947536
-0.924188449811014
-0.959960468290219
-0.9154090770599
-0.953468400702783
-0.962441720175783
-0.834041657364112
-0.829767222678746
-1.10815979070879
-0.840806926216512
-0.81490496749418
-0.852682600014726
-0.996168146140843
-0.780191023995686
-1.07050052254255
-0.910439644662994
-0.744535445934024
-0.86253916242405
-0.803321022675007
-0.917405430368026
-0.805248919679285
-0.823788286041994
-0.978887449759636
-0.791478404966238
-0.890215433210023
-0.848868254849672
-0.870792408157944
-0.926145768597313
-0.944459284875415
-0.92736691584151
-0.919078839323406
-0.896672333920896
-0.938139778255341
-0.93187352146221
-0.864606008960204
-0.906712036154896
-1.01123118356225
-0.986264623883536
-0.817799247094281
-0.832832460032496
-0.914690773116177
-0.876584472021353
-0.773845750947237
-0.818054735039403
-0.840809821521533
-0.821011097727702
-0.867145580750314
-0.892563438787455
-0.946413726920443
-0.70839538449956
-0.779539140979618
-0.861441641406011
-0.857698420464738
-0.773441358329218
-0.953708193551222
-0.832724657500727
-0.821443490401387
-0.844598229107208
-0.914217752922658
-0.814241732082283
-0.853221209358202
-0.793301685492086
-0.764544935536397
-0.766864392947532
-0.957545854659205
-0.942149649832764
-0.884903429718289
-0.801217202748594
-0.875362181996258
-0.903372423803344
-0.78623297119386
-0.890870881401685
-0.88423242755891
-0.795383296146283
-0.951155531597331
-0.759854537310979
-0.746126284571304
-0.68513149426467
-0.962787249591391
-0.558677314501531
-0.806555624957674
-0.813268403460293
-0.75208584206859
-0.630309207728222
-0.736039794942002
-0.687701048321613
-0.583810796810578
-0.819744142082132
-0.690403857466737
-0.716004196183134
-0.728825069341503
-0.842394523952574
-0.707531014010034
-0.769592648047806
-0.743695765449507
-0.800400230378981
-0.690025946844152
-0.707570962709856
-0.725427783594304
-0.764412073390887
-0.836899894122791
-0.585181091331501
-0.863054072579376
-0.801956007066625
-0.725404282159838
-0.731902890250328
-0.89429756009804
-0.77829256213341
-0.69546926718655
-0.770945750306806
-0.613213091993456
-0.649976891154782
-0.619530260564519
-0.753047037625836
-0.706618462351377
-0.59492838531981
-0.653888659866125
-0.684050973797582
-0.618175370623539
-0.799568765028332
-0.756077476287917
-0.818181716013873
-0.653483217969554
-0.534202813082297
-0.633150111321312
-0.689388773103481
-0.653349407887634
-0.641095313877214
-0.719359924107219
-0.691686137735332
-0.684716289640816
-0.633291278769398
-0.726142468405911
-0.759327341134303
-0.724555612167283
-0.662134064108106
-0.734471419944565
-0.704693080318133
-0.837055296616153
-0.727317260081674
-0.674222909867474
-0.622409874285731
-0.597479584108652
-0.529980065043202
-0.676211776121906
-0.645152424317563
-0.699243494747501
-0.740146526091041
-0.79377950667814
-0.678692648883103
-0.763134870388357
-0.755338438709763
-0.501738794097728
-0.642995250377551
-0.654082453249575
-0.724464750199174
-0.689436183415274
-0.623658344830998
-0.707549481478506
-0.685863027298355
-0.63115788337724
-0.531511188197506
-0.58463355696445
-0.701546678010637
-0.696712226539432
-0.572779054241177
-0.73143584943146
-0.756574407483462
-0.623835513725784
-0.583488427927486
-0.577055504156679
-0.671678042533733
-0.636767719788813
-0.658922393569862
-0.309195013951205
-0.652107987017445
-0.666654732256156
-0.521679193568085
-0.583010830091486
-0.636677381607433
-0.522025417112567
-0.677480920329232
-0.605532689170644
-0.760865626162376
-0.658081411952917
-0.608667795949308
-0.53353320630021
-0.59647241673677
-0.534516345018644
-0.419994738051166
-0.537230827332183
-0.515248125119246
-0.541910856413201
-0.718513693988017
-0.634427539725236
-0.491063812770079
-0.602489043902756
-0.513258875017442
-0.535622440623838
-0.607016924030009
-0.486511891089525
-0.622716976537269
-0.621353061916187
-0.603620065032538
-0.500381054656817
-0.50348778300692
-0.59978680892072
-0.499669753082263
-0.504904009845918
-0.536943567487041
-0.575886907671254
-0.554618249755657
-0.424957640965539
-0.458523500936089
-0.545344760939554
-0.543199629034603
-0.634089487709151
-0.469990530494612
-0.404443156924896
-0.55118117619447
-0.308511426054629
-0.52704194415475
-0.574718613514014
-0.533327705799588
-0.582894558426356
-0.317022761155239
-0.558706469753736
-0.462001433642419
-0.485556033017749
-0.525437697625396
-0.481793245309469
-0.366167570546632
-0.454291670359011
-0.497177493801801
-0.384063175289787
-0.581116305688569
-0.446904383544033
-0.429956918888059
-0.433860518651313
-0.563997048880072
-0.425315142680797
-0.531625643082354
-0.541210426952802
-0.523116481419296
-0.475961576133908
-0.485747639554622
-0.592138865135795
-0.503008130571779
-0.466890849222978
-0.454248542425902
-0.447860994163719
-0.479928167516212
-0.642062512225039
-0.588366779527527
-0.241245669253775
-0.534359720130429
-0.369434597863697
-0.428354072210518
-0.494334082440876
-0.448402138633625
-0.370319948920357
-0.363383297951532
-0.421725737857356
-0.505204413899583
-0.470723103416753
-0.383299566056947
-0.371553087202495
-0.456888146449027
-0.306629580446622
-0.398972031939145
-0.516832748240119
-0.450927098817074
-0.47348455624971
-0.481220921554878
-0.267842928556482
-0.400118025080488
-0.388531061158124
-0.406778024134023
-0.412033326822335
-0.423797625502037
-0.377280479787113
-0.498853798917112
-0.543989679490419
-0.473913004174643
-0.339633807704283
-0.373906941496305
-0.392320187627019
-0.412049385779053
-0.277967914576711
-0.444549097584247
-0.297943892772909
-0.243332479349771
-0.524175939218349
-0.273882824573729
-0.401949791541695
-0.335147713971335
-0.260501126234849
-0.383420207896572
-0.497305413497362
-0.309199571101013
-0.37007230908458
-0.227708713933447
-0.271708591476962
-0.344061137795315
-0.372479841155453
-0.39607044419015
-0.581421541145296
-0.19452601179287
-0.240650365519824
-0.187507455448121
-0.260341454619319
-0.381167748902802
-0.368842092390563
-0.186480494386081
-0.450745737134076
-0.310733113939827
-0.286995885822964
-0.343290197101072
-0.395151742825098
-0.303226591774144
-0.385497545987367
-0.235082479078233
-0.29190816536321
-0.21771830788895
-0.323879971290654
-0.346292918768841
-0.226636885443862
-0.264989603465833
-0.294551156321619
-0.330741685919744
-0.455974963040093
-0.260857217709515
-0.100886148699429
-0.101713038904144
-0.137519896254146
-0.192431483630568
-0.508422556252606
-0.22817116578872
-0.419347480885354
-0.309516451565499
-0.310418440442342
-0.23843696503783
-0.270826932483059
-0.290582914173278
-0.425193309507547
-0.249169704214812
-0.327602296467827
-0.20917013799109
-0.410301524248909
-0.266103718177
-0.211659444056885
-0.271045660250631
-0.265088155702374
-0.41404904444398
-0.12072679673199
-0.122177221491895
-0.245609502773138
-0.172202467437046
-0.146705317707425
-0.389638965930369
-0.305975298174058
-0.296769723625837
-0.213517196296891
-0.200920402272933
-0.273630936900855
-0.211745818201032
-0.198225405156958
-0.295177670567574
-0.0492112514621095
-0.241601951153464
-0.155354698537394
-0.211260465277815
-0.101122464704346
0.0310980174154999
-0.312275694580506
-0.199191223260903
-0.194285564759507
-0.224945037229977
-0.228294106544096
-0.0804774352662665
-0.151273388293201
-0.328015089215258
-0.201069986575821
-0.205700467049572
-0.155097664434384
-0.277989571530175
-0.225035014088249
-0.272880823425275
-0.0956874271309133
-0.124132211751224
-0.169801523726709
-0.177377383591699
-0.130092967956173
-0.089028133892367
-0.151244657857111
-0.231758166370088
-0.114196544187242
-0.283467869440575
-0.182730153938029
-0.137038319277953
-0.0433619050566197
-0.152575462864485
-0.291250828585002
-0.0899934091535588
-0.143384591508126
-0.151526497666908
0.00797665982664694
-0.0638841648583612
-0.179863309795347
-0.171314784228285
-0.203171669600221
-0.107717108422418
-0.275295526229637
-0.204060308533192
-0.162535440125416
-0.10182078493876
-0.167296337688825
-0.00705680649228224
-0.173693073703509
-0.0787358004061338
-0.124631694919169
-0.175071012079422
-0.0360346954709266
-0.163192921126396
0.0517687439670499
-0.0511190228021615
-0.176413863174229
-0.230140284481574
-0.0737223899021618
0.0222528351466926
-0.0862865090515406
-0.0109529987035749
-0.118640199065728
-0.0387540475548258
-0.0287710607783684
-0.0224669127608564
-0.133301503429621
-0.0390341391373007
-0.165852509254487
-0.0150322452580393
-0.109248596077308
-0.0714152204663833
-0.0747391407661904
-0.0999980770631657
-0.135292715013963
-0.109647870936483
-0.0703793455885652
0.0207148311774561
0.0166954851062397
-0.0184612490978897
-0.0678073910875924
0.0436880499218094
-0.0243722511681936
-0.119835329624883
-0.0137140466230831
-0.0625142411713979
-0.0383877677048213
-0.0635354529395604
-0.00759184961417297
0.0342425388591099
-0.062478873710428
-0.0716826482714593
0.0683909231639142
-0.0535377227835532
0.0931729039583007
-0.0111812277734136
-0.0010377087187685
-0.138594454345556
-0.0804784693301218
0.0315319877089012
-0.0763483172612781
0.0490481793583956
0.10865884466226
-0.0765119580050203
-0.195739036595669
-0.0833620084809813
0.0115422474704453
0.0334852244739827
0.0341584209042924
0.0624457589230618
0.0908650649620542
-0.00558305136196731
0.0156174888323193
-0.0524067117176611
-0.0128360960135704
0.117425646559854
-0.0146502997860872
-0.0331290857543016
0.0456136322179846
0.05307775665262
0.0472436294917121
0.0909933791583667
0.0459383249538742
-0.13325564671986
-0.0054273700208069
-0.0451759276939822
0.0611905656034795
0.0484309083188742
0.105679831742177
-0.000428230830535961
-0.0866845407500168
0.00697085279451926
0.0139106475176041
0.0348807807639067
0.0657502085083457
0.0983101995776282
0.00733747533130876
0.123445280695984
-0.0793424547062513
0.0134863049046458
0.137546360857648
0.162610662517576
0.0846736581829845
0.142210404867603
-0.0281946114100947
0.108184086842211
-0.00848136573324563
0.116701012633411
0.0781172345832813
0.0198944148291657
0.0786979653947427
-0.0645404665555552
0.0395661880449709
-0.00361095140624146
0.184726975181826
0.00947355599750417
-0.0251154722168767
-0.000839802833926709
0.0228339288103915
0.177325817350406
0.171513142179234
0.12656675175907
0.0806944963819181
0.212707409532205
0.113020449368715
0.138364656185749
0.132826217125084
0.121845650461898
0.119158704302201
0.146764896000623
0.185482871326904
0.134897383222646
0.317088333499138
0.11232302633625
0.132318264150858
-0.0684318165364157
0.0413822521263867
0.254040522289336
0.134766184400884
0.280603377057877
0.173040392210411
0.0332874016067709
0.18078695756526
0.134818613896289
0.12198815194531
0.239929680263169
0.222761155099061
0.065124647126571
0.063961431811
0.115984497435926
0.275063033446042
0.0690941260540264
0.104529871064022
0.116614733644661
0.260130085540487
0.214143419281571
0.283423356178175
0.0513607324544308
0.339612075520988
0.28669922904232
0.134053991102327
0.178048414776917
0.239648045194914
0.19097401850315
0.0934534461706234
0.21426353252577
0.132372509996644
0.198647359904672
0.106989591294553
0.203511339190631
0.0858672927258046
0.316802111189919
0.318518782394242
0.231615731960399
0.28878978774159
0.33723325548805
0.139683701263554
0.296917231144899
0.177283285975839
0.302769119432404
0.336653642807055
0.217475385684418
0.182991885706039
0.0930171031607919
0.304348221817428
0.236701598938718
0.251136346736618
0.208857718774796
0.199918440650638
0.243368167572825
0.152524309392178
0.119809375289972
0.28346791332392
0.255732985484932
0.295286721592074
0.42119672438702
0.295402837345466
0.314257008038577
0.263080890635418
0.257115173347872
0.257303378124941
0.300291203132616
0.294785303116524
0.361230387014398
0.317182590641371
0.397685092171794
0.167202901075899
0.330161444570738
0.352470905742412
0.287715731596214
0.343906942052379
0.234797809388123
0.303275590251917
0.338214033926894
0.29195707200553
0.340571052072205
0.235902353390462
0.274000220988485
0.305125172406727
0.360853355561045
0.375678497107371
0.271164263933453
0.275615666017831
0.357146643505869
0.325800638994817
0.246281355032802
0.303473948770607
0.32677864113268
0.197805010132177
0.328750993776887
0.341505140409324
0.352188675749391
0.476295097830266
0.358194008882758
0.375226816296096
0.303749398381708
0.283764192226356
0.253186828727701
0.413737809051744
0.301476815140975
0.212577195861408
0.38043748983702
0.369805374518384
0.260230906868056
0.404821593342781
0.416482303922273
0.337520199511359
0.246770498333104
0.383483524490048
0.456443517292456
0.329087837528142
0.219186817536277
0.28550176611018
0.334274353650153
0.356827611621915
0.48106125520316
0.510535480422359
0.274370863377182
0.359443967567306
0.191383604738077
0.498963082619554
0.338456356772596
0.294421637021237
0.389339991052469
0.427515982602723
0.368843354319146
0.533325757289135
0.289861077022887
0.522574832871017
0.431134938851029
0.353206290021789
0.490135570262499
0.498542931560006
0.226394631051401
0.405450578943283
0.443325310595298
0.44682723281728
0.454951571185557
0.612514584469859
0.373334361819628
0.427802730612571
0.419685708407915
0.380545155344627
0.467490087549174
0.404816858147661
0.347451705093587
0.392147059272143
0.24637081599239
0.497379885858496
0.417788002048778
0.424416694964799
0.399371540029665
0.400334490079101
0.55487486126809
0.354589439595397
0.32379619943643
0.375488070373847
0.32862541371391
0.463525638566334
0.361627145440943
0.279000342803155
0.441687634608368
0.534691239952039
0.391048160946482
0.522770985918385
0.508860443633854
0.568087456127984
0.506645198066441
0.446391345320719
0.646898125811248
0.362882588108582
0.548529364294709
0.557695859521034
0.469389482081395
0.479631850337695
0.463077463139635
0.550963229051422
0.501003087443245
0.573494739679138
0.454613049038602
0.609964519693018
0.570840635173256
0.546511982704623
0.512355004058788
0.607269029051371
0.633706479849569
0.600242438430933
0.474375808029643
0.479889141300405
0.514298355552111
0.407721223324505
0.627537513418075
0.580374624983649
0.708371822329049
0.595620790408706
0.476214474003772
0.486422249857475
0.656360147643275
0.508514725723438
0.382849022295787
0.609521753229909
0.543856749789217
0.597204268633305
0.506339811813907
0.629548301703235
0.726200861491415
0.505516931535538
0.56131475812982
0.431127341986174
0.490771798850015
0.684714594296166
0.668295840321644
0.647811789060628
0.576388820586116
0.683986993889591
0.613409111867919
0.78174804965583
0.571146439409759
0.474808554102404
0.463575244385615
0.548167500734788
0.466972077347088
0.657300895915639
0.550063623434227
0.414104451436156
0.681019973191595
0.453346734882868
0.612468646762374
0.50281859288409
0.586740242425957
0.628494798738491
0.502945893505377
0.760321297014878
0.569475330282345
0.608931818006555
0.730663850770871
0.624306547520561
0.560764258953409
0.623189939533919
0.565136244681311
0.639860944459023
0.53045904419408
0.599165204506243
0.687354206537339
0.535610929678329
0.660955737669843
0.543615802114119
0.692802664786957
0.658471838516702
0.728517584577163
0.714133832853827
0.76611526256251
0.696956093319426
0.663742676850218
0.724546782131995
0.679912177591249
0.726953244187426
0.624445549623134
0.763429332434931
0.645491250304887
0.681670667235705
0.704783200737558
0.729503952159755
0.858562713040984
0.750392253405577
0.689053366109163
0.624009934105235
0.719758324526737
0.629113178800051
0.647791931658329
0.657781063903899
0.660447361234817
0.72718186517747
0.747915702988628
0.553863648918498
0.712031778287743
0.634997899738223
0.726515809036564
0.807927959693648
0.608363544930985
0.782759131441085
0.738998637230041
0.871880989042589
0.670203857695709
0.712033595393703
0.581382836631754
0.750983202072329
0.692456513207831
0.826086621816687
0.661396996320607
0.734096179951621
0.775764491404966
0.792180487241297
0.701529630273861
0.715370970591267
0.810764536687381
0.697953585150816
0.768257194893892
0.745633361684301
0.729268226331521
0.800252640791736
0.706941723387892
0.833307353875439
0.718869118627145
0.763600494305614
0.66555575147628
0.697023154781417
0.678722034721507
0.796515345665964
0.868080726009965
0.843424435679757
0.689580369540125
0.765741731028673
0.733274415612122
0.865865020626877
0.679998077489959
0.784321655297384
0.766183856912692
0.67722854912188
0.74916456499504
0.703503007326696
0.645291826882819
0.908514270518972
0.672740245273676
0.767160237995861
0.819988522329171
0.753075590714065
0.740738220237497
0.728444814283139
0.776331243177082
0.721693676981499
0.914092331344296
0.898358210804122
0.714034813376084
0.939702314043926
0.860356678181617
0.959341919638092
1.01126980783901
0.822869259195998
0.800768068066951
0.740006413955168
0.842682574075379
0.796120013106683
0.848832524866307
0.808511248440898
0.983802654477016
0.771297578105984
0.779802246981811
0.788601731421299
0.914917575565252
0.827605588550937
0.900161676229684
0.819929568727257
0.905331742149581
0.893534430439595
0.834484673718493
0.794364325043591
0.792211986376684
0.807235324258826
0.80768115763824
0.786770753890428
0.833215287537531
0.92496864919797
0.921508960017801
1.02770745411326
0.762848823030307
1.02729178571685
0.728027098638079
0.963603796697466
1.00479707775167
0.91728084537087
0.97548472352526
1.0179847212277
0.865667644068029
0.855588796636998
0.98217322693734
0.875854043184947
0.934067313946656
1.0399839845043
0.976764502169304
0.909664301228427
0.905415962512936
1.08776195817431
0.938138661107861
0.987391051558069
0.952328441063779
0.930559013488414
0.93935906831966
0.961771325625705
0.890402529942818
0.988238810710632
0.853887455220103
0.913134800767409
0.919892857899748
0.907127711504891
0.889847728515844
0.884284463614141
0.778864085894821
0.80594945122196
0.90978252557464
0.956762159058979
0.936317789282423
1.05003700094787
0.943900453182096
1.04405343460709
0.955851072059951
0.981774460133397
1.01164621119061
1.00318722310702
1.0045858094367
0.915296005651308
0.926554350239274
0.931619897857666
0.946857011638137
0.909869711155091
1.05125477705052
1.08803722043828
0.867098158601062
0.934037047453917
0.968958263980136
0.923349666224326
1.03611254679242
0.935699391357473
0.977661412058108
1.13666821581284
0.943027504170954
1.13744478267433
