-1.00002312265084
-0.893569551599253
-0.967764512151515
-0.936839230109768
-1.02088827976375
-1.10581754150648
-0.971948784721004
-0.804682152762732
-0.913122415523338
-0.97214998415115
-0.997037010501787
-1.02031508664351
-0.960999870071671
-1.05949242892589
-1.06769474520158
-0.974430234962431
-0.991556581617921
-1.1699208085458
-0.99805967819926
-0.986439387970862
-0.995083986950792
-0.941928983372077
-0.830881998525672
-0.944484997319981
-0.845015650251419
-0.953586845944381
-0.893623105909702
-1.04527195348615
-0.938783541603655
-0.76372437326002
-0.876214931413822
-0.857338359855769
-1.18433420490337
-0.88357675852988
-1.09195296979503
-1.0565426728497
-0.823926532211701
-1.08156637038475
-0.969621214714108
-0.802210021334337
-0.956530738130838
-0.875540267431063
-0.681785218315671
-0.744905431244612
-1.02722153148016
-0.860401866925801
-0.969356807488189
-0.994223117968252
-1.07507676641832
-0.770336435145538
-1.12258055263894
-0.96484165211857
-0.961548243264795
-0.715987880311928
-0.937530345691138
-0.790393324651516
-1.02935027213369
-1.02627348022409
-0.761604336801863
-0.934222881441668
-0.782824388338947
-0.969903030224081
-0.842292971155475
-0.853836268813434
-0.847410379726928
-0.822535742943812
-0.836492804148153
-0.945466952866918
-0.840383547029483
-0.821910873426283
-0.922304567511535
-0.825339668028929
-0.944985234280207
-0.703916087517398
-0.761326875823609
-0.716063843286925
-0.845897133295958
-0.764157422615659
-0.836127375405699
-0.815559043508501
-0.833197820393637
-0.759133381907967
-0.884905106783609
-0.739493971789136
-0.781059648530229
-0.673224880182727
-0.731022603825341
-1.0157580309844
-0.847315047949535
-1.00243111997772
-0.832271254021536
-0.817206951822495
-0.915536890057649
-0.796957762967115
-0.80770425365684
-0.664113328935177
-0.78144604448283
-0.91333559226478
-0.742820324654736
-0.813407309791137
-0.784382569102071
-0.846773293515625
-0.840867564995837
-0.799510039500866
-0.792570762375928
-0.835780249028774
-0.786273827133019
-0.970168436934368
-0.755964861113244
-0.778016961934967
-0.780645128310596
-0.826637990113866
-0.7136283388199
-0.821912808283299
-0.754203510683179
-0.651442615675593
-0.80008258245221
-0.619359015129583
-0.750250763322955
-0.660541555291484
-0.746656153101261
-0.823633805367109
-0.71086492459948
-0.872256647307347
-0.655280711628045
-0.644890709833887
-0.803265723957255
-0.779179793329552
-0.841880465765628
-0.685358066751806
-0.579508556817858
-0.76470449338638
-0.663229238722944
-0.877772967042531
-0.485631916445104
-0.739866427416364
-0.749327570120166
-0.806001138781521
-0.66142201171912
-0.650958316441514
-0.548331602581379
-0.570076151863207
-0.680789862491936
-0.658568822158296
-0.823036451283925
-0.796760331799067
-0.742841806253528
-0.692872215813657
-0.653620594078679
-0.857512980642141
-0.71754830401735
-0.72906365711833
-0.696318257234468
-0.778627778970607
-0.640354713366265
-0.618347512422861
-0.766814379407276
-0.598528870518059
-0.656671993729806
-0.702044035009606
-0.641574436370605
-0.669300461422764
-0.744713843288732
-0.709028635970885
-0.586392495608693
-0.60663167509241
-0.856817959794621
-0.523263786398904
-0.731267169296952
-0.624906291995456
-0.681438178524598
-0.666510026884764
-0.621956389371656
-0.640171482800621
-0.588381493448796
-0.665886845444933
-0.657518904908101
-0.474559817607438
-0.78175833028713
-0.640367274953399
-0.698106801700061
-0.590087489234938
-0.652359473063106
-0.535463357248936
-0.588159638042272
-0.583761778624607
-0.664316106254043
-0.533163979362947
-0.64575772663073
-0.592914881734973
-0.518532629115645
-0.706148375923777
-0.679948821514567
-0.625166830108088
-0.607209866765149
-0.745204421673385
-0.573240204567518
-0.610136172926604
-0.663918612175658
-0.700943875529957
-0.481020893508196
-0.546505094372728
-0.713310918878838
-0.61452554083311
-0.697856462688365
-0.646917137419826
-0.767708448408453
-0.661754793446055
-0.592864096121529
-0.510813863983525
-0.642915451222287
-0.530961838000604
-0.567883455103029
-0.529710449582354
-0.58795582869345
-0.539811364097301
-0.569117376194504
-0.631054628530399
-0.602237567590515
-0.679000929969112
-0.545331598147806
-0.553060110928709
-0.576966278268525
-0.586221088226351
-0.463631368120141
-0.477861197007191
-0.656709304555666
-0.542245560986895
-0.599760730418315
-0.492025075882675
-0.348972517225252
-0.530371746911542
-0.405690109757876
-0.612426974470202
-0.434351137205277
-0.651733525744438
-0.514838297079237
-0.520253585937668
-0.536366674660318
-0.58773227877061
-0.501105337400667
-0.549403445840091
-0.638207589743966
-0.613853186147413
-0.423090546855966
-0.437016996672837
-0.428023395837635
-0.55412840668046
-0.416426909825614
-0.473310563287558
-0.514001214769214
-0.496671653996433
-0.413184848722899
-0.594497461180633
-0.603184120456153
-0.5189670138496
-0.467257806923431
-0.428037686523497
-0.45735663013918
-0.366687053978697
-0.441799039077679
-0.590148315755611
-0.359635660652557
-0.588885131820271
-0.580839594732854
-0.486005618061459
-0.40082566065033
-0.25892132303969
-0.34499566787588
-0.314224769705991
-0.380604952180839
-0.422533123762618
-0.501131490541464
-0.546125415569994
-0.381284036472436
-0.500372488605963
-0.512740694323326
-0.446628790595034
-0.424574552382757
-0.447369428308351
-0.489631805477112
-0.384623444870472
-0.508197895919687
-0.26907602026019
-0.366021785735618
-0.366090598825153
-0.457608018699104
-0.469040053095439
-0.494810903809065
-0.329423761153651
-0.405151310359831
-0.464531531857454
-0.472396077631758
-0.418585126647071
-0.51311039998933
-0.28483631945692
-0.437800486979649
-0.438454548836099
-0.618449430470861
-0.421041022898806
-0.414698161586353
-0.402149866433112
-0.271257248587041
-0.305830310027883
-0.381311904455906
-0.357576475005352
-0.297036803764179
-0.277078458388026
-0.326310780610509
-0.322709110738058
-0.509985989328141
-0.445461630278778
-0.144413688946123
-0.498991653806831
-0.323234125300632
-0.355773761395476
-0.404338564111511
-0.433391634401292
-0.434200451379171
-0.361744678810328
-0.363810663460723
-0.322976621850225
-0.252028730276575
-0.36730757283432
-0.340724882398507
-0.291266625499969
-0.109511502356634
-0.295447291016178
-0.353804297457504
-0.173166780263191
-0.500054735475733
-0.377554942672596
-0.318440591060786
-0.267345099868687
-0.291985872385619
-0.229370203711809
-0.423412592895955
-0.298783602562608
-0.3266212370196
-0.368735308289043
-0.317172853364287
-0.225544889999786
-0.262999481330022
-0.437821518612687
-0.216505919979646
-0.200412540916015
-0.221062259840623
-0.201766415845483
-0.342521483826998
-0.303516379110122
-0.201265168246901
-0.365218961085168
-0.217036853864188
-0.335987576012455
-0.293483448503436
-0.278105205232125
-0.236136814455273
-0.298849461378322
-0.252525638096492
-0.320542366333535
-0.39141260216332
-0.341914086861387
-0.334144548448991
-0.213096743906799
-0.17797882173073
-0.187831821797478
-0.332431577054483
-0.266526712267602
-0.232112936721111
-0.175925914130656
-0.312424174996063
-0.243472191570961
-0.445446659625914
-0.181054226547382
-0.309963398940324
-0.28882052210914
-0.196885938485179
-0.290310439229906
-0.228442395116849
-0.241388993308564
-0.372095522472644
-0.27091772013
-0.251612424979966
-0.33491981257983
-0.278075188604728
-0.265394563502242
-0.375083826349091
-0.204797330284702
-0.0968589557567434
-0.241498104720906
-0.157651783566207
-0.300962807935285
-0.0903495482979042
-0.143283707640618
-0.286339330011839
-0.307298073832595
-0.129414945355649
-0.218512808589782
-0.383108416332844
-0.158255412366782
-0.195059109828905
-0.212215318635333
-0.201206406357646
-0.246259571170339
-0.294285758835733
-0.142205288898298
-0.0771685543385235
-0.335158600605206
-0.112153110255324
-0.158181928492357
-0.145858103559187
-0.229786863999693
-0.173048193293659
-0.248600390182306
-0.265573615076702
-0.0730950613345214
-0.212596419643612
-0.316642142669861
-0.205817826763772
-0.160250526992117
-0.0548138429398959
-0.219970748051925
-0.181648052904887
-0.192792917095598
-0.267950725396834
-0.184740251542832
-0.207694196773883
-0.177839167723264
-0.12653254040821
-0.0494148362919849
-0.129974301584379
-0.133036288640516
-0.21138961028627
-0.114741561763001
-0.0602946936158711
-0.137123874116144
-0.138298101244936
-0.37953225713987
-0.0882576446484467
-0.190372266804825
-0.0674052903189536
-0.149729626254088
0.0188305649627752
-0.104082686526341
-0.0558187673889985
-0.155645454874364
-0.119159388637341
-0.150229418579055
-0.0932207179792709
-0.0574716154381495
-0.271931822447217
-0.122428542215687
0.077180500468677
-0.0667774848130462
-0.0465425987013472
-0.0917731216809241
-0.0886962070204836
-0.0660275106808904
0.0281368089218221
-0.0219539426435136
-0.0603268729546336
-0.128063312769646
-0.0547124437686577
0.013749026432673
-0.0791885788402492
-0.111822758152445
0.0663275309735997
-0.15267876738347
-0.0308669434657719
-0.0364901732586373
-0.0787933166040713
-0.141492588752011
0.0312462723213319
0.0375655908101401
-0.0593301937729752
-0.155650380184718
-0.288657775005668
-0.066074021454032
0.0527702152336901
-0.00208393688491973
-0.0232704633767457
0.035729894146037
-0.114047881810953
-0.0688144480151556
0.0489440394578147
-0.144172132406374
-0.11389929123547
0.0755799976039864
-0.228583504027993
0.0526522761689003
0.0151189964383914
0.120302008372385
-0.125108528178671
-0.0662175859887884
-0.0662467200756827
0.0859103916640078
0.00665404666899846
0.0393735973008897
-0.192128358708575
-0.120124517038755
-0.0562311335906233
-0.0899781717588006
0.0162475038077369
0.0112279599574049
0.0503275656385523
0.0674660941992361
0.0159981847372342
0.0775894802495519
-0.176478659866126
-0.00352204173584865
-0.132572648972274
0.041095771238046
-0.0453522529880654
0.0761739149676671
0.0479805305118448
-0.0272587020074684
-0.0832991147864865
0.0979958784514816
0.0363651112071408
-0.0430550621777791
0.0419043999661675
0.150842064315312
-0.0571583478376082
0.0696479745813474
-0.0143135741647847
0.0599759738638136
-0.068550295519806
-0.121714255890161
0.0833550609856148
0.1008313275854
-0.0263541651066709
-0.0489433992963251
0.164180587070292
-0.0184998087246494
0.0739778294007007
0.0155329072528395
0.265975970422991
0.0739027024040899
0.0328821650907966
0.0322802863942253
0.164428430721001
0.0413962959117269
0.0583931684961024
-0.0560930548855686
0.032352406227404
0.057485641985775
0.101537392377003
0.092304190615105
0.103197933985063
0.206764340171271
0.0813983726713518
-0.0172548201445681
-0.0850581314633195
0.0226871716357747
0.12743966465884
0.0833695807550482
-0.0391056147168826
0.167548474940657
0.192297143952437
0.0477218841981678
0.0991109423998304
0.0620980999882552
0.178632931083575
0.253826288260646
-0.0250885479146221
0.234665558152878
0.178344853911343
-0.0868680436572372
0.135971814943436
0.131067300679652
0.0793214617102398
0.171864799044099
0.230667569105394
0.081446580903919
0.0304904222702932
0.0694561169185952
0.35187194442586
0.262723400616198
0.172999850654123
0.178411096444231
-0.0434613315124915
0.2616733367994
0.209844320619584
0.0603990196521163
0.088893925361891
0.0638788196028668
0.162369513583976
0.199003795775434
0.216764627269411
0.0666625006380285
0.120127361693134
0.274286981947716
0.148513345525081
0.223173766481405
0.0670627126995245
0.178361064455833
0.281111010722311
0.26359530035893
0.16015579843796
0.285027408383675
0.130395265575952
0.325935450383684
0.165924033125265
0.301239162760126
0.203159527453847
0.0254773742041056
0.181901884548394
0.299830196017405
0.278054255779257
0.365031987198496
0.173192484998621
0.199289583565892
0.374997829377601
0.334849927387621
0.28208558350959
0.149187721028952
0.101546374326114
0.275399085794176
0.263616626258564
0.0192366884713339
0.240799998665871
0.268964619338985
0.191562345566012
0.31260690133632
0.190893841493844
0.281780655242074
0.142345514187054
0.269440328911483
0.203627705090653
0.367835011388736
0.405526853328522
0.24622847760943
0.102341249808268
0.261629019563971
0.252171770545682
0.336395496544583
0.146413748180874
0.449849224854528
0.307372066356496
0.229602110952891
0.145130471455986
0.304146808740719
0.260765214194429
0.286513603804662
0.182282598477687
0.252360345607281
0.264695069687301
0.370407813731293
0.238106370135649
0.312629515150218
0.407140047920396
0.279474843656862
0.396718414965089
0.453508275538576
0.342640134671776
0.357637740994024
0.312412917712499
0.346118719666452
0.413567436457951
0.251409505269313
0.305888867257904
0.287635129538606
0.355758897596403
0.382886242960708
0.536693400888471
0.418925177366369
0.337188422152612
0.326111760231685
0.282469148179109
0.466015860216313
0.316315008488446
0.406301577963447
0.3221475299023
0.44953376181514
0.222568185649821
0.404512096443389
0.225229441129112
0.237646365658945
0.268004237551225
0.275767870319898
0.442043436079953
0.215172004153688
0.351430748584775
0.296473627682864
0.358953165395471
0.480841965907329
0.446741481889707
0.328417226169106
0.38925123102567
0.417689397247113
0.286025046971269
0.377525077513972
0.319682053574089
0.313108457525034
0.416181282274217
0.417699088058392
0.371290943981789
0.496773652583277
0.486020077079552
0.258362296438914
0.427700692918933
0.499010340565516
0.454081760357552
0.407811313905059
0.349255434697921
0.399794475558777
0.372496240885015
0.410863058032701
0.260106868862474
0.433239439471411
0.546626091289297
0.345500876095058
0.457310756221738
0.57184863935072
0.503149931392341
0.459264136151063
0.37066670301873
0.53458997009951
0.342285464053151
0.40675443137084
0.482435048438263
0.320823036260833
0.47265778597126
0.349095579327001
0.461305668934911
0.349594520954827
0.539321363025898
0.501272585233887
0.354413070944481
0.44764847260159
0.481826068481413
0.460230090710888
0.471338220750326
0.554971451322293
0.36995135892378
0.434548122596852
0.478879770698412
0.597913151799478
0.282082383437384
0.482650964081071
0.417382841984
0.614518155499811
0.620375555368614
0.400011492880867
0.693421355214775
0.48152709387058
0.521262526866126
0.572410028917786
0.412931157898685
0.475852475278285
0.45207698275669
0.497510952571249
0.492066797414
0.451659067498166
0.526473886971123
0.443184314052851
0.5033323125291
0.544131557391004
0.379531351905366
0.526214684898493
0.558800502317748
0.507849608401258
0.558612986742262
0.490148886323545
0.502136334695527
0.498494031699447
0.623808924540568
0.553150161470195
0.633315817350689
0.481838433213983
0.427067737205514
0.551840401469453
0.515966764339902
0.51875536874004
0.517701817464204
0.523231843942773
0.519539032614668
0.52225305847563
0.596181357805378
0.576848927919775
0.541252681302087
0.486647403026372
0.566629370516264
0.461780192468634
0.558138895994255
0.493205071483572
0.539466531856859
0.692312350712399
0.540725010617517
0.630658261051309
0.538328504194628
0.536589658710048
0.593297789133268
0.701335093682232
0.520881080810513
0.49605939139982
0.580961660503959
0.626489031416861
0.486274365367107
0.595687691269274
0.526327344052928
0.663115169610775
0.570771429413929
0.588081595377056
0.588178485002219
0.711696806983521
0.591174311032412
0.551451829937451
0.484719783924943
0.692106940430784
0.652749618854871
0.58012484660725
0.669425564366127
0.784866509136997
0.665572965812512
0.620382601415653
0.648467111221435
0.681392207368578
0.504197041071191
0.57260885204874
0.625077152163763
0.705195364664785
0.572560903035893
0.70546796909213
0.621876057397722
0.507382106539931
0.778737841171583
0.689081524646906
0.738089048655915
0.702002050479417
0.567640489272585
0.584006038202466
0.619313288805532
0.786405634435271
0.579822404500749
0.616511162164692
0.669311952405158
0.866754743293911
0.641715903218258
0.693982081122863
0.695102700655107
0.757467336490349
0.637123271122954
0.793268931891287
0.657643302941078
0.814945267491164
0.665679104136008
0.830654393699663
0.684977360176683
0.60355908680338
0.73053616935072
0.669521719144849
0.813207292152568
0.687486978165704
0.74101047572996
0.971167808139541
0.825325145969994
0.602349276970347
0.680936316060849
0.795505959926971
0.641377480758339
0.607650890501058
0.651854665270624
0.90318579012498
0.734068939280403
0.719779387546053
0.627254683331811
0.828059099564371
0.749215791016631
0.6931355347258
0.701963043927433
0.76475497858914
0.709768967477991
0.709324944122118
0.787018041248193
0.651674636480495
0.836490190453372
0.769683820452803
0.965764395082858
0.71838815380389
0.605194428265118
0.803632690007354
0.760125831359035
0.698102470403591
0.840597826524249
0.888468258202114
0.77773691327396
0.565814776158592
0.868911381815945
0.737423775399908
0.783758853740169
0.752063258352791
0.90150267647466
0.687590762338595
0.809385695399954
0.813927383543982
0.727222209576138
0.822174665101588
0.62964486025217
0.91487190405534
0.871381273093684
0.739324219305861
0.730575955674826
0.802559455352672
0.745962558155936
0.647214886789319
0.796335040233785
0.871077540854747
0.79736885943513
0.846422555585378
0.87407751477967
0.842452208774682
0.840713219778774
0.867944596652392
0.850753086632966
0.665721776138533
0.806482812037461
0.883875192852067
0.887611623021949
0.825634741294485
0.89714885606644
0.954241731662749
0.795997476075806
0.838258526515412
0.882446623917493
1.01230280726233
0.797292281374144
0.837539562575337
0.808835197770507
0.825838574222821
0.855585562793776
0.738856100041398
0.814993069017218
0.84069613040662
0.805785002279642
0.706816549570924
0.76746224777519
0.82753757018841
0.814426927357552
0.790418368890175
1.00711321427391
1.02044412901083
0.92112525638684
0.8508082867263
0.758002920610002
1.01799494384971
0.802061862775409
0.998429616941323
0.941588278758942
0.76950734224206
0.957233691406126
0.882570035674068
0.823201047742071
1.12563118630869
0.709909056629574
0.887140088759056
0.88861304100407
0.925182487035043
0.909453604924001
0.880597023633481
0.957976751911502
0.991968322997953
0.949982073128517
0.787465009781098
0.933665779437943
0.837335712730281
0.767344529829869
0.990031029588111
0.875392918989796
1.0620704965326
1.02247776298261
1.0496038801943
0.965362070645156
0.83423861206158
0.909350825682417
0.936550677018376
1.07911290953168
0.775392293481162
0.912256662819229
0.929396506269907
0.909518215517927
0.872842480335773
0.894015417244953
1.05009432347429
0.963149250171833
0.952147153403563
1.03616649724644
1.00651017671257
0.865277393402239
0.948570359007358
1.0273585928153
0.911906275476457
0.942707062021434
0.92413102302209
1.04125982954868
1.07622924756798
1.0064184196446
0.95303232905366
0.949804734429741
1.22096286644628
