-0.860370843224881
-0.943025376156227
-1.04298989072731
-0.919486917928425
-0.807006968302977
-1.02623212099778
-0.9203617108263
-0.975301183986201
-0.984050404895375
-1.14635285126688
-1.02595347997931
-1.12714046975781
-1.07066962240887
-0.955530523100312
-0.898948044099387
-1.0061900039013
-0.945714287436667
-0.896699538189956
-0.935310159598874
-0.829305259538672
-0.851249318966486
-0.948780600082141
-0.892152052429453
-0.912492376308869
-0.923720541171618
-1.04757499814613
-0.970482058912194
-0.875290329089289
-1.02923441343407
-0.915365494724258
-0.914840565039398
-0.887428275383638
-0.876928653150162
-1.01117609121943
-0.79697884877594
-0.93949051157399
-0.842668143654777
-0.95080206024529
-1.09245600171134
-0.808437383584958
-0.741754953453405
-0.797984786708037
-0.869795501788678
-0.92282844082888
-0.957806502331691
-0.852049016892106
-0.878020717310944
-0.884153824159216
-0.821942567191195
-0.949788901484121
-0.968172802540586
-0.9358596187103
-0.887560327178236
-0.912650173874985
-0.836995919698464
-0.961475087892249
-1.08309016096015
-0.935620666065607
-1.05663639965328
-0.973016120598553
-0.786783656236869
-0.847844002750433
-0.888376642507181
-0.90027067796897
-0.750527929379496
-0.938842299441892
-0.817666489293195
-0.838452728912734
-0.776863537950904
-0.900530803397743
-0.758454542894727
-0.819654437815551
-0.777312081835083
-0.86990044703084
-0.817527778722772
-0.822709697968218
-0.981839974346964
-0.878577881853267
-0.833218718847043
-0.823774943392166
-0.806410552500181
-0.774251263144002
-0.892310909297339
-0.730772920473076
-0.857435625767258
-0.951794694036471
-0.745446287625359
-0.832952750222511
-0.754319591646958
-0.824574515096121
-0.893352198573502
-0.634924388243153
-0.774380485978408
-1.03182504694644
-0.8370356427994
-0.61353173430677
-0.81937192394474
-0.952281195745955
-0.777009561379213
-0.775255782617232
-0.748511600417655
-0.731586518631811
-0.830520554817733
-0.850812297997741
-0.651361561867138
-0.764626624980832
-0.839551106509605
-0.849398197757047
-0.792341985978985
-0.891171883200866
-0.778209102200115
-0.762932602385674
-0.740963101457004
-0.684556843357708
-0.864654951443633
-0.724556690919274
-0.753977393851421
-0.828370269665383
-0.715335799503331
-0.842022597163043
-0.941742601418749
-0.775216433450606
-0.661679144422728
-0.615757474146691
-0.570680319238241
-0.647845537495795
-0.811772482901172
-0.750058756796307
-0.841710859950187
-0.609860825319191
-0.636019776365522
-0.715256458001678
-0.755214587817617
-0.764633438172967
-0.776955440052336
-0.774183246363233
-0.731445040557719
-0.574032464315194
-0.728627681717512
-0.621524116016006
-0.680358612520615
-0.817143572270229
-0.669411701885419
-0.911401624540647
-0.735889030630882
-0.603772174179116
-0.624375120830788
-0.699638072084004
-0.72495682310104
-0.560365593202525
-0.630956740908834
-0.697726248854981
-0.636332532597361
-0.670468456096473
-0.651022876979779
-0.76119001153056
-0.65916063367111
-0.861308721458855
-0.714505152957961
-0.847344485084761
-0.659601424081605
-0.577697780982565
-0.661699117771294
-0.742990494607863
-0.778849158188113
-0.756635951013811
-0.738436622563847
-0.66719593068566
-0.601157131197512
-0.639253336483007
-0.751718036273137
-0.731719598500415
-0.626660912427388
-0.655200776506915
-0.550204408870004
-0.478578940095951
-0.630854125503206
-0.660960928563896
-0.590315475672426
-0.656455390669595
-0.86389012524639
-0.674228684995783
-0.677264498991289
-0.813650412312471
-0.701251148896684
-0.721251884150613
-0.615580447624986
-0.686386299084722
-0.615198759335174
-0.530475084322344
-0.666895583876632
-0.620662027104471
-0.599449401303138
-0.704441223814195
-0.620633329816728
-0.593727152091391
-0.446690351328763
-0.679897335033322
-0.666372227328607
-0.641822274800426
-0.530658018842865
-0.536851705936146
-0.441854067101317
-0.590506655922647
-0.562112517749543
-0.40684790520244
-0.5325503897676
-0.512277094092143
-0.482764294880173
-0.560026220565287
-0.556757932998942
-0.467266127799942
-0.604057345536536
-0.487587773852368
-0.44027706434413
-0.512299438001069
-0.585962392487814
-0.419183747200721
-0.746965029471655
-0.435059370248739
-0.512795266906673
-0.436439953061833
-0.658802702715498
-0.636218006458555
-0.577151392400631
-0.600624241648245
-0.553256952720383
-0.537956970515743
-0.471381351917066
-0.534842374653346
-0.524712525331433
-0.631668259449182
-0.442443105414951
-0.49513960657948
-0.536255591147795
-0.497808017775535
-0.538692446863457
-0.505605020465798
-0.623694134793099
-0.496964888161177
-0.527315415764756
-0.659747690255343
-0.415696504565289
-0.646606272105758
-0.588520416273174
-0.558920463038124
-0.436887224213195
-0.478278067564572
-0.428002737693171
-0.542327096210117
-0.320196157469425
-0.451179047324542
-0.424092180068667
-0.51178886586019
-0.530557055835271
-0.484550772764602
-0.532931421121378
-0.614761267285187
-0.504517941085125
-0.49631283377206
-0.566783794996033
-0.504418646694033
-0.354308626768486
-0.523708787833485
-0.520446474972347
-0.373911391978328
-0.448072460231239
-0.399574645427996
-0.553302520852448
-0.426261821375037
-0.396377091340511
-0.539945270835567
-0.582211754752073
-0.573981631042195
-0.420806064060638
-0.395002454282923
-0.326143539465226
-0.376763840155403
-0.585434324570654
-0.352819247957055
-0.467336803917146
-0.595130802650853
-0.418697390555719
-0.464353761012427
-0.498561549417008
-0.435417220975791
-0.428177133983936
-0.473517225910694
-0.419254733922234
-0.472991122450344
-0.524262171201531
-0.42861224771213
-0.3647938958319
-0.407131387214671
-0.463747067863198
-0.290893480628141
-0.225334068465563
-0.389059453177083
-0.300928052792739
-0.473581697360796
-0.533543091714816
-0.308700454344181
-0.387206522591429
-0.400248533345307
-0.299442028349423
-0.262767306872311
-0.314904982059447
-0.370192400727651
-0.333890261341717
-0.276945784678641
-0.41306441676127
-0.227570501413938
-0.471553121589483
-0.251240785785969
-0.349314570517138
-0.413612921303305
-0.373721710444839
-0.472984138129101
-0.278738873793747
-0.291826044849851
-0.36174715037471
-0.350835838504207
-0.394954344179586
-0.265053988312968
-0.399057657235001
-0.228852370796811
-0.31408651221529
-0.331426153339005
-0.404257984200203
-0.386337297691387
-0.382098331688052
-0.304146672005983
-0.229631059787537
-0.406620661765898
-0.433925968144157
-0.181021766658803
-0.249790482587795
-0.373430724622265
-0.296461547338006
-0.229281343726894
-0.330819440483728
-0.281800330409135
-0.231699616394659
-0.309710897005596
-0.4374649453974
-0.298813620902825
-0.304909228651776
-0.24900725431337
-0.266376458122804
-0.346615029805428
-0.295501304258361
-0.359695640674552
-0.316661333762674
-0.243962436368151
-0.433112115962136
-0.196180504914646
-0.178205358698383
-0.27936957161376
-0.233840886212603
-0.367405881148105
-0.284292711630871
-0.331975463706564
-0.266312999877188
-0.161258388052219
-0.284601937575601
-0.491883222137017
-0.41534707841959
-0.274626015256851
-0.166340579047433
-0.332330159573163
-0.161997715927575
-0.277296046670928
-0.381977227776238
-0.292961481464399
-0.258708696959329
-0.366312147287332
-0.133144562863129
-0.334372008525697
-0.242931352287802
-0.365381544420842
-0.252220626151565
-0.272187676871039
-0.341677495270187
-0.293844044418522
-0.123589052436982
-0.211867008096852
-0.285361904247038
-0.205629866999589
-0.310373454400226
-0.24289751810065
-0.255732619002553
-0.172126586375507
-0.12327311232316
-0.121674546722957
-0.255026662741284
-0.283680404215953
-0.291250655802111
-0.233453014060749
-0.118460525997036
-0.1980898824207
-0.135578211449246
-0.268248197346882
-0.137303409807942
-0.127390958307472
-0.202647736405822
-0.124578862128667
-0.0962059971404377
-0.209588913381904
-0.331341792523116
-0.0903323696612451
-0.0787996263761057
-0.128296457944223
-0.238873271015876
-0.341973280501838
-0.0622261843747104
-0.128966206674084
-0.222583397519982
-0.0261172108052988
-0.312875187868943
-0.117649228647866
-0.0279622493003698
-0.190597528868337
-0.148197867316986
-0.0815658799720767
-0.192867478001296
-0.152934370486652
-0.101163579027695
-0.194481933599611
0.0494406458447575
-0.21952216367414
-0.216172798258857
-0.024283469137166
-0.217068187633686
-0.164831601872732
-0.160921328223521
-0.0815760330694988
-0.0477473618655066
-0.15999257283688
-0.176727474597407
-0.113838383265417
-0.165243742690957
-0.0767180581318755
-0.0687311491200243
0.0254366605101893
0.0245085311891136
-0.237468408120336
-0.0475962856629442
-0.161290448160849
-0.207085869769694
-0.0720277773418144
-0.260743724219832
-0.0661479997035616
-0.0417353362409354
-0.150102418911785
-0.163526836235087
-0.0104276783675015
-0.00203028054141736
-0.135387604987449
-0.0752153753873097
-0.136729003607259
0.0106654226454237
-0.00962156505448263
-0.123488099674253
-0.030023945519285
-0.153946626683686
-0.0760833983473758
-0.0667827060474435
-0.0640222656964431
0.162484520887731
-0.0743786411415502
-0.0590761561153756
-0.110931734741599
-0.117115658597073
-0.038718865038675
-0.0124093939708083
-0.137580811845848
-0.0606764347045805
0.0580615072903992
-0.116704732402925
-0.0404174313830238
-0.116041932922239
-0.0473397709494989
0.00141034886177939
-0.219634279527197
-0.0998639384731585
-0.093212492467499
-0.00759147166945791
0.0489425429508882
-0.0110669173777381
-0.108665026839896
-0.0314383701292338
0.146868221783714
0.047137502054464
-0.0955885393235571
0.00643581621227765
-0.0362987250436673
-0.0980259824339577
-0.0265345795983777
-0.146812791374532
-0.0804113375755984
0.0581310310074367
-0.0446454977067748
0.0471134093056302
-0.052381578694817
0.00299149474867788
-0.0321751227877882
0.14140258725152
0.0350111778569067
-0.0896192728313455
0.093514535880702
0.118117799193124
0.1155396821495
0.063086211368149
-0.0192058176471182
0.222296752215624
0.0341071505200009
-0.00410345889036799
0.0172938148178214
0.0875757509727563
0.136359755556108
-0.128478024809587
0.0875978103369843
0.0300557206809437
0.0340117847573856
0.0444495263091573
0.0395556320912544
-0.046918015207253
0.0642459038380431
0.0958687652725404
0.109209878217107
0.0245518689130853
0.15488051341739
0.153809377990364
-0.0565463165516232
-0.0226472088987676
0.0490072954262098
0.276349323430667
0.0973784790070782
-0.00784392335802897
0.0395448751490186
0.130080099438687
0.141244553263529
0.106571934140267
0.0551774669427712
0.0681376061639658
0.00832059832001894
-0.0430971646777931
-0.0424796044201531
0.00734053476264577
0.0300961476395077
0.1178699892694
0.148161025273802
0.135094668383761
0.196876520726398
0.212483715649886
0.138004424246154
0.106810813657544
0.17299359391985
0.360865898309954
0.0537319571746409
0.142143528187325
0.20141783121918
0.316031485060275
0.103829874486139
0.277108982587016
0.0978675666549232
0.173146744209087
0.283182633054824
0.107178399968203
-0.0131376672170109
0.208574164959449
0.251302832334394
0.200177876816036
0.0444961024750489
0.181382626464521
0.117738652841688
-0.00539330299217268
0.0846527350376649
0.202196398906582
0.0705141819428427
0.0581133791637663
0.188401480843716
0.0991460865618109
0.274214644571134
0.137335472987346
0.0501486122611635
0.0939687868090519
0.14807713307284
0.0611979087417189
0.296691815749766
0.0617503043057439
0.193690187360256
0.176585462525991
0.169986735724267
0.280826946312821
0.328956662894469
0.192780865091217
0.125568039326392
0.193932637971958
0.164849508359522
0.303302141831853
0.147610066121922
0.282275227872568
0.180105500520675
0.125371732267564
0.163256026124465
0.241778118351444
0.257484139175885
-0.0134327847501269
0.267757886245282
0.217915504368067
0.204387659758008
0.0661530053584467
0.153598446424942
0.159358177449698
0.119197346620398
-0.0377216697363292
0.419294866877183
0.0728771090514826
0.242000059494896
0.297469090930369
0.289570310898284
0.192216436799833
0.24048391788257
0.245864980836077
0.212959605977647
0.281969519717084
0.139414046686188
0.244055947324251
0.287148418507027
0.226412563135151
0.224737029409278
0.311280238236127
0.244872312880386
0.276814013508129
0.130526438662462
0.256697310453622
0.224582935013718
0.273630839630562
0.319872954092041
0.251152371631953
0.302722470239311
0.115767393072835
0.361160566156438
0.352086010097807
0.321174082414573
0.258601180923449
0.307270547368932
0.444237755968966
0.280135205514888
0.296357784962505
0.418976473556068
0.284419856224899
0.322203413677348
0.359196093074132
0.344635291958103
0.359129663055174
0.269648803488305
0.401969168665822
0.188068383306182
0.461241631856526
0.478454558642639
0.403026792753116
0.424596875692062
0.434934294274675
0.406170884112885
0.363999386195014
0.329379324214847
0.370643687177764
0.277653267575192
0.457765513706513
0.291880436527782
0.298352056114919
0.127056938541111
0.286304623736318
0.255909363610103
0.339853638239676
0.378477496980215
0.384413001583977
0.369002656155871
0.37168196081367
0.295360299061382
0.351546741819415
0.38075452917424
0.421310635061221
0.452380179968553
0.0842366677251976
0.215808901558341
0.416755256080253
0.52665115566902
0.447795003143184
0.334195852079981
0.299437083608608
0.280937609975466
0.237587224829207
0.494217515936793
0.350203751044859
0.568286097324803
0.474209774951547
0.321400659240479
0.467487592605742
0.363098574099788
0.373858251945612
0.384040437606331
0.424255762534017
0.234317103499104
0.32194824608089
0.444696229285801
0.448629867095262
0.435540378322226
0.463334599504187
0.408118177600816
0.520675336445004
0.401128606675518
0.371113494441878
0.508302221243357
0.453620708390979
0.582831749959516
0.538676235694705
0.37716769251518
0.57904091569769
0.341274595457869
0.638062708146693
0.506635457358599
0.536423823086148
0.425846909583785
0.449422082765269
0.405913336398945
0.402155952463243
0.619943407005866
0.493555218239518
0.319697303961931
0.36584618200893
0.300107346875144
0.380917907689136
0.466643354036067
0.501287849335179
0.408267470009565
0.505499032521775
0.362950929453214
0.559325739416209
0.484242812947928
0.522752275907889
0.343010189280395
0.367045420487303
0.558302311606455
0.525423270520907
0.425015917263691
0.400588419926226
0.463132166793333
0.531487464391235
0.541360744097058
0.5493340066827
0.38402835802381
0.471040548249116
0.529464363407112
0.579075666956054
0.489274108114968
0.523466358933847
0.621968456232074
0.417488699303053
0.579664506850795
0.559772922821396
0.456484663379751
0.588732156500027
0.678718289096068
0.457514053508089
0.507747903781068
0.399144250305453
0.574488077609439
0.541773300044471
0.633144755604538
0.495266121950345
0.6720606728626
0.523467563952311
0.41872657629745
0.535112728345666
0.523499243267168
0.604286599193748
0.511069392598557
0.547479700180497
0.656367481441859
0.53048306804551
0.55000863026716
0.542575356558706
0.662517905702935
0.603430210468896
0.574737564928658
0.594988451703887
0.566185643015597
0.599025308633822
0.544403545268028
0.519440743438012
0.584743377821856
0.720298811819256
0.561895178265306
0.693472551772616
0.502421948044802
0.562448270613288
0.52038308683267
0.647810539820424
0.605624700365242
0.444912428428801
0.747642144377539
0.788732659949578
0.7690859220956
0.634302908936751
0.559028652864023
0.697509287517348
0.697985041892974
0.483094060095714
0.64929704320122
0.631128437154559
0.685837097534184
0.690625614402856
0.522999836683922
0.66740882146067
0.549225542449817
0.626026155989612
0.730552556046224
0.673962583651376
0.733658580831428
0.552471366153734
0.593387715083582
0.704193561921427
0.549986042864549
0.641771545804489
0.728478984726785
0.655214200912349
0.600386341124593
0.73639766679746
0.779031946025763
0.744371991102279
0.687650522682522
0.732025371940126
0.749275579610896
0.514610890978433
0.810537395584877
0.636540270330302
0.806613292993793
0.645888054109359
0.797904478781973
0.654799217243953
0.633864173425773
0.657295826102336
0.612627863135871
0.668677910834977
0.669625641870801
0.821524556758488
0.6842604182354
0.60539865752415
0.69264337243633
0.767999851025703
0.603831874951328
0.599807904456337
0.88639791009368
0.675167936577541
0.669317969029966
0.762070683712695
0.833953735607239
0.576682197576117
0.636227489408456
0.578896008952726
0.841359312173772
0.597087095624094
0.694088619914602
0.630706670852586
0.734569063158289
0.75492676078974
0.860408274088831
0.651061147171535
0.669251260857433
0.726218117322275
0.868561530697746
0.758355775889757
0.702763106393817
0.76075348471822
0.812819607775405
0.663692078916963
0.681459547889815
0.783272029856041
0.747139985365331
0.738979710033738
0.738592522673643
0.795025007347896
0.849421557961395
0.80612841660859
0.598767223116793
0.664804488927689
0.703526922830339
0.669526967969527
0.745160276359939
0.840533096611218
0.691510958712214
0.950157326494683
0.724354818612331
0.692872880547338
0.84407063159253
0.762255871776722
0.77306548301338
0.82104777457572
0.733029412121957
0.890028450935851
0.852934942227656
0.7383789955979
0.790598495669324
0.890062357910134
0.735117030550015
0.964410041648451
0.797308402488412
0.909244108851088
0.812637624542467
0.784452060129242
0.793114119121267
0.673930243322512
0.785129184465267
0.771613209835051
0.823100349565253
0.74893331336436
0.921885654501782
0.985725235803441
0.89896638977706
0.80438849102464
0.865685709685593
0.826981697512318
0.808182507766711
0.764463149033995
0.759737584981313
1.06499461143632
0.83962669729712
0.747157704501175
0.955657237891901
0.900604404369431
0.932353312974812
0.841651327022645
0.920431404226978
0.887344503299929
0.872567774834932
0.806152051962299
0.735660329513869
0.888469404048162
0.930838659824716
1.00556299514728
0.963796598314881
0.85559395227783
0.820793686340842
1.00739288662965
0.845856787507305
0.895629184971541
0.80226267131757
0.892748157869985
0.702164952470225
0.786553283889902
0.933939940084047
0.837407916482315
0.92894069401612
0.789293953079521
0.921413668174081
0.971975888395621
0.935513717379441
0.935179050875397
1.03110994040329
0.908184264333904
0.78461538992942
0.990740905970697
1.05956803497896
1.01127649860512
0.827779997817625
1.01903106104054
0.967993511038432
0.818261255434455
0.819527993108848
1.04493238441945
0.92868875616026
0.930777792670218
0.99691553004622
1.06072485020455
0.893608019948581
1.1214803525488
0.821686816913389
0.969670810755087
1.00262755926635
0.957509724462595
1.14770246535299
0.846687798449394
0.899389903162231
1.04765371925271
1.02017709612835
0.907218213848856
0.991464886951319
0.936085189301306
0.955295023212521
0.991510256440108
0.876574470248057
0.896315382739279
1.05368986701442
0.917694863625513
0.956593597400041
1.10084097805845
1.01108372431325
