-0.948820988901952
-1.01037084597476
-0.972250377274026
-1.01033394567058
-1.06224058861425
-1.11080653497693
-0.926687130640324
-0.899506636965912
-1.10908095043278
-0.807400570653768
-0.975024257117644
-1.01857614386994
-1.03147715577672
-1.00942923755749
-0.913851610268391
-0.9245422685659
-0.909418827697625
-1.02652664803868
-0.983664440810726
-0.945034696242082
-0.784991167668412
-0.960070939518468
-1.07236201266512
-0.916389988641516
-0.866232919850619
-0.893998152914957
-0.963517740984177
-0.977872924579201
-0.856377081005251
-0.884864128021592
-0.949287416023793
-1.05453825167593
-0.978957484940467
-0.953746135842829
-0.844437939877021
-0.828261541290617
-0.95140144315597
-0.773564802082217
-0.944435191561034
-0.870180034946138
-0.759692154485146
-0.843747349821214
-1.06016398874075
-0.960844038248833
-0.897136525421089
-0.864893102499011
-0.95251819190666
-0.88838730623502
-0.947118394546048
-0.812158137893974
-0.959319229091436
-0.984107297436776
-0.942424011576853
-0.896348068971232
-0.912071676966827
-0.884538571111491
-0.817160970521741
-0.829335632517704
-0.969185881725593
-1.03343750882326
-0.84036531518642
-0.99796133127791
-0.798574010495724
-0.781173850099571
-0.774637462080713
-0.817121899862577
-1.0149999451943
-0.840712915254563
-0.832055404905386
-0.761735619221752
-0.861926329798843
-0.908400640321283
-0.991932535353257
-1.16936679389726
-0.830160021494886
-0.832440278376892
-0.894082855226899
-0.963563776314334
-0.766337099958657
-0.829047810112638
-0.782351530016398
-0.879613177567086
-0.946420879413605
-0.901047097094918
-0.641590744285136
-0.785017169758545
-0.923810182584826
-0.811875736012568
-0.890636912104564
-0.938481586693831
-0.917424691401608
-0.768052490010139
-0.863598176300775
-0.74278561618303
-0.809636712593398
-0.78160270483216
-0.863270516427631
-0.70927374550714
-0.777358185273093
-0.766906394688435
-0.68225244169355
-0.731234830866463
-0.93758320984951
-0.851934980365994
-0.894734242238322
-0.624111966610571
-0.753801813276748
-0.73218655556371
-0.84202983794524
-0.658535797097811
-0.597970868991786
-0.69450753980896
-0.774591262572922
-0.96870518164226
-0.908736774453215
-0.924371796608902
-0.767058449651472
-0.734348788461349
-0.82870058205112
-0.752599021887648
-0.655937601428926
-0.90127067776964
-0.696479554240392
-0.806175689974191
-0.783376679040031
-0.702915086606428
-0.830212002677384
-0.604912994664319
-0.782262622423128
-0.754701119798143
-0.7594733323009
-0.757264492088332
-0.849392283174918
-0.673613736293884
-0.677443679488958
-0.738002437486238
-0.737136729707637
-0.728347777523557
-0.753465966969411
-0.762305104066656
-0.785404102281282
-0.638677544098402
-0.710396766807987
-0.665584791313421
-0.669929121032704
-0.601610056654296
-0.729265641746869
-0.655527582088373
-0.784126222101654
-0.583444991112651
-0.709800315906196
-0.8019361525923
-0.556874625609428
-0.763116346972893
-0.606668055441269
-0.666425762886307
-0.863611619765731
-0.631827449581453
-0.710975586255103
-0.57576091053606
-0.661120123805653
-0.710977850684264
-0.5757813100232
-0.699725549971534
-0.579198982243568
-0.671540185778581
-0.700298783050175
-0.628699586076694
-0.702510551008654
-0.604702738092065
-0.722813854635624
-0.654008359429449
-0.598839455038795
-0.698688214132477
-0.578568919839429
-0.517023625124088
-0.634716823865024
-0.733310136563294
-0.761402535381933
-0.702472443368888
-0.653661853488094
-0.562753546320142
-0.550575491414255
-0.545609603172888
-0.646906654723448
-0.607651050365754
-0.666147209755199
-0.541549711361663
-0.576153053147358
-0.771363339263807
-0.545844220539419
-0.606469613602107
-0.623093830282869
-0.625907599349346
-0.445995649010015
-0.764755501807015
-0.605193045684076
-0.579225115365688
-0.733858802150837
-0.599825138756283
-0.492842816152368
-0.674899396993038
-0.433180582354448
-0.683602492428975
-0.567073026381861
-0.605901946272119
-0.43421167370959
-0.578625381552041
-0.601277590649731
-0.60387753668667
-0.582577248301142
-0.730981653270863
-0.550308856832754
-0.557741927877594
-0.586823786276154
-0.526492361689468
-0.608148828994438
-0.530814845148672
-0.56835173996363
-0.587103382814842
-0.743699647457477
-0.643352874511461
-0.576723321154425
-0.472748233451922
-0.587244506816416
-0.616723789071213
-0.498031966782547
-0.548351673509867
-0.628621188326109
-0.610625453237985
-0.522641779269046
-0.541672237781683
-0.604050859395304
-0.635341666309486
-0.590217719073499
-0.561472888251365
-0.478103980222954
-0.611062721628272
-0.400498700877345
-0.495844334218458
-0.524202457506027
-0.541522945743831
-0.571894302481253
-0.534767185013434
-0.571290301392166
-0.588111959596985
-0.520525494098386
-0.585026971257954
-0.553533910509829
-0.453625145267137
-0.443347968459912
-0.523660502819001
-0.422905643454785
-0.435518969854342
-0.423212150581681
-0.43174181207296
-0.491882903125245
-0.433765156419432
-0.518541383932056
-0.582674959895201
-0.434273305647945
-0.535290358116314
-0.496412936646436
-0.549611559225779
-0.389297521677153
-0.247499531035416
-0.399344984547994
-0.432710922197574
-0.575211337886602
-0.453932433846594
-0.611827650528752
-0.473166896885648
-0.444813114920171
-0.423998486105631
-0.411011736853736
-0.414334533434374
-0.616139040840823
-0.450754953858637
-0.386396507063941
-0.351626520317482
-0.484062250384079
-0.345252640579772
-0.494402760926105
-0.659590022799332
-0.331877351200373
-0.518540722992654
-0.444055970019796
-0.433111063827023
-0.407311012694118
-0.449754627368965
-0.451562107575509
-0.266975440550525
-0.445425191433692
-0.361382833834292
-0.436465285908851
-0.285278277037831
-0.288669067699081
-0.429613959609827
-0.302162736426111
-0.278469268824456
-0.424912872361724
-0.332272510129809
-0.342100173745458
-0.27198705502384
-0.322969309442613
-0.319323255980528
-0.445618646821354
-0.436132099439017
-0.30280446268013
-0.485689391962848
-0.322160999753499
-0.40539443796671
-0.427027112716819
-0.360026834387145
-0.335152021517637
-0.387876639926642
-0.382863551901176
-0.40651650085079
-0.311110533508069
-0.443809466152338
-0.273450698898092
-0.43777182162966
-0.376795341908409
-0.423144235488724
-0.294647124628733
-0.472131967192817
-0.484039551647208
-0.26768802847661
-0.380547706804717
-0.257372066775417
-0.37119244964185
-0.422859489084422
-0.24301220723397
-0.518803113578628
-0.333192815448455
-0.183636322025363
-0.292516457335207
-0.413973782994087
-0.229874798253804
-0.336957583483852
-0.121729106970218
-0.385379789793479
-0.240163587275288
-0.316636537513007
-0.405352938092985
-0.22098776950864
-0.319606380068044
-0.277998763667423
-0.330384884673122
-0.345957276353135
-0.0697953726781178
-0.390761022185403
-0.346721169799055
-0.349991009084546
-0.227829688132031
-0.238404540798595
-0.377371808801205
-0.211325541686654
-0.371226161747087
-0.378976142588202
-0.254624881976388
-0.285521287755612
-0.360985905858877
-0.176112024489749
-0.227975424165922
-0.252758809230662
-0.253175513023677
-0.22089407862245
-0.236113615734965
-0.3268898278157
-0.315989735800268
-0.25126073077223
-0.276294889867335
-0.204512795532759
-0.334328326671684
-0.189102772942726
-0.276932596980517
-0.317130459554085
-0.299822574842078
-0.384582604885219
-0.324991172960987
-0.146686687094063
-0.15958059005796
-0.158423507099041
-0.242324102165802
-0.363898644096713
-0.293307781544323
-0.266216851926269
-0.325923620437803
-0.179851198390477
-0.237659360048108
-0.246201618977656
-0.141388045842927
-0.0963584259226634
-0.195999408172591
-0.354356883712171
-0.0402965897118284
-0.152151242925056
-0.251897672610175
-0.364120660002138
-0.245236560799291
-0.257441112841024
-0.100559911716827
-0.221595524604068
-0.327255592000566
-0.192392804501564
-0.2015442270026
-0.21304579760258
-0.0730516239328983
-0.170743857552536
-0.249580741313006
-0.149911680957184
-0.166766576718837
-0.120982043502834
-0.242199628477484
-0.31678848827963
-0.0517625556421922
-0.230241842587866
-0.169627374956885
-0.179920199385518
-0.283375204711132
-0.121833831248916
-0.212786550619334
-0.218886067303359
-0.0826823897542357
-0.107603924344232
-0.064169879661505
-0.0879614226175743
-0.274598115556103
-0.11002867567402
-0.293993246249247
-0.0393185101667072
-0.100426773168843
-0.214911487731176
-0.136777166754719
-0.253540589813179
-0.202472676040735
-0.0646755420389264
-0.183755046926403
-0.142677811774955
-0.175142094750969
-0.179465541227217
-0.0532511742545618
-0.0637770127310984
-0.226015556368241
-0.0679415607789211
-0.133283828121729
-0.161234349346039
-0.172854165960165
-0.26937814293029
-0.161161939065547
-0.17756261380042
-0.00301469751402427
-0.0980521911330482
-0.121822719420575
-0.0472374071105648
-0.143581877229888
0.00383215944659866
0.087820604408075
-0.0696946328771535
-0.0682588686671403
-0.0469029361941121
-0.212987627323411
-0.0154446175256599
-0.226147358881824
-0.0373391351037185
-0.0986143261521222
-0.0847772559034083
-0.0295800467556878
-0.221135384421394
-0.00202817371059515
-0.139047969222824
0.0854684595637105
-0.100113899384149
-0.0266899482799971
0.0454170007960092
-0.0557301231369605
0.00753446204896103
0.00609225512946385
-0.0384631722470749
0.0861998008034778
0.0932979559260455
-0.0198793292580543
-0.151623329792655
-0.127698295221996
0.0711726797519095
-0.0740295923792785
-0.21604606837705
-0.11490136975985
0.0356255265194847
0.050016918013535
-0.0836801589630918
-0.0575064078219026
0.0862087668491701
0.0432875100915802
0.0750967574675713
-0.10531772197581
-0.017911317902634
0.0771885900012964
-0.0197917415814133
0.0728873012887999
0.0574567021088694
-0.0287910215323532
0.0737414886620391
0.0755896127608172
0.0468335800122232
-0.143355189824086
0.0270736269785922
-0.00227460572323854
-0.15477312591858
0.0621321451401139
0.203101428902576
0.0751199985478195
-0.00300793680489543
0.101609821831718
0.149954122339152
0.114991236140681
-0.00605408713041125
-0.137481542657158
0.132793202168897
-0.00275407973012296
0.133015347815069
-0.0452629008690017
0.0195292797608509
0.0810340953393659
-0.00537502595547999
0.0965115463248472
0.0261977775199511
0.0765614738835584
0.112858326156675
-0.0287881438961633
0.0814640897951125
0.183060287517173
-0.104038447099167
0.121895703669708
0.156257884252661
0.0535732003557694
0.0262145059363943
0.0974553053464538
0.130529157155627
0.112442949241977
-0.0745865229656189
0.0557908583936661
0.0842336591173615
0.16860661976539
-0.0839731929646694
0.186480450301379
0.103430724555177
-0.0275145513652134
0.0979616426366414
0.150489489224064
0.205084382476634
0.136202898533883
0.0443938613572005
0.125460498896981
-0.00908529575162866
0.212129073881651
0.128051272041065
0.106597004047461
0.0585153594456357
0.090119571497937
0.0157253979673471
0.11548251244197
0.114372004784955
0.107635291066394
-0.0870262521533276
-0.0382674531790937
0.0995184235901219
0.00589520882574145
0.0702891908249062
0.0325886081171163
0.26766969598618
0.220659571274511
0.222936347263339
0.262469306118594
0.12816213886723
0.069138455552705
0.201054504430735
0.162320629361847
0.0961487775206575
0.0777400428197373
0.255129964020832
0.0508167039931916
0.29098467442931
0.144513295610975
0.235561599313564
0.284950802157841
0.223809426975793
0.134318214380054
0.277421990721723
0.250657821597293
0.195897299508334
0.319282984333308
0.0751972454872063
0.234370534666349
0.0715621542671902
0.118365022459867
0.0833014482535821
0.315334883080525
0.311708957367909
0.296227904647075
0.179265235243629
0.186889485845311
0.237295050042437
0.0700021938384022
0.317021646224995
0.231545751453684
0.304278175490901
0.170890945775948
0.0834744095542229
0.336097106648717
0.157547595036321
0.285730150755108
0.321261947354617
0.0872498011131249
0.267822737302144
0.201631400699626
0.0123877149373716
0.114949193356278
0.456753150001571
0.35074742384834
0.215635326200987
0.158504948005967
0.253637784240833
0.386057210260467
0.286460028190333
0.122199562632815
0.120848443462854
0.17633430385545
0.404630458193646
0.278677565776339
0.377238906018214
0.174635187740512
0.231661010496215
0.19694131922236
0.250522593255849
0.159902749224652
0.361761367633149
0.407354489194865
0.392697310602494
0.165419986892228
0.297502023017508
0.356350944880521
0.40776073668617
0.252918659998397
0.263160298543857
0.348941495795861
0.263263255883473
0.306995630582324
0.214541654207314
0.202113327871967
0.472695108977742
0.380120740118356
0.252391217953092
0.280693352645403
0.33927394889114
0.285377429879749
0.410734809272139
0.220342760951439
0.394165049565055
0.391407890151931
0.387758629763465
0.292175444858702
0.417180163514903
0.470118859511988
0.198553140449398
0.272334540874096
0.359253899579193
0.296702282293195
0.0898203675789108
0.335702559684556
0.297318304738061
0.328818498096918
0.25134725432417
0.433161329950995
0.280837443712683
0.323477405725909
0.426483905789432
0.359061689690417
0.160294677664855
0.326253029024066
0.425363562640348
0.356095944356849
0.407038584843599
0.320318503699476
0.346285566250736
0.287123861058764
0.330562042813328
0.344486468494182
0.495336054711896
0.384523287452936
0.395855527237582
0.324910546872853
0.393592491346155
0.291371678865051
0.311612731848805
0.232813292293671
0.27112587372609
0.354842846886925
0.36261368844222
0.291723337938815
0.267427791810148
0.518895914160845
0.326105217165491
0.288139626161606
0.394445897852486
0.300596975111136
0.244645260174851
0.550046295286119
0.501831625620913
0.467111896875451
0.461816755394976
0.407352495606064
0.284305235052753
0.439873444214663
0.50901596952153
0.423215529866707
0.425169646248769
0.444473671168792
0.315252418141185
0.390972469514894
0.53056586549993
0.431669517517741
0.369120315404943
0.368605905544322
0.392037317055177
0.446605081438521
0.506967759393619
0.34767434951128
0.567276464145355
0.500842421525566
0.494198041672737
0.424510981216395
0.532657224914801
0.488101035114013
0.435141825614011
0.464134559620786
0.344393897697705
0.433474729974129
0.509350852904519
0.455559929782425
0.497868570755756
0.55663705055725
0.47693309490746
0.475207371146188
0.511417701841772
0.46820773828408
0.483202305552981
0.502280559001822
0.52880658764505
0.522235153924694
0.632810582820956
0.571589626322354
0.514601567053942
0.51406958383173
0.520777358419644
0.557290723852261
0.557756757157069
0.554048356196781
0.543784797749332
0.611167059974934
0.534408530060912
0.576542492159629
0.51990572412375
0.541961478852764
0.437351293148857
0.518252604110711
0.670352539940847
0.459846579726949
0.509656188464782
0.506801760436552
0.619135656973569
0.589133555191498
0.624019185508468
0.604146334024147
0.619208142730256
0.486418891657265
0.635013306749217
0.598452251982441
0.656098969998612
0.44349046692574
0.578879402316964
0.833139637904136
0.523524215328259
0.633622059698565
0.61783171498133
0.744425777283411
0.505605318973729
0.559246417709957
0.597852469060904
0.530408051667799
0.626457492559588
0.641614935391079
0.588534515474708
0.691585701913655
0.638163833965376
0.643610768709062
0.694662938618295
0.645013547320871
0.460132411699187
0.50328472557661
0.56667865070191
0.569689074954948
0.676847543754258
0.570753939870942
0.673588910335242
0.586790985853657
0.484101172728556
0.716953329098399
0.654660710259786
0.587375100431001
0.595488748505553
0.606063813545773
0.527761397171345
0.428341828749455
0.574432419289937
0.610530176767072
0.493659794005106
0.599247014979531
0.615731732811686
0.576685497610229
0.547247922707456
0.64237015925609
0.725319312480769
0.674362311929116
0.571671331920156
0.500132758019871
0.729185201250495
0.679050839398618
0.539186772908167
0.468508319879075
0.698741592570688
0.498112267038119
0.815881597169294
0.594457717959691
0.721569177657408
0.795366012607775
0.722223465417025
0.632705928678289
0.735559100279468
0.745349416971843
0.750899507260448
0.730544208590174
0.748414897852522
0.596737054469519
0.646989343617919
0.536684655026018
0.653228209598817
0.509154632280909
0.741210552271538
0.699832320708649
0.697409854151931
0.571085226810638
0.558762407931896
0.712957103350331
0.713024982798265
0.724188585328681
0.679911537086078
0.544974756184971
0.687106551379366
0.702576904249881
0.738824519216677
0.75882226619867
0.707148600173182
0.778158621390994
0.787669736229044
0.772204776916431
0.843445814236662
0.666890208237589
0.741563149801813
0.869719167898043
0.791188368449315
0.753720091298578
0.659243112949105
0.693093134448397
0.703909971615673
0.881400905873441
0.823997895774146
0.820688317773712
0.866079493414851
0.735223636985565
0.746938714944259
0.802297123481831
0.64195290930616
0.776323966595426
0.826837954555465
0.785601690910321
0.816236742324967
0.799790742002099
0.673672807353225
0.778398210419188
0.950799798069249
0.605016927360149
0.656580720653365
0.642839099085911
0.895624280399151
0.902588238608965
0.87556161086672
0.782925352650979
0.856108072705799
0.729681953849747
0.744341972095547
0.863828828707409
0.659464187661357
0.624697012295103
0.835383502839834
0.821896008102891
0.813305898865125
0.750121413442644
0.852212363831284
0.901964964211621
0.867384641210672
0.751285684992434
0.730861921116609
0.838410017555923
0.925847990991972
0.881167124333246
0.76231744837158
0.84246953780055
0.918901468709062
0.736446979546476
0.814737264111935
0.727107851681368
0.914363810538274
0.854446599825571
0.955518916920986
0.703449792434425
0.868396117726057
0.805330823546326
0.903109694932472
0.687310197386056
0.92408170236513
0.892171734186884
0.744165526992431
1.11932002687271
0.798812868619098
0.933715765789188
1.01268376719082
0.900588156336616
0.895676441060805
0.868960843606098
0.880097623938515
0.843493880280118
0.890580706582319
0.919139303498471
0.937828088412618
0.803917070959223
0.705479842334605
0.939301828746744
0.737255369583357
1.11974210796084
0.98978753461237
0.84451863978691
0.807364368263904
0.913360174864696
1.03169121373831
0.845608407914711
0.878701983722759
0.958562896295465
0.794963222540233
0.802187861754886
0.943803110663958
0.762561675936389
0.946533470042112
0.948618611154715
1.01469688899451
0.983210381216615
0.953773723382668
0.982286182599391
0.930844839441457
0.823572244537409
0.953660828478491
0.833015273576665
0.985117621785153
0.831675750680506
1.01915731075295
1.10188035212235
1.02657202194958
0.85662142281634
0.744492718571545
0.928588268315805
1.0052335021239
0.98545962466689
1.07420706336124
1.01553206694425
0.960584309863719
0.982063464879013
0.870842265686329
1.03995539462849
1.11766785375515
1.00795386748436
0.980802470603982
1.01814280083819
1.07848190902503
1.09084915401846
1.01614326730229
0.99615816534822
1.08333281846574
0.932358834897843
1.08267235975238
