-0.833710729850231
-0.959216175294513
-1.02242645257878
-0.929303580884349
-0.78110164360977
-1.01630306610067
-0.914469708475285
-0.991443488716734
-0.951441047811366
-1.15216452646121
-1.05347429425269
-1.12168076325551
-1.07059793663647
-0.968518738581737
-0.874875411700175
-0.98841796506235
-0.944494141740086
-0.92685813746736
-0.928067498586887
-0.844338226183172
-0.829135309952075
-0.96040498194127
-0.894341709135751
-0.913906687940499
-0.912342461911416
-1.07648869274636
-1.00202279547529
-0.87870696618512
-1.05295634034677
-0.906921987963101
-0.897916923674319
-0.868520682761411
-0.896022190033262
-1.01242856387635
-0.790600253599326
-0.936291083487268
-0.839797514252281
-0.947287321193898
-1.07331012005718
-0.814916622438918
-0.750540073598099
-0.792754506195447
-0.88288699263298
-0.942377142531049
-0.955402982276795
-0.841944937435961
-0.896863171779525
-0.892659230700711
-0.833441585770231
-0.95475778713893
-0.987713502941255
-0.903456428864228
-0.873459558011306
-0.905415612219023
-0.84644763331754
-0.950139136530633
-1.06990114269414
-0.934294158395973
-1.09107871913967
-0.983413872694162
-0.790452713591179
-0.879806934154471
-0.884489703395085
-0.882600180224286
-0.751164196625264
-0.923719266454449
-0.833561842128151
-0.846107226126266
-0.787084485480064
-0.893118540323161
-0.761921974107393
-0.828419498364103
-0.766135503740023
-0.876433016964834
-0.812573389745587
-0.830230112836617
-0.998219154329896
-0.856895711360375
-0.830003019675975
-0.823548556287373
-0.821350208841177
-0.761800220236457
-0.890830710723622
-0.728416591255757
-0.876551955920982
-0.938332550506283
-0.734506663396593
-0.856461491068425
-0.766132460217558
-0.824905888725088
-0.916796610620386
-0.635395733271554
-0.768453841766183
-1.04236318868303
-0.848765010632218
-0.614414100540774
-0.830318120972765
-0.944311184085579
-0.770353050501577
-0.785658515951189
-0.761138439109282
-0.723983957727304
-0.832796129316599
-0.877867330783722
-0.661012735759006
-0.782759985963907
-0.809356050513204
-0.889442537933514
-0.792283071626421
-0.877106927906426
-0.763059851616886
-0.774366503255127
-0.739016965812375
-0.695442114843187
-0.84882503763522
-0.731981714636859
-0.744979302728992
-0.82679533586892
-0.719182473089629
-0.855704303089817
-0.937453744517674
-0.773676453817968
-0.659037942080949
-0.6126318215981
-0.559510546792593
-0.667993203018923
-0.799750418286919
-0.763061841859697
-0.837532017363545
-0.614882062549126
-0.639814133835816
-0.724332223097058
-0.744747958954002
-0.770087047669887
-0.799553416581846
-0.789727784839161
-0.731957888858736
-0.56255157065542
-0.71536317347466
-0.614803582375078
-0.677022563471663
-0.77312587123214
-0.657463717535422
-0.890308440742408
-0.731341446424047
-0.593615355519469
-0.639085622501897
-0.697523709872487
-0.728646772788119
-0.554623239987277
-0.64096104526823
-0.696625238811725
-0.619880737452622
-0.639368872542186
-0.659034752522138
-0.763358921561912
-0.646620380837179
-0.858391704431828
-0.7016178631202
-0.84861656427046
-0.660214227838411
-0.56671335061064
-0.656080622090879
-0.755598287565202
-0.788281425261996
-0.755604440530727
-0.739316505250922
-0.674673474147677
-0.588974665770563
-0.653270026063697
-0.753804795800941
-0.710316756044679
-0.633365752956342
-0.654937839114246
-0.564389980759146
-0.483697538647205
-0.619900127645977
-0.638328537470944
-0.586515970421803
-0.68222262261841
-0.836456095044175
-0.69742562195636
-0.693380305286756
-0.81446923595066
-0.695671073876398
-0.698754344281589
-0.649279335944884
-0.660292814237561
-0.644613733971618
-0.520979582852031
-0.674548451512988
-0.640982582510947
-0.623280431355293
-0.685777749128727
-0.63607604916768
-0.607165855906982
-0.449132317710998
-0.693392978735557
-0.682681017493452
-0.63367266533904
-0.522693605421947
-0.55963277708979
-0.431983074198945
-0.589243753242752
-0.565258578780972
-0.399283172258867
-0.535525550945997
-0.501724269137479
-0.485959822611637
-0.560236628444029
-0.559225896971355
-0.458062190005012
-0.598674399512477
-0.469239397686534
-0.443654918001541
-0.512177124057644
-0.571932093545548
-0.407509376134641
-0.748515690281354
-0.448712634484005
-0.521923921869308
-0.424749175914273
-0.632100614839211
-0.660149745040737
-0.578294039611594
-0.608201954440077
-0.549730882820374
-0.530498701594671
-0.475106095006466
-0.52820221630893
-0.526046335662721
-0.605855977884437
-0.438488768793762
-0.474953286260724
-0.564681253344391
-0.493453831408282
-0.558291643535196
-0.52661442229115
-0.623486667839826
-0.489573767172146
-0.524073026965377
-0.647338977745073
-0.425088772403581
-0.666830836742285
-0.575945563139512
-0.579331545069711
-0.447564543412758
-0.477241247201823
-0.43585378595261
-0.531906733771652
-0.293467831394203
-0.472937083863985
-0.407353607079763
-0.509463894900176
-0.514156703962363
-0.477798386431053
-0.526083442122685
-0.659499651291936
-0.485697568373798
-0.492996022871079
-0.566487689648194
-0.515953782555052
-0.376043286388202
-0.486418368139678
-0.548976781427117
-0.360125489252933
-0.454428572893917
-0.38099420345209
-0.532391922569169
-0.428167710338802
-0.409771936419628
-0.515903803328378
-0.577027616800153
-0.578902560990333
-0.422459431690645
-0.387681453918565
-0.333331448543763
-0.374228361549489
-0.599204879739738
-0.342602802471881
-0.458196423268851
-0.597962439417813
-0.433593439925644
-0.47229099643569
-0.474253075293661
-0.437618403919618
-0.411171037568378
-0.489270121783207
-0.394937631372096
-0.464471600732042
-0.531664508589044
-0.419678176546724
-0.32910799768816
-0.387137183813247
-0.458449788496799
-0.294309676772495
-0.248756397551255
-0.355424272287489
-0.297677474474605
-0.464570108285258
-0.511856488782662
-0.298166884020811
-0.401272360138896
-0.416423229090881
-0.311367702016689
-0.292882529365076
-0.320953079682767
-0.380602771385501
-0.329665102785694
-0.269407150372513
-0.420364469426438
-0.250219092301476
-0.488093402332594
-0.264432039103453
-0.331117770540831
-0.421091348738768
-0.392435563334117
-0.483564828188039
-0.274821007251933
-0.271308016282056
-0.352035871028501
-0.355082334643296
-0.396798454097091
-0.281122554361063
-0.378980906238554
-0.241654190043723
-0.310671138403895
-0.347033290048643
-0.371607443621299
-0.409010722144847
-0.387182261257943
-0.286568558572849
-0.21844489040252
-0.390137658893168
-0.413778499794392
-0.1604042494724
-0.270718120447551
-0.351882477520589
-0.305290514936526
-0.247548179579741
-0.343337114663661
-0.275069951797627
-0.234713379705728
-0.297644370494478
-0.417552535528809
-0.287237688983752
-0.286622855807879
-0.217386191667354
-0.286273417803146
-0.35008434428622
-0.29375981082059
-0.354047176429971
-0.313252118742667
-0.222183915624986
-0.438697486529505
-0.201033362108947
-0.163226829473573
-0.325286572870283
-0.228612272398641
-0.341565486745507
-0.275275173653082
-0.36151219841206
-0.269302187626488
-0.145080045495943
-0.292517806911772
-0.47142875627579
-0.41731809762827
-0.272036620320462
-0.169610297559816
-0.322769612613693
-0.147105385726113
-0.284865055708038
-0.375549781536947
-0.284163281883525
-0.239442296003054
-0.344839337589748
-0.156983701894952
-0.333295826512857
-0.272616514640975
-0.373305122515373
-0.235355335065704
-0.281728794282447
-0.340552494007202
-0.303957811131768
-0.117610504741144
-0.221966390037897
-0.27263835849164
-0.185166579898877
-0.325742901963044
-0.240930314868967
-0.235883100121285
-0.145842438053761
-0.108487133534366
-0.119748167115886
-0.274295522892442
-0.287255115832116
-0.299959272883556
-0.244495243646647
-0.126348406360887
-0.192538925127907
-0.162075212186141
-0.257807135237471
-0.152281659617405
-0.126088612133253
-0.20906012611617
-0.12488725046977
-0.0846115848697757
-0.198357548392605
-0.343329502181773
-0.0922086250161907
-0.119177284286917
-0.118621293382291
-0.233322928604198
-0.336886407179837
-0.0574561221980582
-0.128981613372537
-0.231832149478373
-0.0248918290523582
-0.346736510840741
-0.134155089940795
-0.0234863241278169
-0.202002059109314
-0.154095384115809
-0.0767731990413249
-0.200996100273881
-0.139880794877324
-0.113430197088419
-0.212632058926288
0.0378360326433
-0.202871737879236
-0.225388855069448
-0.017783071771184
-0.200870241285585
-0.191652961008942
-0.189122231766713
-0.0804458537085402
-0.0546264440365554
-0.132938895557399
-0.169882542219604
-0.141385375054573
-0.160282659019912
-0.0785592187663892
-0.113493577159166
0.0118647095500742
0.0131091822646297
-0.221888048205649
-0.0505837938590032
-0.177305101775702
-0.224648516622198
-0.086195179645183
-0.277768488198687
-0.0704708335971714
-0.0320827048450773
-0.156787634220913
-0.154566988916328
-0.0146456062219999
-0.027270992521845
-0.127877020339484
-0.0787016581779778
-0.131535553591044
0.0296709884622918
-0.0181161325516297
-0.120088464275275
-0.0384848107254571
-0.124157685193349
-0.0701357533192489
-0.0831627631865196
-0.0693122221235026
0.158349796385911
-0.0956985741278681
-0.0752746947152515
-0.111478959260055
-0.123803498876893
-0.0380974147109547
-0.0173057036339478
-0.135012134556183
-0.0778431221826476
0.0526026900641976
-0.118865880348239
-0.0311844299243033
-0.11865345828611
-0.051402892402776
0.0122313266079177
-0.207873556315778
-0.0916694679756637
-0.0858794169873239
0.00397802565526605
0.063810093178435
-0.00454784297601257
-0.085468198666736
-0.0331903525593398
0.125926788633679
0.054110105786702
-0.0894044746358268
0.0101648411341148
-0.0248244417783535
-0.113531028240729
-0.0195562942466586
-0.133786598742115
-0.0777853301340649
0.0627504758111801
-0.0329004326327503
0.0456640019828464
-0.0396374572559022
2.3152670040097e-06
-0.0369727752306465
0.161365712366289
0.0264797224689415
-0.065943954397331
0.0776242327862605
0.110480440392373
0.102615995674439
0.0641609658064902
-0.0115123876301279
0.206262773793161
0.0116268122591741
-0.0182116966027215
0.0242230912826607
0.0858476241531192
0.127988966821496
-0.132956163241588
0.0812437454280028
0.0171038561366203
0.0402835910055218
0.0590327511346933
0.02114069031193
-0.0393525468369424
0.0611804683408695
0.125840496152644
0.0973165654633984
0.0479419812089886
0.152284884999578
0.144898086991588
-0.052160333862554
-0.0277598497623162
0.0628306050706617
0.268661585040652
0.0848241509701324
-0.00597781555922406
0.0347266623511048
0.133093214900145
0.116531071225173
0.126836769674346
0.0232222198929487
0.0754531884154355
0.0161619590020503
-0.0457904110262708
-0.0324846128702972
0.0300849922070761
-0.0125325449406352
0.120804319637511
0.138083355584858
0.146295620335639
0.19710492032353
0.217899774520747
0.126764925594663
0.114723019932122
0.166903804843691
0.346021846729088
0.0412222947962685
0.143814790086701
0.194854764381156
0.305757797326859
0.10818746666119
0.285810506075604
0.0886222843536278
0.174180751913725
0.276393283844965
0.130054760201852
0.00805351904627769
0.229139742363234
0.245350501545541
0.195485219911386
0.0771441100405512
0.20218474010985
0.128114281882308
-0.0164828758175048
0.0857601646691641
0.187499870405309
0.0881340117744565
0.0700338878555126
0.179570819238476
0.0961041656361156
0.279147998517071
0.0999321602588558
0.0550051158820357
0.0928629545435362
0.135521994622716
0.0526261778192134
0.315038383603199
0.0557498950888216
0.177071868907412
0.18612979729123
0.184484279164691
0.276347950868243
0.336038818202779
0.201160683675237
0.139969423563283
0.173811735528243
0.174616327175804
0.307078904823805
0.155682070230764
0.273070516126711
0.172609850892465
0.139566925388467
0.172502311933044
0.220047860012756
0.257433869280205
0.0143645844056001
0.276912779325504
0.227794884926016
0.192096528720394
0.0535590535753215
0.160544650906618
0.168599635228018
0.113380946739934
-0.0252144517481323
0.420991310402215
0.0616840412844125
0.268131928375526
0.30017454197931
0.317318969863733
0.207613842276404
0.238267830516493
0.249205387707902
0.22907096019506
0.262235070351999
0.140714406376028
0.245591773297091
0.246184681400584
0.240423719085119
0.217762131576385
0.30481712042291
0.236453496294476
0.260305488066226
0.141637744776891
0.258099037422076
0.220418089714106
0.278814387684064
0.321122226878148
0.258956659611291
0.300322475727143
0.103434861604215
0.342783793838853
0.334886414908387
0.345213621343446
0.240009490331749
0.293226808056581
0.454371165310198
0.260702346465799
0.280133262843906
0.429664205560391
0.253848470286933
0.29624736532397
0.35317046917796
0.341539732936871
0.347092113916542
0.254269456721587
0.374637784129673
0.18142366917699
0.462192749901863
0.496287331595503
0.387806091776564
0.415888682593487
0.43580958931656
0.406923904299901
0.377631374030482
0.344310850121208
0.370277108875573
0.274829617790329
0.481360622567407
0.290294714396519
0.298297551727638
0.13904602825707
0.284534434111016
0.271858010261424
0.335786507367384
0.369648565207557
0.374645326035927
0.369570927274837
0.359340938175961
0.316407177101997
0.34769727464364
0.390059479690587
0.441465889211416
0.471270307311936
0.0770867787065491
0.228717776745294
0.393727977291982
0.511794871051011
0.435154695672965
0.380302278799668
0.310473025372546
0.292134292470708
0.226992579934952
0.494550003647254
0.353263776677655
0.56451532545666
0.488881227618783
0.322407944457884
0.456950083351459
0.355932939534685
0.385323181762357
0.379078053125657
0.430000712193465
0.244181887898269
0.324269733707558
0.435623648791102
0.435741649812282
0.448952837976308
0.45311914784849
0.404942053134242
0.514934189303877
0.391082869514795
0.381589791898959
0.521653014319235
0.46823887037026
0.569597696054651
0.509029761169878
0.353798636709737
0.57642870900545
0.362645359009501
0.630952793820592
0.497803659078712
0.535693584971727
0.422351402772385
0.460427020717184
0.421511991637389
0.409871873605832
0.614981425279471
0.482751137221904
0.306371978716378
0.36459167831926
0.321514477108752
0.376955178956101
0.456667222913644
0.492126828753727
0.440669356277519
0.520391300513946
0.367820478846649
0.561628913118348
0.487321029055779
0.507794395698375
0.350669061564584
0.393892262855228
0.534007129587705
0.521956618340722
0.445191185196527
0.407950952357429
0.497196759974509
0.538141399579783
0.521986425367748
0.547189542955272
0.391441191792601
0.46728923472625
0.519835978284377
0.575762067035748
0.503676712575571
0.528071228071219
0.613802912160664
0.393482172105373
0.598348881328647
0.558525657992247
0.433822934334864
0.564377373167162
0.706629574595063
0.442086785755851
0.494431865743558
0.418893300219104
0.552803615880683
0.539408001773826
0.634513663303124
0.490324700672175
0.678943976697488
0.525546912503679
0.424218623686146
0.532268930708019
0.523728703256069
0.576585161129822
0.556971808840078
0.565482734724809
0.661566839196212
0.537840465261095
0.543334151441815
0.531850785039647
0.666216433806944
0.618767611702404
0.591967294787036
0.601745727924773
0.583574647511142
0.589380480326752
0.556115521103504
0.510166668579695
0.567146368960444
0.714895201032843
0.530462059315086
0.683793200634115
0.500861375591004
0.569147772843243
0.502002278769913
0.644869627721446
0.612898477003497
0.4529215264164
0.721961254612544
0.791833869203992
0.752541884326577
0.629623689386943
0.568156190765716
0.706999538682554
0.700377759278054
0.464990111943902
0.659649666133175
0.631424356303939
0.69688535659613
0.699978994037822
0.498209354962707
0.680321293132124
0.547455335415643
0.626995508428093
0.705863026175171
0.676536923424597
0.73404320946284
0.536817014891436
0.581594780524254
0.71869905579826
0.541654687001569
0.641684311261405
0.734330555713828
0.657897703114792
0.61795904767513
0.748688975798956
0.772057432782317
0.720015957251203
0.667297176772578
0.718415431486601
0.72775702456603
0.513880530244235
0.843932981703343
0.636776693438738
0.808077163529635
0.637047438883919
0.773620451221053
0.637236452052977
0.644735378676236
0.663507712006663
0.649680620083262
0.69670243400917
0.678592380124117
0.810578290040923
0.68300400088233
0.622406263130127
0.653209218228275
0.760952889936589
0.620692937580249
0.601806348550943
0.888633628893222
0.660690898420613
0.666968987228337
0.776646283295522
0.845489550687964
0.575102658888784
0.624606069264603
0.558071639275816
0.876743797398288
0.605447639182684
0.716887414851385
0.646467396052834
0.742955613821005
0.765253106366689
0.860836813168301
0.649329052434522
0.692473431793427
0.743329509780774
0.861136841401637
0.773503037825562
0.690557237834998
0.774924966914431
0.809575132649361
0.67975044428976
0.686202429637612
0.785633132611857
0.764288118048694
0.754939394783989
0.728422283946104
0.796739978957054
0.848267331741548
0.798365922580501
0.634006908163649
0.679220131352025
0.726984299290056
0.655021843965471
0.731512892237413
0.854051947380127
0.695419406462702
0.955238480793433
0.721563776418741
0.687759475162577
0.842226252540647
0.774819803977896
0.754134010505648
0.843208388748847
0.751466244737338
0.895822776090541
0.851617825313848
0.742428921651656
0.797836310597576
0.891346930793249
0.734578669522979
0.953987115721905
0.805917818095144
0.936798627866346
0.81368111007494
0.804084325926706
0.803957233197036
0.691134550516504
0.779498858767876
0.783617377183949
0.825311211565337
0.752992293752254
0.903496937607533
0.972934521326238
0.881305407387018
0.78999442776914
0.871015444605585
0.816423904345591
0.803556795139206
0.747642760221387
0.775399027780367
1.07485421371117
0.853311410073174
0.734326790475004
0.951518158168699
0.878737098768297
0.925027807430499
0.832750188079304
0.919403385476818
0.886208467382208
0.876186672605334
0.823502768441221
0.740023616578249
0.907011939593952
0.950360176442575
1.01761005715971
0.977989644205457
0.841732729604556
0.829243373606686
1.0037006916038
0.854539653761033
0.884487186101591
0.809676562209757
0.898347375842689
0.706376067900293
0.812886626766892
0.9380013339572
0.819420120954154
0.894830206465488
0.796872741428094
0.941535613124782
0.975837951458082
0.944855191245622
0.937074061103745
1.02473971892207
0.913816730471104
0.795678741640241
0.969804123155837
1.06732610565916
1.01592838476519
0.8333934124781
1.0084378962664
0.966478470895663
0.81842685606001
0.800121710309456
1.03313950164339
0.932270307960179
0.966852967484093
0.988152378506446
1.07391374597265
0.9033910561219
1.12541718635124
0.836558399433392
0.969211275456767
1.01263120663243
0.964184871516184
1.15782896776869
0.851129855447607
0.900182048275199
1.04727149363027
1.02464718574828
0.905560768527306
0.997179871320102
0.946954322915197
0.962475787796593
0.985289853686555
0.892672399367643
0.900854743084282
1.06098460232514
0.939834265268942
0.931016272876828
1.09216025761717
0.992929349417284
