-0.953605024360522
-1.01385541830217
-0.979443430493518
-1.00663958932626
-1.08171742258339
-1.12000093719642
-0.92257232873712
-0.908256982147661
-1.11686971282214
-0.810920334628527
-0.995059500044932
-1.02544761712018
-1.05525805907499
-1.01631331098798
-0.902572472160009
-0.925712896734173
-0.902201885497068
-1.02662231349281
-0.994457000200638
-0.945758165268645
-0.786339065241694
-0.938017660586997
-1.08362384109531
-0.930339748935779
-0.871122404958339
-0.908934244732116
-0.971905426084473
-0.958853904840659
-0.829905315852102
-0.880963396262556
-0.990475834216464
-1.07092827074811
-0.980293251228948
-0.980134406136205
-0.870668962705148
-0.839397003983743
-0.942722809033587
-0.763137314103307
-0.945626447623633
-0.889742830478546
-0.764433465241725
-0.825698870861207
-1.05215567291016
-0.968738067514398
-0.909369916117081
-0.876032258947055
-0.925550098075451
-0.89307465900107
-0.949374084865662
-0.788606597188698
-0.93851899633433
-0.979924396838661
-0.944168621115128
-0.878141718050371
-0.9327408408123
-0.89022509800145
-0.837489519621926
-0.835471775783309
-0.937776115690089
-1.04841974786001
-0.841409787850359
-0.992073694917706
-0.791062804051664
-0.77513539188023
-0.793995368047936
-0.807196841836392
-1.00034567143431
-0.845863807236622
-0.845040930907386
-0.766191448196381
-0.877169884089011
-0.922573594209699
-0.971557177289657
-1.1780095857702
-0.841800601226795
-0.816265316114257
-0.920472803904179
-0.971690454365275
-0.76096678088567
-0.791702120340383
-0.75996129716628
-0.860583119242618
-0.941728433159079
-0.888875676754789
-0.651781687406994
-0.782610733420234
-0.907730807933284
-0.829887524538023
-0.880927009652774
-0.937746169865655
-0.904711885367567
-0.767029961021575
-0.86146924401737
-0.737559068492249
-0.806107687648808
-0.767289436541832
-0.839860716669935
-0.725646440091139
-0.776591641537381
-0.773853251221873
-0.683743822876859
-0.728067917211116
-0.933091062532579
-0.864199799940866
-0.888316886606725
-0.602728389956296
-0.747584044756475
-0.734014628445858
-0.848463450524891
-0.660922247746676
-0.612515132961135
-0.705511179303605
-0.763607908315726
-0.980087664863005
-0.888401783501324
-0.923932011714269
-0.759082083031315
-0.737345360973252
-0.848070181960471
-0.759331995472726
-0.671344428821326
-0.915418924068024
-0.675582778309293
-0.825568307123084
-0.78385414064229
-0.723660680104753
-0.830462047421835
-0.608355950441935
-0.780080594296075
-0.7645849064609
-0.773679066370369
-0.773826182995117
-0.86600121025501
-0.669053747627224
-0.674378815369079
-0.739324592683084
-0.739514948390808
-0.722243219080074
-0.7466636361106
-0.747629534281813
-0.79346290574033
-0.672577335357661
-0.712192295485827
-0.683773670497292
-0.668950506031155
-0.582049918456724
-0.742376252427977
-0.66395488032171
-0.786175695445571
-0.571325211387831
-0.721439862554415
-0.786311972169975
-0.57138224147056
-0.752470468606665
-0.612595652643192
-0.637911253076959
-0.850341225945594
-0.610268407983542
-0.691834573900172
-0.58963875112907
-0.660107575660326
-0.680554900812908
-0.587390117403578
-0.732671524773027
-0.588007445177133
-0.675558642945587
-0.709693890149331
-0.613889686638694
-0.707519201703691
-0.596875720018119
-0.740493681118645
-0.651943380123914
-0.593193423180047
-0.690330942516676
-0.571855555089935
-0.516202239934406
-0.633190871943559
-0.726535538445266
-0.756483184780667
-0.709306552931237
-0.637093260405132
-0.532872701010376
-0.535171722563016
-0.550934508964646
-0.644649631803973
-0.585380367478052
-0.6632377761795
-0.526784074941417
-0.581568003830066
-0.739035373779482
-0.558275360494472
-0.586343546898051
-0.596287268288292
-0.632728941932917
-0.453328077102506
-0.776439650522984
-0.611328163356563
-0.593066078439702
-0.760328887958054
-0.577654799438879
-0.497391739814423
-0.659223517490705
-0.442108539820549
-0.681419619965669
-0.565215437501486
-0.618464207816263
-0.429652578356209
-0.580747807929628
-0.607902511579081
-0.617496828087897
-0.602643553146463
-0.72489346743201
-0.545933548713696
-0.534592954777174
-0.584077576917425
-0.534552191482754
-0.591489131618589
-0.535176315243876
-0.558793508475283
-0.595170240916911
-0.743259612928047
-0.642673338074844
-0.573068349846714
-0.497561830518187
-0.575402202409211
-0.610668327005885
-0.515389829826748
-0.559774717465636
-0.616994054786158
-0.615303672326602
-0.499388286587209
-0.538430339194427
-0.59309046855163
-0.609926638437798
-0.559646520762478
-0.53877660525224
-0.45809570294141
-0.631673324900449
-0.400635504757949
-0.495891122685183
-0.524476957317009
-0.524151800049141
-0.556006105049273
-0.548736351370528
-0.574075701627835
-0.570382437804955
-0.508854995637416
-0.582737093017711
-0.548385191029356
-0.478867729253695
-0.431572148389392
-0.534668332364739
-0.435664594140121
-0.432791542831128
-0.412251590706802
-0.430977394709014
-0.52339098169043
-0.427420926443155
-0.514459712362653
-0.592483704502429
-0.449292497352064
-0.535332359659228
-0.514817647546623
-0.550428538205505
-0.374128390332707
-0.219751841742433
-0.407445252298382
-0.456727268846871
-0.543518996539855
-0.460723244109819
-0.63379107067156
-0.45747998218101
-0.470503776184038
-0.44296376787094
-0.417063140867204
-0.401121206504273
-0.623034903473269
-0.474664867413986
-0.405060997518046
-0.339489505766773
-0.491370149471025
-0.356053562916713
-0.484862593884333
-0.651211115334974
-0.339609581492808
-0.495128432636933
-0.447029403426711
-0.447010176488575
-0.383747829648183
-0.439413619461877
-0.467601729775036
-0.27168727847144
-0.456904091473898
-0.338878194714315
-0.426098006248288
-0.289519463113639
-0.273813371741179
-0.432442536203964
-0.330306820700341
-0.264156221408288
-0.4213854577091
-0.331194584564312
-0.338455189632195
-0.27767223463899
-0.318558189692354
-0.309156991597281
-0.435670511694557
-0.422091506614915
-0.325661289055483
-0.459632815435543
-0.338982040221103
-0.435758524631834
-0.41422014469972
-0.382452278442468
-0.335130149860268
-0.353033545747651
-0.386771190139514
-0.394581980936137
-0.314650783236277
-0.419113624635715
-0.25256833085545
-0.42204876252024
-0.386755926290775
-0.437922995828205
-0.276256414691811
-0.467487952257074
-0.489026911979122
-0.273875269268514
-0.380989254130921
-0.261035478116344
-0.35002907513357
-0.446719737823448
-0.246104600450957
-0.517586798217804
-0.316066388299298
-0.161086550699351
-0.284225665154183
-0.388594298958458
-0.257848920818206
-0.32181935799247
-0.110504897367344
-0.395237466466237
-0.232220405805789
-0.333734937660519
-0.406079205699464
-0.223514444976313
-0.30999246890563
-0.284328191177227
-0.326219585114066
-0.339180363773955
-0.0458102115097453
-0.389051372630335
-0.334067369955268
-0.332492994762425
-0.224440685103156
-0.218277148421929
-0.390955335286989
-0.19852290179443
-0.37772047724136
-0.358744235741669
-0.267613960273363
-0.297090313573642
-0.363054253944218
-0.139368608461805
-0.259013397126433
-0.250856528927889
-0.234155939122668
-0.224843694859053
-0.249262574173818
-0.338151068056261
-0.298374965965974
-0.265935918053546
-0.277048190531598
-0.218748494005672
-0.322712147748057
-0.171605028253916
-0.262922734632765
-0.324724074096583
-0.285887289053901
-0.40679443617058
-0.333500633141982
-0.167007442905129
-0.138396009479666
-0.171821738775724
-0.235478467330052
-0.371823410519733
-0.287367379600942
-0.279841679739822
-0.30635942720093
-0.178048953259963
-0.269774829405421
-0.276328723492558
-0.133322411546817
-0.101524603149337
-0.212021927850627
-0.343974953591733
-0.0356707646845272
-0.156515414044463
-0.25060918496931
-0.374946433572811
-0.275230320963321
-0.264483805341417
-0.104109676012566
-0.231508409021502
-0.325238891973267
-0.197930230731733
-0.223089441576089
-0.21747646015394
-0.0668604984348322
-0.174451646775152
-0.239192564698211
-0.179059081009532
-0.188069375450268
-0.125368528684929
-0.274542218834421
-0.327961579333506
-0.0512230845446967
-0.233413306857353
-0.167286216647961
-0.198169895214228
-0.276920898059858
-0.120077653265353
-0.232720069872799
-0.237951902022499
-0.0909993785176127
-0.0985747294544322
-0.0468056247956501
-0.0797027063960631
-0.282455182842247
-0.113083497191938
-0.281554811518907
-0.0449199703162753
-0.0869250036494452
-0.207836717279941
-0.15518877121007
-0.250648673199116
-0.193594636473491
-0.0665183906983482
-0.181403164419059
-0.132263409924113
-0.16383963732896
-0.176132858435135
-0.0381957734254347
-0.0587766889543303
-0.251161932235468
-0.0749882382898607
-0.128378611847968
-0.157083651122463
-0.186261712910837
-0.269045094439525
-0.159307896137454
-0.16237931717956
0.00395929347756392
-0.097357652797485
-0.115646321788711
-0.0425485095746978
-0.137561169335946
-0.00282878607003705
0.092959130258888
-0.0646511251682051
-0.0676993124788687
-0.0376532127476771
-0.213159381268639
-0.0185753147346419
-0.236331996662176
-0.0346208436216719
-0.109899635240341
-0.0882558152266188
-0.0535491649338572
-0.243647097241732
-0.00231947628223919
-0.135750342269133
0.0721236954383534
-0.08835487115737
-0.0393313401551902
0.057540440018108
-0.0467187336371221
0.0283860474315031
0.00674301662207798
-0.05070297888897
0.076696063002341
0.086356185329914
-0.0391814129251063
-0.137530958869462
-0.0966845165912165
0.0641162418522273
-0.0912907574489623
-0.216113950665134
-0.0975876589565185
0.0479185371695382
0.0454857765684487
-0.104844163160648
-0.0629709170217111
0.0985086886785163
0.0549395818339879
0.0721823725916066
-0.0995281950569403
-0.0101954008239959
0.0487010505384263
-0.0360136141795062
0.065095342568334
0.0475353727974176
-0.00847222557139118
0.0711818000479757
0.0641327500966554
0.0591536201004043
-0.139404176846504
0.0208554213876173
0.00999814090195778
-0.168196465419712
0.0724283158101881
0.22067998662785
0.0744313282425466
-0.0125895670097008
0.0705452797683989
0.140123232292684
0.0777311114353499
-0.0168149876291633
-0.131458942100498
0.108228513308225
-0.00270199860701513
0.12034604597434
-0.0437253394939104
0.011532293313371
0.0789070964902791
0.0141035565330393
0.0899309770531227
0.0283532152536865
0.060767352927332
0.113409725806947
-0.0222087105544676
0.0870218053010613
0.167441454870511
-0.104709287797444
0.119510412244744
0.16776167922489
0.0537122992753679
0.0140338472169426
0.0950069632396011
0.144799503210022
0.114577474789412
-0.0414181679656743
0.0401591908330473
0.127552389764924
0.176166094284845
-0.0656240516799617
0.205625209448795
0.115576926619523
-0.0591502245204532
0.100015510278849
0.166774020594063
0.199892013693668
0.109162885082002
0.0400263922397628
0.136378452401922
-0.00306230640330605
0.209538832435526
0.140846653489378
0.125731923776489
0.0597430594896098
0.0895626029388898
0.0207716420137685
0.0934080787167896
0.101375304550278
0.103210332102938
-0.0935236012678801
-0.0291449530089933
0.0975312555117453
0.00701976259386054
0.0629775341294019
0.0335325103087509
0.270447589137709
0.218791910596724
0.226584824309902
0.281729500609319
0.127922640754449
0.062760735600983
0.203220051905528
0.156117696015468
0.119485547371911
0.0578956698210483
0.255669907216103
0.0427678461876337
0.290770573525759
0.160410250019677
0.241001022741159
0.2832408642231
0.226700727247111
0.163016860042824
0.269856176132446
0.254923278376253
0.198653642545334
0.322106214265341
0.0938121490428516
0.244333959894446
0.0834214082068243
0.109666224816881
0.0881719683710361
0.318252566860709
0.319680910269065
0.288483622919824
0.180184092758288
0.191721998038225
0.244136072844732
0.08844683033385
0.29572627192649
0.224839678386357
0.308373312433492
0.16326252161359
0.0586698105110049
0.347841019400335
0.140619416319323
0.282773052112712
0.329609996494211
0.0882140114758874
0.255806960929968
0.210970394169219
0.0159733778486096
0.11507740559486
0.474542105742629
0.349318738045493
0.21984986372293
0.169633000552493
0.253297562607247
0.404961328566148
0.290775640686492
0.108349690352198
0.135183845988966
0.158393910274501
0.413583950265277
0.245716445407188
0.344416439609888
0.152124415089664
0.239030195505224
0.21068808807348
0.254884894507775
0.151732436716801
0.36684167165043
0.409421789060036
0.394383689003011
0.153927525530866
0.306974709344269
0.331139072810983
0.412422428483053
0.271409721996638
0.265159292580734
0.330375572661902
0.257537073628299
0.330823812693169
0.247132016870455
0.19678339994566
0.471920288366989
0.395305158346896
0.259149026138959
0.26246452323411
0.351923620149338
0.300575194631719
0.378961316297452
0.227251920029693
0.385497916069925
0.425859173189068
0.394431959258269
0.313511189067742
0.427872504404349
0.431353162934295
0.218422191291732
0.263378998267554
0.354131449606385
0.291612044964731
0.107669055710757
0.324612408623181
0.303079840358552
0.330884793795962
0.246305687068195
0.428152968190212
0.295736839878103
0.331065658250053
0.442351320465664
0.359966857093631
0.154317639451904
0.332123948252491
0.424702492612176
0.334102678343201
0.403501295115953
0.294297163400015
0.336513970486584
0.26944981748555
0.331122496803198
0.33234124252713
0.507339778709216
0.383759005296603
0.412225690308301
0.336362264781408
0.410469112377903
0.2760768721705
0.3163823409271
0.231208729784161
0.277291479054625
0.355771804323833
0.352839643561317
0.302321612995053
0.258927158746424
0.53883936495634
0.33265277018638
0.277623934209048
0.392634641595637
0.31590918488417
0.233066203053151
0.535324931704035
0.527757790786931
0.466736056618942
0.456113409174972
0.410034207798045
0.288995114682922
0.43133167826092
0.513286973643433
0.39796147016526
0.419447494572804
0.446444794319781
0.319293372985367
0.382215588075409
0.516977179406179
0.412807897257514
0.379423805945645
0.389215208996581
0.418522202497332
0.441450325319199
0.498860159590513
0.348933711953043
0.564899318088604
0.521801914664654
0.497264263226977
0.444366917096039
0.509727075716326
0.458441422906398
0.457082128756032
0.460031883881863
0.349850095650708
0.450717700764686
0.53345868775773
0.464146361987213
0.506118568433286
0.545092785194095
0.497463470088764
0.49049364201379
0.495307117418741
0.455048152359631
0.480434500329701
0.496711757090809
0.498779463841004
0.531048863667723
0.622651292780468
0.579375006958713
0.518250762913533
0.504950920518089
0.530354908691997
0.566996528820964
0.522032700323741
0.564324888490255
0.539349703178054
0.588178844219306
0.541630950679588
0.543145309102545
0.533952454790492
0.543406652545591
0.462102155926074
0.527867121292218
0.664083524841661
0.47298213311668
0.512635344387069
0.484167808793941
0.613987637285538
0.561060162818342
0.597394828739341
0.587858179537297
0.630489333068567
0.508127020177682
0.645475178441659
0.574737464527457
0.665361689065706
0.430040143153705
0.570262132598505
0.820371715606259
0.539084333692983
0.614920509029153
0.603738276745867
0.742346892224107
0.51078967523169
0.574960137214914
0.6003863756497
0.551554136178786
0.608171566989396
0.662637798549024
0.596645632229613
0.688835880233233
0.610872303756244
0.651941390415101
0.684382254448872
0.643583393190052
0.450650634390609
0.493257196159607
0.567601415578
0.584421639318071
0.681876922573649
0.578920377110766
0.668467077440076
0.585940733286945
0.469915276406072
0.682636559120872
0.643650876899047
0.553044381624444
0.585195953985755
0.61344324572034
0.527307892946135
0.438813705537433
0.588490864558107
0.603265294406937
0.490963146649994
0.597418397286529
0.614366712156355
0.575002630723889
0.555834627408859
0.619386383647846
0.719115637829196
0.682158751795748
0.587380037481867
0.52620342789093
0.733224696012
0.666221912726894
0.534560377300292
0.498062251706386
0.719663995623127
0.48794680467012
0.813395452184011
0.609954452071138
0.719779661064419
0.813006353689417
0.705522218737731
0.632767629897779
0.738693611614775
0.743968836480497
0.732046952393567
0.751401038901031
0.742117615451701
0.608749668193381
0.638828650361882
0.54543175112539
0.678573025750825
0.513671158435195
0.74453241723413
0.70357189277782
0.697088190199335
0.596338417176829
0.580093038395581
0.723500130899265
0.727150391578815
0.711870459651156
0.684962542347802
0.558891184223946
0.676947295262277
0.69744610488615
0.735244447322307
0.753442295232341
0.715858220316264
0.791909916797155
0.789033770428877
0.762821921140844
0.835714663147281
0.681374331839621
0.735609456017504
0.872396896543063
0.790234929916987
0.770366580674066
0.685581830593242
0.686715506235629
0.685593665393924
0.855379027810216
0.809454154798891
0.841996217240305
0.846475162855965
0.741484514209612
0.729883317680933
0.81345903481939
0.669423690605656
0.787447059578903
0.796880449515242
0.825299559799571
0.820761592098032
0.811918693258258
0.684244766210651
0.780499227708762
0.930985922007145
0.610835425145199
0.650907140019965
0.648541807668314
0.898269431224608
0.894150608861486
0.886274885129412
0.786136004324556
0.8676061629663
0.74349867669564
0.74315452432773
0.879714304135969
0.67072979105466
0.634288188323531
0.838300054284416
0.834049405553899
0.814460868669433
0.74730930097785
0.846302412765305
0.891391751362264
0.861328848527592
0.751554430806257
0.737890005327537
0.844548077191316
0.914355509838655
0.855729117374294
0.77791855288331
0.851165546941997
0.897857643575633
0.741344766119603
0.819605840502321
0.729919346461883
0.895148912785094
0.869131947618176
0.978609262916657
0.703247982170447
0.858765792159228
0.810222881649424
0.903785032648852
0.679015076315106
0.92821587023816
0.897570619302306
0.761471391782408
1.12277274207745
0.788470158205711
0.933988225980282
0.981526283006908
0.921007169589464
0.878977225219937
0.864092194774003
0.873636539802822
0.819412744378369
0.88524014060926
0.926237349860757
0.941937606724575
0.795777908173555
0.716676608556454
0.942721925132191
0.730896598076963
1.11730718681608
0.990228358132572
0.823348514057314
0.810535744034005
0.894509995510787
1.04580783774131
0.852639387352468
0.865023691796502
0.958011598855017
0.798104026428397
0.78214272257432
0.957876684848865
0.756520787165251
0.955533404615706
0.933020248241048
1.00493370091718
0.965844293545248
0.95606583176054
0.973880710532436
0.934238736383912
0.821921397972857
0.961909585958432
0.83093050842441
0.974280806505215
0.830410620385072
1.01178479305438
1.11137623884358
1.04056803322808
0.876014037674103
0.767313284132772
0.916294557926492
0.986504246458384
0.991379358703073
1.04605951526574
1.03801556089829
0.935800273720922
1.00790302847803
0.868089428898437
1.04364531158313
1.13499973104092
0.993884008269406
0.987268317486647
1.02252409456501
1.09015960212771
1.06918486468386
1.04079506515924
0.989598258106243
1.08744579177917
0.9208690876142
1.07409859579682
