-0.906852022629685
-1.08368951212661
-0.999635319141633
-0.88159136467862
-0.951252319014758
-1.01381648794007
-0.990581862207336
-1.04990903512291
-0.982070377631173
-0.862277341310372
-1.03244655684907
-1.12525808385743
-1.00530724328316
-0.943053553503547
-0.926261935435335
-0.929320796677954
-0.895147290569076
-1.06049697902149
-0.980598742838835
-0.733406669554624
-1.07946133006588
-1.01392249373156
-0.865352884945816
-0.890698277920828
-1.00112688006068
-1.01233971110601
-0.909199636923499
-0.803428491384187
-0.997758786841737
-0.986732857287435
-0.826220864746055
-0.855114939759285
-0.958760399803097
-0.937090202410972
-0.968305942323568
-1.11906251681669
-0.803988853711236
-0.978308135363077
-0.770621715429965
-0.892577219511296
-0.94490496183837
-0.926267111524959
-0.946747356884871
-0.872109450359704
-0.999940166901298
-0.932651873204569
-0.847103951697442
-0.917161492025319
-1.06235602567607
-0.983585828056115
-0.880780916998065
-0.913807967139264
-0.836544550016377
-0.946409638636817
-0.757334188759021
-0.832839756775886
-0.813215003058153
-0.863702167991629
-0.905368654124736
-0.868230579977897
-0.863195518964418
-0.88698709316415
-0.865865319210925
-0.900039343404874
-0.774874079696537
-0.947942551796601
-0.877973578213274
-0.879820526166217
-0.785636775862364
-0.783628635755498
-0.758433662380081
-0.766206722051374
-0.683781167197522
-0.904881108143232
-0.85955388597777
-0.812748838526019
-0.874262555528758
-0.693683199243141
-0.950894957633657
-0.738681090129706
-0.884411143530584
-0.832975786194466
-0.819239463533407
-0.749740674984442
-0.839910186412524
-0.7878672219669
-0.931307079246172
-0.855818219012178
-0.717999904842078
-0.653144625641555
-0.841242433404274
-0.728901372149643
-0.706362929674221
-0.901949685275912
-0.806189053330959
-0.967966116914236
-0.704727117918255
-0.800963807785517
-0.756112287611968
-0.771013728169669
-0.694461347546832
-0.84372161868207
-0.699705736093777
-0.871449066932696
-0.772978456591914
-0.722497283152125
-0.670632684163864
-0.649130882462626
-0.852604998516174
-0.891391836851598
-0.668624459475648
-0.806181897039385
-0.661459682324117
-0.763586047872513
-0.821811708385353
-0.77575589322019
-0.744960235471975
-0.74520843591175
-0.603810499465903
-0.623734168770879
-0.574656828382211
-0.68548440372544
-0.77610260245707
-0.745911359149664
-0.830184397947416
-0.791190406034456
-0.564704308379673
-0.740718655518611
-0.742823919707986
-0.601957980937858
-0.74270366480609
-0.823492075286094
-0.547840869619892
-0.867577744254372
-0.722940486371405
-0.70254254335604
-0.785196825647712
-0.674770378158152
-0.791756797181896
-0.801253878361008
-0.779281068020428
-0.726311292247754
-0.763940522981608
-0.75446248380411
-0.752433269324161
-0.723643109592021
-0.726913009587253
-0.706596861942687
-0.782484389331721
-0.703950678177262
-0.556466357313477
-0.758598015362064
-0.64664417143492
-0.61481920705704
-0.596857240017948
-0.525378554508241
-0.675153346897513
-0.650115397722178
-0.550727786823985
-0.631678086745321
-0.727580498191946
-0.674209300633416
-0.697962221849267
-0.790259996292974
-0.669168657018326
-0.531846158202481
-0.737828272890813
-0.678525956734516
-0.737053165522935
-0.765824629999035
-0.661197852955215
-0.703813523506891
-0.716124646224241
-0.74109732824885
-0.705510773299631
-0.704220198688116
-0.68654046738921
-0.647907859208098
-0.744721115826006
-0.771596914602642
-0.46471344322694
-0.524370147443524
-0.531943981820126
-0.529511343954935
-0.724803746855414
-0.597172050092777
-0.502684065086415
-0.568735559333906
-0.647820555687567
-0.769962207051378
-0.657581628827728
-0.668578971913282
-0.623496976163456
-0.573921307028024
-0.593762611233421
-0.797896625880435
-0.528091661020671
-0.673138353953334
-0.590240140171242
-0.692236512337105
-0.641059790631642
-0.706416591229341
-0.594546929152712
-0.656454514772714
-0.725938769796728
-0.643025449852389
-0.543591106968138
-0.534203863741898
-0.731453147177902
-0.484798750123623
-0.62027873766449
-0.420808619305761
-0.507630678408134
-0.692693793904298
-0.492698380480971
-0.547039095717939
-0.535434236871546
-0.610976024921415
-0.617508487175657
-0.519104900352921
-0.682598704724556
-0.493749332832131
-0.590701002463832
-0.589911577126525
-0.619991654457435
-0.483916790325554
-0.492570606044133
-0.535688987998332
-0.514623122069441
-0.646393393176645
-0.471220565501887
-0.618847650790668
-0.70956975219283
-0.546705435707821
-0.490240710740509
-0.531039431394671
-0.533593210054041
-0.519090577274253
-0.555635314094363
-0.478309183017324
-0.452014783662501
-0.57102499159304
-0.618168629007523
-0.64130432648647
-0.715360559533994
-0.509772523672977
-0.466620915149797
-0.498514605150305
-0.493879649681225
-0.458105014963169
-0.3649408573508
-0.51209942310384
-0.486537919818976
-0.573371432056169
-0.369156035308517
-0.545214559810413
-0.562826647333074
-0.572111366831099
-0.460353880500698
-0.513638259302377
-0.523764889305736
-0.366852732013654
-0.4463510440598
-0.569138072798754
-0.393776463985724
-0.367554218613582
-0.368053030032818
-0.425818957055099
-0.543777817921645
-0.513253390765873
-0.530798621193301
-0.371576342993485
-0.35637093158974
-0.382178995906238
-0.563786881774301
-0.264153540158883
-0.450765076683574
-0.444406079766985
-0.40324329463055
-0.473661853416797
-0.392666231162662
-0.467887566258404
-0.355529018835576
-0.397259013952047
-0.344990264180902
-0.405682076153258
-0.391102325780983
-0.273808382548807
-0.55362354950728
-0.271516287248071
-0.41110523417736
-0.375136024380447
-0.406574926885798
-0.451434707013183
-0.30067653566663
-0.313726697967033
-0.422073033339871
-0.35993266625564
-0.362198403675398
-0.418613814995786
-0.163493195120097
-0.322758690997019
-0.450999618679666
-0.269893011629651
-0.269034784570511
-0.325222744375308
-0.404888638451357
-0.428939745904037
-0.364326897779578
-0.403733981421973
-0.478941808490035
-0.430307161272898
-0.366899150009645
-0.432616862196521
-0.396817965134237
-0.283709095285004
-0.32901067486433
-0.35811804413283
-0.268236879220128
-0.295753525134904
-0.403947229074096
-0.462785904974484
-0.453357192303912
-0.262201151381454
-0.225032822157637
-0.381234320501818
-0.301497761497649
-0.256788525648056
-0.376740286959589
-0.329937007712103
-0.326816445282535
-0.323111237056909
-0.262093848779684
-0.375978939895754
-0.358796863300277
-0.225776767889111
-0.287953818230933
-0.335877504168761
-0.310393307690662
-0.391393839862691
-0.364998779262384
-0.346623297172609
-0.258438445003523
-0.348894079305773
-0.352418600337809
-0.277148389798846
-0.203512768373167
-0.245762614853494
-0.321104651839204
-0.252840499210396
-0.229529990961206
-0.230371011762973
-0.304673482007271
-0.19602246656685
-0.253129636590863
-0.266533746296191
-0.387472083406699
-0.198092172551666
-0.334245550546561
-0.321756225762732
-0.197288134586112
-0.342227940362818
-0.258296959536672
-0.404998758989998
-0.33448846115602
-0.221294245301231
-0.319135589623707
-0.361811678209623
-0.304330867585146
-0.0992716232103752
-0.207403761954557
-0.29125575274883
-0.111683869255464
-0.129155606395056
-0.332259545070689
-0.311208517652832
-0.180695547050295
-0.324008285928734
-0.283453125306264
-0.287277419002857
-0.365711924136656
-0.263142623575987
-0.268087117956753
-0.332148577579309
-0.181069388356305
-0.375662757205135
-0.179748467999774
-0.448811219295637
-0.26798294514077
-0.245533185656557
-0.229561667576324
-0.203823326257459
-0.144102589677518
-0.263707979708876
-0.305249315930083
-0.195991248960446
-0.170169720167196
-0.22315219158693
-0.157479428406488
-0.214598464872763
-0.210982784825811
-0.0327371365094472
-0.311821142767021
-0.196761937214833
-0.171072270966477
-0.248409048674729
-0.050122835040735
-0.200950527389537
-0.29051496839571
-0.177210751760846
-0.198083039122033
-0.355833008594694
-0.202598066831779
-0.239563884746851
-0.222421255657062
-0.125758822637479
-0.204428161178342
-0.186180299668601
-0.0974964631055093
-0.193509631205192
-0.18921479422886
-0.137838323469308
-0.17150705273586
-0.216517587944295
-0.24128951376649
-0.127686893426715
-0.0630325267329346
-0.0445864187758056
-0.0724635716027966
-0.252688798973567
-0.276008219101931
-0.0454336483390646
-0.203641124632695
-0.241830875807044
-0.127661506624088
0.0213764842965592
-0.304012392508381
-0.199851144900399
-0.180676524620695
-0.171065824389077
-0.189062610315234
-0.334126141259745
0.0378798514753277
-0.0770259471599154
-0.0877936212631151
-0.0484467613052902
-0.184760362155261
-0.164579463801796
-0.225390019997293
-0.0516624335954505
0.017050525207779
-0.0233669955516097
-0.154334329473162
-0.199866962433786
-0.0294521387032944
-0.0738094049344351
-0.0183428262713202
-0.0925015879701438
-0.218778147965782
-0.120357918394734
-0.115177007025019
-0.170775915666931
0.0119035443185282
-0.140734147001134
-0.112329528315042
-0.144076805035878
-0.0130297907413038
-0.0137145352233889
-0.142544290350741
-0.104984738817915
-0.017409820670069
-0.148869795367483
-0.0048604163356233
0.0510721582008257
-0.0928815340390875
-0.0884557988879762
-0.0276536720639616
-0.0578286757020573
-0.193117011339309
0.0017277326408353
-0.060576825174598
-0.104832694442214
0.133770662699674
0.0255489616187543
-0.0889972617308139
0.00244189308597235
0.113672453866381
-0.183761529561859
-0.0155110978189146
-0.0540091776346772
-0.0552707782592792
0.0667233564226473
-0.12464768313685
-0.186086343992812
0.0196169814478257
-0.141341696732063
-0.0349787124327881
-0.0488721638322977
-0.165702900672254
-0.0945645350757618
-0.0542576405936158
-0.0558119113414789
0.0104740558182393
0.0565206362589052
0.0116302577851099
-0.0279820067640047
0.106715462766232
-0.0810356243033992
-0.0853423639606867
-0.00933887595077235
0.0793073503957787
0.0177348915159596
-0.0936553159895263
0.00794712387923677
0.0813911726557865
0.105216464473859
0.040359702562933
0.125087528352652
-0.00796040333181343
-0.00408500726886472
-0.0737918972858138
0.0640199494985797
-0.0134748633336124
-0.0579511355032315
0.272766309671774
0.171939330037744
0.118307803732828
0.00484971606757873
0.0550269663444466
0.179766647437771
0.0688741171826891
0.00798716356813505
-0.0353189489724464
0.0602669896184736
0.231358039575257
0.189087359297896
0.00159925279634576
0.0732427541645086
0.0749168799358231
0.136575974800439
0.0677333881023506
0.0432148670929218
0.185612084614406
-0.0057000709918226
-0.0220952543556838
0.0834285607180184
0.081248091317433
-0.088566128612093
0.00605094380750257
0.207525844550978
0.115846420934066
0.165191266279083
0.0987853999649717
0.225396788042828
0.209225670293383
0.126792699852619
0.0774735644917254
-0.00604025013159038
0.141908053570862
0.0272804378628794
0.110939881725221
0.151415026513511
0.139907088793633
0.1076435686135
0.156840728319182
0.0699364933984142
0.108656488401386
0.21399743071158
0.251993744448874
0.215747310137453
0.163131609786739
0.155174189097454
0.220076390048889
0.322316460962645
0.235889103937775
0.27339546485942
0.152974436479708
0.145945910114796
0.133254370926985
0.183632654617138
0.116966248717544
0.164002167613745
0.128891654010183
0.161678647877769
0.107889992423233
0.198752926068712
0.1045879583456
0.234095935346161
0.0185484986331174
0.350942791370551
0.0930982755393258
0.264186277527008
0.155960493180051
0.237259196239718
0.265157869677972
0.15231961896664
0.176700878195698
0.296849651256592
0.241749519851422
0.0876428851679755
0.225966500385653
0.153538835878303
0.241980036662062
0.290361231002239
0.261554142688951
0.314918547940913
0.26040160149407
0.135575437933296
0.229311739736655
0.313281741615702
0.232980305244586
0.426496806707648
0.169320586548991
0.163371283898741
0.172814573960266
0.209519712563658
0.117762293071215
0.371213900101786
0.244984288070427
0.259417852628312
0.169644231632428
0.334074341962696
0.246370409983322
0.143595272484802
0.15674216430587
0.343527685897235
0.20153497922417
0.2057510578035
0.1846528797843
0.379403648079517
0.399263255888751
0.338409554387278
0.396702264964734
0.266622141136386
0.193720887139275
0.299798446148415
0.467520811888936
0.180239433917754
0.220403739044306
0.241268844134863
0.247050094191097
0.168990030569647
0.21317106290037
0.252185272707314
0.262723374302913
0.330345847923773
0.193318044432029
0.254449856284717
0.302190338048598
0.25324737026833
0.389096681188654
0.430925050274427
0.269519651430651
0.406518850652414
0.254983929613945
0.422013181124623
0.255225176587939
0.402216662191213
0.290836885856614
0.357863364219608
0.106895502065401
0.45105482643791
0.373225336278326
0.335704380408749
0.332358939363483
0.240724780439495
0.265629256383084
0.273205360236488
0.299024956634116
0.355627934574256
0.176878753065167
0.302799396292917
0.251850375084985
0.3599616979316
0.309970695053009
0.218057467980545
0.342458338165043
0.463688261615416
0.31214562266959
0.369611311008486
0.3412531197366
0.293637287606208
0.398663755549073
0.424669178987178
0.495828932470307
0.263243362379223
0.427327873879473
0.439334933683464
0.375990776763526
0.399154759301518
0.406513278962899
0.463767566992811
0.374133479785273
0.45139551408252
0.487921794098365
0.483111724117076
0.32168702519277
0.461346747059707
0.540557460507192
0.41195669839465
0.349173794285776
0.390386009725947
0.471890107902821
0.636486651690034
0.432682750852625
0.484292241827497
0.330868323842639
0.223335592444484
0.360172977774795
0.364515497930603
0.493897134786272
0.327423816749409
0.434725254398894
0.257588935303547
0.421577220028793
0.4239505711402
0.401334311332585
0.530391911052658
0.441191205286952
0.649352627336137
0.562660854358625
0.512336658096742
0.610828330279098
0.608748585833958
0.440679640871223
0.609823341280576
0.422830642982563
0.428114655719546
0.467733112065954
0.336310969913191
0.435291875001402
0.55051235758422
0.659823543324514
0.709347386943274
0.391080839428676
0.461782574010566
0.407239848025053
0.578431246735179
0.465032940133855
0.499351029196946
0.430604024387555
0.321580538106916
0.429279427331131
0.436843287972331
0.506932876636693
0.55981741701946
0.53384917328857
0.512600129974343
0.433062848394558
0.623893201007485
0.445938290525982
0.468494471850527
0.408338460176677
0.540125836209888
0.458398756892048
0.333536556546579
0.56347208014448
0.533788217967493
0.483165987866261
0.586077516631122
0.52001058706565
0.459158102343143
0.427061663863498
0.496841528522048
0.688052870378912
0.614499663459974
0.466866942184908
0.406342119222052
0.583523637939913
0.503482692742938
0.630724058520319
0.575879758823503
0.498816729672081
0.605758121363227
0.58106275440186
0.557956529852723
0.534614221167589
0.692643807569251
0.475713127018531
0.479847231678562
0.581925768192054
0.634533062505582
0.484657207759496
0.601571524310472
0.584427322977471
0.31793651332164
0.643158036567358
0.487823253263278
0.358686666009069
0.777296592276118
0.642753327773096
0.591286645352046
0.533039177181571
0.487709870982487
0.641851930154177
0.560107554021339
0.65719170187933
0.618423460557373
0.625052260736428
0.635055972602401
0.681930435118583
0.626502740574856
0.591644610854985
0.651460539340063
0.580278186265017
0.665973250076341
0.764674468596865
0.550578855908153
0.493342458262912
0.515007565581829
0.752220049864269
0.675012479783275
0.717103879533586
0.480579104350812
0.61930015282806
0.547351768640067
0.643956738396276
0.52624871204451
0.577824100120194
0.646585638100781
0.752280093180128
0.605522765438816
0.721739230731368
0.645555741330059
0.619985292314451
0.586590448914233
0.553623954792915
0.709930900043237
0.86270363931899
0.684352743533861
0.741795523531119
0.591483271517392
0.765589284740069
0.793294328205646
0.571773814045167
0.686786980772583
0.617465277295386
0.634354698652493
0.636006319874392
0.739019150108462
0.628549368927458
0.646011400524921
0.664961675223539
0.545555252795076
0.620622561545723
0.7326819118723
0.55251359924771
0.831859911602925
0.629421153600516
0.692213606057678
0.584207731561335
0.778314229744451
0.651198999724499
0.73729236224318
0.805372001270781
0.686955336259254
0.783729681440092
0.700304669118797
0.686843950289583
0.765499472891916
0.831055779626204
0.870682432775804
0.629561699709684
0.669701945914148
0.811106017606791
0.852310963175068
0.726734336367302
0.635444220465017
0.662493601237393
0.75238413573447
0.715912689390612
0.630154182542377
0.688021796672747
0.705450325242574
0.825528571647235
0.705181424296748
0.718142865632467
0.812641070203627
0.887578892522238
0.753802288073345
0.73069129809955
0.678871314858393
0.733562853084466
0.588494747169725
0.742100843719072
0.592944997272101
0.760258426377035
0.667156202410569
0.887513158341713
0.920530946963421
0.79662305740261
0.904639281162525
0.763789498946176
0.846041690362788
0.758361717587271
0.700506695753265
0.721494825999606
0.702731268558325
0.707697174482589
0.700414467105183
0.670198433381132
0.636854037920395
0.80648263368061
0.689162727670371
0.79189927034306
0.734709348421092
0.753897780401147
0.740072636235772
0.737686226540146
0.805978202753019
0.86593337484139
0.825629289393568
0.792554511441929
0.7340613866042
0.870059472862549
0.919216668261537
0.994032025661477
0.797289879702413
0.830357908818313
0.89311873627003
0.773249525528331
0.926614953036601
0.789146517729418
0.839596213015881
0.89033788624517
0.942373776262225
1.01784830231917
0.820317736092336
0.830302977907783
0.799848909931279
0.741068830129139
0.788501289115041
0.924566952125951
0.95148165465494
0.90003501773751
0.975836041815317
0.775922572887685
0.928955825004773
0.914509847546149
0.724970678955194
0.770616147900331
0.900410220512008
0.800340493583848
0.903332990512486
0.97468041134461
0.891269223744737
0.926279491965302
0.874596040753438
0.88308611336311
0.893685665225502
0.950005239553448
0.870680003955833
0.981830719160076
0.856402142076581
0.873073142763798
0.973582980380111
0.784776663695292
0.945259645968193
0.924768092377325
0.746433415513909
0.719082630228771
0.931178770351895
0.828703314174504
0.916166686522728
0.819782382626054
0.925326678468728
0.914887316592199
0.991728265324247
0.932560279106243
0.949055025391233
0.89792848897473
0.838312717231588
1.05994484663955
0.956022875693517
0.940615424950008
1.09905635649931
0.885996850170737
0.902812878323474
0.976426747765208
0.989432225292718
1.00679937844499
0.851594630977591
0.987424465630546
1.00725408110284
1.06284091373977
1.03604172182734
1.16928570375629
1.05926043898573
0.953895215506355
1.07466898870145
0.885217341632381
0.944953254877743
0.99289416563731
1.07140932451385
0.96083145162189
1.18519120169209
0.929960133567057
0.981069290790629
1.02464865075928
1.09544154530627
