-0.856418348269677
-0.973450579644278
-1.03446716497518
-0.934160842195774
-0.795429481163799
-0.996118173555511
-0.916924392144375
-0.984488885834219
-0.955091879036763
-1.15745706822045
-1.04710134931587
-1.12249831774095
-1.05656533868739
-0.944399058725973
-0.868840055263654
-0.999086382778424
-0.937789096431609
-0.911671659964291
-0.921656647521301
-0.856386313106422
-0.864219337614695
-0.951988073785184
-0.904347624346785
-0.895833415824103
-0.920454052516315
-1.06741109373085
-0.983182402533509
-0.874508980409169
-1.01938899814864
-0.902193783142539
-0.872672780297549
-0.88244898965835
-0.9075722501994
-1.0016202046529
-0.810231315989737
-0.935389102055315
-0.82710445834418
-0.939018089388375
-1.08400548819818
-0.794177657798257
-0.736608683166514
-0.789601369454447
-0.858059733590368
-0.922142395369688
-0.94503286337357
-0.842518222078209
-0.868539178011864
-0.897104036014553
-0.824866709933016
-0.950551560853498
-0.998785762374443
-0.928743595554526
-0.874708606987837
-0.898399026187545
-0.851128775192345
-0.961934263634938
-1.07808195513577
-0.935102416244853
-1.06516022652314
-0.992928686587593
-0.779989553256274
-0.854117558146847
-0.891205448502183
-0.88298649871762
-0.754970867066544
-0.916628851476525
-0.83156438402707
-0.844181662898563
-0.78040016629277
-0.891396760218846
-0.759107619814928
-0.821188170430694
-0.774697080695065
-0.853921789129218
-0.822041835375466
-0.827836479476024
-1.00309110505814
-0.888399782585898
-0.835259079597122
-0.816163225260372
-0.803502369506978
-0.771455627783744
-0.886546079787474
-0.744891481705256
-0.864343953558953
-0.943506672410223
-0.736099774880214
-0.852333448678922
-0.766160095897005
-0.821708268072469
-0.918000316190889
-0.630549720050277
-0.791879537076579
-1.03181704788915
-0.837914301413994
-0.610418130155619
-0.814874394445254
-0.941719229780349
-0.769808637162827
-0.799233896947909
-0.73721506797891
-0.72378127298149
-0.834421310620071
-0.868224214064238
-0.645064449564961
-0.780269459152288
-0.812862478160025
-0.839854215019872
-0.821504392499671
-0.901796952196444
-0.764558255663056
-0.763427166481964
-0.749470938257482
-0.700239992863307
-0.854806148017941
-0.742933458065309
-0.749434965232624
-0.82923322285336
-0.72345229661527
-0.842089536350014
-0.908193803706968
-0.758827765974556
-0.669016300201768
-0.623124858976168
-0.568866784642879
-0.685448068690499
-0.798775561154284
-0.762450045131174
-0.855282095878079
-0.628861245127911
-0.651878819918089
-0.725295570023471
-0.758513771500904
-0.767270613526886
-0.775076796609548
-0.748694968060845
-0.727532707546565
-0.580903911000094
-0.702187481751317
-0.623382138380701
-0.678630625593165
-0.798786748624064
-0.672081869077077
-0.903693637240212
-0.736317711348803
-0.593056932008423
-0.611326931434279
-0.679433903454065
-0.728497229568012
-0.544717495936968
-0.632119310925708
-0.689954349992916
-0.635570467514502
-0.655070813522259
-0.664545821373821
-0.758760416896117
-0.65745761251551
-0.868490906596547
-0.676898354588215
-0.877626959334219
-0.68687288798774
-0.576403579416761
-0.671028957126583
-0.746305185008691
-0.765636259210312
-0.742104388609506
-0.711720554364487
-0.655474727430643
-0.607094497433021
-0.656559918578935
-0.746447881058782
-0.740264213138687
-0.612815481538186
-0.685605144797061
-0.54845434657469
-0.471740621769657
-0.627747381124289
-0.644656827446066
-0.592304239182579
-0.668188730671768
-0.850510267247263
-0.680708645450109
-0.704775775019569
-0.803551471984766
-0.693107697826122
-0.710009616221924
-0.628552166814439
-0.677446247051772
-0.63576846046175
-0.535268637580989
-0.654262667623915
-0.62721101043518
-0.61385691850304
-0.700650055440475
-0.618817021279641
-0.593095432495253
-0.432069563286635
-0.692348558474544
-0.658802051474795
-0.647592996592346
-0.518802222130833
-0.542390670350965
-0.444966801594508
-0.584693326100867
-0.567797458510291
-0.393685800718798
-0.530608045592625
-0.49138871077093
-0.464210031665134
-0.56289437817028
-0.548045129409156
-0.452217848345573
-0.59859574862999
-0.502707540513559
-0.419266058424452
-0.525048395151905
-0.58554480892098
-0.407323229164992
-0.73281193336428
-0.439185520144407
-0.511288849873625
-0.435254547014746
-0.632360972673296
-0.650008451854155
-0.561580812332645
-0.61289922456614
-0.574832465501235
-0.530094024589353
-0.472753924666791
-0.523664898996982
-0.514814053531309
-0.627952762348265
-0.426263725825647
-0.482396733047939
-0.532852075629314
-0.505696880595956
-0.54906232121303
-0.50600736941989
-0.61466945607015
-0.493100766637605
-0.519219387747466
-0.672399459426097
-0.423200823870868
-0.663772667311944
-0.592444415179689
-0.559776649686423
-0.439447874064933
-0.486389396556453
-0.426358740337158
-0.549614433267077
-0.314318871685162
-0.464318021667889
-0.416222550836423
-0.507709182626939
-0.526094640267963
-0.495368015119889
-0.540351560553613
-0.637397103507508
-0.521177603245137
-0.50246337470419
-0.556507514471085
-0.504920070078307
-0.3677771097109
-0.51599092697068
-0.552809019304007
-0.340134414858083
-0.449230214709204
-0.381711641753678
-0.55602727633889
-0.431048943740134
-0.400153932188561
-0.548769079869679
-0.590280906021937
-0.576087151244835
-0.426318035556893
-0.39410236389117
-0.323243488790925
-0.395659840234671
-0.609910954612124
-0.348052918400794
-0.46541952092682
-0.612303745548709
-0.441954718230354
-0.467182856547753
-0.494845289767891
-0.445554780451999
-0.439340287982152
-0.45810848285042
-0.423676381409776
-0.45528601821131
-0.52952721043784
-0.43052575675722
-0.345224846219976
-0.379274855081311
-0.465704753572795
-0.329064491237743
-0.211688951300085
-0.374854892820433
-0.299800849611133
-0.459992598800653
-0.528111395907899
-0.298538899076289
-0.383981541358485
-0.404633007412105
-0.316086243216215
-0.263320517202611
-0.323756911693814
-0.379394133480092
-0.330282054691557
-0.269094882233255
-0.400515669289262
-0.249709438353978
-0.515710533819426
-0.260977751726288
-0.331156547317038
-0.43599356859106
-0.388245171474907
-0.467699510553451
-0.28502644033086
-0.288936325968283
-0.342655551157859
-0.328546722327052
-0.400682574096657
-0.286190153196438
-0.391846224721262
-0.249879442798739
-0.310004260809327
-0.345780693151138
-0.381810995387603
-0.381503728453539
-0.399077102552101
-0.281901683721608
-0.202582374795556
-0.386607119620933
-0.430745034513166
-0.17885512816329
-0.250993682241008
-0.374185435251751
-0.306233861341173
-0.23006879035825
-0.346650981667285
-0.28428742661291
-0.251186556436554
-0.313091014651247
-0.42327712906878
-0.285826227452742
-0.287798821685795
-0.242587304526454
-0.28080026773539
-0.358977499269508
-0.283214134006372
-0.360877739532404
-0.314042899167879
-0.237957477426499
-0.448122162538164
-0.205288763152232
-0.169349552190696
-0.302604790847228
-0.237669779115844
-0.350299655709635
-0.277211870936133
-0.341014021603283
-0.251165188773102
-0.1524005051819
-0.30616872207578
-0.504535765027526
-0.422546438452741
-0.291465892162393
-0.172697876310815
-0.322307326262988
-0.132648941229746
-0.29638620442666
-0.38371504945719
-0.286725728202097
-0.250827525622298
-0.358722842659107
-0.151404484708227
-0.321368695479219
-0.281986354136527
-0.371297588221495
-0.265033746947215
-0.27018979710566
-0.338973672425784
-0.303123501669214
-0.105845516645195
-0.215052670177126
-0.283644010527033
-0.203955954358428
-0.320413946680542
-0.242259968834854
-0.243427893329934
-0.158166615837798
-0.125322425897292
-0.134423414560645
-0.261643955788507
-0.296352220658818
-0.309189825156015
-0.238003601813405
-0.127970693620941
-0.207261190977149
-0.148941974668925
-0.271049593631663
-0.153190660988743
-0.125482191898353
-0.219148822597005
-0.126205978409052
-0.100151472627826
-0.212739505728834
-0.336519484812169
-0.0931385534407366
-0.10622197649105
-0.121147130387617
-0.239514146257953
-0.332790415079932
-0.072218693238572
-0.122747118548895
-0.21311648165788
-0.035930049964714
-0.322902807237499
-0.103770394148025
-0.0127948947636367
-0.200095894524203
-0.166022712021023
-0.100737438460018
-0.203920596498705
-0.140590751325581
-0.117989748954252
-0.203462874434903
0.0445872125637413
-0.203476582922324
-0.189574807037507
-0.0210798402543322
-0.201259430991996
-0.172276853279253
-0.19156887278969
-0.0728405109666667
-0.0580484726333236
-0.151799148540663
-0.19533295814368
-0.125851177037254
-0.160097703293098
-0.060958913637987
-0.0779548807501385
0.0203265312484791
0.0314699151783023
-0.230372830330762
-0.052825737698635
-0.172061226593885
-0.210854330946896
-0.0688232304441745
-0.288419604707756
-0.0526888598975171
-0.0513763295860436
-0.161800889566583
-0.172022236677693
-0.018878191798466
-0.020177036373777
-0.12584471433588
-0.0768348883893395
-0.126830407919355
0.0239923224505443
0.00463910100733655
-0.0890805773600776
-0.0401582534354683
-0.148139088023477
-0.0874153632253602
-0.0809290684683081
-0.0416586199172969
0.163519439071044
-0.0774105507384785
-0.0728638102919143
-0.0950811146952284
-0.119505414962476
-0.0257560480077272
-0.00513527490028616
-0.129302016073493
-0.0709514793505914
0.0576470263861812
-0.127155785485308
-0.0250593398451423
-0.106861439017821
-0.0436648540656834
0.0104798349163459
-0.214156116448574
-0.111580014099948
-0.104422815952151
0.0256940611184826
0.0534216061778095
0.00262657202317876
-0.0806726402882717
-0.0288742622512179
0.144161913570013
0.0548890790836688
-0.100615329289135
-0.0154227962492614
-0.0191584599881618
-0.0962986459135754
-0.0330796883825746
-0.149350393049468
-0.0763043385849649
0.0496287342265545
-0.0425565871285085
0.0524217681145378
-0.0537242639367898
-0.0308498746616097
-0.01800770183931
0.163750965739324
0.059825745654562
-0.0736075429670241
0.104875210740697
0.111784392746528
0.123109678877381
0.0732150634143372
-0.0232177677600648
0.218695077868832
0.0188502980434193
0.00152722243818667
0.0195800011787488
0.110845248124033
0.131729873036249
-0.12394968525783
0.0885572289869879
0.013161543735573
0.0436582164206806
0.0464464640081489
0.0495929495976581
-0.0534692032596663
0.0877036935173251
0.117412786010403
0.102418685992502
0.032431532682724
0.168153146935053
0.157002178851766
-0.0552771098929606
-0.0221480913489458
0.0664141690813784
0.260899381180652
0.0858714553432832
0.012145116791251
0.0303086161016677
0.122920441965106
0.133512375933256
0.121184285937355
0.0534542699564714
0.0571685152331425
0.0204791170841522
-0.0476499936064585
-0.0463748359508171
0.022912692935002
0.0194434440382333
0.121159132800031
0.144270746617349
0.125111019701599
0.196175069428633
0.199317041355014
0.121223102138591
0.116190251961882
0.173962458718391
0.344794880451388
0.0616070893057295
0.12661820267004
0.194015368620595
0.283693747526408
0.0994304339738589
0.268480268555175
0.0837939456794836
0.173187636550941
0.276059062690973
0.11096695831326
0.0110433200484592
0.209328333245019
0.249566015818916
0.203888576095245
0.0557104940995168
0.196690601582022
0.123662657197602
0.00146063900005991
0.0710423911906511
0.200386395004772
0.0933420949832802
0.0554206321272763
0.187082881138526
0.10295562360414
0.298346998922667
0.122333421019939
0.0423966328281478
0.0873689345017151
0.147603761036352
0.0598686424862183
0.323271733023156
0.076879960398889
0.200841848973902
0.200688299665748
0.181288802864907
0.264097130289693
0.336218998922403
0.187577246532231
0.122735165344247
0.191110811918519
0.154066080153427
0.308321705654213
0.160592853043501
0.259705686038369
0.202990115982569
0.129932267810891
0.202568404366726
0.221877061490872
0.263871524645864
-0.00478478857277729
0.279360657477694
0.224347628936827
0.19765480443786
0.058673356160285
0.156634994805488
0.131103715562647
0.114715069342716
-0.0432469498117907
0.410809534442923
0.092805066275142
0.251937022690532
0.299543446325919
0.311007507022868
0.187129312896134
0.239039894410498
0.273709752048893
0.216556962166501
0.229624214455713
0.137719153720208
0.259693264439088
0.270039158977486
0.252968785631525
0.233150381061086
0.316996102659165
0.228190270269015
0.268034536881269
0.129761924667393
0.280975600741858
0.221691965662069
0.276942498484561
0.323303680927026
0.243243890088052
0.292782857428155
0.102726479860586
0.357374034239748
0.356714944253561
0.348906787307655
0.260750799877435
0.302127542840376
0.450154220738981
0.273530599161875
0.289048292115816
0.431155351414859
0.269421779987036
0.297727595920934
0.343571164521585
0.330374009379711
0.364384181619826
0.254376350879606
0.405407334109293
0.1966277766939
0.436322341434496
0.474705656744862
0.410938363762259
0.412952659666163
0.415055914860521
0.402070863487574
0.373198885783456
0.336420826900725
0.366998254171935
0.261872417264159
0.461712998602382
0.292148273129849
0.315340762176866
0.137489526728301
0.293009513399752
0.25247254450865
0.339315445991702
0.358600953580123
0.392983440333029
0.368213931381371
0.367858024882244
0.323894103473094
0.359395287266452
0.402941059867217
0.432548580232545
0.477836934336466
0.0897428585740131
0.222473933829139
0.398195117230414
0.541812342201767
0.439833254966793
0.383661184286543
0.292046325980407
0.274036543925293
0.234076503867698
0.490632587323707
0.361130990196018
0.579049339292254
0.478847207782353
0.317625172413935
0.470707533988985
0.364955676036291
0.393757820944065
0.3587811156241
0.437418768538704
0.238837369108886
0.321491303204833
0.43436904976322
0.462549840266231
0.440412751255412
0.459738508771284
0.410423031311494
0.518298440533657
0.386768587049146
0.385644535873255
0.515043526224553
0.454066102836193
0.571475819700463
0.544655170121992
0.371003609439544
0.585087117323467
0.338382199711081
0.614937343751257
0.515753228872236
0.533413236859287
0.424455251946957
0.477152260669158
0.413722400751526
0.387655083380671
0.599293736835635
0.475010265746005
0.323163741807896
0.368475456217187
0.308590526423775
0.378367091780462
0.460714930417154
0.479488476320104
0.44534416018156
0.4857176715128
0.359309844987358
0.553143898501708
0.466583914129964
0.524355465519858
0.348161627499369
0.394765998703555
0.510253616825218
0.506881617367122
0.434509720034349
0.396512671104877
0.481028829101988
0.508848414118535
0.543604508242893
0.535263571560204
0.408063998089429
0.467456784876174
0.520622642276416
0.576122606343138
0.482815957767531
0.542156357143316
0.611156900711392
0.407783817177502
0.601426684052502
0.569963257514209
0.455586538449578
0.559734366088876
0.697933879617233
0.45303282414833
0.512369842131854
0.436385151110974
0.553446892726527
0.55462406219453
0.641858488514799
0.479550355343412
0.646980393430136
0.512718358907835
0.404070778380925
0.538234551556303
0.531679550312109
0.575837446931658
0.516485563060449
0.565198721176452
0.667546911405676
0.54136573373896
0.541317036315864
0.557619274574864
0.655194371170778
0.612952999971737
0.593610244007019
0.599339276709497
0.582721821938717
0.587605134136628
0.555575013646259
0.534551709272802
0.568015621942025
0.723733894969779
0.542345573178579
0.673877570888035
0.503862514010005
0.568660242521604
0.495003454328132
0.658786910852418
0.61661497740725
0.441874645431661
0.737578949104397
0.764407446944055
0.762770866188459
0.653676120939646
0.572750776571876
0.6982467788254
0.695536818443467
0.501830897285851
0.671934584153109
0.622916173852
0.682962811103979
0.718269349619491
0.515521687200274
0.677218054598247
0.560352080248619
0.634404670209919
0.725403601270583
0.671382862663514
0.734071865302393
0.542347511012066
0.58874622860566
0.70416634053822
0.5425413619394
0.65265213148256
0.726992399875165
0.673849519586461
0.603443639659459
0.745124766639105
0.7886665021185
0.735655228875938
0.678984526763404
0.737499801415515
0.752242849148546
0.493822886507567
0.833376817437847
0.631231051134914
0.83763227117708
0.633291035780156
0.793484604487736
0.64794530848321
0.665446154823683
0.648777083297796
0.634031616430815
0.674683680992671
0.68575529953354
0.816087767619459
0.700266997149051
0.633795023049885
0.66443222190283
0.768905936560973
0.615253049861745
0.637912349635564
0.849198611736462
0.663349774668781
0.675659441857069
0.758491155271121
0.851181816347575
0.593226950863656
0.635592702809727
0.56974991496382
0.857643322602844
0.59584887810243
0.704400133068442
0.639578950437516
0.752949474858408
0.766589990028703
0.858647634911552
0.63601012303383
0.67537788479165
0.738180689062473
0.854555466045111
0.765894589322773
0.687561345402022
0.762705584255102
0.806804829242308
0.670313136155926
0.659604849371145
0.792938928166565
0.750053270042924
0.751563675213864
0.723189423686464
0.802962635917699
0.846653051626364
0.805365888067342
0.655837218978187
0.663244204738429
0.700429187996522
0.669940793837158
0.737601040598978
0.854901947426249
0.701758649312502
0.942926441316466
0.715195033089685
0.677722773312589
0.844108252640569
0.76718353316889
0.745195774845491
0.823168610276815
0.727818532752082
0.892221035001943
0.869396229025438
0.735199377570841
0.803264823636413
0.87132449277625
0.74555836773349
0.93550720101144
0.790028626325357
0.945080398508032
0.810743964535302
0.79856372831522
0.784050279083097
0.681671313325019
0.785425987480747
0.773627414207218
0.815787911019111
0.758827119735884
0.892928504498677
0.983693612497022
0.880330347999158
0.784540945228871
0.880574340926122
0.839303109729323
0.810698993378475
0.75946635045254
0.774027695127758
1.0732290043182
0.846567501975189
0.731377421029042
0.950971379104096
0.892981873272583
0.92255813449656
0.844457183563658
0.919970303637324
0.893985696335625
0.880465397486917
0.817844264348559
0.735305349694741
0.931744858787781
0.961745020966924
0.998249872639987
0.975726523688028
0.855725627123756
0.816149692610811
1.01124809565804
0.870108259081863
0.901440633549398
0.791214904845991
0.896720082102364
0.698891508903596
0.792813090060757
0.954045460469927
0.828282069173571
0.904020434373471
0.786886975009528
0.91961917746843
0.966308662888805
0.942786598140179
0.937752440613566
1.0355219198636
0.92528637196982
0.797404352310886
0.986710589044893
1.06478717483451
1.03818991746494
0.826933117693141
1.01961652707228
0.987063903998144
0.807420587325891
0.807487718664879
1.03283973211472
0.943028194483274
0.951474174346309
0.988110895253552
1.04208689851119
0.891129572077553
1.14153239440112
0.828894423138471
0.978047150574099
0.994345198222708
0.963132591301338
1.14359754183229
0.848011567961588
0.909297265151752
1.04550027175877
1.02218275830436
0.90477257712879
0.960132134380786
0.922541984712601
0.950359484177123
0.983950242784253
0.891957377200054
0.897990992209022
1.04412122286445
0.930402611320877
0.94065596891062
1.10308129177882
0.991654834234287
