-0.907669456529765
-1.0846995686547
-0.982726375242789
-0.907480012169789
-0.945580775967583
-1.00230789000783
-0.991878416173793
-1.05696717973212
-0.978031452492639
-0.880394230589732
-1.0601090852351
-1.10675313122466
-1.00253815830395
-0.934159707014175
-0.93707414009244
-0.919594572534015
-0.925661033053145
-1.06109646086012
-0.99881456230167
-0.741828225407485
-1.08301796459171
-1.00583653435957
-0.855994391518476
-0.860680396802814
-0.982808693794537
-1.00598133154955
-0.893503079261514
-0.792459561363505
-0.988754347562103
-1.01627167975251
-0.836909283015004
-0.843977632244563
-0.950017334781121
-0.933627097953684
-0.9521923248191
-1.10291155136229
-0.79075279352395
-0.99747320658069
-0.787616803464774
-0.8961181540701
-0.936953457463042
-0.932788907520625
-0.973120101204823
-0.849222139019259
-1.00525642452883
-0.946071142341386
-0.842489796630468
-0.920414889420554
-1.05609970474781
-0.987953476621261
-0.891705153127794
-0.906101947100886
-0.819987547091961
-0.938314786052822
-0.748300779105056
-0.864611033324993
-0.811933996743617
-0.89108330585505
-0.906516058404544
-0.868386843184337
-0.87338134641379
-0.843819000396963
-0.853753650388189
-0.911085406446095
-0.804785372423895
-0.943298329429379
-0.87126812263175
-0.900048868243163
-0.782515072110915
-0.775337682458666
-0.757042806555622
-0.762773716303628
-0.663550874314118
-0.910942473199842
-0.855844980579974
-0.809053917984709
-0.843472614666554
-0.698074250558109
-0.962896865670657
-0.73641027501754
-0.863408240888695
-0.811032066689313
-0.809192543619938
-0.774236882327926
-0.832334640108182
-0.78966816333154
-0.93831100668165
-0.858430574714065
-0.728010435784287
-0.645047430218907
-0.832055441357822
-0.715518729654097
-0.698710025147748
-0.891468306443733
-0.815025125276526
-0.991299376121346
-0.698564154223347
-0.819727130931119
-0.72799806086566
-0.764143225480105
-0.717787649509589
-0.836451618302584
-0.697879151724379
-0.869852129406441
-0.778191673576437
-0.715833513901633
-0.682131410153993
-0.665853066771094
-0.845521281602973
-0.899361645795243
-0.659660150641044
-0.805181540751644
-0.680162160896325
-0.750463128685768
-0.825407030584335
-0.794639532458408
-0.763568678884335
-0.736479699216874
-0.605772144598602
-0.613639226698077
-0.587356932897021
-0.680350659948379
-0.752332202815058
-0.725844835875507
-0.833017701141883
-0.808310500252164
-0.549325249819652
-0.735247514824899
-0.760815952140237
-0.613857592658035
-0.727640662857467
-0.838399205991261
-0.560961591949442
-0.851299732614752
-0.710035403287054
-0.716188012096507
-0.792485894600898
-0.668964987691656
-0.784531789559673
-0.820495874918502
-0.774361835222796
-0.71585749975615
-0.78638497026621
-0.757610109181107
-0.751466530070987
-0.716463966858296
-0.714301517274264
-0.70101521278367
-0.772434069978246
-0.688283360862303
-0.568148654683458
-0.768304124455844
-0.649221129088904
-0.622128883352816
-0.606955067364355
-0.521329042749497
-0.660106963384163
-0.635774799606284
-0.551766944614262
-0.620215430167956
-0.700700352802875
-0.658272092241426
-0.696239613944992
-0.82116465504683
-0.674807534342689
-0.516111381561619
-0.742803795577967
-0.704900360361376
-0.749334812755128
-0.767276938561401
-0.675986394479821
-0.714081791755735
-0.718658352042726
-0.737685438339348
-0.722415768745767
-0.689019648111785
-0.705672441080175
-0.643479292262518
-0.740069773507692
-0.749177192428597
-0.442815215756831
-0.524146638235339
-0.522626199532072
-0.556012934883047
-0.721280157702479
-0.599446551514596
-0.488871549976426
-0.554033795553943
-0.663388524537975
-0.775337707035145
-0.656120367668134
-0.659498869984801
-0.641651187595881
-0.546839879329764
-0.612576049165693
-0.801239147981324
-0.518839204920334
-0.659945984800681
-0.581815562264324
-0.676568190655138
-0.658244290458726
-0.740404708657442
-0.596236247176259
-0.667755111000428
-0.706059614074343
-0.636741789945798
-0.557988791926742
-0.524034377652905
-0.707392463249617
-0.474897104975342
-0.60740001484572
-0.448607007666826
-0.537649956784596
-0.679704789666656
-0.52811524548675
-0.511198270084621
-0.512173598278133
-0.602561536580101
-0.610745089093499
-0.526947632185013
-0.697126408216626
-0.490892347038803
-0.595278524596469
-0.576695579642865
-0.623274144449261
-0.489589341307998
-0.478924300644502
-0.546045464672404
-0.511177633621153
-0.63363581487855
-0.476697130000265
-0.618051163787722
-0.675602241319414
-0.559137407085072
-0.505487166143174
-0.522190559552349
-0.535382385397654
-0.528552358813095
-0.584810002795974
-0.490544549955128
-0.453176703387008
-0.577813642242744
-0.612370723836692
-0.630277749630525
-0.709436519062121
-0.519282138138153
-0.473919543390835
-0.519433701748316
-0.474441947661928
-0.472874137084345
-0.380808500992939
-0.489125181586249
-0.467155457494915
-0.573160633932557
-0.383916052781919
-0.553584722145305
-0.556308881088307
-0.5638831169875
-0.477701876889026
-0.489640268792496
-0.520764449236504
-0.364073458035955
-0.442362161108918
-0.566463872499112
-0.364558617121222
-0.388789833963914
-0.385634175530805
-0.399519941213598
-0.550939119322665
-0.521542644573323
-0.526376977125569
-0.371895242252556
-0.381703950819976
-0.382119341068679
-0.549157709888557
-0.234274463298428
-0.469909373180122
-0.418975226842365
-0.424776831967798
-0.475140516921457
-0.383388671261505
-0.467391317639662
-0.381550196846425
-0.389062709687528
-0.328848934690205
-0.40208148383648
-0.400105717582342
-0.281489031448469
-0.548476909847577
-0.270112506384713
-0.409896423279546
-0.381166078424595
-0.410164713602056
-0.445449211061439
-0.303319632501582
-0.312038598743023
-0.424299957743533
-0.362262411899659
-0.341702535256103
-0.414495371506988
-0.167676871784598
-0.324701413435648
-0.459172703107198
-0.246717713133922
-0.282317703163048
-0.326241129047885
-0.424483600965264
-0.438441762797354
-0.375473933798452
-0.422967002584609
-0.473545014221125
-0.441583578428837
-0.360335115412654
-0.430967892423466
-0.400706154451627
-0.2624765292217
-0.346940889903987
-0.375222214846497
-0.279372147878484
-0.288451249612173
-0.411526397350091
-0.477368377023883
-0.444755411399297
-0.263543861182552
-0.229088104285991
-0.368733057185633
-0.291595014238632
-0.254304482744493
-0.36743066078178
-0.3369649712717
-0.347112243246893
-0.31272043815757
-0.244413148758109
-0.370271679401625
-0.369079046684336
-0.217541898601133
-0.280109728771323
-0.34276158633154
-0.314175952627767
-0.392995129589207
-0.393908063413656
-0.351321278721449
-0.241817897486225
-0.359387389185684
-0.329558049395798
-0.29710153349104
-0.188698372847999
-0.236516587269578
-0.320171217553459
-0.254876829830558
-0.233596732510871
-0.241153280836128
-0.306334386784835
-0.222396220283546
-0.242977517906133
-0.279241892219039
-0.385177936078882
-0.179422082039289
-0.29831817448255
-0.304767322570851
-0.217958516492072
-0.358927610127371
-0.247441118426573
-0.398207178221493
-0.339810293032264
-0.221681769943518
-0.317736700174899
-0.356083930071884
-0.288396821290785
-0.117255350447713
-0.213641311927098
-0.279961373527714
-0.10152235586999
-0.137111955098048
-0.326179293719973
-0.311917648993177
-0.186192901024045
-0.337695801591422
-0.296037129669084
-0.28184553547778
-0.355056171137254
-0.258192772506725
-0.292366462865953
-0.347419388955975
-0.167991157621474
-0.375293820487255
-0.173738958298519
-0.445163596532546
-0.275548215029429
-0.280199771786974
-0.23137860047206
-0.206071847657064
-0.1327204764009
-0.258504260538989
-0.291152928593847
-0.194248711298686
-0.157905766518168
-0.2292086733288
-0.139216363169684
-0.214346875982592
-0.214236409856777
-0.0468921407125066
-0.309591741377962
-0.202152036338715
-0.155400110378225
-0.24009067392677
-0.065496319596825
-0.223128663509257
-0.264910423744449
-0.209903104587096
-0.20851934929694
-0.352119959465174
-0.200143721215471
-0.228038767995088
-0.255840938237651
-0.121342774865654
-0.217463735815772
-0.177467275826558
-0.131971489488413
-0.20088683784208
-0.174872292665933
-0.132206688140082
-0.174572615146675
-0.23398230620603
-0.228904436640169
-0.129668713776142
-0.0759522622213603
-0.0696465214588477
-0.0756819005473881
-0.248534678596155
-0.253186033770532
-0.0428492126335
-0.179754759268064
-0.240563478028403
-0.122540226322734
0.0314974786838811
-0.292231023425293
-0.19644634849953
-0.157356547536803
-0.165988238703153
-0.183045900112825
-0.337505995183074
0.0256032420777678
-0.0713798347464136
-0.0880513939071213
-0.0544491136943027
-0.17444641510682
-0.172940420272556
-0.23922713859186
-0.0433616463399859
0.0313689247113822
-0.0223525134207994
-0.15208907568825
-0.213435288740717
-0.0184396163710694
-0.082452892616374
-0.0130093138721609
-0.0725709808160956
-0.234247616295252
-0.127407837680595
-0.0861345826367469
-0.165234105374313
0.0205284298199601
-0.141913510404862
-0.0911230163023965
-0.128427101167615
-0.00801438553640018
-0.0201465319564941
-0.138231157313178
-0.0897374242826996
-0.0322771694530898
-0.154993045385483
0.00218848933866227
0.0343737815363958
-0.077493362433151
-0.106623774502241
-0.0100689114687068
-0.0547597063906133
-0.21664409698663
0.00439557605918562
-0.0629403586353401
-0.0992459544966337
0.119754680913836
0.0170604081710874
-0.0968306220478273
0.0145186402250009
0.14225760847527
-0.166364819869909
-0.0143052907299775
-0.0740439307097217
-0.0824494073002651
0.0687361267057509
-0.127136962593321
-0.181784680024879
0.0160350621908169
-0.154914594161112
-0.0300283675657174
-0.0374309045258005
-0.178041017654473
-0.0715702579730663
-0.0366386855044148
-0.0664938434541333
-0.0167118434638993
0.0872342989215992
0.0130679827408347
-0.0168909709404917
0.137814000934874
-0.0837094524975535
-0.0647529179532697
-0.0082394634864827
0.0853715316037344
-0.00535467917904897
-0.0962766314200436
-0.0116912139267931
0.0823178587038106
0.12700928226441
0.0613617234399443
0.113250931753054
-0.0124196706747021
0.00452519201719556
-0.0571209200795585
0.0690853553621406
-0.0176727754902481
-0.076978123048945
0.263334470752433
0.173089696946102
0.128195449379207
-0.0324201327841139
0.0366025140735166
0.191760789721726
0.0642810545792669
0.0224616457471995
-0.027923834226843
0.0306285145089754
0.216835178295601
0.191193200312632
0.00557245768491562
0.072187678011786
0.0621925294578401
0.124726879471249
0.0715271907299345
0.039632897678596
0.178203527947972
-0.00388064069775586
-0.00812383823351058
0.0886273929950746
0.0817983877750166
-0.109665680233289
0.0232533606927998
0.212534107222403
0.122471405025311
0.158184723729089
0.119751594845753
0.192850359743212
0.209080750975139
0.128907359719616
0.0706813284220713
-0.00216374717686531
0.131555002419205
0.0645639216957337
0.11533898841182
0.148647221048752
0.145895430133833
0.108857162399752
0.143059546936128
0.0744353446672961
0.0738988154496551
0.22260416309305
0.248479623124939
0.192826335166043
0.164679609844857
0.15283767811329
0.236696356557943
0.310333524882348
0.240829106644639
0.257955403234029
0.157816179194412
0.149054823742288
0.137313991685474
0.180929072325691
0.133270277366218
0.14849727721973
0.0993819292819804
0.161864364658596
0.0901035135639081
0.188741751249554
0.0651188812940617
0.240529406872271
0.0330575165795553
0.327776865080496
0.108559508936934
0.266487042256818
0.139979198091312
0.247456846331238
0.254956125572831
0.14924476249999
0.171561634379942
0.304820582619318
0.241431728126623
0.0734719862389973
0.254044213526607
0.149669871532534
0.250373148600426
0.312571232398046
0.274962019487085
0.317260587882716
0.259417862511575
0.136534165754844
0.222838386199273
0.320630416073948
0.224275808083362
0.446835879232804
0.181310658492994
0.18240076144615
0.17750663719463
0.200381387371737
0.12896865376078
0.363724171369421
0.24407735469503
0.243281222495366
0.171522209693515
0.30349808269301
0.246472670905605
0.134500252567855
0.168018367118456
0.353393177516704
0.203595406759815
0.205818509733336
0.170441468283059
0.38032494297291
0.412585357830264
0.327009118712177
0.381627462028165
0.282447643980559
0.200360319150871
0.297895901253466
0.470731079850797
0.179791288248791
0.21865551927632
0.237341901474293
0.242911168155314
0.157059110202635
0.223574102463761
0.2448127405529
0.288962798176579
0.351310056200067
0.190027459207751
0.258326718346344
0.29338049963533
0.259264076047062
0.371073235234042
0.437691418431335
0.253947628426759
0.408887025999527
0.247782427144003
0.417165335523604
0.22949360498049
0.417127109834874
0.317861683524098
0.343830177918717
0.115907499733314
0.453917715337007
0.376332395734386
0.344275436728122
0.316136420054506
0.243392512465403
0.277453508628791
0.290612278313792
0.317089048552288
0.373423704622553
0.177211884480319
0.308009787527508
0.26996989794866
0.34271328638046
0.300006398786382
0.217610732532796
0.356293398367891
0.472002973473808
0.317600824345386
0.376678873143243
0.337047264329983
0.297492683181813
0.394751423932499
0.436842193291807
0.493900575325107
0.279042657775646
0.422530991492871
0.462516434652663
0.379431612381997
0.403148125152297
0.416133659576729
0.43781577210095
0.37381292701912
0.453889338366275
0.49042871187141
0.477922453165403
0.294391965889469
0.457694322783064
0.532771264724819
0.430669089295001
0.382572057037573
0.380479812292081
0.470963687220548
0.648361714637512
0.465018774668497
0.509265229572062
0.338168920925715
0.216583773532864
0.351873902055428
0.35780828622638
0.505154982224705
0.316407724789234
0.430217878306544
0.263455442330475
0.431194312365326
0.436042247917917
0.405207242835022
0.530261800285009
0.465699582995151
0.633337605469571
0.55203773785163
0.492725960360677
0.609635937457434
0.610146169812489
0.408735504990677
0.606753030249664
0.423574011907777
0.425623000024746
0.446417201704083
0.347488521311565
0.407448594313028
0.544498713917609
0.669375325552357
0.704262840415677
0.375911864157761
0.49817099147233
0.419624629952059
0.590766796123792
0.468113988103571
0.508162153145414
0.411661507895096
0.318186263158108
0.452342297442727
0.410114051181368
0.505801529944354
0.563664002075539
0.523192125149958
0.514656751804479
0.41567779293654
0.634841097741069
0.458530930964731
0.459994200827198
0.406151398531844
0.493805810780217
0.448041394180256
0.342036155044884
0.581378993576849
0.556720254834341
0.49481851808949
0.563307550802612
0.5331579028508
0.455577303399745
0.425805134357789
0.514036029921537
0.686075654251037
0.604150114526865
0.481103259351547
0.418305151218378
0.584471857950838
0.490156700437987
0.628299049281356
0.575618749359069
0.527375918510565
0.603801700882529
0.602555451305741
0.562399873100593
0.539173356084397
0.690668342845057
0.487466783843098
0.474818417744146
0.591732665164091
0.632804569568897
0.487001596559662
0.591510762499158
0.568592406843458
0.33251896660716
0.652865507065472
0.472807281762254
0.351858221902014
0.776077539643784
0.632468213237768
0.600182686993272
0.556202763792873
0.483704121556536
0.641275030303194
0.525879352662971
0.679901991241169
0.615888034008789
0.60736808270216
0.637923030638326
0.69689935147905
0.637997193998883
0.597753065127643
0.637740488579631
0.582877244157015
0.666087100747289
0.766344950737938
0.568254792938036
0.491318294514874
0.52078930027434
0.744486089859292
0.653286084981885
0.718944551881603
0.499646982336516
0.647015136475592
0.525343981958877
0.632863295720788
0.544512887366588
0.595305481946624
0.658220240636154
0.726654797136415
0.63314305560357
0.741963255547911
0.660544368281061
0.610713309345541
0.576829063447445
0.549623751210091
0.70446760570481
0.849964975819317
0.704486420028608
0.741418041807564
0.602992510463295
0.745985836328923
0.769668277943088
0.560067108477205
0.664388693453434
0.620861480883143
0.60704712052293
0.638034495765281
0.750275247495684
0.640436616347119
0.627695780561971
0.675501756096209
0.539560360847334
0.623368221923286
0.739969238270193
0.552225761698337
0.848717653264881
0.644201716716024
0.70753370117393
0.586800681706634
0.769885464795235
0.665750601132096
0.713323932038494
0.810913965836792
0.69089767954853
0.761628907925659
0.70531540576407
0.686768781290251
0.757072801372983
0.826210806131323
0.88758574582938
0.626961986259903
0.700254351501477
0.780414208806681
0.84998534116043
0.725350419868792
0.664185410384473
0.634304221253554
0.744320906216321
0.709033210499074
0.652453734651583
0.682244121743722
0.716243088531724
0.81560414619128
0.706087459567942
0.738988040268046
0.829914993196411
0.860762533303005
0.755467989025974
0.735801458933478
0.685660269093225
0.713794473472459
0.610973783110438
0.736545544886247
0.613623060514965
0.768683667382326
0.653994734635177
0.877041559344148
0.911283777018691
0.786905272698349
0.88498648297103
0.773438206868524
0.806189806993981
0.786302309809075
0.74097356187814
0.689297117803566
0.721108707420549
0.708058916512483
0.700518221927208
0.666964984888026
0.653667722239229
0.831617874769375
0.69006597233244
0.777349869050033
0.740222875618262
0.759331839140263
0.725749088449964
0.742502930050857
0.80993684197092
0.858382339755553
0.807724286539882
0.804106529226168
0.72085571714572
0.861182122191168
0.904317034017316
0.992896485531116
0.817667093401888
0.825422170286526
0.872405545253462
0.747079834394792
0.940376012467624
0.796071502054112
0.833519295439852
0.904779739644899
0.951942171486585
1.01873128392986
0.827195080317173
0.811410176668315
0.797604972397223
0.715046786198824
0.770100901374191
0.919552226840781
0.951891904065123
0.914445252423822
0.966678053009507
0.745946614606471
0.924811917830569
0.902677074507627
0.719254675321522
0.760146070451825
0.924844095340271
0.820482484591091
0.890581828287073
0.952508373627308
0.899614464432665
0.936253487073959
0.873477201320075
0.894547529820396
0.898455211330909
0.938439849283309
0.86792260655078
0.983739882828757
0.86518945827204
0.866840894998563
0.980683062803594
0.775577661042398
0.954194703374241
0.911094590580869
0.734824991645704
0.724325977984896
0.911260229194508
0.841952881261977
0.896663738934316
0.831763983935759
0.923049833125659
0.917815115561552
0.986200525483297
0.909624626948253
0.951452785612043
0.923946802417004
0.813806894563642
1.06448056317414
0.964907068852455
0.942236416754412
1.08937142536477
0.893190773873278
0.911328850991957
0.977508255321873
0.983530475426928
1.00576779187521
0.85534700302936
0.960283030868134
1.03823967673033
1.05271112618513
1.03911217229345
1.16901152691452
1.08286571634696
0.940502819169402
1.07223981109776
0.89080419120485
0.948434354047891
0.975008520394658
1.07196936886837
0.943142965293511
1.18886770496846
0.921878822247982
0.995321891855105
1.0193624912514
1.09453311504115
