-0.863258455766937
-0.95548382031704
-1.04999609181979
-0.941504017711643
-0.80836931030719
-1.00088081124419
-0.914639201524051
-0.988766775069736
-0.969376172087322
-1.16297222012907
-1.02557403105922
-1.12074566717146
-1.04694419181209
-0.952426704315489
-0.869852264206877
-1.01571223700354
-0.946870368462808
-0.933841150294008
-0.938966182957943
-0.86480625664542
-0.843549628196951
-0.975166586190092
-0.898461517043423
-0.904566821344005
-0.927911667975733
-1.060553927082
-0.990586414055269
-0.876185476949749
-1.02952068238329
-0.89490602284333
-0.871062584795456
-0.880154447212654
-0.897274878571768
-1.03000575473095
-0.799082817783369
-0.937199959596206
-0.83840224834962
-0.933522410987015
-1.07804284888654
-0.801344443463396
-0.707084428166047
-0.809299521971169
-0.888206537373542
-0.916403179671056
-0.938127515111701
-0.856719136122957
-0.890417285718967
-0.874470156658205
-0.826681688503986
-0.941482430181605
-1.00170581415684
-0.925055018239904
-0.903430764547716
-0.907083176192251
-0.844269396717345
-0.953671707627581
-1.06830068243848
-0.933571692732827
-1.0591557237717
-0.980721994140168
-0.781310125799535
-0.873042673899504
-0.906630739437942
-0.894747228581717
-0.742599802918294
-0.914128377700423
-0.810694961527192
-0.851779545148137
-0.77449801264288
-0.927127139121547
-0.766957976176291
-0.838923233481549
-0.77195707557899
-0.872343000344224
-0.785901801800486
-0.827556464470368
-0.987432883302343
-0.877945835424915
-0.830027065932011
-0.821398786944249
-0.781403926520396
-0.768923997058892
-0.887169839793041
-0.729574293009038
-0.865929121497908
-0.943625782001117
-0.738499333330121
-0.853805088023067
-0.770397018340198
-0.810369817938234
-0.903099006134491
-0.628104530036254
-0.779609919252366
-1.03115639315665
-0.862011841023751
-0.618266821414244
-0.839443479007122
-0.919030054060233
-0.777093971645791
-0.784222116283604
-0.745024702686954
-0.74363608267911
-0.829259056183628
-0.876174500942935
-0.64728381175131
-0.754045494655377
-0.806355619085921
-0.846938900179654
-0.792388403711883
-0.883538523980826
-0.769763615922963
-0.760970475015559
-0.733110411849904
-0.689338096945141
-0.851446505518243
-0.730744141829058
-0.750252667891397
-0.823753324939022
-0.706658454357651
-0.841226845342477
-0.928726433840147
-0.762803040193227
-0.6754408933262
-0.617647951467248
-0.554005477249851
-0.674665702071843
-0.805392036760309
-0.755529003438605
-0.83130812985836
-0.612049030213739
-0.64132731401707
-0.702078451472968
-0.762733326008764
-0.758669492861262
-0.777186556129468
-0.768868655530813
-0.726488902891722
-0.564312308626057
-0.713057001385583
-0.602423363955021
-0.672591628524076
-0.784146963791372
-0.662087068586989
-0.908704875534502
-0.737158515606198
-0.600135528125796
-0.630041715557443
-0.681290156203345
-0.729481054425778
-0.543554447831625
-0.638112359492761
-0.708908075593549
-0.63277970440781
-0.667808450832376
-0.645731935571933
-0.756832235926207
-0.674205082974764
-0.875646306725486
-0.686758340285938
-0.861205504804093
-0.649976771340629
-0.565963877375519
-0.669757920597145
-0.759154919339672
-0.786777300936262
-0.745598002087912
-0.701503850420214
-0.681424737757173
-0.596422883622586
-0.653884854744783
-0.75681851805689
-0.698581265830229
-0.624949664987531
-0.656171482120451
-0.56362812585021
-0.471316878130869
-0.63017669089056
-0.642127202502442
-0.595079043611394
-0.667800495645031
-0.833993834886383
-0.697500866568457
-0.68855136236935
-0.8005999442699
-0.703188765217872
-0.725273397673543
-0.639580188863052
-0.649501920346515
-0.61956474911954
-0.539560165754058
-0.668982162238872
-0.629164966162754
-0.620729299376317
-0.684947070693886
-0.616097444917862
-0.609661576512648
-0.430359605702016
-0.674668814514262
-0.661069308174821
-0.642488891281437
-0.534921226208278
-0.535958961432344
-0.438504146467666
-0.597252558290491
-0.571834994088866
-0.409189406233708
-0.51594026421883
-0.497654770092937
-0.477279471830333
-0.568401984874103
-0.553378589127206
-0.463981899927863
-0.59617769256527
-0.493807564560467
-0.442258317720945
-0.5148310007139
-0.562998658895178
-0.421061347313353
-0.75097237630865
-0.469652538235213
-0.493738524319708
-0.435902573615369
-0.654449211766038
-0.640644984762132
-0.587068683193054
-0.616846810190443
-0.547920465827157
-0.536791002752579
-0.47493071212656
-0.544655396794015
-0.537468230175234
-0.609950481219467
-0.421407169478822
-0.494487667385028
-0.545576722482293
-0.5361697740804
-0.555096160264534
-0.503167542761185
-0.612988438450145
-0.487227724907113
-0.532866380807766
-0.641623749462699
-0.412308958851753
-0.668531001226476
-0.611708859385887
-0.567173264427886
-0.421761036300969
-0.47423219466164
-0.448026923785275
-0.535239754587002
-0.322769871220043
-0.46170279812907
-0.415531607060228
-0.52038349373283
-0.517405183054759
-0.501999200514813
-0.535412490682523
-0.632896580651306
-0.490691109303621
-0.47914134939753
-0.578508915178875
-0.506067331569452
-0.371740946539284
-0.52752091220634
-0.52465055556152
-0.349718316741856
-0.460484307194112
-0.400111595153335
-0.544162358100756
-0.42250281288833
-0.404709623712057
-0.524462732879006
-0.567693644265878
-0.606630357430794
-0.421588407686444
-0.399752244106534
-0.321197382758298
-0.377210778545209
-0.605899402106871
-0.346512343182498
-0.475357899130617
-0.605536059249297
-0.426738118018508
-0.445735135285932
-0.478521893038295
-0.434846197080348
-0.418995809737322
-0.453846167009076
-0.415079693267167
-0.461167043010212
-0.526696342052717
-0.429561784324022
-0.357252513255329
-0.396733408913751
-0.45781749469759
-0.315816575688182
-0.200827059276513
-0.380400435626015
-0.309737674337848
-0.462262409951505
-0.516347691154934
-0.275934309462915
-0.383866493870568
-0.403595732716782
-0.308358716395623
-0.275595054689274
-0.321794752789119
-0.364599059180762
-0.327852010840682
-0.28462130393417
-0.401174052789257
-0.240845822030821
-0.487778307802913
-0.265997514227177
-0.334454985183414
-0.43044488400939
-0.37349953147816
-0.477427096071497
-0.268574354725606
-0.288989721194306
-0.371905784042271
-0.330114172300961
-0.39231046492153
-0.293479213036523
-0.383937361626137
-0.236717720243396
-0.296386271182209
-0.343681475310336
-0.403410160876726
-0.38897309780671
-0.366957471786509
-0.286570448245608
-0.18617628368534
-0.395623884286064
-0.427686984549379
-0.180616384385135
-0.239567520511101
-0.340402187256067
-0.31655289245626
-0.230994828516882
-0.309939734840723
-0.293467071166041
-0.214726053036998
-0.303931025933517
-0.432133288831777
-0.322720991103691
-0.29767182141074
-0.238556417781112
-0.296245394720722
-0.366286025376334
-0.303710162943713
-0.342498093223951
-0.331535896657796
-0.212532331952435
-0.438740077346412
-0.213930379483497
-0.15592796576158
-0.319585241862816
-0.245861887674605
-0.328310555804701
-0.281244420114134
-0.332204750971832
-0.255735721174011
-0.148309044954692
-0.282557187136648
-0.490895746730741
-0.405840393567981
-0.281973632356184
-0.161763982200986
-0.318759933609648
-0.149099879420722
-0.30444033638514
-0.379343927512495
-0.291827339111626
-0.246536828774603
-0.362620551846999
-0.149720750590081
-0.337668798582163
-0.266470820431803
-0.384333296989024
-0.236643265319992
-0.258621742374934
-0.333188320325597
-0.289712072926042
-0.136274099387224
-0.228980086017641
-0.27856973718949
-0.201832675103101
-0.299989521186201
-0.251396903131642
-0.244619388997927
-0.141571988951455
-0.104422634862435
-0.117459251466608
-0.260099479463923
-0.315155121414408
-0.316562661168295
-0.222884217004543
-0.143914586462115
-0.19910870089759
-0.149958174945639
-0.257588495884832
-0.141025244257327
-0.123145388582616
-0.227503588144458
-0.119673172286571
-0.0924527173773045
-0.185305646814122
-0.329370598619902
-0.101087927473774
-0.106073002415884
-0.12710483500451
-0.255632604707591
-0.335157509147432
-0.0582059119452235
-0.131043486865374
-0.233549522946531
-0.0246358306850034
-0.328626640718057
-0.109988127561814
-0.0256124761600596
-0.214455471482245
-0.150303445504594
-0.0891031976707444
-0.19793938651659
-0.11988254569006
-0.099368825837878
-0.205584215256534
0.0384434506698133
-0.205145789548849
-0.20401257669673
-0.0034160047287713
-0.20670408847731
-0.176748414542166
-0.172624390893562
-0.0789909911776922
-0.0431620350449355
-0.137502239193068
-0.203766423749647
-0.121300551528396
-0.159370359671486
-0.0613976514366735
-0.0934012289172298
0.0234358243164362
0.0202858359565634
-0.214529728183287
-0.0490777697952701
-0.186407041381223
-0.203862122444586
-0.0808785754191388
-0.27986286076034
-0.0525284590120425
-0.0436000931175979
-0.159118512936807
-0.161528608381675
-0.0192465997343853
-0.00654765339475133
-0.127171237816428
-0.0627836682742784
-0.147982563920345
0.0150824183815182
-0.000836095997757727
-0.102940313675788
-0.0486215592977185
-0.15499759307845
-0.0677883002919098
-0.0697454409916029
-0.0655486081324847
0.158320091494036
-0.090867463123712
-0.0729242536619378
-0.101843702843511
-0.124735203858542
-0.0235014413634848
0.0234485032809185
-0.136456293984357
-0.0610928468396999
0.0633346954359881
-0.132582866086078
-0.0329084629309267
-0.114612105474681
-0.0409712034824336
0.00532251235672349
-0.207101316195218
-0.100993152995268
-0.0957134757783445
0.0184429640193591
0.0337359070944356
-0.00811055307662718
-0.0921940011466136
-0.0398310472111705
0.140560322547797
0.0251364006258595
-0.103067840137473
-0.00872349386149442
-0.0399923787950001
-0.116394357364064
-0.00100750206382903
-0.13783487362474
-0.0818402254174339
0.0650575224223159
-0.0442252284934374
0.0303842608751748
-0.0621104877656257
-0.0149804539690745
-0.0390264293897533
0.150715153798526
0.0446481676249001
-0.0827936575687795
0.0911646077111963
0.123190040834507
0.107914154579542
0.0688508897546559
-0.0079999402293345
0.209077205541242
0.0386146618634793
-0.0262770192109221
0.00739511248210921
0.0843182164031895
0.134010975192634
-0.124629918245082
0.0922001985098584
0.0311052943428698
0.0326033861873709
0.0534453588523711
0.0478110036965502
-0.0694473687951183
0.0760654603120452
0.121318710409615
0.0923378229965177
0.0169766321402651
0.168092692684614
0.157250893180842
-0.0460675926183273
-0.0234950889127049
0.0317150631906208
0.283525342203302
0.123635943472492
0.00225976694995287
0.0476822213665924
0.122653692188929
0.120469046599011
0.133059508033329
0.0593304338724469
0.0758790088223135
0.00162403011594304
-0.0343855133360812
-0.0466357833470732
0.00880911993929969
-0.000696272945162263
0.134534684491096
0.133835746115442
0.138446062215656
0.201362179513798
0.209535290902536
0.139258765334517
0.12254058991375
0.186300230701204
0.357090600649291
0.0567989982368945
0.154774383249785
0.195207924636277
0.302028915406307
0.0935822132449454
0.274791917050337
0.112045666074177
0.176964227394637
0.28320931602049
0.121103073674016
-0.0265242467452574
0.211871125246256
0.256253467245107
0.206487005522152
0.0647393974641963
0.211193718346961
0.107497003929391
0.00626162808084498
0.080308701849089
0.187151962290734
0.0955974498093567
0.0576514509683049
0.174361754440922
0.11042871044267
0.285450728751832
0.114778707246122
0.0379851319783475
0.106416447602118
0.136516572972184
0.0804207997681148
0.301941978932071
0.0423182599862324
0.185854042107571
0.199902356015277
0.164505617624285
0.267834609036262
0.338597348095151
0.209034809569412
0.13906092165408
0.195922155022312
0.177150180695819
0.30539575383073
0.164648606691238
0.274836638323532
0.215033578785075
0.131504023610012
0.177597443801373
0.228156339393746
0.253020682238557
0.00984700157735087
0.280787094102541
0.220335673797192
0.210223625222754
0.0655821542592914
0.156567519124213
0.145509662471372
0.126245320975661
-0.0330894059848657
0.429913323202125
0.0742371577371856
0.240708559298546
0.29440909718656
0.285523811531013
0.18922512919645
0.222459863966469
0.237689136723388
0.210936435109923
0.259913834772879
0.134684095457295
0.282288641203968
0.253078115429318
0.23842507008581
0.206746632321221
0.302182939318009
0.247886774600005
0.272025517177276
0.124766511999919
0.256789131771322
0.209763054717351
0.272913823591612
0.327222291272155
0.228132909689436
0.314254951279632
0.121401507993686
0.357031960115191
0.359688250375028
0.325433130349797
0.248375806208008
0.304198490141055
0.43743070128593
0.272820513720322
0.27910789598286
0.440372052513969
0.233017528735369
0.315652983327802
0.35043249202309
0.32119246718409
0.369347313108702
0.241544453841629
0.375187300388552
0.20904852479327
0.464292283171926
0.479454120482662
0.39214198440238
0.415444713907362
0.412654055317534
0.421141311788951
0.376452511194883
0.332527499750745
0.372818367395736
0.271204629384742
0.460369100189331
0.301355488752568
0.325172003403568
0.122556862933053
0.300229925784253
0.233304469121997
0.342807829881755
0.369557395179909
0.381819952614399
0.352124351615077
0.365653327023919
0.324364735676817
0.34706810497775
0.402629745624841
0.4290276185668
0.460266734526816
0.0964796984778817
0.236175873512764
0.409981216720316
0.528719694153034
0.437878049396907
0.363664965285789
0.301405647519424
0.273691350181846
0.235739030034349
0.475753747400398
0.350443583009065
0.572260594210368
0.478056897504764
0.332155909694472
0.464299844477434
0.356251400408585
0.376026116594365
0.379178814041031
0.432558766165318
0.242157727912311
0.338401167928757
0.425814244694283
0.462126275686708
0.45724431332553
0.448062902755781
0.405456153152145
0.509580840150281
0.410252731131569
0.402840968476797
0.511775989362787
0.466759128027798
0.569675873557703
0.534893824478292
0.383615390933797
0.580805642712057
0.353753153594922
0.641704580275243
0.517514569762536
0.532237086845797
0.419866080465797
0.46641082231886
0.431942902171578
0.397085326717542
0.599293774111004
0.484089906450262
0.293546727733312
0.367215198906142
0.303811410307452
0.395016029523946
0.473465945363576
0.474131593850812
0.448258166630906
0.479126704044499
0.345625894105561
0.533690476255979
0.453264172841529
0.526005299157523
0.344059028267885
0.386696317643685
0.54143316981923
0.515730467354956
0.436311981636482
0.399358778552352
0.474282431581732
0.518381957138962
0.542805914723899
0.54673776325865
0.393533068294816
0.451423213076734
0.517114255240682
0.577838080116258
0.498013867830961
0.525410884128015
0.627002550581378
0.397451878772067
0.592641729906226
0.577819316522111
0.440782070459707
0.576571490154685
0.681452238170375
0.461631986490903
0.514620661885567
0.40433087790044
0.545140315035784
0.557227142705976
0.636058567999785
0.514733928707016
0.658954775202989
0.520382645747712
0.412930458694087
0.545602612369163
0.521220050169246
0.585658729677594
0.518306514737351
0.561733189288936
0.665136020741544
0.524131271197826
0.524985385838415
0.55140648986522
0.670060730513419
0.618951724657061
0.575754408180594
0.603802529994535
0.568684133405397
0.586364565745384
0.557614239608748
0.532327241238062
0.595885246842539
0.707886014882173
0.538414055318396
0.683882399197626
0.499622678238308
0.577736451930574
0.503053659362672
0.648011607651268
0.613318971246991
0.435272512035682
0.762767327211074
0.786557963826039
0.778833120103706
0.635964511074778
0.564716820096818
0.691256841951131
0.717888928235757
0.497427998284451
0.651317725224596
0.636942457156481
0.692731827952526
0.712337347430719
0.526037167742364
0.668200196175903
0.549824635205622
0.629259791621834
0.716038158407278
0.649160877888153
0.740463228986369
0.54170213592378
0.57906788210757
0.706195944763875
0.54525162237346
0.640935715674634
0.74224596366173
0.655662180302986
0.595184395627561
0.749648441045292
0.778338970527226
0.750957453147988
0.677362450142922
0.71110789909464
0.741101058508022
0.516018904710798
0.816262393872296
0.624815521822186
0.810330992187425
0.632942668914455
0.782261517856183
0.614244909385436
0.659329009038936
0.677914898318609
0.653321352812602
0.689572020235705
0.683445673764562
0.835906746166567
0.692969319707862
0.628343073044614
0.668061827645117
0.759490983881248
0.615543748307494
0.616862273652463
0.890444450357064
0.68926437600573
0.705752205867465
0.758959387311737
0.845218430693037
0.580986327963137
0.633704190920395
0.580823783809124
0.862537345710198
0.601701781286052
0.697990340443155
0.636413711916676
0.767067086962045
0.753909974775087
0.862120677268146
0.648532967079066
0.692576178053502
0.743475667432532
0.880903357862674
0.76940963848677
0.697047205740709
0.767521592016344
0.81716953009946
0.675756675945918
0.667420097536933
0.780194301717897
0.744705564233965
0.733830563317947
0.746152047116843
0.797297495559658
0.836734751466234
0.79967092950995
0.640238358230109
0.671663384278913
0.712927095238812
0.670683339810277
0.737976280200946
0.8558699071579
0.684091973888835
0.956165580862955
0.727526164131308
0.711108640994683
0.838944824155457
0.786285627693043
0.759656498803759
0.852762609344249
0.73060728828041
0.918319722114324
0.847657990787079
0.753731754479879
0.806108421117284
0.872648180170677
0.729696937162781
0.945252238976575
0.797634849110096
0.935187980972535
0.822471969568716
0.786844569719395
0.783927835125822
0.686037731988308
0.801759599924167
0.776514818126979
0.822056124979754
0.760086653125803
0.928238651744537
0.997483740582125
0.879346129911486
0.811330752789261
0.891580962923363
0.827776711751314
0.813487136985147
0.75990735607632
0.761401956247786
1.05103149114188
0.841071831688158
0.745033929935632
0.950602474983068
0.901185318753655
0.914202780128304
0.841343898497355
0.931219847213585
0.907205061008027
0.895696620555177
0.817751638602832
0.730803263443857
0.908951591620447
0.961214385965318
0.997628231942058
0.960595648686033
0.850685776122329
0.831654923482133
1.00718492658955
0.842334282515895
0.900560859713569
0.806541990453573
0.919287283834309
0.689669517460405
0.798692981060536
0.931317781223501
0.842667284397909
0.904150667359627
0.790414636899544
0.941860170342255
0.975450895393407
0.934063708365862
0.921504945552481
1.02940899581641
0.90865468790182
0.81893432247646
0.996762490010919
1.06559936034095
1.01900822775447
0.825307344857264
1.00872146121692
0.977512698373596
0.818909249968463
0.792833143777366
1.0400099944288
0.934886900496564
0.937651337031045
0.963898013974899
1.07497417565145
0.88426836751643
1.11533750746194
0.807324178128328
0.988645188976274
1.01146889804227
0.967564452826589
1.14120224911265
0.837952990029396
0.92585438153016
1.04197002891896
1.02691538580855
0.914064905150835
0.978994136342763
0.958542388000518
0.948476659553792
0.979606912670095
0.894490181397537
0.921327548541746
1.04487334651053
0.934289716549178
0.955444912269534
1.10250803725395
0.999811831117754
