-1.00616690017787
-0.905231814107659
-0.973352263351884
-0.935748763367215
-1.01355783613017
-1.08954792934414
-0.970123187378807
-0.807635600736588
-0.906745316228423
-0.968012111904575
-0.999480238906656
-1.0313328233803
-0.985209646405097
-1.06004611942017
-1.05429301299894
-0.980143649648105
-1.00833200581397
-1.1724662233892
-0.992156112508966
-0.994844390542568
-1.00743137202449
-0.943601870062571
-0.85954451254057
-0.938025440725548
-0.813738251715211
-0.956929205238883
-0.890921785062347
-1.0519225520229
-0.954391966416459
-0.753295113417785
-0.891336040108927
-0.865978059074131
-1.17508602637342
-0.871188964045904
-1.06580435115759
-1.0592468491634
-0.809687728290835
-1.06774616254199
-0.96109091151564
-0.819694217220091
-0.961418541251348
-0.855197026680551
-0.710107828630319
-0.734256144546509
-1.03869733929461
-0.868968410357102
-0.975956352020655
-0.999191489326954
-1.08532325192779
-0.788375852157603
-1.11279933357832
-0.988972229853901
-0.940352512224278
-0.71593328040328
-0.938126611231269
-0.797636874824515
-1.02242433905295
-1.01068141626915
-0.760596530081097
-0.935586794982154
-0.782297277638731
-0.992728874235591
-0.842121945646513
-0.858741255451145
-0.838923958172564
-0.822539431002031
-0.825003096480458
-0.924087711386701
-0.856965421668836
-0.797907579277635
-0.916354095021286
-0.824488217789108
-0.937990637699124
-0.685472261937912
-0.765131427155374
-0.716377846736731
-0.846288003693636
-0.753399361556726
-0.822472474563132
-0.807457088245611
-0.861380880779228
-0.771533320718885
-0.890083390102457
-0.740534374422488
-0.778076024431999
-0.680230048589161
-0.740086758164152
-1.00432629161488
-0.862148271357079
-1.00791518139594
-0.845301307155335
-0.803104360776156
-0.9212354983438
-0.791699112970913
-0.830080107385098
-0.677048752127478
-0.792010090811531
-0.920865138587323
-0.722745960158926
-0.813263372792527
-0.794321835587722
-0.825093715810815
-0.842531140854642
-0.818633603674543
-0.823233434873632
-0.835754264488826
-0.809883647043407
-0.959105467086188
-0.750443683165478
-0.764272919153233
-0.773215017193791
-0.824394869497123
-0.702344621171674
-0.833170355320757
-0.758520642321797
-0.66415154530759
-0.792854727345707
-0.603843453132331
-0.778929896692908
-0.681764391272511
-0.767314861682801
-0.826521989578004
-0.710431457173463
-0.863338153406344
-0.647067399539823
-0.638541338280862
-0.795761428716931
-0.750090844389062
-0.861284648950436
-0.672594007363791
-0.557924582122659
-0.755240585499035
-0.663970264934485
-0.896609802159443
-0.487690337013164
-0.741742132852344
-0.769661975418698
-0.79031414603026
-0.6666187099759
-0.634206484597369
-0.570512493525433
-0.584483426070419
-0.681068535365392
-0.642025705072154
-0.803293647445557
-0.796435674835011
-0.767976165204685
-0.693893001625026
-0.665749758366774
-0.847251984752717
-0.707762366567754
-0.732687280009005
-0.70585081812097
-0.787709213507216
-0.644558072890419
-0.620325797335879
-0.773613858604754
-0.618559753242754
-0.668241491960202
-0.713753751791257
-0.637788371876184
-0.652537075475702
-0.762426723233227
-0.724221724648173
-0.589062883229677
-0.612607237964665
-0.845028481657441
-0.521411867887107
-0.717573889190495
-0.634901701802245
-0.664888189235429
-0.684034001716521
-0.600482597409969
-0.65949099111748
-0.571827919515218
-0.672545426392675
-0.645689457166395
-0.500024598954363
-0.776769469549896
-0.627969157122237
-0.686992293450022
-0.598870726028367
-0.648336059372712
-0.54302843818797
-0.600940841656849
-0.555562296965553
-0.667413152882508
-0.507519418334769
-0.656243700687569
-0.595961778387558
-0.514270665724032
-0.688801750944173
-0.661445324283297
-0.626708543758506
-0.604763725646895
-0.723328391417063
-0.562192450207796
-0.623893842795907
-0.665285317165809
-0.708542387877714
-0.476665342784348
-0.568358080132361
-0.720808094963308
-0.610300889113167
-0.702093730023693
-0.64007662100098
-0.755879233542202
-0.647423034982587
-0.570447921822324
-0.506765117021818
-0.656214367797586
-0.529444682647814
-0.575334102124956
-0.53825120713905
-0.562689721289706
-0.555829945686059
-0.571794270173358
-0.636055246373085
-0.60039720066286
-0.684896049490307
-0.529420810924821
-0.570786707262426
-0.583811815657578
-0.591976015341762
-0.447742310261708
-0.474781199675721
-0.640340220435779
-0.540952118797325
-0.585161202444898
-0.519051528987722
-0.350955081266019
-0.520000204128517
-0.385443049172192
-0.611147135668803
-0.436342280506857
-0.648966555666032
-0.516372813651103
-0.500903959670153
-0.549794152765323
-0.586667845779544
-0.470788916131723
-0.55108647105736
-0.636545561575506
-0.616481832772687
-0.430114811155471
-0.438547019166323
-0.437397566372985
-0.563144954916246
-0.417853514645174
-0.45288063763406
-0.524570563800792
-0.524020318307592
-0.414071000528805
-0.579147485508184
-0.6314444079429
-0.521207482602336
-0.464583017107466
-0.431534777657003
-0.463298701808332
-0.356220650845087
-0.444944219653501
-0.610647108208345
-0.359658961213521
-0.565889939502206
-0.578129276193946
-0.477441312243904
-0.42899856191491
-0.277276266804902
-0.344701941623288
-0.285012183417374
-0.378419700696373
-0.434681101323579
-0.47224063347764
-0.530127738570973
-0.380883317137473
-0.48713425134824
-0.532293031955535
-0.445593936743555
-0.45419270577112
-0.451730240657262
-0.495984140070191
-0.397928675393735
-0.528260528282022
-0.278614281354462
-0.373214362875046
-0.382735661019813
-0.456102665979676
-0.451602794618645
-0.485809550399598
-0.306542802293925
-0.424382903268885
-0.486054629581719
-0.47720846236064
-0.398223248122015
-0.494724386227292
-0.291836477709902
-0.457640959988647
-0.459157245364441
-0.625141913478183
-0.41927235838881
-0.441002084673718
-0.389175443469132
-0.275751307120382
-0.314347404017483
-0.359087583209758
-0.349789685213422
-0.305032348854698
-0.272060288232845
-0.335137481666171
-0.337945069901688
-0.507288750608081
-0.43389922451448
-0.137125471999293
-0.518237705742898
-0.321708914796102
-0.371387721548003
-0.418394390894357
-0.441581432707663
-0.436219434121944
-0.360162837465872
-0.3538037161469
-0.326775952399089
-0.252231560206282
-0.354785873231607
-0.335571578995249
-0.281496856807026
-0.117761181648461
-0.289548001910982
-0.354302960626674
-0.155085169931651
-0.49873210491567
-0.399877428326083
-0.306766884035369
-0.278007261876184
-0.309027237388534
-0.217705992660301
-0.425310249163131
-0.291149554577892
-0.320723249145123
-0.358324557917016
-0.322405040696174
-0.209474210720692
-0.28844276188529
-0.446605543606892
-0.201853442408496
-0.178841736316667
-0.219764713459069
-0.206351647729449
-0.340469464501716
-0.290939140322299
-0.184078754684664
-0.39410556331765
-0.21228071499756
-0.329592213722369
-0.318183660724589
-0.288091762761032
-0.242519655950707
-0.288060326585569
-0.249591675919685
-0.31703771323839
-0.381071418352542
-0.332416349241451
-0.330255977031162
-0.222752848480785
-0.178672762415197
-0.209671668371354
-0.339812021550554
-0.263199932485196
-0.213982869245637
-0.165152462483071
-0.307078160653936
-0.23232009144486
-0.465725055857002
-0.203019353627961
-0.316961615919698
-0.301608188327476
-0.189011076606925
-0.298504947386698
-0.216472699070239
-0.265199212705878
-0.359034099938865
-0.26608921824918
-0.267999685290287
-0.348232417556939
-0.277119149286866
-0.27598985330267
-0.372975654662845
-0.203379617094036
-0.0782675509097349
-0.203013671249871
-0.188068511814059
-0.30955591953419
-0.0826767735517469
-0.130878711612095
-0.286321903110601
-0.312316034397835
-0.131626597105232
-0.232229438126817
-0.374990046703015
-0.121330750531411
-0.188762555527565
-0.225997717046989
-0.212661379442366
-0.247206553458214
-0.28663866077729
-0.117361824020751
-0.0642664079830898
-0.325239072024668
-0.09858486790294
-0.142638916357567
-0.135860626143115
-0.206004019320272
-0.152724501829138
-0.237340110766153
-0.240466341598712
-0.0694272175871335
-0.23560608321424
-0.324113348541001
-0.21513350128419
-0.162168625054629
-0.054340621964867
-0.229276163335629
-0.189789845018956
-0.190933307892459
-0.262700486914757
-0.180026647689591
-0.22740674699623
-0.190082634112211
-0.114526729348325
-0.0540339448408848
-0.147121794358652
-0.143571394372376
-0.229160978473547
-0.113458681627461
-0.0287619720244903
-0.147563075808422
-0.129469167442367
-0.397785722580465
-0.0832329178600998
-0.198095364585393
-0.0560504814450902
-0.154405489821589
0.0194623674969542
-0.116719744007044
-0.0739077621793885
-0.162160068231736
-0.129956573168067
-0.171839367940223
-0.0877365877825335
-0.0448821830491607
-0.260546844612721
-0.137086367665734
0.071936611819631
-0.0695863044325365
-0.0579312869343163
-0.104471723829044
-0.0801259045139801
-0.0493743735858089
0.0280463031143649
-0.00986587210310495
-0.0732352761811722
-0.112063406907995
-0.056297314349851
-0.00334634916040785
-0.11020910984281
-0.117154036783505
0.0805939454031409
-0.169837314904606
-0.0209745783760365
-0.0127859006454593
-0.0921175432025369
-0.135544751499218
0.0099129444678285
0.0390485054295257
-0.0525862700980579
-0.156113294658577
-0.29356263382984
-0.0625747670263442
0.0709209347063728
0.00237304392470079
-0.0152147542519477
0.0332451960729237
-0.132140163098174
-0.0680269037655206
0.0581774191995981
-0.150544766976061
-0.121936405154458
0.0981952800026476
-0.234305690548427
0.0600585377874089
0.0426092423678735
0.105158036761369
-0.104991151786388
-0.0613006208643259
-0.052956511949278
0.0853068307935543
0.0122645334355308
0.0359295731984301
-0.199185374764955
-0.099704749158772
-0.0491173450115807
-0.120717214907758
0.0393641318776937
0.025305955711703
0.0627751661362544
0.0730479165847092
0.00217382034623809
0.0823943032041912
-0.173234899474948
0.0201649307602915
-0.103422306845589
0.0700282552973275
-0.0647080204367286
0.0775616056770424
0.0497039292899813
-0.0444557450303944
-0.071618930388845
0.10677668757194
0.0504885720755095
-0.0450726481161314
0.037263554909276
0.158691842149935
-0.090783359692562
0.0809470152526491
-0.0200598499971527
0.0764387738580345
-0.0782036537693799
-0.108714537366798
0.0591528583372415
0.0950758535111784
-0.0364124655661187
-0.0966914167603928
0.161485648786556
-0.0169783595523201
0.0850370254811183
0.0187239948557971
0.245080212420233
0.0892819539527136
0.0313283090555019
0.0260243330897439
0.164170660785749
0.0313853247289779
0.0730699270375812
-0.0224198037042677
0.0267437688345135
0.068023010130792
0.0788549954998369
0.0809394708811432
0.100209730627191
0.206692536778848
0.0851918826869476
-0.00466228552815303
-0.074398894873731
0.0248701268465714
0.147494935105201
0.0654640666041831
-0.0399099423445273
0.175398982213706
0.19083903059069
0.0432124747606677
0.1148830469281
0.0733394556618425
0.185007593837388
0.280451415040008
-0.0308510978302368
0.241222038486957
0.154974934362707
-0.0838889796067291
0.151519355070266
0.142405227809393
0.0996242108675151
0.169517788889288
0.225610694988275
0.0747101855375075
0.0408425696205152
0.0793292544001995
0.321768861276857
0.264907419856252
0.150885429634968
0.178907855869296
-0.0452798185457007
0.27242409343107
0.229334441878524
0.0709955676636759
0.10655615049675
0.0984832038370622
0.169359674603353
0.206629115743509
0.210947443669351
0.0478325480323396
0.125235630307785
0.272307861814135
0.147052994344487
0.232447376350762
0.0630795543875078
0.19354508561022
0.278343556246613
0.259537508580357
0.160143888427005
0.294613190849404
0.113085374925983
0.329840544435505
0.165368031032115
0.34249122170342
0.19478876611532
0.0357856756970832
0.174597746573081
0.286415117456317
0.274746230956261
0.324264060626363
0.163626669210443
0.184016309983629
0.362582253038044
0.31960094126077
0.302482340349692
0.152024735052361
0.0993629571853739
0.283368960337208
0.279724746729727
0.0265844005388863
0.230174322725455
0.257426067091891
0.186070320947865
0.290004928068854
0.194376897183645
0.278178659235045
0.119014601231857
0.283867095308898
0.187638411669214
0.385647796067785
0.394514860445886
0.260270830895902
0.106852279443651
0.254100642246355
0.267272683730089
0.351253369483928
0.128685630278283
0.445355138996257
0.299672514591171
0.242129665007961
0.160123906113434
0.309384178161795
0.261013279265382
0.280949582453362
0.164059958660757
0.246504485671131
0.267449890631021
0.36022868663586
0.235056533848743
0.311469352068032
0.406617714841676
0.279988962967965
0.420957300676404
0.443659324749709
0.328794146272721
0.347093750480567
0.298488826555473
0.336895657131941
0.414965452429899
0.247265863978542
0.319241778703237
0.307919707612301
0.370840983588863
0.378479164668038
0.539130160931251
0.414848886146718
0.344575905700608
0.321989644165856
0.296322530630877
0.470173867191531
0.301438899284065
0.402027422243793
0.328598350143094
0.444931150032191
0.226848429290949
0.411580765825748
0.221108875781362
0.263256653023243
0.270234136867108
0.302775041504453
0.447506019705488
0.22431586578128
0.34733912447496
0.30387794077592
0.360597192361314
0.489926435572318
0.450220899872936
0.359440897579928
0.369830776336753
0.43765731235056
0.272679478324976
0.410636166640738
0.316249258467284
0.310784362270848
0.420072023426592
0.440979168857537
0.342978536546764
0.480129760487223
0.475561617628728
0.258014745759067
0.429780318639198
0.502559531450489
0.452281061123581
0.41539077425314
0.360213143159252
0.378246620051082
0.368399196409309
0.381579457543577
0.250152229884097
0.453518934623656
0.561450340253742
0.363524865503663
0.443369657634424
0.563373803191807
0.499022794809105
0.452236289588395
0.350991460778255
0.537579244168046
0.32987279959825
0.440449256328669
0.456392320985729
0.326918702680534
0.475246719308579
0.35674148970628
0.47367343420171
0.363681149211154
0.543897996598085
0.517905192757736
0.348740768039064
0.434639130535576
0.495913777157541
0.47364096554156
0.487208213023356
0.541634116497188
0.386330909253158
0.450190698110298
0.454560424354697
0.6020389831835
0.304139368120187
0.489056884649441
0.403277009844728
0.621636412366266
0.603076149815267
0.399820401524043
0.693290291725974
0.492607351980277
0.543584204065221
0.573566867673659
0.412825004984585
0.48253229849364
0.426553677365651
0.499799859624484
0.484520722225106
0.457955242828681
0.516153784005834
0.40694928077499
0.518879197113003
0.534837521040954
0.390155418212971
0.522379817816922
0.568495288847547
0.5172621495363
0.556092435311772
0.495562772943943
0.499214767042256
0.491250491049531
0.62317789366419
0.554535739541941
0.63003393531319
0.464363371868642
0.436345500469615
0.537479970980878
0.520832726127767
0.529563346818816
0.510620832028155
0.540889073667721
0.502001553692878
0.523612354585647
0.601059700471618
0.568214057788218
0.536848290575308
0.4823309468429
0.556601852282687
0.455436266213929
0.565504425531642
0.479901099939929
0.550733408932009
0.689961995698197
0.516765855318563
0.622831028044393
0.538419319755373
0.544608257532378
0.572365654872067
0.676323707639617
0.513709058604287
0.500229576234762
0.575459564786927
0.615215624774779
0.495503733781302
0.599782631118315
0.536240522221576
0.653361701849857
0.587303312091578
0.61192623929154
0.569073613872222
0.70945721569491
0.573396258055607
0.548321961584491
0.481454929716387
0.705838526008976
0.662574729041063
0.5678395644265
0.682404341583702
0.772618056982954
0.648031105933676
0.616238780717418
0.643359073487069
0.660046162078704
0.533885010151948
0.584827268120451
0.61496132356106
0.71050208092457
0.580358266447671
0.726470217799699
0.629171028105621
0.508544588008022
0.754116122203238
0.699958006820183
0.738039850194079
0.709897754824375
0.557389246486433
0.59619958929639
0.663820551207048
0.785779387641587
0.594420006236098
0.639164558053404
0.674068574935531
0.860253159919039
0.634420510029524
0.710221226362028
0.725667694128559
0.759606632363673
0.627883392608976
0.77790197526317
0.652807905211261
0.830452298553773
0.658993127023695
0.840604733795536
0.701644449713498
0.617503835336162
0.725118492903113
0.672842103868396
0.808208661937821
0.671762819400529
0.757242413522443
0.987699738648241
0.82142125315769
0.584313815495033
0.69692932072298
0.796520471727849
0.632611650240801
0.612334468449047
0.644319677656808
0.914718928268762
0.74517279413371
0.707338480016719
0.627462390709538
0.831656370895192
0.716041653014737
0.701215771458852
0.711024850717234
0.768315380672914
0.699775869124468
0.734396947359718
0.785844691901174
0.656482462183411
0.831361317148554
0.748137180579508
0.971168640936595
0.714660431139454
0.620663746607475
0.819780316758015
0.751780213694614
0.690265852561639
0.844928853189459
0.872818644633663
0.755992686286501
0.571189992937606
0.859898751037885
0.725008752157842
0.770804588641448
0.730088434447763
0.880743768996939
0.704467564419479
0.832153438822201
0.8252486949001
0.740232458536284
0.838408161525486
0.637965258715764
0.899947186613784
0.867018725141637
0.736901182800944
0.734978836592972
0.799520571036182
0.750046848744942
0.638219838121977
0.803470413289625
0.852814251928959
0.796742225357403
0.845678094638165
0.882417409692921
0.86665911057346
0.86921231980156
0.85265186098871
0.827136567620136
0.67744857348012
0.810134811152364
0.881382149884577
0.900250263862154
0.819114975422269
0.900213933985423
0.975545383989222
0.800606168690058
0.831854669098771
0.885782476324271
1.00125859669684
0.774362269448255
0.823769105539667
0.795381042838701
0.821440798218109
0.855029038660491
0.714473800109296
0.828235656902935
0.865715719602818
0.822654890398556
0.674632005460078
0.782530857338985
0.817169145852641
0.82560599163919
0.77362550344683
1.02652972263036
1.0259363437823
0.918957369055678
0.863949155880308
0.757669569955298
1.02728888718205
0.794727587786142
0.990144497700747
0.916533022363016
0.763649051686908
0.968839460736279
0.881734795921026
0.820813530176626
1.12523235813172
0.723872583187099
0.850281212486842
0.891728047754299
0.902350708842887
0.905532018790857
0.884712942527392
0.963546816904727
1.00190160956711
0.936602938520995
0.790094735053266
0.93635449373053
0.833993555930331
0.780483106309213
0.976900764368489
0.878782920303122
1.08840121122611
1.03500102788875
1.04174065628043
0.962169483299349
0.8218111607998
0.928920490309945
0.932905351710211
1.06429496025879
0.783403146800677
0.907892721374216
0.924177363443354
0.89213541590561
0.877450658828291
0.902914113491457
1.05104856907135
0.978875907766251
0.925983130397419
1.02213253351496
0.973853644794447
0.851667391123742
0.948859945656918
1.04093148582534
0.900646575930511
0.976242276091287
0.913596905910738
1.04676011640518
1.06233318694408
1.03832238524177
0.969099734477129
0.952378053377965
1.22900767004827
