-1.07915394912666
-1.04043065138228
-0.828444138022401
-0.931295407027578
-1.23124090364588
-1.02660769064389
-1.04307577657519
-1.12000969190894
-1.15501648439846
-1.04386404370788
-1.15959639396476
-0.885887820767737
-0.987445601611261
-0.910429744844722
-0.999011462674332
-1.02485812386586
-1.07948620385365
-1.08857259617259
-0.91569440278494
-1.00785522448618
-1.11282429768841
-0.915510653006542
-0.826305751695745
-0.923733079703241
-0.927663014000966
-0.961024317189969
-0.925728559153645
-0.946288329887221
-0.948929631801732
-0.869248840659509
-0.837297475406526
-1.12344257276639
-0.834073712280985
-0.82517990671104
-0.859516507738706
-0.999952338106558
-0.786092751695382
-1.07876612875546
-0.923748736667102
-0.750363014860538
-0.846196715103749
-0.83107952159807
-0.911778854990435
-0.809216081768437
-0.809144223054775
-0.98123492693708
-0.804142128377807
-0.888753022966486
-0.87245808403003
-0.853487989389603
-0.918711286189554
-0.930458901110672
-0.934909302976198
-0.924158100353734
-0.881310836504261
-0.940938823013403
-0.913553039291783
-0.864886901080801
-0.92939294830572
-0.996980118628619
-0.991256516263092
-0.833717733199332
-0.826924538922383
-0.914365035873822
-0.86614682269543
-0.761981327527426
-0.824465679952533
-0.859064852878442
-0.834594259097502
-0.859560037304654
-0.861581728436452
-0.924059912578603
-0.716434314207101
-0.769834312552384
-0.847472525237965
-0.839351287462554
-0.763393717317815
-0.956972363298413
-0.84491678166885
-0.822958217220466
-0.861468840939134
-0.915056536562325
-0.822509831588207
-0.859318637698283
-0.803733883335015
-0.763067610984488
-0.786864463336803
-0.971442209723108
-0.939065863821468
-0.87685093355078
-0.800045673993339
-0.879573998919135
-0.89799351112699
-0.765844927658264
-0.904112313656541
-0.894877390040389
-0.791277068652997
-0.946121285061255
-0.752067830061503
-0.749254127317826
-0.661806056469024
-0.9610534636648
-0.581976070271885
-0.809668799268841
-0.818850672283217
-0.764772050910774
-0.616669849891832
-0.747766228980818
-0.687393852159829
-0.59055490811298
-0.816462101186485
-0.699252357163357
-0.73393372544996
-0.736494784639467
-0.834294974333019
-0.704434308619294
-0.769325002027822
-0.7289185463557
-0.802394937268339
-0.694986282339886
-0.688232423557417
-0.71714939784132
-0.78005003699184
-0.845627128879109
-0.57843222094424
-0.857643086192494
-0.797126430001933
-0.713623794130831
-0.741983212210099
-0.904326661372318
-0.788301049953391
-0.706499316802975
-0.773077381207409
-0.628312189903125
-0.638857133527346
-0.610743958268306
-0.765154728912237
-0.703842326258039
-0.608151029467046
-0.654674480187912
-0.687650346093256
-0.601444579523535
-0.810273110637084
-0.74716314440083
-0.811160274686087
-0.675731495343149
-0.532121257393633
-0.654658835043529
-0.697111987558194
-0.636628786748688
-0.626315658675711
-0.715842990147785
-0.707441412897528
-0.693135816374169
-0.633800940068477
-0.737523496687925
-0.755737586022068
-0.697979049462014
-0.674686596340644
-0.769576702300734
-0.687023349361739
-0.858377413611702
-0.716404329095421
-0.653215862246298
-0.626526850852801
-0.611563155266836
-0.549041478842061
-0.655683221124404
-0.608673305972859
-0.703187277118089
-0.731394292852003
-0.764157226957537
-0.676142833085219
-0.800891950844809
-0.766566713608711
-0.520077784141831
-0.627844751030765
-0.661547583208916
-0.719352473304802
-0.685971938733338
-0.661175471893423
-0.710419661371124
-0.671720627512622
-0.641595907157484
-0.528800639527415
-0.597022648517711
-0.714321738778775
-0.704373348596632
-0.561009886316479
-0.7289877697851
-0.760899928671332
-0.619571577518851
-0.589975398723921
-0.58441049186958
-0.662075605465318
-0.604132810505489
-0.665150285155303
-0.315469817287117
-0.638405620368337
-0.657715162394808
-0.529320484747918
-0.573983956000186
-0.63382680596773
-0.512290981944565
-0.686308772429912
-0.638683159359197
-0.752036720418406
-0.651766423493641
-0.607185095292994
-0.523001180293027
-0.590152831453883
-0.512641753535712
-0.413573993555971
-0.495996316243041
-0.501609972444473
-0.540130731640194
-0.689207156151402
-0.64001664165338
-0.500144317072807
-0.59465527257753
-0.508287116190107
-0.535298322185599
-0.599413569336158
-0.498964915010116
-0.629519775734112
-0.63050841277101
-0.601628318635703
-0.471418416375415
-0.500334846381645
-0.613607573384479
-0.514586564311683
-0.514264877153404
-0.536719215758275
-0.568593832667061
-0.559070773658985
-0.43189931422009
-0.447195625429954
-0.553528544569879
-0.54416882624873
-0.617159956888915
-0.469757788929452
-0.401879471277734
-0.551973985162124
-0.314569345493487
-0.54682313943653
-0.555804297314958
-0.536148925429711
-0.587125954788792
-0.330053443563615
-0.554253745146855
-0.460804902323651
-0.479480626622417
-0.523817494136012
-0.485393618982595
-0.363778016873313
-0.441342309445754
-0.495592415005451
-0.372834779983357
-0.566689806028053
-0.445998468407605
-0.455183522881643
-0.430908449770469
-0.561757767513218
-0.419506409980499
-0.524413392930767
-0.54684838464491
-0.523201371025994
-0.495742290414485
-0.488004587620711
-0.611084668113976
-0.506881662985804
-0.482192583705806
-0.461710512894635
-0.452008821247836
-0.464640140547184
-0.661563073548049
-0.580323664842018
-0.237479823276958
-0.53989347791569
-0.350970534156148
-0.430818015390007
-0.502808290746424
-0.461974272764936
-0.364629649104092
-0.380841224754677
-0.426849461000716
-0.524896626928619
-0.471468167409352
-0.388364299950935
-0.37306273873328
-0.444893531971952
-0.301019392973194
-0.39558265996683
-0.524749403336706
-0.456157145100006
-0.475494631877719
-0.48606235196153
-0.261089646682439
-0.419732230917387
-0.398962839650529
-0.417417891483378
-0.397522561319036
-0.428146534046334
-0.378025814812769
-0.492109237103102
-0.566784168493381
-0.509158408561187
-0.362974206837781
-0.405184820104891
-0.401466576723449
-0.397354033389625
-0.280316031280703
-0.438929749916642
-0.30935098479644
-0.239101905122181
-0.54467000482632
-0.271725393170025
-0.417263564934884
-0.351112207309548
-0.252955763584327
-0.382744726927602
-0.513691180590353
-0.305092535766233
-0.366106701705148
-0.23283091607294
-0.297044217686412
-0.352070884078933
-0.366821262502506
-0.416135368808898
-0.575805475116155
-0.197341328686369
-0.268199451963589
-0.190794162539337
-0.252194354590596
-0.35763180779729
-0.402165999899868
-0.177038264307142
-0.441243448777313
-0.289365117133617
-0.281190063399211
-0.376111571603877
-0.377974277198633
-0.340307155806569
-0.404924323961122
-0.209707556402026
-0.285691336252463
-0.21439613130232
-0.333983287635277
-0.341316109997319
-0.215693815898967
-0.261999504192697
-0.290189333329684
-0.34068148534688
-0.411511496728702
-0.255465897996084
-0.116248317592204
-0.124399864981146
-0.132735431552923
-0.192674701003503
-0.496007012715147
-0.225450273838162
-0.436060463751537
-0.300279800193356
-0.318011224936412
-0.216553492838153
-0.280587191303637
-0.285903496420899
-0.402912279876838
-0.22741718697053
-0.328514985335867
-0.235750065216628
-0.40509854700431
-0.283885355595909
-0.207050867483455
-0.293174849813764
-0.272321451920344
-0.408476665925119
-0.109638676314892
-0.110869160292223
-0.241816144255185
-0.177880704428069
-0.151832517719933
-0.410947784832267
-0.316055550077083
-0.273396767906351
-0.260061218368168
-0.207362709844268
-0.264695924183974
-0.205339816956073
-0.17400624917435
-0.30611818276875
-0.0385904830405128
-0.265242101841233
-0.160244033746692
-0.226090351201347
-0.0937064289563608
0.0297618111693555
-0.302483167326087
-0.202048328239808
-0.165946599058386
-0.21377650719592
-0.195851272864479
-0.0756103853949282
-0.154194530547787
-0.343424053092214
-0.208338867411095
-0.238431269882498
-0.1243413776469
-0.272467767427148
-0.223801989634191
-0.255266465806789
-0.119367513222584
-0.111455989813183
-0.163635555481972
-0.170551961136675
-0.136001644947776
-0.102238152512573
-0.158104888601046
-0.212812971158209
-0.10737062694659
-0.301475363953304
-0.18773223049631
-0.126518793644615
-0.0443046912246969
-0.145759676530394
-0.317167307854961
-0.0963669858848328
-0.1400175021602
-0.151633290841737
-0.00934894900524573
-0.0536710887231653
-0.182496800510594
-0.169814128000872
-0.183110326122761
-0.114689473066587
-0.266971598663692
-0.20735619108898
-0.138793950506745
-0.110366429366959
-0.184618923347879
0.00850680535461678
-0.158031041952826
-0.0576031551847196
-0.117803196507407
-0.165090697513558
-0.0459426840243745
-0.139286595817104
0.0544849541637529
-0.0568098136122659
-0.173898504043743
-0.237249271730574
-0.0705383227275847
0.0202544724003839
-0.0692502556590015
-0.0168325701886223
-0.10081008115924
-0.0369723870990361
-0.0205285806572556
-0.0211768950252797
-0.136171568924469
-0.03785014482347
-0.151633485156461
-0.012903071221304
-0.106843607801811
-0.0708827528090871
-0.0574908586876261
-0.0782764295938686
-0.138576499443
-0.128801691440479
-0.072981362415237
0.0256944703972435
0.0403394391813635
0.00707705642994756
-0.0648803484194679
0.0468506069215345
-0.0444315585267516
-0.130331230625213
-0.00490197167065603
-0.0662858284418539
-0.0289274242529489
-0.0787181974812155
-0.0269452353596568
0.0400764107557131
-0.0612615586890391
-0.0817190793278524
0.0594634420310337
-0.0597074556342252
0.0896941088148274
-0.00608765653360221
-0.00363150320946016
-0.165186429649939
-0.0714472445767193
0.0457023369226612
-0.09881517900656
0.0474049042777779
0.137951140319506
-0.0763759986092372
-0.184904904190918
-0.0995104334780772
0.019155685978928
0.0115978294227689
0.0264762442275021
0.106839398248206
0.104565037993467
-0.0121020708318779
0.032231351520529
-0.0461943635342857
-0.00208817147225491
0.126825632868932
-0.0182016498806411
-0.0507155823319391
0.037220792054875
0.0597240954245963
0.0126506824242811
0.0976994228858242
0.0381657250921126
-0.137800938826348
-0.0244059315107885
-0.0640683919008635
0.0639156377391006
0.0306869024283417
0.093709531302198
0.00991923340043597
-0.0711292709575762
-0.0205000452978053
0.0106426206312626
0.0217848078675235
0.063570187669634
0.0935509192972443
-0.00263302302500491
0.111682646283655
-0.0647694939041175
0.0264159142236427
0.154631509336387
0.148725304102116
0.0717185373731638
0.135638887072693
-0.0519928481663338
0.110406771330035
-0.00668653193007527
0.120002076804156
0.0845876702188236
0.0368649666459681
0.0879276161344634
-0.0646900559178624
0.0494660100245865
-0.000219358543516727
0.187233830676847
-0.0116132885283291
-0.000331640526386005
0.0184591547088215
0.0298654498845627
0.174299343867443
0.167418345334651
0.126357646550972
0.0585376413886919
0.21065083569795
0.123681983474793
0.12082805243055
0.142475219653635
0.111040871049086
0.141675342993521
0.165504750834604
0.188610394088781
0.155874401393688
0.310656598291974
0.0985181349327449
0.118795283245706
-0.0675181784714601
0.0360809781940618
0.250954045493631
0.126268917721069
0.273424908424549
0.168473812152731
0.0334511566608631
0.159305634259003
0.135217050539719
0.143946190768069
0.252387583320844
0.220853025403263
0.0675594619561163
0.0550180524558145
0.127698626999589
0.295708340123211
0.0700609333302275
0.0929833855681106
0.10872648797712
0.253434202610349
0.205382517120615
0.293272512968887
0.0898926749259
0.341253062622367
0.277047898224336
0.129050770388623
0.188488950323746
0.237808340995258
0.191540355544952
0.0889681158308242
0.22740266082784
0.135658171920288
0.216790756834764
0.115593977653511
0.214435197372794
0.0831456137807506
0.320353518261025
0.317425653002755
0.224132635503831
0.285952207903355
0.344547312837478
0.16725286628526
0.271973771984742
0.187073613815248
0.287321290414922
0.33586881326077
0.211938328512391
0.16920809612605
0.105277242728402
0.293250113094262
0.203805893304466
0.263554202507515
0.199447492695316
0.202669635654263
0.250723684064097
0.147237887339392
0.116411278656196
0.289135107889993
0.270185969727488
0.309798094886253
0.403782810239812
0.283782716247005
0.319279285571051
0.23735961155044
0.261448552397535
0.247009279746243
0.306607358031567
0.32064531983241
0.359185256072107
0.31138490457888
0.394386944331789
0.166812050879792
0.322388473111201
0.335323855325336
0.243533666766498
0.31854559178959
0.250056265354622
0.317703784540671
0.321327824384517
0.275842939097504
0.365826074024408
0.238407155515714
0.291272597161426
0.309646808328571
0.341589727907506
0.361938474444665
0.266546578167504
0.263294040087661
0.34275203987738
0.336284195735189
0.259274874142232
0.327802822936702
0.328415270438459
0.212055594132779
0.317773990746484
0.3387217048928
0.37231025641081
0.459386937028944
0.338724732327437
0.37279988733613
0.295518780020215
0.273396733614053
0.256943204019257
0.408230187715071
0.336230096036862
0.211983243277085
0.357121067998794
0.375447528481902
0.249035574503889
0.392587265931691
0.393190441592817
0.328141225101842
0.249218978745818
0.378038797482477
0.462284934967654
0.320448450233869
0.216411856640671
0.305775580498604
0.335970914385599
0.359818589800231
0.469803974160446
0.505098840690885
0.264474298716593
0.358546657016161
0.216643956091468
0.472837252445345
0.366731942238301
0.294262991914861
0.38689523239173
0.422921292061531
0.356360754719509
0.540623891716901
0.318895516565894
0.521725526989141
0.414129057070567
0.36232482009525
0.480098157306462
0.496601394199227
0.232620393621518
0.412252152838117
0.439342000170786
0.457300132680404
0.445769082328599
0.61059344106222
0.337198101873092
0.422273862757456
0.4292241130001
0.382987077875216
0.473348459624854
0.428657156480713
0.374458344643348
0.376004325553529
0.245487123126005
0.488212175193912
0.393155916698997
0.409639657468845
0.416404513531231
0.388407431632202
0.54715211800645
0.34122490108868
0.31848554550626
0.363676953048144
0.319522769578551
0.451368183132134
0.36502366601288
0.268626286055873
0.455631946472073
0.502942914848645
0.408881962511261
0.544846828598677
0.521282765584657
0.542823878535012
0.512720164100823
0.441373035373082
0.63739850873265
0.370490889918751
0.562117088914921
0.561320556030284
0.453610759348843
0.458342406143199
0.422545986806151
0.554757309243981
0.516723975125869
0.584422993009048
0.445476657818212
0.585459057608906
0.58061371365728
0.539823295649015
0.525067937796606
0.592448016375812
0.643606810481403
0.595437199792522
0.484006552113446
0.500119416217945
0.514251044662502
0.423827325093206
0.620663268996304
0.590575043006509
0.707324020543966
0.59391084701345
0.46779316563564
0.49021215535258
0.646796961452792
0.518161539398506
0.391108725666104
0.595852131556707
0.564534106510395
0.595840579262685
0.479722625705121
0.642133787097181
0.695635088953404
0.502497136475306
0.586435187141464
0.433631692591858
0.48921758708843
0.684492096063436
0.677077892435004
0.651644094742461
0.560077412365611
0.657475100552571
0.60056100534468
0.768047083912338
0.57898120693637
0.450152652047965
0.461480935626991
0.537094617850932
0.465971632389285
0.650390850996023
0.549865550980138
0.417864932963867
0.673751930911671
0.440746056024703
0.606819977293763
0.500572624986883
0.591231301832504
0.613466934976015
0.504120074790586
0.736540999864823
0.587195651944734
0.609301696571605
0.719871769746369
0.640158259499705
0.558620878622703
0.615211836350684
0.563671456640924
0.646282207121235
0.517649794837308
0.59514957729439
0.691885297957865
0.509440920068507
0.671306449153731
0.53476906998267
0.69967180311971
0.646651039393742
0.732226184627083
0.707445700511117
0.768758106637838
0.681746609970694
0.635686879113133
0.724278524166052
0.695528803938067
0.732370862427888
0.640478345116412
0.780626318226134
0.645434272458155
0.673027188257186
0.707056139274787
0.717915287850803
0.850538399753076
0.753192582242523
0.69836904146658
0.625599528403671
0.692658385978102
0.612548761161305
0.641158354144232
0.668476735301407
0.670065878644655
0.735236710227751
0.729139933432207
0.574879650703597
0.70885102274376
0.630559529447022
0.743565106844035
0.817994391793161
0.602220060387856
0.805090793481159
0.740814975986291
0.871169188980934
0.672040893388021
0.723561732246278
0.568255695502324
0.747013809786139
0.664311854577947
0.839411826881229
0.637591845538655
0.713678509255311
0.780311663474518
0.79453400617333
0.695658211213107
0.718456370249573
0.829240433765441
0.697472363160939
0.767131615360063
0.739005222622832
0.739538982075643
0.791548562355674
0.700997557567777
0.860610531274919
0.701069483259303
0.785278260586618
0.654529635667628
0.686192361198995
0.684329846912575
0.796791187447527
0.861951681474187
0.857945001413741
0.697854020057402
0.769266174340034
0.706747220825708
0.846800412085287
0.685907208250205
0.781195641095361
0.766338053121502
0.697486420698177
0.759064791423484
0.697249274692637
0.641952516376251
0.91627286722864
0.66611318755961
0.761060392471175
0.834373484387486
0.741996474271092
0.73761751900506
0.711560323591562
0.789722306808206
0.715177160328909
0.934778873207288
0.894029870492442
0.709832487911749
0.942259942923265
0.848012590492594
0.97091051785144
1.00080135462175
0.817312393772599
0.802564003546557
0.752197789404042
0.822688415901506
0.801714189857321
0.843267413387999
0.79583530898431
1.00491967716761
0.79195768902961
0.773071957350533
0.818806794795496
0.905304887750743
0.827863154615528
0.876088889291388
0.819896689051561
0.916683582750846
0.882770887738939
0.833278160067733
0.784092539553373
0.800157483109723
0.822715681811248
0.844247365469244
0.80108121705665
0.816650710957106
0.93130487521914
0.923722170867765
1.01706083569958
0.787231429062997
1.01399088049277
0.734399319589166
0.971405668895531
0.988951198467389
0.92557391390561
0.996089358794151
1.03656810574433
0.870705120316037
0.854120955812487
0.981921231032819
0.880848109241414
0.903489214522091
1.02741299444303
0.978515007080082
0.917276774834322
0.898486227241007
1.08919683124347
0.947988741931367
0.953772402854227
0.951725212455423
0.954969098034423
0.938406162416831
0.950859249423204
0.86413409261834
1.00140893182642
0.846909113724775
0.908340033350481
0.91572425167481
0.907055638771766
0.886202317507594
0.890356241596723
0.770675847417549
0.830059484142236
0.918038045373075
0.967997831003133
0.938362001074041
1.04931421337865
0.972705893122137
1.04473274125716
0.9263438874254
0.973418291282166
0.994886748556003
1.02010065845064
0.982551432075426
0.895068510980098
0.93478716323655
0.947288564150369
0.952244748141064
0.930430244508432
1.05720614433584
1.08662099137528
0.85500081565654
0.935940574997965
0.978247035585154
0.946266819824561
1.02520658646284
0.927463910333189
0.97861842969406
1.1325038269152
0.920417257150417
1.13252215333672
