-1.01499169719656
-0.899239756501795
-0.953890997290024
-0.921686521862093
-1.01334019177568
-1.08107436790922
-0.961511213533078
-0.800111607979064
-0.922986179183667
-0.942857084195921
-0.992252581183275
-1.03804568131882
-0.976643154289204
-1.07055606381414
-1.06590751412519
-0.984537949635522
-1.00841698206848
-1.17053339710649
-0.998440631005607
-0.998526729412666
-0.985192854855619
-0.939016721454261
-0.85967423345619
-0.94113278721149
-0.830582029784138
-0.965874691394563
-0.879027801865427
-1.03398845090059
-0.966831504916245
-0.767619835287366
-0.90293962924812
-0.859524521125969
-1.16737091117751
-0.85995416866508
-1.07743208169571
-1.04931207259091
-0.830826436437651
-1.08466674823947
-0.937399603668874
-0.820831377741912
-0.952635729839462
-0.892159947705071
-0.683539944280591
-0.741811173750326
-1.04076505861606
-0.857083868020975
-0.961737962975204
-0.993611775313766
-1.05346053069839
-0.772472009284554
-1.13426660046013
-0.985524435332969
-0.961676328194702
-0.727031121783342
-0.952942937737008
-0.794659772895966
-1.03760612329813
-1.02496442676919
-0.744406456443694
-0.92520462346983
-0.794725416544744
-0.982605651289142
-0.833349960254394
-0.84607903497799
-0.864695414803599
-0.806934361588867
-0.817996188594946
-0.94843098826992
-0.832718937222222
-0.811393342002495
-0.885128825012604
-0.816910846082381
-0.94953184297794
-0.683316200427924
-0.728604820691876
-0.739562473189181
-0.834417231295864
-0.766707685076749
-0.830434857786586
-0.817798810110502
-0.859268475528042
-0.765517072901735
-0.907088231206033
-0.761459861845087
-0.753825917470875
-0.678605650930993
-0.730349546494916
-0.987669919546124
-0.828866764552932
-1.00870247274871
-0.845972798157857
-0.784517253824394
-0.932725018471773
-0.773060893322787
-0.807422605395289
-0.683350566048582
-0.788169358663652
-0.896832070425447
-0.71345594433011
-0.805176623343564
-0.769873976531982
-0.84031930658006
-0.845126252469849
-0.815130565231477
-0.80281568574469
-0.832331165998985
-0.790731456043931
-0.980091887384171
-0.775844033222414
-0.750114213213757
-0.766661271651121
-0.815534254080286
-0.693169097735785
-0.816549293311583
-0.754535030819124
-0.668814273486219
-0.80460811127334
-0.609251287578515
-0.761676625183167
-0.682639486682205
-0.758627673531152
-0.806859266769286
-0.729919420869703
-0.843137050808647
-0.650915565075304
-0.672968194805014
-0.792367761990473
-0.75885781549454
-0.832290857589318
-0.684749634750912
-0.559773734711437
-0.755649780987847
-0.658215122364333
-0.872549778599795
-0.489031661862744
-0.737866861036913
-0.75118997479507
-0.798596262402188
-0.659710003172805
-0.662335058808901
-0.560725752408252
-0.565072220600635
-0.672890656433736
-0.660755471551251
-0.816669648289584
-0.807764609379728
-0.771889606635795
-0.712003821598605
-0.65469654852914
-0.851482748624333
-0.692592189911534
-0.734270251215115
-0.681743932363758
-0.78493605971745
-0.667832203267108
-0.61068615639019
-0.784139706282625
-0.613465876828703
-0.657666155081188
-0.709946230536381
-0.62668942046986
-0.678990010623861
-0.760616244891022
-0.701579257948903
-0.571875776313699
-0.606311889174612
-0.847654320507871
-0.531811314268422
-0.723842267055654
-0.638851853172175
-0.697561757489034
-0.67306429889275
-0.593302510375212
-0.647273508171649
-0.586439129760533
-0.658621831528901
-0.630068457074617
-0.486983800655862
-0.78350103742388
-0.633761686462276
-0.703348979433872
-0.582948606021176
-0.656108898889335
-0.537663470100421
-0.587344505678349
-0.580079441709364
-0.643448347554737
-0.521577343996916
-0.661469071270395
-0.592610329657005
-0.512754252558962
-0.685712572393924
-0.642005385677014
-0.624265043898342
-0.587560336819002
-0.733331985273516
-0.545443378029189
-0.612508319465173
-0.650398755146572
-0.700184191247998
-0.48213402100257
-0.547666253357489
-0.708362156608165
-0.611821975285782
-0.685961607902476
-0.63065836797432
-0.746913836339979
-0.64124166060198
-0.579542310181288
-0.517388134850668
-0.630926119707088
-0.556493389007195
-0.573989387049423
-0.51975315991538
-0.570265681255245
-0.560495328021377
-0.564992391410532
-0.628857231236215
-0.599661031174338
-0.676655483929092
-0.54163410538332
-0.583665313154547
-0.581868872424804
-0.610318295473216
-0.467332842353214
-0.466729520504461
-0.647769842593712
-0.527718777836854
-0.577416959676533
-0.516062382614986
-0.351620052994155
-0.529211251273003
-0.375223718571863
-0.62040953323949
-0.443387399967552
-0.649781017492503
-0.529675284693367
-0.493770982756749
-0.528611847793206
-0.577942807514006
-0.476169112294925
-0.55704517633929
-0.626893102705764
-0.628774172702127
-0.421523143575484
-0.458826871953498
-0.442007556710988
-0.574241550556831
-0.409948784231951
-0.438715573800658
-0.508850104284998
-0.513680677645397
-0.416581921710003
-0.576192661055239
-0.607482028963404
-0.54273559373303
-0.454751171773777
-0.452754189479401
-0.439384063260571
-0.375385691462652
-0.44574086573163
-0.627453988762198
-0.363339463757673
-0.564917532938625
-0.573062020603676
-0.483303636186532
-0.416600397952389
-0.283846059473687
-0.359920785071709
-0.30246404746713
-0.37685807326894
-0.436806810386863
-0.489457297550097
-0.536601823931944
-0.382590284451884
-0.494258744212376
-0.532487175004168
-0.431911356659694
-0.44928570361946
-0.457608192618783
-0.481578278698574
-0.382020380588249
-0.5287314666336
-0.2486483260825
-0.377709822488593
-0.394904187914087
-0.450576169803149
-0.461784799008002
-0.484313028051592
-0.311704417677553
-0.43155983297693
-0.482363623631577
-0.471620608411226
-0.412920114812166
-0.489407509452126
-0.300884974439221
-0.423773867272599
-0.45204105461942
-0.604962847554932
-0.419237691473077
-0.428127439213691
-0.396800355525328
-0.275404667176543
-0.324597890879278
-0.390332045195013
-0.373025807547509
-0.31207697144594
-0.277136044496666
-0.344516771491667
-0.315383360418106
-0.488724064259558
-0.43726066542623
-0.129582998640184
-0.511160604565589
-0.330655023835995
-0.363267031225938
-0.412444513241628
-0.421980403259094
-0.43080576127164
-0.353577336332133
-0.348709643659358
-0.328241953573762
-0.271654666610384
-0.382667867072991
-0.340145477896015
-0.294572858397596
-0.101699141454338
-0.301288671465843
-0.352909690335489
-0.143924743451018
-0.505470452843053
-0.39734476516001
-0.322152076155423
-0.263881471332324
-0.282018233740478
-0.210999320258905
-0.415770127957905
-0.303420849208558
-0.310989783460637
-0.353317966024941
-0.320150985172513
-0.214578255219971
-0.292890742833215
-0.419899531034834
-0.225381645771045
-0.17457296995586
-0.206180216495646
-0.223063446817538
-0.342508458795195
-0.301685029249523
-0.179516327005071
-0.380132657431049
-0.227658225221621
-0.319404054845277
-0.293030607212136
-0.270882611715372
-0.221757220416279
-0.305924577954103
-0.227830848333442
-0.333669840157715
-0.384842873112755
-0.326383795189915
-0.319464360465867
-0.184495199915387
-0.205208439809137
-0.193870534295368
-0.33697965969725
-0.258628400067316
-0.246646865762396
-0.170419365253633
-0.31533583150801
-0.237535440012577
-0.450166494240057
-0.188419283736587
-0.314762811939891
-0.305125978991463
-0.197851260572349
-0.295600372564294
-0.209764354139025
-0.24999960678577
-0.348539411749915
-0.274724613450925
-0.241020376220122
-0.342613402915539
-0.268237399832194
-0.262916613316508
-0.367918986000185
-0.206525900477285
-0.100652520103957
-0.222698520611773
-0.162397035190886
-0.306677198428342
-0.0929073291071235
-0.152825058292456
-0.287847201702979
-0.314094056722978
-0.115696307739414
-0.217737697459741
-0.377613938324589
-0.141723502932743
-0.207525436385103
-0.212259784653343
-0.223897290114998
-0.239334448500784
-0.314445952866684
-0.139399055336739
-0.0735124465492876
-0.321061050100159
-0.111488110907963
-0.127798606289923
-0.126408914314517
-0.221087018212065
-0.167617366933754
-0.25417795294901
-0.268312481207839
-0.0555001913811946
-0.226611667452719
-0.323430757268268
-0.19512779633338
-0.165055737046046
-0.035916844424551
-0.211273960637994
-0.211652538297651
-0.183411455403175
-0.241163444726849
-0.188734292403837
-0.197818168717913
-0.188360687123711
-0.123918349218064
-0.0645852616487568
-0.128215658419178
-0.120625291460983
-0.237619636654801
-0.108673012242827
-0.0484655884521554
-0.166056877688897
-0.114349474840807
-0.367653581951158
-0.108253375578679
-0.190521514320709
-0.0522997528107335
-0.130894669982993
0.0216429948544495
-0.103891525523422
-0.053939325613352
-0.157955923859553
-0.130451534106743
-0.168842601233888
-0.079540426779161
-0.0474727846431817
-0.265152131766621
-0.157095567783937
0.0541322540942715
-0.0608362381648605
-0.049770621021296
-0.0959692930361538
-0.0779015502182089
-0.0557076013252292
0.0269390182641945
-0.00957643789906463
-0.0598319813430686
-0.123310549982685
-0.052905642400434
0.0121554446364245
-0.0833479422620792
-0.109557476980228
0.0647158404448999
-0.17768241564389
-0.0202905289084843
-0.0182714180751908
-0.0889181455868293
-0.141278305053581
0.0213377998100872
0.0418873792491594
-0.0483811072492424
-0.157447518383627
-0.303760491283145
-0.0499083130972967
0.0674830587436843
0.00769657462615989
-0.0133798367899101
0.0119874393840969
-0.126918445477004
-0.0807951828215368
0.0460899528941824
-0.149559162358541
-0.116343878926246
0.0876969644721984
-0.245112441125029
0.0762410835119487
0.0120778363121048
0.108958742858435
-0.101368591686288
-0.0569189225158075
-0.0741118950603016
0.0853373649419639
0.0137462296683965
0.0654917065898245
-0.179816667717063
-0.117869323981848
-0.0463711435544783
-0.09720323638737
0.0317622336837226
0.00473018371092421
0.0685199148577226
0.0688048893466233
0.00912654054080205
0.101625028525556
-0.160995531874537
0.0210053432750674
-0.125302016078425
0.0680975000781191
-0.0733973209960593
0.0991665566539083
0.0424804645382102
-0.0368910214413597
-0.0661006175396556
0.0866019367121067
0.0326397327794527
-0.0275025789045626
0.0199422441112297
0.157158180845557
-0.0696549776979162
0.0836929591342314
0.00072816740029417
0.0769611967686277
-0.0690285210281413
-0.0943326501594766
0.0740853248863394
0.112317656969391
-0.02570663353181
-0.0665078748510158
0.170673907988652
-0.0314896225585601
0.072072008138608
0.0255484928993539
0.272114645920509
0.0700135402187878
0.0319596707081024
0.0217087102994987
0.160589367675935
0.0530210428628503
0.0519610952898675
-0.0435463206183423
0.0060108785730814
0.058391552462325
0.0737667210463334
0.0693782337508652
0.0942681237911528
0.190370035562242
0.0713797012097699
-0.0160307736466372
-0.0785901713987551
0.026940832705932
0.13399702593444
0.0786660070724727
-0.0268285463026661
0.149718842941091
0.193071317838459
0.0780382448256206
0.105199225992897
0.0737509261450317
0.193351809337174
0.281735755113379
-0.0266772789311378
0.228097565031004
0.187977186353742
-0.100467818995841
0.161440227044004
0.153218405281384
0.0877322851100793
0.15277219624257
0.215009663958778
0.0838310568828245
0.0296399223051604
0.0855820626493952
0.324710402694016
0.263585264863105
0.153817813796226
0.182211053639569
-0.0331150684843922
0.253089701423845
0.228445036962156
0.0607432633546103
0.0769367071979133
0.0728641697695018
0.160106397419175
0.199391400781762
0.221445879195873
0.0675577147263579
0.120503950530992
0.286163721210809
0.136142800757195
0.244524048888604
0.0587297787276058
0.199616839163065
0.281736074375295
0.240768171734658
0.169302011448386
0.260810541850551
0.123750501444556
0.331118495671166
0.166012380868923
0.319052402893698
0.212062278458112
0.020246612080374
0.165969635622793
0.286216843361889
0.278640025451635
0.341546164722478
0.194165654531399
0.194617888071709
0.372415069662694
0.297664733348805
0.293600222514729
0.155910360442645
0.0965674171527838
0.280731443323323
0.249809993412004
0.0335141705963001
0.244433112025162
0.25716636336715
0.184100788460351
0.286540866676074
0.194907533495189
0.285121794478621
0.129499116849966
0.268118053180034
0.227369451853768
0.368816360732574
0.419021794673311
0.247166463543211
0.0924654667343302
0.267824927881335
0.250506920909887
0.325483219531788
0.131821413759212
0.4198974314316
0.302160053087723
0.220622970148542
0.153971749036063
0.307790236832955
0.275333866609224
0.278965995689595
0.159946959765742
0.223212018347834
0.292857946823745
0.366145798239195
0.238474922037813
0.315896119571325
0.388511084732736
0.278107525327459
0.428359505026475
0.444650534350769
0.334902914375888
0.365466693044691
0.307129839632788
0.332406968115887
0.409633927518601
0.248731096378537
0.305157314484417
0.312005026722439
0.34631587075576
0.388206815405137
0.541471306970258
0.428240510765183
0.34227266898322
0.323529516543963
0.293820970433524
0.481074316302293
0.309733848660591
0.40751242113747
0.347520190899176
0.437009831484049
0.242900551486993
0.409571925155683
0.199417076709703
0.250681803996841
0.248061253068718
0.277349324312546
0.441928627936345
0.229483689555785
0.368894959082126
0.306588186275959
0.35496965533072
0.461928658779524
0.44217914233583
0.347775575977591
0.405736387043801
0.411900772891565
0.293992422620229
0.368619908866012
0.33668893474349
0.337167797558936
0.418625647451864
0.443396789277764
0.341889753036508
0.488626949641486
0.506321730795445
0.264029412260568
0.436994037838911
0.510228092754383
0.457987501412739
0.409512381165733
0.353485213089984
0.379640468663319
0.382517449799614
0.385609680938601
0.252620956241522
0.427501321847953
0.564074648028469
0.347471668028603
0.448759975244573
0.589222421497464
0.486889026735357
0.452539283234222
0.360901610362891
0.529221138678581
0.353374364881714
0.42203614639153
0.474231678260366
0.317288285462517
0.488124887784591
0.371613381026677
0.459827354403504
0.356823322327594
0.548773087396622
0.520463472493549
0.362778036907325
0.445134290738129
0.503162860325848
0.462540138813894
0.498624595073908
0.539443714394363
0.366942776327898
0.467138597103764
0.459031004379705
0.576906038008839
0.284271073495853
0.482414309733113
0.425273833779459
0.624434793706518
0.629624780382436
0.417820369914009
0.701740401613711
0.482516051526901
0.536057851300662
0.58781463052729
0.398911844643742
0.477381932676374
0.432554359601146
0.485650614560892
0.494207793507411
0.457391615438862
0.531760417208658
0.425336708871037
0.53691308108728
0.55118847576055
0.399861668689439
0.525963943700104
0.547548674858135
0.514174162786739
0.536050412928927
0.481910416023084
0.49481779304909
0.489571872605183
0.616543290026087
0.562404521038715
0.636435716596078
0.467658712585933
0.432596965027144
0.540007009115605
0.508582171173764
0.528712585891765
0.521890310696779
0.53648969386189
0.529688926586772
0.531648956326437
0.603887590025333
0.583910798643645
0.539652390768509
0.497114787763405
0.551961025952742
0.445597830959712
0.552154887452797
0.485895052627533
0.562552729492159
0.673386707037075
0.530596151463182
0.623653778002141
0.520311979752244
0.522452522568712
0.590591057257201
0.68563279939764
0.500197935409063
0.520945502270929
0.57605889217048
0.613873513889964
0.493345193523217
0.600155162061969
0.5073926950379
0.671682861430635
0.574472393777304
0.601486455778377
0.594347961055505
0.723158910758847
0.590620584510039
0.560018198457956
0.475468396412034
0.713546968874769
0.656586357766237
0.563977112485852
0.676674127790366
0.794203305447091
0.670320000613573
0.629436219941296
0.642664279759907
0.677087409115621
0.497723483880477
0.583377056386364
0.615664437246748
0.720977241900926
0.585978036651403
0.700648089247633
0.638081289042497
0.51185889554337
0.752260932882036
0.698917088148389
0.73491363634787
0.711058762618217
0.580357065219196
0.59645587721861
0.646742038114763
0.792233902935736
0.600122406646696
0.660105457106417
0.66900677007416
0.848853830749648
0.652617533513652
0.68160863908426
0.710670503511733
0.749901653027527
0.646925308166516
0.796808558127868
0.672026353501322
0.828771983572632
0.682333677592154
0.828184235572156
0.688549416244369
0.602204657300425
0.715777931646774
0.655302920789098
0.815785667908433
0.679538729100996
0.771185278745027
0.983501016805184
0.819288689288209
0.564548237822063
0.676487940633652
0.775129847390691
0.641937755897172
0.621312887161701
0.637143775453872
0.889627114798171
0.745562739314538
0.696843681389704
0.627883720254038
0.821225225647032
0.723870785999014
0.689695058887456
0.713895887704238
0.788790469419358
0.706403073970111
0.715510520976118
0.800162819479507
0.64709703518008
0.833814399152392
0.763073844528764
0.972651647266119
0.723493026575005
0.61690642196583
0.805642407122801
0.755726700352948
0.703716694521844
0.830089185888667
0.870107623893682
0.76884112832141
0.565610005154988
0.862900599349941
0.71657871561919
0.783207734156241
0.711456461861505
0.887307878323334
0.717692225099265
0.808987026147744
0.822641119769951
0.723675155193656
0.839561349853374
0.644145166087823
0.89499581407378
0.890482659377902
0.726320216802633
0.712273902720748
0.807949526492769
0.753967475918777
0.660981213458212
0.804684400368966
0.870167715978019
0.800106079134212
0.844295622780059
0.869463282989457
0.861257244483149
0.857143497343167
0.87521695362529
0.820781180517589
0.7000346792625
0.804058678878714
0.867083582197328
0.889109534748475
0.831378004515095
0.895835912094275
0.95456728540352
0.787199235276392
0.84445812263924
0.872363442452583
1.00672025957193
0.799054153043749
0.841178198963341
0.800521244754984
0.819485817047391
0.851716231664575
0.731103899938845
0.829812171374142
0.874863523115883
0.787405934679381
0.683141720100671
0.749007179434484
0.817012418287227
0.797396355685569
0.774884171693241
1.00448793653633
1.03412986550427
0.907526151321748
0.848481336168432
0.755858960447864
1.02526695095908
0.796876430108856
0.998196700144864
0.924810224227135
0.759439017915053
0.961103444255571
0.893062963424542
0.804464745842907
1.13539951713598
0.723164361341732
0.883936218229782
0.877926587774285
0.923165821038052
0.927227750119258
0.879990776209425
0.986718410853998
1.00780508669735
0.936688511420834
0.78238074479989
0.941651379865132
0.838277396465974
0.771150056451666
0.988502242300819
0.887325338412749
1.06638002715007
1.02813633086956
1.05294794887758
0.98005573859533
0.817473249322213
0.915358093323554
0.910142107397459
1.06865400312155
0.78798503728964
0.900001164360754
0.912786622872378
0.894438174306216
0.86726720297906
0.918971381487818
1.05762442121087
0.995153473591349
0.935526580396366
1.02699937933116
1.00946810969534
0.840778233228141
0.922105897382664
1.05440285585568
0.886399399610008
0.952439615694177
0.936118057471495
1.06673719834841
1.08412806416603
1.04340525146348
0.97891862449392
0.952248493868844
1.21952657211193
