-1.07840992109049
-1.04879675629562
-0.836767583054186
-0.920061933971262
-1.23842821475236
-1.01807586043154
-1.05285495495394
-1.10300817024747
-1.16738945137027
-1.04610208069301
-1.13875111259872
-0.884826372777225
-0.990470202004139
-0.901833698729559
-1.00939629452865
-1.03453751672861
-1.03707082309883
-1.07670097286226
-0.90075343973097
-1.02083394876414
-1.11026881779448
-0.930833401002878
-0.82180034544658
-0.923255596550414
-0.909623307676348
-0.966764498845313
-0.913839207994053
-0.969507532504892
-0.962774325776585
-0.846856063871356
-0.83359202818187
-1.10977161092511
-0.841733193202658
-0.820885398865581
-0.876698134269505
-1.02621691186623
-0.781908707645115
-1.07252419663156
-0.915456707830064
-0.754195714889488
-0.826222490113176
-0.813142382786235
-0.909449234113579
-0.802953019733726
-0.816177438681232
-0.985012068620342
-0.801617214749924
-0.879830626865517
-0.855349690890461
-0.863069374908333
-0.926613021654451
-0.940486989962068
-0.934286423989337
-0.929087108945657
-0.892898128303404
-0.941183069918082
-0.918247366936442
-0.897001459751308
-0.91980118037449
-1.01331989486195
-0.991891563733078
-0.830020697702989
-0.819903959429544
-0.892170391588581
-0.873449746132447
-0.769387350726228
-0.814796649027757
-0.844792037835455
-0.832290283501081
-0.84192422438631
-0.897407793925698
-0.952084838829668
-0.714209469944698
-0.753390136551512
-0.844917062529729
-0.835986378632413
-0.76291720966966
-0.962567527382303
-0.840117742077455
-0.812078728296032
-0.851896894072861
-0.919012046541529
-0.826574934388625
-0.878226055402155
-0.812050705505492
-0.763296164426639
-0.766376418090141
-0.947189954995239
-0.94627584745664
-0.874333028929363
-0.803684022430651
-0.892821575888286
-0.884050588106972
-0.774143473100796
-0.884983195087785
-0.900389998547896
-0.774873491013961
-0.930994086509724
-0.762249573678314
-0.749359008686766
-0.687726178012493
-0.949270883810068
-0.579802661973272
-0.803392865434364
-0.814452318233626
-0.786844980678355
-0.626458292084201
-0.748731959248742
-0.674067190418338
-0.595195348065572
-0.815154756148919
-0.684701324281754
-0.757131994029136
-0.747547284906794
-0.827355652660024
-0.694383911702259
-0.769283726580781
-0.719241144933107
-0.812449392193615
-0.687833384937411
-0.690433646566246
-0.727758279971316
-0.763424720655416
-0.843544184869679
-0.580797828809863
-0.865774854995192
-0.822604915689464
-0.732916794006658
-0.738619256464692
-0.906931285017976
-0.746412177571008
-0.737172169039024
-0.779827961239251
-0.627770156689739
-0.644197724359383
-0.638569072654479
-0.760797882779938
-0.69847894078883
-0.623237747303452
-0.650535572882606
-0.663789041381343
-0.608113680982767
-0.809708996922526
-0.743849811101239
-0.800649562712988
-0.657597435137606
-0.518382038292046
-0.649421569951318
-0.70493731705529
-0.649893082718851
-0.616377966213459
-0.72809562131101
-0.700818796514081
-0.684440762179311
-0.635052070917542
-0.727223274712792
-0.760162021042049
-0.715513239443153
-0.674489782758802
-0.737330663272011
-0.683665354947148
-0.844275486605395
-0.706716146809627
-0.67626377147462
-0.626805477507284
-0.597388235050568
-0.537314923201895
-0.658644947623416
-0.636565487093688
-0.684436215678139
-0.73853022016167
-0.767325632428597
-0.684085051984194
-0.766366873464892
-0.752553122629468
-0.524291599927087
-0.633156910763173
-0.66256756257049
-0.716623978353748
-0.684812939610979
-0.628595288469739
-0.728948654973483
-0.671861396572914
-0.646465597386686
-0.530417892317424
-0.603775327645456
-0.703415239859041
-0.6958592824259
-0.572988617440864
-0.720478600086287
-0.758662947869664
-0.617071960034482
-0.613444046312922
-0.587897960498332
-0.68125957572017
-0.626347893387383
-0.64796266905347
-0.323366782351123
-0.661766089502225
-0.668517411017766
-0.527371284036488
-0.545412469355907
-0.620258147474425
-0.514822564637675
-0.69335868234679
-0.633536664711378
-0.760961832874486
-0.646394080732162
-0.615613641557782
-0.516367536854669
-0.596849789618121
-0.540528034191697
-0.420583842624162
-0.515892712465654
-0.508757298459035
-0.550445941400975
-0.714725274681883
-0.642088094654047
-0.507829587526354
-0.614005376697809
-0.516706741206222
-0.539881437812322
-0.589027042126653
-0.500762213549123
-0.615538454016214
-0.630789177516421
-0.573340649053241
-0.502116300875354
-0.501771077542993
-0.624189083131541
-0.51050649700385
-0.504447904599483
-0.550545258096746
-0.576886043607432
-0.560061929891335
-0.440093062569912
-0.45971112396954
-0.561850428110911
-0.538695410242225
-0.625119602295149
-0.476976585591367
-0.409545633887583
-0.546544520058139
-0.28656956894707
-0.549755160816661
-0.558987492936645
-0.55354772702215
-0.583577958001429
-0.31689002635394
-0.549457677991338
-0.440685672531253
-0.484634347733659
-0.520587491473624
-0.495560851813612
-0.373262174658135
-0.431890106072626
-0.495150732227636
-0.381040872148603
-0.55820367942847
-0.458318604667818
-0.440330029121561
-0.439488513263273
-0.578418029516653
-0.427399787602963
-0.536134243626342
-0.549620343687039
-0.541197092794015
-0.481705738212053
-0.481484773892734
-0.615660270309571
-0.508417374372137
-0.487314211492255
-0.464451972035985
-0.437498213807676
-0.470694260369577
-0.654108761191021
-0.589114316974996
-0.230706221825862
-0.513818419438561
-0.356940681700165
-0.434031057187159
-0.510846511249115
-0.457822924031354
-0.352873114343356
-0.386464748084891
-0.406475727579089
-0.510560024143081
-0.471902628301622
-0.362462705454013
-0.353317083407373
-0.473816860634265
-0.29777004884871
-0.387458801328747
-0.50120900834607
-0.440312039689802
-0.490648416685054
-0.48181615611406
-0.256517370547097
-0.408986890748612
-0.396111214490382
-0.415080911445667
-0.397488330800157
-0.436743250613741
-0.387998493835548
-0.496505248733792
-0.544229762562069
-0.504151636533724
-0.336382836434516
-0.376339968269493
-0.384018527935811
-0.404204264743784
-0.27266550268743
-0.442890646589195
-0.310965979406711
-0.25422041885018
-0.545359740300158
-0.29213416848389
-0.392317864732254
-0.358897770762473
-0.275524185051419
-0.385002590817725
-0.49505016950643
-0.305455367582815
-0.330323898054478
-0.236404148579435
-0.286434184457204
-0.371961223282867
-0.381743801666925
-0.392602449420176
-0.573670500533167
-0.18714010342776
-0.255631839624534
-0.176683483582737
-0.252324653645863
-0.383153697659117
-0.3874659215693
-0.194486813345224
-0.425220615845764
-0.293980254179481
-0.303822883227292
-0.358741041818343
-0.390924051552575
-0.32920879133242
-0.393626713173938
-0.226324437578171
-0.278407018821462
-0.197818511821691
-0.334254209480428
-0.331846104814035
-0.211960049055251
-0.285000704869634
-0.304726026273323
-0.327626221316077
-0.426595399625429
-0.25263499110456
-0.119043171800973
-0.131943069702704
-0.130354448409842
-0.19864132139304
-0.506080783635604
-0.200970007301728
-0.435596637987232
-0.295065463464304
-0.321424709055365
-0.255382744914574
-0.276086416049022
-0.300546457673856
-0.417155838555116
-0.20550335092599
-0.322390248928915
-0.222407133321597
-0.407988902814479
-0.263732742993635
-0.196217020599986
-0.272225762535079
-0.27175940952994
-0.426484364005061
-0.118521684448147
-0.0985690685504657
-0.238046135240962
-0.176869292683862
-0.171032784705521
-0.401844729934235
-0.326762494512082
-0.290522443552447
-0.238512092482494
-0.190406714973955
-0.269769775140375
-0.201227735452907
-0.1916321725283
-0.294290616921739
-0.0636459508904718
-0.272585188098696
-0.165383898573505
-0.206814681664074
-0.0866413788636814
0.0333906473235016
-0.293829308873346
-0.202933908973043
-0.177993668356781
-0.228431111276637
-0.225009768612569
-0.0960692458965999
-0.155061322744385
-0.319249125568757
-0.205560855604025
-0.228656471013869
-0.143790981999236
-0.255880583751973
-0.207045825912756
-0.25793375783054
-0.122088224541969
-0.126093263027185
-0.180138641117497
-0.181839396574319
-0.133081416052993
-0.0837802981159015
-0.158123821546841
-0.222567082232611
-0.0955731395363766
-0.306599031292629
-0.18491948074764
-0.126150981276397
-0.0782542040761265
-0.1669123105348
-0.298224491937485
-0.0812708284538812
-0.141841894726323
-0.156803182375059
0.00886839800396745
-0.0520874992863274
-0.199690460197791
-0.13462875713163
-0.185094433005689
-0.113886539723804
-0.281249964986526
-0.224811554869982
-0.150172871315432
-0.0988820080240353
-0.197930136111702
-0.00356227806864934
-0.160940009622729
-0.0611888160709155
-0.133226017442417
-0.149563287966092
-0.0471109599043866
-0.149327598880911
0.0311397580849763
-0.0445900855541997
-0.166323754369929
-0.240226605813483
-0.0739401213431079
0.0262701951237046
-0.0764352630286439
-0.0174925277012538
-0.113582458251785
-0.0509767809906643
-0.0308599363063921
-0.0292142984968683
-0.128331922515438
-0.0383453893801418
-0.155865345367564
-0.00915116885800027
-0.114450360259428
-0.0659157036259715
-0.049205585011087
-0.100283958259048
-0.138772708728247
-0.14438609556142
-0.0744453895149724
0.0322381341979213
0.032148542431583
0.000454614597730214
-0.0639481441772897
0.0681060044429658
-0.0451179509411237
-0.12708846745422
-0.00280314640554225
-0.0577021893662683
-0.0359938568965581
-0.0932611394099524
-0.0320269259621403
0.0359560494274541
-0.0541386870356201
-0.0656039218632261
0.0455382477062736
-0.0471404614324382
0.0849672812316506
0.00570289412824101
0.018585122534653
-0.158172938253231
-0.0744614807028489
0.0483219802917618
-0.079251063146333
0.0478634426127088
0.130775064577048
-0.0576245205758845
-0.210646368231222
-0.0991625705198963
0.0118818390442216
0.0433507802245197
0.0364888432489174
0.104121662251337
0.0919968942826265
-0.0160856556438497
0.0155533099396756
-0.0542319796030161
-0.00649256996560711
0.100025476058781
-0.0248216094067908
-0.0469805789226664
0.0559542510658504
0.0520684000604867
0.0280475873438196
0.117702701062415
0.0181395596129955
-0.160017245359794
-0.00946457762520971
-0.0346355214489675
0.0525418081804429
0.0196876632225443
0.0892303411753144
0.00822422482108381
-0.0922529556361405
-0.00714867154498201
0.0253401527266619
0.0371758617754344
0.06179681522372
0.107235873741779
0.000278085133350897
0.119850332259632
-0.0783043067564949
0.035200166103835
0.140093523294321
0.155770522893092
0.0597746800952105
0.131426036579649
-0.0274104218532598
0.107402814895385
0.00840584588369552
0.137096904826205
0.0682786702041906
0.0344134322880502
0.076742450961942
-0.0579910133402837
0.0337313362005521
-0.00556998280163247
0.182452022900297
-0.0347861297538015
-0.0252769971632113
0.0240739398388684
0.0341808118061471
0.181664548754209
0.153085283263838
0.129206247993236
0.050673483818459
0.206189741553949
0.107724520973537
0.158859354775814
0.125387211981452
0.128059503247362
0.13474538591049
0.177281747764545
0.180836331603806
0.159288431107057
0.326220463170742
0.0941356257987294
0.117161445390013
-0.0735078868206619
0.0309846584522909
0.240483895620101
0.136426340299896
0.307972284593834
0.15680155385088
0.0555860975260435
0.17436490146732
0.13385865987037
0.132250062525401
0.253519032672494
0.208523053238452
0.0630368812690767
0.0759242247591589
0.109432002543714
0.293990799875079
0.0751408326403777
0.116512980545647
0.105905381439227
0.25223158518164
0.203947537271046
0.284058308611091
0.0592276024665215
0.324747161268583
0.27281189234542
0.102015206032181
0.196109148174557
0.230128578689492
0.206551069075077
0.0969057233533551
0.197494502026262
0.139877841595284
0.214717945923495
0.115349424252225
0.210928907849977
0.0782912732398307
0.323221111481184
0.318170387782179
0.216331429492303
0.273791883002631
0.327768250116022
0.147936029029716
0.283819964854564
0.185975873985843
0.294258160298983
0.314009133097858
0.191677434364611
0.163538313726489
0.0968343982039914
0.303554891281442
0.221985588519695
0.261582445551842
0.225396054163461
0.174126318353851
0.246038173929069
0.130530871969712
0.122214097506885
0.290470387283178
0.271084514838226
0.285519082624084
0.393308096541984
0.291851327082379
0.315433502314972
0.250470052640313
0.264046469987486
0.247260573726699
0.297009915086034
0.301664857604248
0.361013441103545
0.310003206039999
0.40291624843996
0.1668890419629
0.321451477172184
0.352411463566343
0.253401678383291
0.308917292252965
0.202163983735707
0.291057829387246
0.339674684022965
0.283974658908364
0.347397321411394
0.249330938879088
0.270843991993934
0.31196072593785
0.352532117542937
0.373405457886408
0.276093270732688
0.25819636285749
0.355176788674333
0.348407625065512
0.242402087394487
0.309550754605726
0.329041531191552
0.247008266226578
0.33344334169204
0.355647579380736
0.354298128965984
0.450846739145366
0.354305702784576
0.378043483273334
0.303235430078275
0.275194548659179
0.248657095159489
0.394907233429843
0.327996039962273
0.202318939389066
0.369984972424504
0.378465753782131
0.255939937140088
0.394962086500109
0.395405996316861
0.328971152863185
0.247880423378954
0.361508033386274
0.450093795069552
0.331298877568399
0.235961979366889
0.306008482135743
0.339118176320284
0.352101290484139
0.479064006396952
0.52204430968224
0.276040780942399
0.378510760596736
0.213832876600391
0.489639148792093
0.373011302606344
0.302768492163104
0.37135015899431
0.433433299984729
0.338376353959195
0.514358524360275
0.293815077444447
0.53117935156902
0.419366275782305
0.370026097770763
0.487178167360689
0.489952462514562
0.218519191035291
0.398799256483181
0.452078574085026
0.430727761866601
0.444276121426514
0.607940988923953
0.3321231221942
0.408257287761635
0.415824929381509
0.369833553636898
0.486604564681556
0.432167808461263
0.388422844326138
0.402452301186982
0.231445189809331
0.481345273476736
0.406966256257217
0.442824233638194
0.403663950262941
0.390702470300628
0.542181674933183
0.344942076697909
0.314074794844062
0.38010591581898
0.315960914635978
0.44395653177192
0.367142684596511
0.271438774576989
0.450448274597576
0.518609707349571
0.397850417852502
0.548065786107731
0.50854968413317
0.555301694450197
0.523219916983682
0.459195538544818
0.635502486424205
0.376684358626917
0.553340300584955
0.569107904130323
0.460612945463782
0.451708335207475
0.459377630419434
0.542169255844723
0.495409010136859
0.592029229984509
0.461901397616778
0.59788959112358
0.577554270986151
0.515684285788102
0.513680833850842
0.590490877421912
0.617276173875862
0.608063015225161
0.478684252605038
0.499875297632043
0.514728149740574
0.426946584815468
0.623962805645783
0.577894885680863
0.690123146478267
0.590572645165959
0.477774608066625
0.505905265566549
0.64157850197892
0.527447165399014
0.386381289320839
0.619966394626839
0.549167915034381
0.584487190936467
0.508206704340233
0.620100469854607
0.71270061924538
0.505195277966132
0.577654512815995
0.406798632114762
0.482346624533272
0.680561708437631
0.671323602030688
0.659784989363925
0.58199149839383
0.670499162784335
0.583465501407946
0.765957652425765
0.569262243191666
0.462679807027136
0.481856837507815
0.53345676928794
0.448553153317062
0.680498409361559
0.550067644600425
0.402364270347101
0.672589370599544
0.440591578065594
0.582004257109047
0.505707321676294
0.580905383822823
0.628796090966193
0.49583611558644
0.748750515570536
0.56271079419216
0.626288033321991
0.722939980558815
0.630529665523214
0.557650988183682
0.637307097448357
0.567687369858968
0.643299469300803
0.538384580073591
0.58892490667541
0.685152408094668
0.538058006683707
0.669168569934312
0.548898793696416
0.683882789037217
0.651411856920567
0.727889992167869
0.710370620054825
0.776033810783483
0.676375469867675
0.655400286114697
0.71765598424084
0.681982301554375
0.727780395563286
0.615141801819721
0.782478769424029
0.645162712267785
0.664749752391394
0.69342652412415
0.706080203453943
0.847584568011866
0.752864703981455
0.689256610518177
0.614218838491876
0.708133972403094
0.600898842629272
0.650425919358699
0.669883526210369
0.658598750324059
0.737465027460101
0.734821561805525
0.561797311268494
0.706504532729796
0.629529863831943
0.733812274438362
0.799586056992208
0.615329648670034
0.801025074344786
0.740917253632425
0.87871420399678
0.690681662226873
0.72597940149355
0.589297122486797
0.753990790977461
0.691935170806165
0.819009155407563
0.645643862347331
0.725258136501288
0.798252322248585
0.796120412012972
0.711090632998216
0.707596752135027
0.804725527986889
0.685580975774302
0.770564118341758
0.752724397559872
0.719592127890266
0.804480579371185
0.710169808687724
0.863464273181663
0.702711631613582
0.768592765229596
0.638350937603174
0.697882001871783
0.677333013693181
0.778927273903854
0.866646264495986
0.830882550950376
0.706178400508564
0.756892394497395
0.696907698314938
0.839204854390314
0.680155400764209
0.764026912970252
0.759446697294239
0.686664364550392
0.754490280609295
0.696936160929695
0.637531585753889
0.921700085962042
0.669172984655332
0.761124191289802
0.824519753488586
0.740646244643622
0.722891282367135
0.736062318145252
0.785670699675737
0.70868416033813
0.920716084865045
0.901120605953247
0.730014272551384
0.930592485134545
0.840301462887268
0.966630956050331
1.012006129787
0.80742473187523
0.794462070041012
0.751323124412125
0.841302282229378
0.822584080244505
0.857222187413365
0.806732829081819
0.978729381280673
0.7800159230613
0.778437908759438
0.801686769352822
0.911870532227811
0.818153364148181
0.893803290813064
0.81789335403792
0.907341163978379
0.88416284715077
0.827112675295786
0.790242841315928
0.797130694920153
0.799856708433049
0.825766232573426
0.797368162457375
0.834705130261678
0.915101484968345
0.92030184444761
1.02563069146185
0.781530488560791
1.02770603981556
0.709991537381593
0.951687076173907
0.995455722419291
0.919972052911258
0.984450893653984
1.03774607966471
0.856039791188867
0.847023218364002
0.983279255424287
0.904997765635864
0.937322254285961
1.0312958943457
0.990273262521438
0.908119110951751
0.909961087768547
1.09943906063079
0.95012026928645
0.968400472364938
0.957190651996012
0.931668050240651
0.936122714743389
0.951470456910425
0.883672306616943
0.991618925238282
0.847162669492967
0.907552395506986
0.897369987692263
0.909849972719883
0.878558061177558
0.890750097760905
0.778708616891355
0.820869972977663
0.924255409777253
0.976888661701438
0.950479838327926
1.07462647962518
0.97879582411789
1.04310149510079
0.938638237126714
0.974415500440139
1.00701600448879
1.02502642131701
1.01093785273066
0.91487738893237
0.936333819480089
0.938401954569216
0.945960536996678
0.914711932790121
1.0511129751328
1.11823011911205
0.839768599101474
0.930361228567604
0.971757638352437
0.933250742180322
1.05823007044283
0.959015570927504
0.97948185547433
1.11227376851684
0.946744951353976
1.12703188369095
