-1.014650525436
-0.879471766673741
-0.957319066122105
-0.924845156679646
-1.01386723232061
-1.10167700994676
-0.968325355342803
-0.813986698882501
-0.889423480048834
-0.955598522562833
-0.974267685180925
-1.03820285068091
-0.989071881347837
-1.05027848926864
-1.05022086513599
-0.965227156005575
-1.00148395504924
-1.17649459911781
-0.995307697690688
-0.997732395362917
-0.9898039195716
-0.959239386968631
-0.849488598693073
-0.957799537369126
-0.839253782750504
-0.952626595598303
-0.880181515802077
-1.05579027590682
-0.944503176012428
-0.764573451663348
-0.893104493852943
-0.856720793288845
-1.17576802427077
-0.859863869118971
-1.07744322520464
-1.04975119785472
-0.816209043542903
-1.07038703847973
-0.953046384281965
-0.809222730486502
-0.955258047742302
-0.867642420057079
-0.701186918777995
-0.744570740368788
-1.03298047362233
-0.850127319041813
-0.981465918917513
-0.994877014234181
-1.07833637727789
-0.788421528481525
-1.13552708014575
-0.98073262547359
-0.94375409408345
-0.693767019742357
-0.9391530518936
-0.787544932839311
-1.03776912507603
-0.997531462406197
-0.75406390564616
-0.918233389004314
-0.805794614241161
-0.973649440044415
-0.837570659642299
-0.835314473494726
-0.850450190183106
-0.80767904946062
-0.817352345773662
-0.949255079844938
-0.831290707226403
-0.809760505356597
-0.920291740565168
-0.826170065547312
-0.957285545094456
-0.67659575870198
-0.752968413272657
-0.728763692571712
-0.832631489951537
-0.759217745362669
-0.838239953910907
-0.833669791573226
-0.85116547651256
-0.753872661391115
-0.885299730874002
-0.740954864878507
-0.761091003046682
-0.686962117656335
-0.743787727932366
-1.00671787018826
-0.86240700283988
-1.01592826805239
-0.833957815710311
-0.80359265617648
-0.92874087764685
-0.779044583871945
-0.817728719435492
-0.660308202193719
-0.764335145118976
-0.915482492821096
-0.734887485337844
-0.816133028518194
-0.789850261010299
-0.851037448279383
-0.854177395251451
-0.822220128090969
-0.811570536402332
-0.821841988976631
-0.79898845496451
-0.957807549097109
-0.753356097535878
-0.771900635379028
-0.787164051093464
-0.834918717068437
-0.720493696238756
-0.830699880767854
-0.756719342381399
-0.652083190757154
-0.800291029939922
-0.621862764422329
-0.754134111972601
-0.673277726321106
-0.761903208799068
-0.828953252680286
-0.726912580633884
-0.866985221062638
-0.67491484452735
-0.634278623598218
-0.796800773667614
-0.753145567650724
-0.842504069375134
-0.695817493092815
-0.551672408159103
-0.740548971887163
-0.658326893822976
-0.87480443880171
-0.494747705039346
-0.738047874700969
-0.734708262678591
-0.804782256476999
-0.654227782807546
-0.64942587262332
-0.545388926279049
-0.584712506608657
-0.648614099148415
-0.643089235581152
-0.819719264080867
-0.803453861367691
-0.757707797145664
-0.713226756275609
-0.655465834628183
-0.835386351533858
-0.685192045637851
-0.739855510618203
-0.690284774907514
-0.796423479382381
-0.628962424831227
-0.619264286162727
-0.765085405218154
-0.605744079800472
-0.66172163169079
-0.707639341584292
-0.643566175454834
-0.667785818458702
-0.747076830539261
-0.689612104903317
-0.577538076392206
-0.601992077183365
-0.841650794654052
-0.54636014136744
-0.722480457524324
-0.645945463730699
-0.662938357479174
-0.676155667473699
-0.590362640254277
-0.646947676758361
-0.58263975097491
-0.687355118069787
-0.656148618345419
-0.481404004087983
-0.793947138739799
-0.635899113332028
-0.687935907256762
-0.567508738893605
-0.637578194029104
-0.556387029571573
-0.599198146159028
-0.572760775003847
-0.66492086157295
-0.538302042835915
-0.653622496627129
-0.568476707510847
-0.508540113461922
-0.712406908396389
-0.645501875715986
-0.600904328181041
-0.5938168171369
-0.743177566526833
-0.576334724976197
-0.615862537870454
-0.659245478866004
-0.708895772696577
-0.453223582638708
-0.533084912294506
-0.706698020591792
-0.593607891600326
-0.696925434275992
-0.648344232280131
-0.749905262772727
-0.65501145009412
-0.574371115022583
-0.490105810860924
-0.628717116611627
-0.541851966402742
-0.560769864242002
-0.532699769043785
-0.559518604472726
-0.550078753419788
-0.557383518939983
-0.625617128879391
-0.598919853108527
-0.681846812612536
-0.521885517187555
-0.576648902916213
-0.578759902082581
-0.602716832318877
-0.47704525472577
-0.473274004762336
-0.638215902011444
-0.540627077010301
-0.603733891859468
-0.548608226588802
-0.34470739150036
-0.509162629901488
-0.411001709754084
-0.60799705971191
-0.445067980994881
-0.656108287679724
-0.508640391212387
-0.518530346498339
-0.52941961885742
-0.600514831832885
-0.471357813825018
-0.540055488879012
-0.63490748116382
-0.624211552032721
-0.416904428507602
-0.456175009471108
-0.426191797194665
-0.556354857666287
-0.416532143065226
-0.462688701859229
-0.519383334791303
-0.498322318374384
-0.426246438034073
-0.587375326075533
-0.616173459902962
-0.536440922451596
-0.453599627088245
-0.452543479001018
-0.452544792563214
-0.367020179910435
-0.421840316143265
-0.588748631650449
-0.354149738422363
-0.583516803091082
-0.561622771913095
-0.472770588120854
-0.404094511763409
-0.277983045206298
-0.349114303976376
-0.320647947882632
-0.381422550765565
-0.414132851589006
-0.494883922548149
-0.539391319982117
-0.366680263133055
-0.499454976649801
-0.529705821535109
-0.43700796787169
-0.432896005186001
-0.470127698542953
-0.503735419490332
-0.37568078187814
-0.529056865774088
-0.286045985587461
-0.37752040321109
-0.380087824729424
-0.447537976393752
-0.465947293851889
-0.4889942332977
-0.327755607443622
-0.40772454563669
-0.477498663820499
-0.45977694633533
-0.402283746133513
-0.517801868156624
-0.298110983571645
-0.426998526371746
-0.453076168839651
-0.610442068470978
-0.418814843944089
-0.436705218621012
-0.366608771631709
-0.281625477912811
-0.317682607362898
-0.370751073158148
-0.35983903843287
-0.311093886470788
-0.270290867186432
-0.329497659780487
-0.32861354799437
-0.499681801820611
-0.462136562285739
-0.146714012373494
-0.512189749429797
-0.324071429133609
-0.353357285896452
-0.403807026134292
-0.423006616871761
-0.426860428349675
-0.366201855092908
-0.34402715543001
-0.339590265603965
-0.273709423642652
-0.352447704019523
-0.323411157596173
-0.294267411506756
-0.107485260714181
-0.294428187335171
-0.338438468690718
-0.155950937099735
-0.506190012517828
-0.387551230784058
-0.310701458997947
-0.284119682397466
-0.265041968885563
-0.220866536226484
-0.424139888992546
-0.315326552544369
-0.341757400839285
-0.361348142633077
-0.311562810104881
-0.209190629920153
-0.284899216780538
-0.463897863066313
-0.231992165124656
-0.180975143134979
-0.213244058532556
-0.228987187493014
-0.333448790176535
-0.28547872088487
-0.183581835672919
-0.379264514267042
-0.233573328230654
-0.333829662082844
-0.292749109630266
-0.258912036783999
-0.230216404923655
-0.297940031879937
-0.247411969009419
-0.350844384938286
-0.380597272318946
-0.324148861720787
-0.330904323690535
-0.213387171610719
-0.18384088699208
-0.194325734222415
-0.343908695127742
-0.278087481799249
-0.251731794981902
-0.163426290806637
-0.342725582117459
-0.233196123258287
-0.437324696057854
-0.191916999530379
-0.315305290148928
-0.302743724765829
-0.19681011675785
-0.295312975443746
-0.222049873080618
-0.272544720914526
-0.376130987848889
-0.269015448246084
-0.259125208842247
-0.363263043897812
-0.254890559583215
-0.259884790378611
-0.389194475134059
-0.200634543855668
-0.100908032614125
-0.231361570951503
-0.156349611197952
-0.28620681576826
-0.0797152912815398
-0.138709004674365
-0.284517832035723
-0.30639739875759
-0.116111199275829
-0.237370764015602
-0.367333930976097
-0.154898638521697
-0.215279462285504
-0.230344868511771
-0.222354204260656
-0.236888643198297
-0.302211207518057
-0.122551734262918
-0.0784233813251781
-0.316493918303225
-0.120546134642872
-0.145838640220421
-0.14089356585779
-0.208275702751721
-0.170366430973629
-0.26313720288996
-0.257988921899369
-0.0522427173602707
-0.231535117712127
-0.293955049203316
-0.202801948529474
-0.160204836905758
-0.0385843090545721
-0.232220254396063
-0.211419218595481
-0.199429911089504
-0.242333915070881
-0.182088326473594
-0.191122942456009
-0.168394836834437
-0.127826399263802
-0.0751811264448495
-0.146992332962819
-0.135997715020612
-0.223020077101734
-0.118264496352117
-0.0433590361777823
-0.147400967702688
-0.126618209474343
-0.380325308263911
-0.0950775217193175
-0.213191633547485
-0.0756204597661162
-0.172785698304891
0.0112200054905558
-0.126156709606999
-0.0716878935231892
-0.13362369432295
-0.125876439086248
-0.149359453961205
-0.0796268293019511
-0.0426082853678142
-0.265802503398549
-0.135192187410581
0.0576523347694525
-0.0619885327926472
-0.0413030891807701
-0.105199928152989
-0.089746656523145
-0.0533662920586372
0.0359723051642374
-0.00979131384204695
-0.0546987194419718
-0.112345935224675
-0.042634716562588
0.015304544086033
-0.0802366602211462
-0.106548917795187
0.0787607954506555
-0.156818528744647
-0.0182133304924415
-0.0181229815195047
-0.0867304725938972
-0.140067529073522
0.025490076193783
0.0520153991598469
-0.0441804323793972
-0.142123174975659
-0.301644397336119
-0.0527874223571743
0.0511943093260803
0.0133869721372647
-0.011485657588812
0.0445790187367256
-0.127305686715842
-0.0769960530165849
0.0638918923747261
-0.133918744957115
-0.122154457216692
0.0779914330193622
-0.256164854353943
0.0690499570265357
0.0324145699441814
0.112217580439632
-0.102393280319854
-0.0548111663523324
-0.0616142173686191
0.0966817548680558
0.0137281622986268
0.0510032647787101
-0.182210053694671
-0.123870572329744
-0.0398934562308501
-0.0905058667371077
0.0347663895216126
0.00386695770351987
0.0621221926623051
0.0843516393699818
0.000213264883215888
0.0965245145176521
-0.181114279974351
0.0081190477261662
-0.122250906723744
0.0574250108240254
-0.07159720160995
0.0682592613435589
0.0428693317493778
-0.0310071867938665
-0.0713814434355226
0.104617595086266
0.0366958902697118
-0.0330531340305175
0.0409542090754993
0.14364744026096
-0.061264834475625
0.0603034972691058
-0.00487243711971291
0.0574469849161934
-0.0696700758092184
-0.112720975259646
0.0737992039806225
0.135454756177459
-0.0446713675368642
-0.0664943997801506
0.165111797566756
-0.0155414041600412
0.0656375855550568
0.0238386655406652
0.273878051496469
0.068169557730529
0.0432833046250791
0.036524090408968
0.162476371969865
0.0446343015651395
0.0615835007760863
-0.0347881081463584
0.0165220730096631
0.0640657486027641
0.0958686525700664
0.0663892108275512
0.0878857203449862
0.201421865576041
0.081304122360703
-0.0139248670895193
-0.0827516551805432
0.0352741198034982
0.135802109596838
0.089542065363716
-0.0359711679263878
0.186078350405776
0.190706718784546
0.0432084179451445
0.108828599593937
0.0665726481196948
0.200818264417381
0.273396943802733
-0.0163570155437602
0.228340914648842
0.181527639506601
-0.108890696007872
0.154243082295129
0.146766316922409
0.0661299204888438
0.1506913367339
0.227112925190108
0.0905597664618928
0.0319852123592343
0.0868926838173727
0.298328717065174
0.245229537134034
0.152981938417989
0.198958301978529
-0.0351438018185001
0.24692221498789
0.229948919048067
0.0562370994189186
0.0911136901752874
0.0865598389945237
0.167544264513048
0.189639269674625
0.237462234542915
0.087322443234026
0.131791056099377
0.272639005290882
0.131935739883142
0.241198626461199
0.0673634239101073
0.193871499426269
0.289260831841832
0.236181263412054
0.173077815652443
0.278172465501194
0.116649141847346
0.325097238734376
0.158700782009497
0.326500020070012
0.222963551925581
0.0146876530771072
0.173094617671791
0.287926892123607
0.276299804135508
0.352462348067899
0.172972049485369
0.199228465244977
0.36802286420756
0.315112422466751
0.289921996912668
0.149523389702926
0.119310668549387
0.282541728444572
0.262172935692603
0.0114945108532643
0.251165052087583
0.27263078743489
0.193149058742674
0.292239908202856
0.176498840707711
0.285421452094315
0.120960427256579
0.257433149837085
0.198178772977112
0.390720675215089
0.404857114674608
0.247154708736132
0.118159397470851
0.276115665498383
0.250146951573955
0.335977763962344
0.115171342121133
0.418771581023437
0.293721053087307
0.240090628678232
0.14235601531217
0.304146878732657
0.257545765659381
0.278645239217604
0.158651191342418
0.235611078495288
0.286608844722
0.373974225049467
0.235855537513688
0.314009375129082
0.403666431307184
0.264849409064671
0.426894034679931
0.438531554101824
0.339038710456607
0.355218307307548
0.308533139608931
0.335925150515651
0.412337761743536
0.240430213616142
0.322131114182957
0.279875636086393
0.362311475551549
0.383130814425796
0.541730283839326
0.435822335306885
0.33730888895105
0.324912783647837
0.270964772044007
0.460609959464543
0.302884455194849
0.392076326353709
0.328723508779616
0.459531542366221
0.245203642276393
0.422011305352102
0.22134350910079
0.246742130544717
0.254627698661535
0.301308392032731
0.429713287700896
0.226099856335905
0.344990839689601
0.291763201664816
0.352570100139795
0.457659149055403
0.434799766489993
0.350744083820595
0.394247938359217
0.435115553103214
0.307729522674187
0.394039559862255
0.337466606272836
0.30440150108795
0.422415436084595
0.412000294342486
0.364822908239343
0.500252818332082
0.472819329909792
0.251245223793484
0.431975018878045
0.530537342161722
0.458774965307805
0.412773079945236
0.346755278401463
0.387652280965339
0.372876384712846
0.418850202725979
0.25554764841277
0.429067905336953
0.571177115798854
0.367979801596345
0.447853851582299
0.566358852665448
0.521391994129166
0.456646345307328
0.367556881983026
0.537658596344269
0.338121969846213
0.426983792683743
0.457582467879081
0.332824169100575
0.480583099209854
0.356925204035445
0.463059177988736
0.365033390000048
0.547035044916927
0.524975798806189
0.37101583888741
0.433884015677551
0.496300259113855
0.474033446699899
0.484702092377453
0.554232272256432
0.366733062871517
0.459972271535453
0.457999588410784
0.57158209905728
0.283076099894737
0.483643517517273
0.409251339737564
0.62679118619195
0.628011314767683
0.395737416983477
0.705309855647516
0.491113126177522
0.540355158303801
0.56035624219929
0.413787921260388
0.47393533597257
0.44318104067559
0.466261625892467
0.499835667709994
0.46686289481774
0.540299388472263
0.421251867451434
0.510860376345339
0.543236033004686
0.395746091244644
0.513851876598864
0.562618193333958
0.500924130896691
0.549678768639141
0.493100101750539
0.483007644710786
0.493411793006807
0.6094695165641
0.543311091171515
0.634866034916275
0.477007957983027
0.425019816693345
0.533862655404059
0.547961999239957
0.520280138140695
0.517470803829354
0.552446286496384
0.51003338263853
0.538895960647778
0.608047934497816
0.575868103638801
0.546781110662488
0.487809809446022
0.573335521129877
0.444994849735472
0.569423199601048
0.470248974333735
0.540511767258668
0.686554934979643
0.534560635803808
0.634242371672593
0.532644098697646
0.530339341968825
0.581212964348074
0.670936118246907
0.506847138322981
0.498713679282574
0.572875384068882
0.625858319580157
0.48943753417437
0.589125990091097
0.525808525348288
0.657525323910878
0.563969102862873
0.600506343906805
0.572594003553726
0.717104658378333
0.582615289273311
0.532902600975117
0.472115718317212
0.710709871833011
0.645923331752739
0.556079879232044
0.67779527137033
0.794492296863793
0.67154410074591
0.636265073980292
0.653951742711761
0.677663921671925
0.501223978536216
0.576720594964047
0.627875673790818
0.732401927228915
0.585825146185103
0.703588903473134
0.635844409423266
0.527228483102269
0.757061976661617
0.708937013945716
0.734779388411553
0.715810786670897
0.569582314229969
0.580598915012193
0.631731407873836
0.788919518234388
0.581093493449788
0.634495277550485
0.663652204857754
0.855215148015533
0.659230108295063
0.701890294928209
0.738084536889044
0.747956962028229
0.627770969616824
0.784727727252613
0.662785322189152
0.845463283276176
0.660968169142541
0.817612159715234
0.693505589644311
0.593883619901993
0.714775614486286
0.676370874204917
0.834499075096065
0.666034405140911
0.740681162848232
0.971468469616427
0.805271195555533
0.595962948186224
0.697196876421905
0.78807124912713
0.646738506809159
0.630987856283472
0.665217014153266
0.890984768702568
0.738144095297039
0.727210971272041
0.638622558157957
0.837855486296722
0.756566828563064
0.703705806886596
0.703697880349076
0.775931285902214
0.72332388194659
0.693741336695917
0.800456787178326
0.625301545632945
0.833346880884394
0.772736635082372
0.961809510652741
0.711805683842437
0.614988275455529
0.813749215945354
0.760703923152548
0.695636959621246
0.824270289202701
0.889165135683988
0.783142358413933
0.568851081424857
0.894118183611137
0.725984004039292
0.766724533069552
0.72307944953499
0.900755313950089
0.705363392000932
0.806538880925273
0.805219262531387
0.726466616783376
0.835384663822352
0.638055437259565
0.888168137225511
0.871866298982948
0.735123523071058
0.741497097332585
0.794778781344484
0.753841031874857
0.669293860155335
0.781241540462159
0.867943352143441
0.807234334121783
0.849311306737956
0.867703769527901
0.860359390218158
0.848115512443163
0.866684983727212
0.827715957485614
0.689148390493549
0.804820220211749
0.862213640514516
0.880497170618578
0.815403666041208
0.888152357079448
0.964197983891745
0.79263926677132
0.824043510828941
0.877649742185375
0.997311255017131
0.784773365867882
0.837555771521614
0.783134560706875
0.812203353805779
0.850252902926373
0.748668016210898
0.810001478263523
0.853002194871678
0.809189412173558
0.707487949209191
0.752828260590917
0.83006809507597
0.796845111108707
0.795473552119402
1.02320625564683
1.04187491910403
0.926081189909046
0.842277749674175
0.767660607760071
1.0092524562829
0.781962535540067
0.989835452749608
0.935837822048107
0.751910919006869
0.953908084777343
0.876057211956951
0.801531065835604
1.10732070445259
0.728305174858836
0.861618993379027
0.894467469940256
0.929771147322639
0.896144824077988
0.886101907578955
0.957513361487186
1.00289980972847
0.90844205049746
0.774671061352253
0.95104944141216
0.858897015746903
0.752526687968461
0.97424914839552
0.871358367488025
1.0728486431196
1.02634287988762
1.03236947211915
0.973342717981038
0.823625756379242
0.90083689717744
0.924379334149051
1.06607847298314
0.785686406628209
0.893374751203824
0.92885277018283
0.901436447282411
0.864366291566207
0.889762103024073
1.05561347026833
1.0104743780541
0.918715563386747
1.02991938183625
1.02004169969449
0.852817318454983
0.954639129489996
1.01009070546595
0.897584422247497
0.94612466584336
0.923131005178237
1.0411184653289
1.04400008291754
1.02037628672268
0.967271641988186
0.961876191099767
1.23252265999326
