-0.96695312976276
-1.01801745916926
-0.965955604005255
-1.01255073739325
-1.07822270554644
-1.10877280009561
-0.924992588860556
-0.90790395561538
-1.10698569778189
-0.796910175316988
-0.985195820990861
-1.00931512914992
-1.03696531353192
-1.03357548832338
-0.910050702368608
-0.915383217720191
-0.913672713298605
-1.04118605646087
-0.982466924609326
-0.943622757434864
-0.800366622031339
-0.965044023749845
-1.09002423728379
-0.920351153760232
-0.882259743632201
-0.884919611668643
-0.980137729469988
-0.986291362862246
-0.839662403909492
-0.881949265843556
-0.960054088249708
-1.06351402542354
-0.983542033958275
-0.980720387122995
-0.85645528477939
-0.840638765753079
-0.941050093421794
-0.776359815258147
-0.939869281340296
-0.873285953913244
-0.754615387428625
-0.82517104495101
-1.05721154981793
-0.958649644437928
-0.888451113608375
-0.876200420940391
-0.960620732143288
-0.902265572383556
-0.931465536953287
-0.784187267561945
-0.946285703759005
-1.00623905906049
-0.931462495915684
-0.890345493538313
-0.932852810675637
-0.888027931974595
-0.827054020568339
-0.840573283122112
-0.939657323390789
-1.05845095426922
-0.841849652732808
-0.979953059594266
-0.793819573864786
-0.774146812728898
-0.792749983140049
-0.82189172761615
-1.00307352125792
-0.816760160863671
-0.841086442568239
-0.764285258185743
-0.850147179402403
-0.903454058416372
-0.94696293227224
-1.17317922094147
-0.834002539331666
-0.822581256837781
-0.90028317101297
-0.97459655700758
-0.747355726018652
-0.813726531876288
-0.755255259003701
-0.871380621327175
-0.937143856150633
-0.881393070839078
-0.659071245390584
-0.770966205886784
-0.920039873889736
-0.83108299477936
-0.876200300753915
-0.938017554708373
-0.91977526551919
-0.764853076286797
-0.859453669582892
-0.743059349655597
-0.811753374387767
-0.763244034792772
-0.854991845063057
-0.715924021778838
-0.765850457109454
-0.74400655703379
-0.677859192521809
-0.719007204354358
-0.935703316900311
-0.82578491896687
-0.89551801753832
-0.597143541881546
-0.744634259282324
-0.729079386514803
-0.856881842637544
-0.634569100742053
-0.585013356129181
-0.697985361643681
-0.78266942888846
-0.984289455802417
-0.890232534169308
-0.892647637371299
-0.759098321081844
-0.741529346521882
-0.850774435163987
-0.73758325775407
-0.651342493354586
-0.907789119903003
-0.674721861207667
-0.821541780083593
-0.791154148346123
-0.711599190796584
-0.850413325934277
-0.611281679121597
-0.79368731434368
-0.754009456330095
-0.761519849858324
-0.76771853098335
-0.860170348954692
-0.682600901799867
-0.663245605396188
-0.741029132467614
-0.712930478968281
-0.723832581656128
-0.758075209471118
-0.752745858365403
-0.786347642364395
-0.631922667588947
-0.735920373552001
-0.681126162135821
-0.654642769329677
-0.601772443571081
-0.731312113577494
-0.673715085440696
-0.794593067856582
-0.576805445051624
-0.722227105682643
-0.784051879555091
-0.581058272930741
-0.761498909342541
-0.606735569710237
-0.655185878250791
-0.849258181639879
-0.629224453912648
-0.706713756753015
-0.596189015692359
-0.636269400541181
-0.678516742494614
-0.578391276157968
-0.726566189843712
-0.590578399261815
-0.696187273173376
-0.699883432525144
-0.654048404963264
-0.712712337797228
-0.603292837345891
-0.720819922394036
-0.667899348127311
-0.584649316424944
-0.688955531381612
-0.573042345222695
-0.538469650755129
-0.644595142466208
-0.738988701880563
-0.76819438859243
-0.69722151368081
-0.651029230363326
-0.543614239251416
-0.548661228524008
-0.553514038438831
-0.627706101667071
-0.605061316452693
-0.674078889137381
-0.524969598456978
-0.585999965597324
-0.766952243161291
-0.532994454978523
-0.616624469439185
-0.631045987839738
-0.660955525898851
-0.459133538639575
-0.764233126674542
-0.591156666305657
-0.5938745305309
-0.749028535650221
-0.5797957978747
-0.492839241303038
-0.670200149157941
-0.452646441735883
-0.677456221782929
-0.540486856014177
-0.618435691867678
-0.43656327859486
-0.596616195832988
-0.616832997705025
-0.596546886166895
-0.584114573351657
-0.723180111817567
-0.564966750577806
-0.552994834722105
-0.605479977716969
-0.530355235236263
-0.595889121506479
-0.5468781898028
-0.576738553431261
-0.578515652030274
-0.738465181168041
-0.651875646979213
-0.583935042470451
-0.497398234510553
-0.572816729476459
-0.5966080475646
-0.513271458587412
-0.555036140959217
-0.617584924051532
-0.604863920410431
-0.496585327650397
-0.532877134197755
-0.582065079113525
-0.627449737942294
-0.571443165409743
-0.544590028976957
-0.471865764002488
-0.612833315633253
-0.411077015737428
-0.476851901472711
-0.530552845215576
-0.519636566901612
-0.579492324478946
-0.543491179740744
-0.551941577426973
-0.571890171422691
-0.515060838394654
-0.591016501237503
-0.535408894752755
-0.441693450258834
-0.450395646013454
-0.532832987245658
-0.425091754022459
-0.436894049738905
-0.416601504933201
-0.437916350911868
-0.502130015440443
-0.423147697933751
-0.49298713898239
-0.606201373744802
-0.424033044077734
-0.521713733400944
-0.542641186787901
-0.547505436557647
-0.387292196529543
-0.249243114987975
-0.393678635221883
-0.454642110837714
-0.560405869628888
-0.462534144045172
-0.616609215926655
-0.459168105025328
-0.452872901406548
-0.433002348562316
-0.40106974850079
-0.396855832782395
-0.631471929555703
-0.461097883814104
-0.410512339783905
-0.336503601993502
-0.478413921430625
-0.356558402862324
-0.475840240052061
-0.660283255556152
-0.355990214230512
-0.524673826475408
-0.465068550847784
-0.436462287113724
-0.39720905307303
-0.444339757131409
-0.465479355946785
-0.257740006966257
-0.461077793623063
-0.354699739396713
-0.423500950679689
-0.293653633562198
-0.278372866090192
-0.439397524109858
-0.324475805011511
-0.2682890731693
-0.442850347155018
-0.33788348186232
-0.349948412284358
-0.254592192085182
-0.33129393166458
-0.314136303653693
-0.481896111444668
-0.433136042523348
-0.277269085674007
-0.480299665436763
-0.344018639233453
-0.421188389099209
-0.402542384876783
-0.363988257364635
-0.33628615658377
-0.37711969152794
-0.39931933667196
-0.389605913799843
-0.304395680229306
-0.41962408390627
-0.260637926735641
-0.443450354657657
-0.381884270358144
-0.440689143608478
-0.270514080212161
-0.463782021675409
-0.483774888820755
-0.283545185178373
-0.368643956877485
-0.253694773314312
-0.367324416054505
-0.441317599542125
-0.257716184191658
-0.498765066686788
-0.326823552405996
-0.179607221418735
-0.301828123818245
-0.37583716082215
-0.238749640489476
-0.32099746663862
-0.117415509091115
-0.387707068422298
-0.235373778153497
-0.326842624327681
-0.415323003690548
-0.225715226707208
-0.297734012208492
-0.282686922489984
-0.319309901872193
-0.350576777832276
-0.0357752143959412
-0.365386451986114
-0.333435796330255
-0.347659337577191
-0.230432063776993
-0.23852664909967
-0.3695193519014
-0.212158819564703
-0.384542065928485
-0.361144805200513
-0.246478169562716
-0.270743325679753
-0.348508634443275
-0.145579106228779
-0.229907707315592
-0.236334599538899
-0.232216860916564
-0.209188117203516
-0.23162868677781
-0.33491592229808
-0.312496299326814
-0.260241238447968
-0.267205709305225
-0.227526592607712
-0.317452001507445
-0.17939891254169
-0.26702393641345
-0.296344886878482
-0.281711637896525
-0.408356317175839
-0.344567910592108
-0.183564392221318
-0.163088044514226
-0.163254696954773
-0.239257281962954
-0.352833405341805
-0.282593979945575
-0.289022371776434
-0.33293043306475
-0.179040733180963
-0.251719620146838
-0.249833147961464
-0.126680597116844
-0.102950464296465
-0.214464434642142
-0.353846438583747
-0.0379582987656369
-0.164459418114032
-0.243973526540894
-0.36252997185882
-0.265680416250513
-0.263317842089988
-0.108003065097643
-0.236886286014165
-0.350646638674901
-0.173662430694992
-0.189313376731319
-0.209751579746362
-0.0638033196365796
-0.162659413546846
-0.250522929845464
-0.16171633280439
-0.204281046619115
-0.120689533285456
-0.257691981834026
-0.302380919235034
-0.045378592482764
-0.240466828363671
-0.1547210692519
-0.176951314093023
-0.29631025833097
-0.118903640621256
-0.217073686213322
-0.248531075957872
-0.0835091605641691
-0.103478080064136
-0.0796323194096542
-0.105466307512212
-0.300392147340639
-0.11422821720218
-0.293931852377015
-0.0182321076450168
-0.0905568388802696
-0.206822447935492
-0.14764241604552
-0.237598389322942
-0.190611952557236
-0.0531425956672295
-0.183204894834538
-0.130565272206236
-0.176224089837208
-0.181143168656322
-0.0487611107889228
-0.0617591458603439
-0.259171324674484
-0.0952664931559357
-0.133572197320099
-0.163289579282465
-0.18347754181291
-0.279667551663005
-0.168254359357166
-0.170503069856702
0.00181653585387555
-0.0840147133163812
-0.113485744602198
-0.0636932325200404
-0.125092748963162
-0.00773234468262118
0.0873289295615214
-0.068692632219286
-0.0717285445797059
-0.0643528505199256
-0.202565673149589
-0.0237562715712056
-0.225434349906848
-0.0387586782725096
-0.121424769574588
-0.0745485357486288
-0.0432450449478449
-0.197284473392175
0.00174480399185798
-0.148635817829614
0.0700179762219237
-0.0840529785535324
-0.0326938279713338
0.0606508826049413
-0.0640077374070593
0.0289684388717572
0.0135778254173006
-0.0291264989904279
0.0825985129618848
0.0705647826686702
-0.0384915382038577
-0.157913490699539
-0.129073217230204
0.0614009477625022
-0.0772664653356093
-0.209030859615477
-0.130829871646981
0.0445060281671553
0.0339060254078373
-0.0894866203974713
-0.0715286270420067
0.0782092276169061
0.0436138538225882
0.0704831434806765
-0.0923007132007984
-0.0267486200514396
0.0428714957022293
-0.0460508801438006
0.0902599382856411
0.0534226147474301
-0.0136946813039687
0.0773601792021955
0.0375111503125132
0.0408876154656983
-0.157019815207017
0.0473377592755828
0.00916716586704167
-0.160181083836017
0.0704866951118251
0.218366687390851
0.0812002541766424
-0.0224990827852907
0.0960744915674315
0.157783355605871
0.0915550389360818
-0.0173081013623357
-0.12071976866133
0.112440401348939
-0.0200336034402314
0.127502136820144
-0.0366644931432159
-0.006165955579403
0.0962298172054484
0.00222151665935085
0.106656022952068
0.0397730604515737
0.0700544498906355
0.0952412118768069
-0.0183337929318542
0.0806509720356805
0.172555108848154
-0.093151920100505
0.102541452378453
0.174241878950029
0.0405251664459058
0.0270141270182959
0.0901832547772183
0.146183351799512
0.111653956312145
-0.0449102413767657
0.0460205721568909
0.14840237556105
0.155666373803949
-0.0872460031389353
0.19198430309804
0.0933716429498891
-0.0610885550524085
0.11477319146046
0.144614780400675
0.21442114027744
0.131306955302806
0.0563271445484342
0.129473141819488
-0.0130360970104417
0.222450602081119
0.129321562151481
0.100994781301977
0.0616697374460624
0.0900617863870738
0.0247253036434199
0.0902950614159096
0.0955750955068489
0.119027804326436
-0.093698746801417
-0.0169018249417364
0.098965087487344
0.010309171288909
0.0582131755912117
0.043843280239874
0.271927591645288
0.230337076543979
0.232299713516713
0.276784799193168
0.13798574639565
0.0710464089435494
0.196584221661917
0.163784358741842
0.132957288642966
0.0711092018498814
0.264009979769753
0.0370466875998563
0.301072918427241
0.163670698865186
0.232900891444845
0.280038799039845
0.226321827391681
0.131629629397133
0.272376313353165
0.24342913565529
0.172694674566511
0.305858555042543
0.0780423573635015
0.246831415905322
0.080891160327624
0.136350009429949
0.0804534934794405
0.323409859146582
0.324093246633055
0.300947124214615
0.175717012801682
0.171676597265285
0.245860873249512
0.0690725640637235
0.288389205895497
0.245092445091841
0.329919691006587
0.163592897874311
0.0568011250013444
0.323605175278377
0.151773793668805
0.260583294200752
0.340388509382042
0.0681181012052589
0.260947501932314
0.205197233104297
0.0111377929734304
0.122246660892439
0.44912155578689
0.349202145162491
0.214850788396675
0.164622583619819
0.235179799217591
0.402930209453077
0.274495839420386
0.115527025249776
0.118840053158147
0.176094809985298
0.397535006438232
0.262567331948866
0.372435090825881
0.168811485288765
0.234009444196979
0.208156018300976
0.233987860254551
0.175496775014864
0.354509499976754
0.392303862947557
0.394495765030599
0.163621462118138
0.283858717383473
0.320458914447497
0.391748430340034
0.265499508990583
0.273386793929128
0.343802274172665
0.260735616370017
0.325305912312173
0.230021703200914
0.199724363251597
0.487978967824204
0.373533980046512
0.225425161841231
0.287009395403887
0.339825296960699
0.304478455581321
0.393060574088218
0.249693981415031
0.385549151456064
0.416933905073523
0.407668590311796
0.308987914915306
0.408813575122412
0.43679523848834
0.184913108936585
0.281309788905229
0.367089104429796
0.287128965053922
0.107088298180493
0.345581309104126
0.314951819632743
0.344525837369812
0.216570248382315
0.427418730092491
0.295049389633418
0.330385079122467
0.449419887483669
0.328574534806164
0.168081763495623
0.31680782059105
0.438189983268454
0.32384056098121
0.400436027680691
0.313969359416524
0.351578497609917
0.282202573465149
0.335460500225788
0.32290530042414
0.528813023119721
0.39740050725781
0.417337161582027
0.347847409622555
0.409159644436967
0.260476463686704
0.324617368983981
0.233719224141359
0.267896775803502
0.352428992313739
0.367290004220957
0.297691795317416
0.256381382527712
0.539588921944889
0.323546280434391
0.271842743144596
0.402738233837651
0.303261987032205
0.242629353503782
0.533879824921921
0.502651436404817
0.452085747605777
0.461956469093588
0.386438853148403
0.259894177545503
0.415155640992471
0.487205002342716
0.432994590278716
0.427977340533893
0.464524553102555
0.31041917772087
0.370236411335191
0.521038968654747
0.428573240186511
0.381145483413476
0.382237711266104
0.42944334079534
0.427243382358993
0.511526930744567
0.338646298763108
0.553399592366326
0.507524530053384
0.493376729131277
0.432454716924608
0.527216319666751
0.459462517454601
0.450900855322289
0.476923100686143
0.336329165450629
0.441102820161012
0.502770423848275
0.484459836666443
0.521274127368019
0.532800110051812
0.508957767513312
0.478047580500037
0.497530654493148
0.464800326600336
0.484936553761746
0.4805233009823
0.481767030401007
0.526028044361346
0.633177377991238
0.59667285111534
0.51636309518756
0.511917932421484
0.534530900050985
0.563038317699231
0.552158590632764
0.559767407676025
0.539765546808589
0.600919511305521
0.536980733562341
0.565998837144157
0.525426413987668
0.529453060954941
0.458624555276085
0.514990471254431
0.679081313665629
0.468107735883256
0.493907230336504
0.497052439028443
0.591630880526461
0.566557498155748
0.604909369829167
0.601838186542027
0.636317347334035
0.500505774820309
0.64330045811355
0.567124411374786
0.662196385478882
0.446491325305615
0.585545277258702
0.800636486004892
0.537247549241396
0.632866555439775
0.597299530058034
0.740839332187617
0.516054329836979
0.568614880432048
0.589414044108063
0.544303703084592
0.600270929616485
0.651233457296441
0.586861960526882
0.690863697887119
0.621367281372565
0.649655027489842
0.683528121517502
0.624418939973633
0.451056939893263
0.501996523532581
0.564870918532702
0.569727250120706
0.682549123509846
0.578270156320034
0.683870497981047
0.586598701981558
0.486048995682819
0.716596297210124
0.645534631891814
0.574974120682733
0.597982521193216
0.614304323015813
0.540939080381968
0.436845181801893
0.577127671689512
0.604849747258761
0.496106551090123
0.60018672154508
0.600975875454077
0.559288673319045
0.529373135258851
0.608123318954109
0.69936390061356
0.686575291659102
0.572148828244131
0.508483224135103
0.72908346379248
0.662432357405564
0.52685424013864
0.477666372003736
0.713553796419815
0.473844729288247
0.794740063329352
0.59756512135654
0.733351838679055
0.797486617705516
0.734078304435331
0.628112106864808
0.737840355230049
0.746561624773722
0.743884275896213
0.726970840709139
0.739522765545992
0.599023919459265
0.646550863748856
0.531162109837768
0.669971866730217
0.497582362777525
0.736288351044021
0.688036384596137
0.686029443085248
0.603163734558335
0.565537536106681
0.724592086348444
0.715186167701189
0.718544430307572
0.678146807647395
0.560005769650446
0.707351704519057
0.698647508951444
0.734992721328015
0.775421911466736
0.723896613904348
0.781410728317799
0.789634680056105
0.750740389051395
0.842097128811736
0.683129131252777
0.734694640721096
0.863012742316033
0.781698476564423
0.777173304308109
0.677743678289191
0.702221726699005
0.673253115972927
0.862686825586298
0.797171812400144
0.836577879503728
0.869000293483381
0.751986481720469
0.741166117955416
0.790695600607901
0.666438626254897
0.793517943909551
0.818981069271805
0.81466839273033
0.817147097389847
0.803041338462645
0.67275331962799
0.770734284564904
0.925984651900628
0.580411245153007
0.620866461156781
0.647053190605663
0.883500385184212
0.878803159624811
0.868706683915181
0.767536547999706
0.865602533933173
0.741134923654139
0.753568562101529
0.876657029375785
0.661200897103257
0.615569956995206
0.824970340607667
0.833216341185437
0.824991102480514
0.731283071038673
0.820509456799513
0.887441974948855
0.85703548446799
0.733033205850846
0.737423630461373
0.848609732014565
0.916769707256477
0.870479945268937
0.772106918286726
0.83790576123661
0.879996842521205
0.759046095896759
0.79785569929335
0.714994923974784
0.901328650434187
0.847707617580523
0.962540139901781
0.696868336206096
0.86194912558314
0.819612562507012
0.901279800187139
0.691779970788673
0.940374580929378
0.891005291907877
0.740943896919892
1.12880385107533
0.80404299271119
0.95401187501107
1.00320495394069
0.931128427234354
0.900412478812189
0.865684391326077
0.88685167365375
0.848244308809646
0.885356585231588
0.925905724713616
0.93064985679061
0.787241080944697
0.73617888021379
0.938260839094237
0.759851993003092
1.11192779177681
0.980713540196317
0.842692849355904
0.80530271098582
0.897327588454197
1.03281393617139
0.867938883696589
0.870014926302796
0.935860701861957
0.784034401894451
0.799155386148854
0.966503737667659
0.764510403078378
0.940213316709149
0.941040909145988
1.01969927240475
0.93742424740575
0.956596203806919
0.971336872918484
0.935406567411133
0.825216506931506
0.974221337915655
0.832907437630224
0.969689111088729
0.834484230042684
1.02574396592692
1.12278517609967
1.03248248524739
0.858528343459459
0.766603714448987
0.930562470546221
0.9898440585833
0.986017555317651
1.08129849614286
1.02757453773198
0.958869080110057
1.0067319195926
0.852471847365423
1.02206521123239
1.12517613322419
0.97692947250407
0.991145236642467
1.02105388117947
1.06916660060483
1.09256484288183
1.04123119983326
0.973643635105361
1.09508946593807
0.930352719247601
1.06714202651912
