-1.02424273988837
-0.895847982315928
-0.949678036504232
-0.924539051643912
-1.02548283217849
-1.083337716843
-0.980080243536212
-0.822563580865072
-0.918698441647784
-0.957356573565031
-1.00519957427024
-1.04443902119091
-0.987293954235286
-1.07059965121531
-1.06268575672884
-0.957116378568621
-0.997085657898691
-1.1600742419562
-0.988074852490927
-0.995510061689127
-0.984932811394398
-0.95225034378532
-0.846679502838792
-0.96284272433286
-0.834249993033645
-0.939915164241517
-0.898147394517793
-1.04825260935494
-0.950196438271813
-0.77533283299856
-0.908994807770584
-0.853776175500404
-1.1585878122183
-0.887082728130375
-1.08595666420931
-1.05656713382555
-0.831203574796695
-1.09075185469352
-0.95605679192172
-0.829480149589688
-0.940334664654336
-0.875415483291962
-0.705201053736104
-0.743423410172515
-1.05194655089811
-0.853000591383899
-0.987329302546591
-0.990524837182425
-1.07899126353791
-0.782840370986177
-1.12435598580553
-0.987290388300619
-0.948099029794746
-0.724255156199701
-0.926068538238785
-0.792748412331116
-1.02310481409629
-0.999504995303423
-0.745684746704529
-0.922562792051886
-0.786789842103949
-0.973505631467901
-0.826337709648743
-0.836923750121115
-0.84248870096412
-0.81509074230804
-0.82965139847249
-0.951095426479184
-0.827997549025889
-0.817993511727704
-0.922619012242239
-0.813022228132779
-0.940217569137485
-0.697981504070126
-0.762024611115998
-0.738157585378169
-0.849112964096152
-0.759842135809404
-0.834395236661543
-0.79423026255737
-0.836545062883317
-0.766683967290683
-0.911024859759435
-0.741700118997657
-0.76836012306141
-0.69879063969652
-0.730573712603355
-0.987105689263018
-0.864179007567444
-1.01634253511544
-0.8308149777329
-0.801196582116654
-0.92656588943996
-0.78623193852679
-0.802107894723388
-0.684304839269393
-0.789810037402526
-0.887285853649955
-0.711554274570436
-0.824547477622909
-0.784481891292186
-0.841135704800937
-0.856134573466762
-0.823232300158369
-0.80318612836646
-0.836106203697063
-0.789369976279366
-0.947209599366725
-0.735416875932764
-0.766002602513647
-0.782121566884313
-0.810014424441101
-0.709161239325358
-0.821351819674188
-0.767146018168922
-0.660125431356248
-0.773521120096292
-0.609571295199957
-0.758404367815431
-0.670663732408874
-0.759663918836054
-0.844193984097869
-0.725784309589161
-0.865163435984811
-0.670884006305249
-0.629808351667201
-0.80481777884433
-0.747483689470569
-0.85736007218902
-0.687958620009378
-0.562517114457345
-0.763255469155891
-0.647808987123719
-0.88141240439383
-0.470969783367583
-0.738032631753027
-0.740253469458914
-0.799554515879578
-0.670630331079772
-0.665020553169548
-0.568527333283469
-0.595659360541426
-0.661459518235938
-0.648833893970808
-0.795664794901607
-0.81302745082428
-0.752248100802325
-0.704712893402618
-0.649824527978738
-0.852486187252025
-0.707934252532174
-0.740009630970691
-0.689288097139008
-0.793128950103793
-0.662357900920046
-0.619495594779847
-0.777545285955489
-0.618897106655618
-0.653387648299359
-0.702465588745333
-0.654571326528708
-0.683638617860162
-0.736168988154333
-0.69052615719366
-0.593013718147449
-0.612300154783025
-0.863337148400763
-0.537368679665667
-0.723340449041388
-0.633100259112183
-0.668700300224092
-0.67595766859786
-0.584647618904262
-0.652334371383968
-0.58324020791355
-0.674021945890157
-0.643957628022654
-0.493806411797539
-0.787720193160905
-0.655701293153401
-0.681238694903994
-0.580510912932827
-0.651934712583249
-0.519194570840582
-0.597678827906652
-0.581033352955097
-0.636921011783848
-0.524549339539543
-0.664101401665193
-0.588163092652077
-0.505373116418476
-0.720181145688691
-0.654865749691856
-0.595585201268052
-0.598891398327241
-0.758416185094985
-0.584790891449601
-0.619391295746881
-0.642986216699949
-0.687019015206504
-0.477168982568775
-0.5547264231133
-0.716081576660021
-0.610173254217937
-0.685902257025902
-0.652158574762653
-0.76309066763127
-0.629219271102319
-0.572845937826934
-0.528952699314555
-0.627465263913418
-0.537651557811641
-0.567043567291849
-0.526847219395077
-0.554184684057734
-0.557872766094559
-0.559520305834171
-0.621023147771707
-0.611122511150899
-0.669306534289866
-0.524716388323347
-0.565253886134811
-0.580027632631798
-0.583871695912675
-0.480169415236863
-0.47201725433715
-0.669305500354637
-0.538105718653245
-0.56977300131477
-0.517602597392562
-0.343711197902098
-0.519794643897224
-0.387106789802505
-0.602334653175002
-0.442262291563766
-0.646717214587244
-0.522100053619334
-0.508136735916506
-0.516941000109852
-0.593154538692957
-0.459650130281515
-0.547018861267653
-0.636434007958015
-0.628398593159051
-0.42392044143899
-0.443166529986405
-0.43861705186251
-0.5710514485574
-0.437370618155618
-0.455051226602338
-0.511346269611127
-0.499670736843072
-0.428001932599556
-0.578936171158263
-0.628998997414621
-0.527368825529045
-0.470964866396433
-0.435158946439699
-0.447999921635007
-0.367416584631735
-0.437039895753604
-0.607105332784617
-0.390484204152929
-0.586451314284623
-0.578150784615369
-0.475974121336991
-0.417582743461475
-0.275379941807752
-0.326786778315421
-0.313951443740022
-0.387588749090906
-0.403672395461151
-0.487791903105949
-0.534551374425211
-0.384910053831144
-0.49581884870727
-0.529156729776175
-0.446018414384803
-0.436701151985325
-0.466208107392758
-0.487655303650268
-0.394505844249809
-0.521859804169759
-0.278197898877345
-0.35926983987278
-0.369250278358013
-0.45049784102784
-0.465188860191575
-0.497436664194914
-0.32708836734973
-0.415017017225146
-0.485467059611689
-0.477257309558005
-0.416549255408209
-0.488985833078954
-0.299961360007992
-0.443260448777802
-0.445661836632057
-0.595255689260731
-0.418553601655293
-0.425067818598991
-0.405362052045629
-0.260026641434728
-0.317605681861662
-0.39072914814127
-0.379008522945685
-0.327802635588205
-0.288541492271617
-0.341624426746173
-0.3386581087482
-0.524871322558835
-0.446183592373994
-0.151548638124111
-0.515401375585342
-0.323349241283186
-0.332849511906723
-0.404470131491871
-0.436822872222992
-0.431209651777062
-0.366681209206922
-0.356054933987615
-0.342885476279808
-0.273391470395679
-0.371831604917867
-0.332453238417596
-0.316648680059682
-0.125727251504456
-0.282227012325011
-0.343098962232713
-0.157580272792322
-0.492670024681426
-0.395209302695315
-0.320406978247791
-0.264201612562936
-0.279266662167721
-0.214777758968906
-0.427911865094862
-0.309911580598552
-0.326581927223833
-0.372253706578838
-0.311478290388174
-0.224240267562332
-0.270093165675078
-0.462436579003809
-0.210595111194621
-0.190895687018654
-0.217279247864625
-0.198205060763654
-0.34456915648248
-0.299131305295719
-0.185043486246317
-0.382220470112592
-0.224136020440427
-0.329636865572444
-0.29650070553191
-0.275616465605978
-0.239918683689605
-0.302459971569073
-0.237264899416138
-0.328348683398942
-0.379370591282366
-0.323505076542309
-0.354664461949111
-0.212995520587385
-0.178545822070779
-0.18965822411282
-0.353711799813712
-0.267769403777995
-0.234161477891684
-0.169747935402158
-0.3296286859905
-0.225512370702075
-0.448921735311686
-0.189365114879327
-0.305123263888471
-0.307019269028849
-0.182876102105619
-0.279750078355835
-0.221252220031159
-0.265349757771551
-0.375774542840621
-0.275839613993877
-0.252018560145716
-0.340593375720365
-0.259480110335078
-0.293973459761083
-0.377955608370992
-0.199185305177617
-0.0916216781140544
-0.23472970750481
-0.168982842885392
-0.274721347392604
-0.0777130569440799
-0.153409275060056
-0.283618873257756
-0.315305564842934
-0.115537771373871
-0.224721104420402
-0.377194363932994
-0.145762665634192
-0.197220873179812
-0.230344701285688
-0.224505558197469
-0.260414039073404
-0.307706105479543
-0.122015285549866
-0.0741962540874305
-0.329116048538011
-0.099381209852533
-0.14321084709956
-0.138990758507782
-0.221919984576673
-0.18359229882968
-0.237036568865118
-0.241915877046351
-0.0591339967089975
-0.236064535810352
-0.316389137535014
-0.192392200814776
-0.154105767710228
-0.0625557940348457
-0.220989785769262
-0.196614478487498
-0.194313302686494
-0.258114406502226
-0.207451116045726
-0.232557952251064
-0.185574588286625
-0.115431819545848
-0.0762578624027175
-0.133822656283927
-0.121662063780796
-0.229820435450752
-0.099904569100814
-0.0689423354338636
-0.13804072307299
-0.112783252529939
-0.390216324950402
-0.0979439740294204
-0.194321918567165
-0.0398632235447037
-0.144340828697992
0.0126067372671307
-0.0993480109169331
-0.0530814452178858
-0.142757575900021
-0.0981051635693324
-0.174094387997034
-0.0924450216010541
-0.0458694014435353
-0.279978786874891
-0.148169876006157
0.0682239755623633
-0.0428782954424635
-0.0535701834098179
-0.103121008836768
-0.0935664429633323
-0.0788626351051838
0.0234727312570774
0.0104589515535201
-0.0474532272764527
-0.128025137812693
-0.0489872528981295
-0.0039165765991392
-0.101635723186583
-0.0935857425638772
0.0758302689070652
-0.168949457307588
-0.0115179942973593
-0.0270583094202505
-0.0940370569684114
-0.114483171041131
0.0202999157508173
0.061939727511607
-0.0537513838802833
-0.141921819901286
-0.290092539023027
-0.0778139925682092
0.0486660219040284
0.013762236198239
-0.0271115329373738
0.0290546026138923
-0.112673691217843
-0.0654479580129272
0.0645744281816442
-0.149181807503082
-0.108321839943901
0.0875313881490669
-0.244738783638147
0.0612372822371303
-0.00604433647632205
0.120399473819106
-0.105520333285157
-0.0582608092302023
-0.0821120076838921
0.0821986624435446
0.0237670664343447
0.0439349448912936
-0.187883754537142
-0.128918439579793
-0.0501114884461009
-0.0864931444987059
0.0336845796529737
0.005692071055084
0.0708762361604103
0.070808051996243
0.0161333751209926
0.107743588550285
-0.170998468764921
0.0211843239566575
-0.145296616045389
0.0610399299266139
-0.0618438715571916
0.0690300803914391
0.0638400007307943
-0.017598489242132
-0.077073734158465
0.108669192915922
0.0351464973804906
-0.0226983966968498
0.0368831684117606
0.150535324425815
-0.0792725800925159
0.0622102982067882
-0.0128736888162166
0.0627072104543062
-0.057531658892517
-0.113537960627436
0.0805923530436504
0.0988866166459139
-0.0321967249955937
-0.0493005836862711
0.160814619102289
-0.0186056050802323
0.0683838552469902
0.01524898353072
0.247000162606786
0.0766317610215547
0.0297228943989738
0.0368018817333514
0.165623833244231
0.0407489269444691
0.0792981707385618
-0.0385219410348788
0.0126690244039282
0.0549098315413332
0.0778581502826053
0.0941625374150372
0.099877251797214
0.192630042738146
0.093110327103934
0.000553198923979097
-0.07580515630938
0.048280726973116
0.160541146528551
0.0942957468867127
-0.0358065808806095
0.167703560686393
0.182562004517533
0.0658042501145217
0.115357560361896
0.0599323600119414
0.202647604371154
0.274235608325499
-0.0202600837367738
0.241861089168149
0.165441836443643
-0.0915928992099799
0.135205628958707
0.147665712424246
0.103633821131444
0.172709211058896
0.215075817555933
0.0830170784869538
0.0294198746833236
0.081621771454765
0.316938903199266
0.252441844056942
0.156856661241875
0.186341707621806
-0.0207702290683786
0.251327353937922
0.223888624665656
0.0678538819393942
0.0624663806406746
0.0677068967202163
0.174764823765784
0.186350466581219
0.23952239513245
0.0769698783540122
0.132072954492214
0.279372917522245
0.130679226638212
0.225050286293645
0.0765728416004427
0.199189845451549
0.279722805177565
0.251108446380341
0.133149663779988
0.281328809420651
0.130196858718261
0.328309301785546
0.178791926683023
0.323159266965967
0.201372618266432
0.0127077769150458
0.158365732734516
0.270401710410578
0.276602287780876
0.352504576187533
0.189024538813739
0.206272371391415
0.363716972891839
0.30058299355586
0.303796473457616
0.147812931675676
0.0947919784471608
0.281761374390222
0.269451032784352
0.0244649892870113
0.256005583988849
0.24909544945204
0.16806534595456
0.301194848441313
0.198434377150892
0.271284892923859
0.136547520749008
0.269449349036208
0.214616420111267
0.385123357938578
0.411206289792635
0.250677466100347
0.108270051116273
0.263331331009826
0.253100000890704
0.344065197730102
0.118211197548328
0.391031764031507
0.316651172748911
0.243248442633488
0.148954376099741
0.297139410755817
0.269501458419896
0.260878972251339
0.139233525215773
0.257630071899962
0.261379750371361
0.355893250127915
0.226775116851853
0.316281335942491
0.380773751157638
0.260995138228456
0.407170625335777
0.444011707143175
0.333058417304784
0.363514903744564
0.316180314491468
0.330416294240719
0.386832519359352
0.245629252891189
0.299884381544302
0.319604184082781
0.350628285928259
0.382428601775297
0.553286850858341
0.409568961793257
0.342760607438562
0.324509864785716
0.280110967194557
0.486703129681815
0.322378302045663
0.413573161123718
0.347298667893532
0.453267384625621
0.246479974557681
0.405530845888148
0.237936908685924
0.230228867376239
0.263107718676835
0.26350559060977
0.445103322344178
0.236513241636759
0.357883441822617
0.305546333983504
0.341970760832373
0.471894555031624
0.451216970157221
0.331914233332673
0.388251670794429
0.411338935112992
0.309158627655953
0.389068385283278
0.325950890868178
0.302494122347862
0.421913040746292
0.451441386409503
0.339555826064898
0.477341575164514
0.478918173794253
0.240464272991628
0.435680982103088
0.535672297745094
0.460796664780038
0.407785094205624
0.3587795697568
0.38183483688845
0.368755624126685
0.38612507275994
0.271185504328976
0.430713607343507
0.547302591957553
0.346597681694541
0.464366545612433
0.574943777533125
0.497552713829855
0.4493467890261
0.369464834935494
0.537904324097793
0.358886345826517
0.401485268616639
0.48969993606706
0.324302401153711
0.480220154267236
0.370698540741484
0.45431032780401
0.344329825994017
0.541415380359084
0.520736459810232
0.347358465153969
0.437314112728247
0.497365060578478
0.461988467883411
0.486137478744909
0.53486768567811
0.390543008737351
0.447104968832252
0.474001954753154
0.595087362107036
0.295239616679278
0.487332381212026
0.425801065881916
0.618201455029895
0.634088582836971
0.388729779278979
0.704409864397248
0.493994227341519
0.534295368028821
0.566750377426228
0.42125557117012
0.486937223408463
0.434924946939449
0.482695010173085
0.497158352551891
0.462737081511738
0.526231189390079
0.427481410941147
0.516779237331589
0.550556150715257
0.383147910424551
0.538957097509564
0.555972840432943
0.497232775671489
0.555934179596276
0.488940989408882
0.499962241976543
0.483562445353516
0.623147721067263
0.546420101037446
0.624497599549943
0.482362765707091
0.435942920774977
0.534944580071494
0.536035723471083
0.532494893206631
0.507073800186247
0.54253383382778
0.506661848078606
0.529318483610911
0.584298487976501
0.55890637070205
0.557094292558324
0.487785145806391
0.569392970792809
0.468034574347601
0.565138951862152
0.480881817296837
0.542035879165564
0.709619218858081
0.544541193989384
0.610367864646423
0.537931016844038
0.510673696300573
0.574427460060543
0.671331021277668
0.504739791749744
0.505871947387424
0.578962200163631
0.617074626891142
0.47150441655817
0.592759691936521
0.520721641642922
0.668388679019082
0.589958334272748
0.603299842337261
0.58324668461517
0.708423385466549
0.598771709773778
0.54661528772104
0.473365942840851
0.703483377646701
0.636460421401505
0.56174111380753
0.680491186343896
0.795772245870316
0.668611561356641
0.610583613480528
0.651126895626817
0.674609037264547
0.491991794702379
0.584161779029347
0.624346489493842
0.727748669706886
0.583605828865069
0.709501334707846
0.619380397797665
0.518055481672188
0.757212737557911
0.69443609400421
0.731983128533073
0.684956997486108
0.565776683186089
0.579215362484189
0.646597100940248
0.791198100028025
0.583282386506322
0.619452326214399
0.68643995342904
0.844725290832102
0.648797846320003
0.682376286363907
0.706564573078991
0.754389501665385
0.62137847201391
0.766297661739684
0.652757637761212
0.832805140443936
0.646552843071961
0.830208760176151
0.693260511202873
0.586558075006022
0.706465885959505
0.662334954652585
0.834426235407793
0.674317298951092
0.768135481946162
0.979071833294259
0.811743025386638
0.583776917739321
0.682650428448529
0.793978159416612
0.638740965331355
0.639061037722543
0.673785640520411
0.904483949926399
0.736886934913948
0.708805475286799
0.625076710586909
0.845644172050102
0.742344970241033
0.693346397373433
0.717468971350119
0.797424773574006
0.723935627044471
0.708818057478718
0.784582651875973
0.640080127570334
0.830166065448328
0.763446870747356
0.979984989262222
0.706588888128912
0.627950443034551
0.794821374099968
0.749314729260553
0.702745422791565
0.847895228835885
0.878447587590672
0.765175687351063
0.579395872107273
0.856736531753864
0.721152407341733
0.776464385322552
0.732603132142584
0.891165653165432
0.722426476608545
0.827633015619396
0.830794057304383
0.710620991713927
0.837102253378051
0.634198130166383
0.903467828391773
0.882829907424711
0.742109194907293
0.728181817731224
0.791838495409949
0.736271767271813
0.646245719944429
0.794555719887144
0.842813811893347
0.814987333867548
0.828814795743698
0.879141945622972
0.86571984368095
0.849907290842486
0.887229296753384
0.815113918526195
0.694234853389297
0.813707961716121
0.880932971448087
0.906224301972952
0.82352438591181
0.887815356303436
0.967168297013548
0.789837859588985
0.842435967400866
0.852558356128091
1.00599195408114
0.786361978887206
0.833107203314015
0.785912055092272
0.838016839726796
0.853262215509454
0.739723227777301
0.812718394287183
0.855808998160933
0.804524678076003
0.700678415619813
0.773602227062696
0.799938447467783
0.810751749648707
0.789771241702698
1.01309377366842
1.01867845779542
0.924605972085407
0.853082620786935
0.762989438870828
1.04056512122013
0.795471515040195
1.00502355637972
0.929968154791959
0.749219202776961
0.973274003723577
0.875383553322261
0.809915360583429
1.12795885787601
0.737615556661711
0.859483439889982
0.897105912781654
0.926119171326682
0.901033266680736
0.87685832816681
0.979123091191599
1.00526447039804
0.930488975516523
0.794007573042553
0.934916391646586
0.847752980296195
0.765743184939627
0.983375876527867
0.843398992314364
1.07888615315375
1.03482539129806
1.04663190744251
0.967893859672128
0.840909483826802
0.903465619370682
0.921286246895016
1.06380750200024
0.781319215478878
0.915696459356239
0.921870070350359
0.904473077334195
0.869638644420774
0.898246139329043
1.05029131631388
0.994452142588207
0.93511057778036
1.0324037315946
0.992638762322864
0.854168560348707
0.946626256680459
1.06061520911884
0.892126884243111
0.959788834585076
0.930082654312559
1.02982629194762
1.05214555670381
1.02139908566427
0.974410028311565
0.971896733677347
1.21913090012841
