-0.907845330302353
-1.10511376619208
-0.985681493779152
-0.908611033717953
-0.939976425362513
-1.00708003675876
-0.981490835643892
-1.05061913800345
-0.974977986634035
-0.891403288984124
-1.06350376650386
-1.12500021998597
-0.990431039882072
-0.948956568068319
-0.930462518991447
-0.924535488689807
-0.89278692955768
-1.09229727348967
-0.990815209256415
-0.728299582895808
-1.07777691836909
-1.00370931492264
-0.852840515299975
-0.883787773879652
-1.01940837987345
-1.00285688639702
-0.915908122138937
-0.796983996884547
-0.991359072284695
-0.998584822404966
-0.857068204876697
-0.845541006787467
-0.967808878443406
-0.919386990255964
-0.961328716060534
-1.09984568025083
-0.790996720069451
-0.998992447185059
-0.779578204771138
-0.884959438458919
-0.932301228697102
-0.920260478937386
-0.953145109738294
-0.879475327908842
-0.996953092147178
-0.934774584790366
-0.840412781159887
-0.913033920872112
-1.07363861038486
-0.982328353943998
-0.909482664202886
-0.922494424965229
-0.840073919063692
-0.941812190813517
-0.767739347617685
-0.837358615216654
-0.803828357392543
-0.874158606983907
-0.906459744385477
-0.879561842616608
-0.860845692003775
-0.867645620096907
-0.885274524726997
-0.913789143984529
-0.791481106790651
-0.946944972994231
-0.87764803378598
-0.91610470016371
-0.782884351506274
-0.80025590967342
-0.764398108300106
-0.77291841573693
-0.694985867868106
-0.891298702871293
-0.856846418184463
-0.807318659461193
-0.83288050344655
-0.698787370297979
-0.940393723134666
-0.744336302421457
-0.85402341958306
-0.825718856731861
-0.797714907396305
-0.768429941654786
-0.834754767780176
-0.779826633122776
-0.929179117039822
-0.857120375021859
-0.736059622918296
-0.649423894776962
-0.839704583207488
-0.722976012183703
-0.688802709849912
-0.881989405597347
-0.786056404330553
-0.997506317454599
-0.693338686177199
-0.80894413782201
-0.732654511425017
-0.767625887677087
-0.703171347866689
-0.845178120506803
-0.697412923855923
-0.883041126659883
-0.76275203726183
-0.729675079993295
-0.649796737161019
-0.643714719010789
-0.836258679192604
-0.889220722964074
-0.679993207094086
-0.819188962260246
-0.669485508272442
-0.75738478739582
-0.814556916596673
-0.804856091382961
-0.749325551144706
-0.750976149652708
-0.604227536913753
-0.614549122733102
-0.598295916689997
-0.69271194366821
-0.761723709871839
-0.727633559350656
-0.826349137478311
-0.807440036442674
-0.545791502095807
-0.73744721428879
-0.743904269735574
-0.610673614368982
-0.74051595395454
-0.841023235526418
-0.558391400194493
-0.856969943457766
-0.710957339205764
-0.705058907404719
-0.772542128206042
-0.658894768054308
-0.790983866130465
-0.817138021113401
-0.780618212828707
-0.740944761722379
-0.795620654861434
-0.75853192772078
-0.753623583543012
-0.732507027052863
-0.720460187734441
-0.71122084393723
-0.765525566832638
-0.681900791507781
-0.57865954843537
-0.748636001225089
-0.641823579230385
-0.637745880308681
-0.597557259018254
-0.515561168920382
-0.657011494827137
-0.656943053092757
-0.564693362531328
-0.61623104251015
-0.714927179455899
-0.660088899325616
-0.71123375644484
-0.78830949322879
-0.68917526883359
-0.506907041103502
-0.752625677317882
-0.692460575478247
-0.726563633477212
-0.759543610662783
-0.679198604917939
-0.722501121821523
-0.739817750197267
-0.739801343579435
-0.712836091128827
-0.709261701685668
-0.692240896220963
-0.663903567945473
-0.751526695428491
-0.755801899220955
-0.431418402784004
-0.520784686396329
-0.538945230159392
-0.542085412835262
-0.707667685499957
-0.589872263932237
-0.463731639226138
-0.553623627397729
-0.646212119397228
-0.763429417261351
-0.666258542864435
-0.678065465754644
-0.633446989907894
-0.553275721081917
-0.615405463976261
-0.802185959225081
-0.537077130252752
-0.67009743038847
-0.571253930791024
-0.676337554729245
-0.652470976662243
-0.734013412174
-0.609774271896234
-0.673618633711509
-0.709502261254347
-0.649921641900485
-0.577672540594761
-0.553218664357352
-0.703978286649105
-0.477899471677562
-0.623731714230751
-0.436754979538507
-0.517415373106039
-0.685507847434858
-0.525022954168745
-0.523413591533106
-0.529770457381576
-0.600406344492805
-0.639939201778646
-0.519608786582735
-0.686944791302913
-0.488456878004658
-0.581782551480217
-0.579382487422178
-0.643120607574434
-0.503062016606064
-0.500853434901211
-0.521567788773634
-0.511986754236568
-0.643090843258452
-0.481290661376584
-0.599525114777949
-0.68368505570978
-0.557912272822004
-0.487640721307279
-0.515537041789159
-0.555472433501102
-0.519988475788892
-0.556809266781639
-0.500661049733418
-0.464242438743518
-0.563641300150454
-0.616691584986072
-0.635699560495886
-0.70650412498937
-0.512316225645681
-0.478684780572105
-0.48266212237128
-0.473167260025687
-0.461574152894773
-0.380040175292469
-0.504772063479492
-0.471901297363846
-0.577112096688025
-0.382669253287479
-0.550812480523722
-0.561163878117855
-0.575469437456349
-0.454383788982821
-0.504717928225202
-0.516939227961112
-0.358587630352911
-0.45006571087724
-0.568285030453967
-0.380954199620802
-0.377324858740164
-0.382493974212617
-0.426781561496706
-0.549110390680794
-0.518201936405792
-0.525872756378863
-0.372071783173277
-0.361839963945852
-0.374646940777405
-0.534276690290128
-0.244661503789259
-0.459869709518579
-0.431775411424741
-0.419725413822097
-0.481765212008553
-0.373795310484773
-0.474212074564369
-0.374881303516218
-0.409685784465357
-0.338643894388573
-0.408289176152667
-0.397550127847039
-0.276726830601864
-0.556019029099007
-0.282680969663915
-0.428828801152623
-0.374198292683289
-0.39550116604953
-0.474123487117553
-0.313226367853839
-0.317548291018745
-0.418200922068343
-0.370738570265842
-0.364045423764869
-0.412478245824279
-0.184722938166938
-0.34045535470771
-0.475292746807941
-0.290562266604192
-0.272155950773527
-0.330607968452898
-0.432837833562403
-0.445155589012665
-0.379101271690251
-0.407824540157735
-0.475000585377296
-0.425048778387043
-0.352749057612114
-0.436548509176319
-0.391513385747268
-0.287206357455054
-0.320652864582681
-0.365511507318931
-0.273623254084116
-0.316557931731068
-0.428160290262534
-0.467086097777135
-0.452714787719069
-0.265523536487722
-0.238910478672259
-0.373721223747068
-0.313485326934535
-0.24196750820465
-0.359834779675291
-0.334541732870352
-0.337780375223462
-0.336822195961694
-0.227297701655878
-0.377864788574655
-0.351743311130255
-0.230183281365686
-0.27233161161485
-0.328560591574072
-0.315368028810333
-0.3946676039729
-0.36852662334667
-0.345913250998392
-0.239278365137727
-0.371401838323669
-0.335077189378375
-0.289771284505826
-0.203027939289113
-0.231805087058781
-0.334268506499859
-0.258352260471387
-0.256944722017243
-0.215467104910789
-0.311366494280082
-0.19951619267302
-0.23567323492911
-0.291278277464144
-0.403512088073131
-0.184808192778948
-0.318233361236804
-0.315734148732719
-0.2127402037098
-0.364502331683199
-0.273280909207651
-0.400445809009896
-0.338209421638433
-0.212717427931762
-0.329604195271711
-0.386654323992242
-0.29290044837174
-0.111365723412917
-0.208383492847148
-0.289330863924796
-0.12106567001764
-0.153867102560001
-0.334470574068543
-0.323344543106889
-0.188669355297061
-0.333511871983614
-0.29883395867271
-0.294075833221256
-0.369475593358399
-0.274923529630826
-0.286486378175052
-0.358307307044396
-0.192890530932777
-0.376722732443192
-0.189485939729854
-0.44972781891645
-0.26906292121151
-0.253030568844923
-0.243420465522074
-0.214143816032216
-0.136141184953525
-0.258216289787751
-0.301496756023107
-0.20233318982646
-0.181562269262687
-0.208220520082824
-0.132824172143353
-0.217850636249119
-0.206681211082152
-0.0433072452150313
-0.299744131449244
-0.199226145082915
-0.167719478939635
-0.234606573500295
-0.0630431499078205
-0.214566145141231
-0.2692502500807
-0.174707376562042
-0.21260926125621
-0.370372582902517
-0.195456554815213
-0.214072458510399
-0.236469908745542
-0.124602355999226
-0.225732554956109
-0.156674636251224
-0.128383227266248
-0.19060938326004
-0.178196733690921
-0.10998826473007
-0.159290369106899
-0.2167170033646
-0.225446575995156
-0.119407158571987
-0.064686316901848
-0.0581652789709338
-0.0785739822602615
-0.249745370572402
-0.263254193083395
-0.0455616585463169
-0.1994271647204
-0.252015109172063
-0.105594681746106
0.0130455304349834
-0.289813206090332
-0.202514228683595
-0.176592857744235
-0.178112564196247
-0.170218777902626
-0.331109345787617
0.0268499471852439
-0.0678813776479458
-0.0828173322289495
-0.0532718785117015
-0.159814566571177
-0.158242482612309
-0.247264534219488
-0.0344945801465882
0.0542551309084264
-0.0288155382013975
-0.149461245105645
-0.204455958763051
-0.0497582623067226
-0.0853793533767802
-0.0252800770455639
-0.0869314997229605
-0.21967444060988
-0.135489710340017
-0.0965284675948085
-0.139291734239476
0.00540740369693207
-0.134909758051391
-0.103107635091103
-0.12495152344143
-0.0297584529290325
-0.00734536465747903
-0.142247272525091
-0.109579434779613
-0.0194443257034274
-0.166389770587951
-0.00597130020752595
0.0215986702259589
-0.117634278345802
-0.0888139752843523
-0.00200805538201878
-0.0511606212340176
-0.221712065897743
0.00661350556889325
-0.0550102768515893
-0.0830558560183344
0.122946053989461
0.0269276570841694
-0.102383644158759
0.0189373956546008
0.104976650172457
-0.180972419522977
-0.00851887272783284
-0.0782707950949238
-0.0530560443582012
0.0580987944737699
-0.143431713104263
-0.15910716299471
0.0138750888001508
-0.139294145105634
-0.0517624434070953
-0.0482934866666532
-0.169911747775489
-0.0818167307393816
-0.0478055560469154
-0.0520238340781803
-0.0169822752767235
0.062224658197503
0.0310597169192847
-0.0350028707722425
0.128511896426607
-0.069820317242255
-0.0694742905246701
-0.00151869620766049
0.0802899327568194
0.00407041648063718
-0.086911220838415
-0.0123997740704169
0.103104283647407
0.110426876064277
0.0401947430851788
0.115073537685949
-0.025471709790176
-0.00591507988144315
-0.0493053907814803
0.0673021879662654
-0.0361265753013077
-0.0750798002029767
0.257405694883942
0.154244197568359
0.125447228169612
0.00540386157132546
0.0462363053903767
0.181730561489143
0.0580947764205068
0.00860469391937667
-0.0294056271281895
0.0662947821619468
0.229427373534125
0.184177170518168
0.00352941093191338
0.0822773884854793
0.0487603435779551
0.115104332070336
0.0852303349509581
0.0403182129444987
0.179072685910385
0.000496868832113718
-0.00598508353243054
0.0819589017118453
0.0880875358322002
-0.1132729865539
0.00916208240136429
0.198107304239779
0.119118807315574
0.160349622922075
0.10708306730808
0.226440115383437
0.20701153134267
0.14871482257944
0.0450573346470581
0.00660562482959931
0.135794245625314
0.065654868457195
0.0996451477196025
0.153341993996903
0.149418290945048
0.116789022421124
0.139181179531801
0.0616552218757327
0.0915981999003441
0.228682600510783
0.231117905198768
0.215612517803229
0.152457488215577
0.16258016942445
0.21000379138274
0.323130683300046
0.243976130406484
0.267592423413527
0.157150844312355
0.168483876251242
0.121064849631832
0.160368564440351
0.11539846873662
0.166831528265119
0.103620139026344
0.169582146693642
0.0956662488540022
0.214975097744794
0.0781484105540674
0.241889558398568
0.0373354782281216
0.362508615695133
0.107226184164608
0.263523044040221
0.145993906222988
0.247377280008351
0.256981364201405
0.142561131271939
0.147031348230115
0.291775099146817
0.236648918231702
0.0960592776807393
0.225019478524307
0.147956455992929
0.247012868918764
0.294659059733294
0.276379495590656
0.307692598708866
0.258040983932587
0.127421056342863
0.228260743807848
0.335606989910421
0.213929961945619
0.424973633133895
0.16099716852033
0.165760039710395
0.179836955310494
0.221281805800775
0.119562366649042
0.362901386958745
0.240209829729642
0.261655811220959
0.169146094566229
0.29916456978771
0.272461808240764
0.155039866349562
0.179712207351602
0.350278989488534
0.221163437059792
0.228121530368341
0.179348810405069
0.372785522008195
0.397896612276021
0.332531051815532
0.411009257534397
0.259048289799817
0.203495435893746
0.313792708539025
0.451826496132135
0.174257424367457
0.216459154205916
0.245483341413352
0.260163499459968
0.162598135298635
0.216299362854323
0.259873610632633
0.268713298363346
0.346482459407434
0.201816084711193
0.280863816020892
0.297120507320389
0.265311233274252
0.380970402465473
0.414005100663737
0.254272157431887
0.426973592809299
0.261668828562132
0.41936658929251
0.230301710933975
0.402832042338897
0.320117018587588
0.338842255549382
0.138748054534263
0.467163336356125
0.360425786595492
0.333954089556932
0.326912602945064
0.226762769283618
0.263629758863869
0.290900491259388
0.294686072205983
0.357263903479667
0.176980354830067
0.304783438538682
0.274930964694372
0.354865796546883
0.314543484871426
0.231029540446269
0.348679977128118
0.476633674380955
0.294344610529521
0.385062737942231
0.343495513006665
0.302978829611749
0.400014809193233
0.433678879711182
0.491639131349555
0.274535008236455
0.436326043852672
0.463735950805886
0.379940895330112
0.402212484714297
0.422066887357299
0.448053834198033
0.384456087957681
0.448235137110017
0.490980380802469
0.461220778591209
0.318531225088673
0.444789174431038
0.532915889031745
0.419396941071354
0.371557435837567
0.3654551229797
0.449143012587589
0.656039386971907
0.443984994458875
0.502140573163592
0.329534788407315
0.222532867627507
0.357340399851212
0.378803995084436
0.503513454274599
0.328578352973825
0.434197383086056
0.246927335883392
0.431539138959417
0.437316865666981
0.40576265344568
0.517857832157547
0.469762486926896
0.651550078141412
0.545596321239348
0.491170962826845
0.61630000380408
0.605951727687847
0.405998497006896
0.60643448505064
0.439102514786026
0.420761178706069
0.477742149117623
0.362152685768036
0.443076317411091
0.554622189253404
0.65593082198823
0.716797654161266
0.401205477840704
0.483206591106764
0.401200349675735
0.580006321940727
0.472467135079216
0.499344083403736
0.412085655104357
0.321986933508232
0.4287875739547
0.435731771821659
0.494503426600371
0.576943999292653
0.548934450059722
0.502816380384763
0.438657110873621
0.630033530513077
0.439020305437099
0.438065268258742
0.406724603505545
0.524079643584355
0.433992700347755
0.33158478670195
0.570623350885012
0.539081759664152
0.492915256200083
0.563755316975145
0.54655864198232
0.452141186328599
0.430214020544725
0.531212927404398
0.686510413634855
0.595930930915743
0.445163682723327
0.43135015515392
0.592206992143674
0.495658383797333
0.626086462946668
0.573844640873285
0.494126986063321
0.612815328706455
0.59400095358873
0.547136017319705
0.533845745268631
0.676279657823601
0.487753961180996
0.498558875470365
0.591128814261298
0.624617135030595
0.485060654141758
0.598200274263937
0.591732411339108
0.333414524117855
0.65848392807702
0.481724538576892
0.33943438849883
0.766608130413577
0.647991676888945
0.600658675461697
0.51686916631143
0.480174751140692
0.632247472167899
0.568007342158831
0.659261404921158
0.621974135811415
0.623985365629282
0.624344638998367
0.682641438962682
0.629769736709536
0.612245532857112
0.638127140068294
0.589682624124935
0.653699751843209
0.74021956482033
0.551847526410346
0.478128226671847
0.523829329722968
0.730403774485951
0.670127348114219
0.723418592674784
0.503362439430658
0.645547306872164
0.555551572890609
0.621210697191844
0.541529393467487
0.599189512622579
0.647070160029375
0.729839886109327
0.627974489224085
0.733216443138357
0.648316537953077
0.608031537101217
0.572639065952859
0.533444519753569
0.708308494365198
0.855095072380208
0.693360847846523
0.73995961777937
0.612795333845
0.746172479288472
0.785387566972601
0.563349998220074
0.6669346668104
0.620669030675931
0.609146600541268
0.642371708234071
0.734921212835606
0.617491788274692
0.626265630586561
0.667659979835837
0.549567311429636
0.621251997167959
0.728958209231022
0.550489448858992
0.829814647235432
0.642446569157841
0.694780451909314
0.581931397102454
0.749900749734063
0.655523274078355
0.731981549254526
0.824065342777618
0.692849720327036
0.801709942404552
0.687479428710344
0.683340306858978
0.762456218055984
0.843154473198478
0.880562577816055
0.62280610904274
0.682139831811392
0.777787759644863
0.853836948809325
0.730209342006687
0.658927999443612
0.661700481611222
0.756395726006458
0.699015607790926
0.657201013261133
0.693779700760424
0.709225779010676
0.814577832690182
0.693787987502774
0.734477977972835
0.834000078307373
0.854648310928653
0.774435604941816
0.74987600160705
0.695860462837932
0.712513935189247
0.605691436865617
0.753711069120024
0.605739869498072
0.768057668025361
0.671671053860165
0.872458688632307
0.908979230931454
0.794434944013798
0.883927442193825
0.770300992381409
0.833815606897256
0.781589507512816
0.699443019336772
0.700632487965259
0.722597939692002
0.735741827599072
0.700452687557281
0.688494134209948
0.65477634424512
0.806415451453266
0.683211899027797
0.785419415013721
0.728522122201548
0.770203574937904
0.740841555439744
0.751975563082483
0.80786846930415
0.853340447183762
0.807038312105496
0.783399713628151
0.754552628593402
0.867628577768394
0.920335629028427
0.98947629803233
0.827729824395665
0.824893901701421
0.873487405051104
0.756343614432842
0.948844783672315
0.768379494747389
0.821537989996058
0.895550110427386
0.968207894132541
1.0326860842394
0.8397974920838
0.816217854974754
0.798634386935224
0.725383748061197
0.779787753194816
0.919243376981601
0.925198130079701
0.896177920288289
0.982510458574932
0.76409963938021
0.917089828395507
0.89933271493123
0.746476478569707
0.766083536028722
0.895959329109048
0.821706306194247
0.909112811403233
0.978280206642411
0.899176983668886
0.947136555392457
0.864803170540667
0.89936596500697
0.90002140900826
0.94006967753401
0.889953209847088
0.964841852599866
0.864719268275777
0.895989262913499
0.978050219679931
0.772095149384577
0.954630205668871
0.91147954409705
0.746540606556469
0.711727291118833
0.922929756674663
0.8316442217142
0.90778738399971
0.82453284263062
0.914658286732364
0.916795103959405
0.993697140291864
0.910013932305308
0.947698012487069
0.933100571791559
0.814084724538741
1.0541666443726
0.96678899172167
0.949613182440029
1.08561206414605
0.894380776252979
0.902412858304176
0.981987175021918
0.996487932980465
1.00667817463212
0.854885219721491
0.97024349558199
1.01999988741431
1.05504437300296
1.04385829035702
1.18458279462893
1.06519514905885
0.949037674528825
1.0673733760151
0.855033427259708
0.961700743373409
0.989811252070984
1.0562771509901
0.949341626355055
1.18083548756245
0.922185330484905
0.983555308256802
1.03539422697996
1.09943927579219
