-0.864153503822145
-0.964989292287445
-1.03906934346867
-0.929492359909315
-0.811093933439492
-1.01456397932324
-0.921068017974585
-0.972599483559452
-0.959737153357263
-1.14479540050956
-1.02836831827335
-1.12756060586543
-1.06715379589277
-0.958434943103746
-0.855795437627321
-1.01638739436719
-0.934620253995664
-0.904276753779596
-0.936591014694769
-0.849144989207233
-0.863205963652633
-0.976429964478656
-0.92285958791078
-0.918511845057811
-0.914473121931906
-1.03935385267516
-0.974719270590572
-0.872759761457954
-1.03418439271976
-0.902260703790571
-0.89088165580595
-0.882654444005142
-0.898384435206041
-1.01968618352882
-0.814513708225937
-0.938950299203491
-0.829865567091204
-0.948469144728195
-1.06684686071278
-0.804964291353067
-0.73538179769271
-0.800277257973255
-0.875414669839981
-0.928451094569798
-0.968175495331973
-0.838135382593315
-0.866087242849802
-0.903389240775605
-0.828765494757788
-0.950182218188618
-0.979693647031809
-0.915078249289361
-0.896220213803505
-0.919944598625051
-0.839215580727595
-0.952138359310418
-1.06060119188477
-0.92662928937075
-1.08148449059119
-0.997107943954086
-0.79717282078123
-0.863873428979189
-0.883544489896391
-0.886234989761317
-0.750460305529111
-0.932209642761229
-0.807492795993476
-0.832654080439115
-0.781557110169289
-0.902461529038348
-0.773533279723057
-0.843601290248077
-0.763640800725272
-0.864703705989376
-0.810563681637337
-0.805589115001854
-0.986773087437231
-0.866987412340716
-0.832067826227128
-0.822795405457531
-0.803880910114931
-0.755178830349239
-0.897490370878408
-0.742038313284871
-0.891863976375248
-0.948388199869594
-0.763399042419672
-0.824879051132382
-0.767331899160917
-0.814205956495164
-0.895950468056509
-0.628573423730605
-0.765348545680192
-1.04047236518077
-0.838182299816562
-0.622917073218138
-0.818689932086474
-0.943146893943383
-0.760221007819411
-0.809358199005589
-0.755982729185512
-0.711654106830128
-0.844559554615789
-0.882960449041214
-0.662201207414762
-0.792384732656206
-0.818340776967909
-0.837057047282764
-0.802802813955486
-0.889135798019495
-0.764379161473665
-0.744401721428459
-0.738298443232738
-0.693669896316733
-0.847372593834913
-0.744985970027785
-0.748560242478805
-0.828740269129407
-0.729933755381777
-0.836434458469533
-0.92138054759936
-0.745290806214694
-0.653003993086288
-0.616374013599205
-0.562531491308602
-0.663668170106042
-0.786466730565038
-0.752789865389298
-0.837845879442024
-0.637092404562848
-0.648731210943365
-0.715178823377767
-0.74339704904999
-0.784054460179723
-0.778633831608207
-0.772762541462387
-0.725833886434349
-0.570416398511526
-0.72040575777545
-0.614622749558267
-0.670816389083859
-0.787672535903928
-0.67539809064859
-0.886109761516224
-0.74846631029815
-0.607251826002044
-0.604146128144485
-0.706142738288564
-0.718606293796344
-0.550758919120838
-0.650121135050902
-0.69679761383698
-0.646686236490976
-0.652118328067911
-0.660811789066821
-0.751451056077265
-0.644058523221609
-0.876387326011698
-0.701904697785052
-0.845515953108322
-0.679595868518457
-0.558075893086919
-0.658051928425267
-0.746874791115996
-0.771328335590264
-0.736120851028835
-0.723489976320371
-0.676176023814134
-0.608907990285949
-0.657467497464581
-0.755562757290292
-0.730171447187806
-0.605828682405261
-0.663139816890621
-0.565792241985162
-0.474306726559848
-0.625325093644706
-0.644917402899448
-0.62402059912511
-0.664127942066925
-0.834035286467193
-0.697668704281235
-0.687851734267774
-0.83139273664444
-0.712435742492453
-0.727971501115121
-0.645238537351086
-0.637993687221612
-0.632086020692898
-0.53302253415435
-0.672319435681036
-0.626253127977882
-0.613420332826222
-0.69994643957819
-0.618655429803317
-0.597337098119691
-0.442058365818493
-0.69296665746836
-0.682448844155357
-0.642976040018257
-0.511283928464288
-0.562775369582997
-0.436913870810138
-0.589794917125048
-0.578512859715501
-0.404605512259204
-0.538865886851034
-0.516012659854749
-0.466798090538032
-0.567905368882362
-0.563017076959198
-0.456352429040731
-0.601448698385578
-0.498458980066408
-0.421017650266228
-0.541393067431748
-0.567230825730116
-0.415769621381368
-0.746182621014192
-0.441836308467093
-0.504687463017309
-0.434871351244588
-0.624888170003322
-0.66046840729062
-0.581681228828328
-0.617901166034615
-0.56250350441876
-0.514324625994951
-0.47383604266584
-0.518055978229524
-0.50054631531218
-0.621577582657838
-0.43688208847446
-0.485843892214803
-0.54537885789575
-0.505185570612702
-0.551602142620932
-0.506824998156357
-0.597060831556353
-0.465494135203323
-0.517032099616626
-0.645727090137472
-0.422223239541104
-0.66143878935412
-0.594035530084181
-0.56666453370924
-0.437248576679494
-0.490845295313412
-0.425875874575742
-0.550468859741953
-0.30519193835601
-0.463019262056225
-0.428155957046816
-0.523042224729447
-0.501748542041242
-0.497570263645394
-0.527728915521074
-0.648281269406073
-0.486974083598131
-0.479118353756581
-0.564147975975771
-0.506538683324493
-0.363965921413948
-0.505824722384863
-0.538144792914622
-0.339431579408323
-0.444618874243799
-0.39666568623437
-0.5422058325291
-0.4254725079812
-0.396750970949471
-0.548946629940033
-0.572996278027772
-0.584214769520436
-0.41462624991853
-0.380825151740989
-0.321431947006747
-0.379802557003249
-0.603018518527777
-0.357143021271441
-0.481572379076993
-0.592947538243402
-0.445866599686384
-0.495999124537064
-0.483500509491716
-0.442635255628748
-0.422599111825127
-0.478369000307678
-0.409814621950895
-0.479171265072311
-0.516382380285607
-0.452863112488684
-0.337951814015214
-0.397396004376423
-0.465892145108887
-0.285766153669037
-0.23014537751666
-0.378779154649322
-0.310540244397569
-0.461612038082692
-0.5147791677687
-0.303917134405861
-0.386642740157528
-0.391053058029379
-0.323357139402177
-0.267170640877933
-0.312257868884482
-0.373783493078549
-0.334325520493801
-0.260035520400404
-0.40704167038924
-0.251749687370916
-0.483961731908956
-0.251796294825056
-0.32690631600463
-0.427262498106554
-0.372105042145034
-0.466471660556352
-0.268897935872311
-0.27878907897655
-0.357208398685714
-0.353878252743333
-0.403438686090093
-0.296500643745851
-0.385861254079272
-0.243905571876553
-0.330133290530658
-0.333371291189002
-0.391923475326108
-0.37722538852839
-0.389915787954071
-0.296765981890044
-0.218794431518363
-0.377156989412963
-0.428842891603196
-0.174848475672755
-0.268467248995861
-0.366016050638075
-0.317777728988906
-0.219849030844834
-0.345971605214314
-0.287369910278214
-0.232336223840081
-0.313319790136899
-0.432729181042504
-0.277472300251616
-0.283261725584419
-0.244965953994498
-0.267558519356346
-0.375517000077404
-0.286296422961758
-0.370771235795845
-0.313681091108005
-0.247104430037288
-0.433289432719872
-0.203536415678107
-0.167603964496642
-0.313917353599091
-0.240396907562669
-0.361685505025713
-0.270881214172199
-0.3311827043391
-0.262111072983174
-0.138763779834545
-0.276523960510661
-0.478669606337761
-0.422625692937202
-0.289515622531137
-0.190707075777782
-0.322242718315022
-0.173439669581246
-0.284308952237931
-0.383287142663614
-0.27294913061213
-0.237105740982874
-0.348429194000142
-0.147566332151248
-0.325983282757871
-0.265153302903312
-0.380759588084995
-0.25025585739683
-0.263205021970835
-0.35696922199841
-0.298330748013402
-0.111796547590323
-0.212109614041471
-0.263409024840891
-0.205288240775038
-0.332127434145331
-0.243207996291449
-0.22925302386466
-0.168594854207515
-0.118105405456799
-0.105255789792417
-0.248490701379877
-0.316883065998107
-0.293445870090469
-0.223096772344469
-0.139119378327541
-0.214044538249066
-0.157602203955747
-0.275167521657932
-0.144528316877414
-0.138088663756971
-0.208632697907911
-0.139308460273908
-0.107301780129621
-0.210748080311692
-0.33892346325357
-0.103921802866915
-0.105499658943575
-0.10638489171333
-0.229727414207886
-0.333557876639086
-0.0637421251843922
-0.140480379507635
-0.227753259636887
-0.0422574964859123
-0.34244571280298
-0.117640284785758
-0.00780936799956639
-0.20797619839135
-0.141778393575088
-0.0865062974447868
-0.195543622973778
-0.145617148410278
-0.115769489716644
-0.213053605910507
0.0388375265602867
-0.219090775795902
-0.2210756718693
-0.0206956062209451
-0.201118337853276
-0.193454923063424
-0.172506126725696
-0.0903725926097629
-0.0560180922240427
-0.140077014595778
-0.177034352636598
-0.12337347224563
-0.149358009268471
-0.0675266123716421
-0.0915604262554509
0.00853188768349516
0.0147653369328064
-0.232027001041771
-0.0512382041885561
-0.18872179404087
-0.220163573198231
-0.0732290891322946
-0.289930528670224
-0.0442430838868696
-0.0391112115449011
-0.160870567758126
-0.15106380670394
-0.0367084067397752
0.00403271395517428
-0.115635971194181
-0.0580280575926964
-0.148364559208737
0.00069217798200843
0.0118034058757694
-0.113823080903531
-0.0525150669325097
-0.145421852588255
-0.0713681050148393
-0.0825675925991493
-0.0588702916446299
0.139028442037694
-0.0965559696385884
-0.0711481790269771
-0.100301022457065
-0.115698809464379
-0.0115744939182475
-0.00271948017306962
-0.118396059677611
-0.0791329419693195
0.0447877339960952
-0.108774228935264
-0.0218184978216943
-0.120743579983014
-0.0527306591758561
0.00646831546516679
-0.219860504900701
-0.0965744979924095
-0.0851217293780471
0.0102931995667009
0.0677218216073557
-0.00306712715222333
-0.105122870097925
-0.0438281033995824
0.152239902499658
0.0447223039141163
-0.102101196757628
0.00773961683574021
-0.0194386810179943
-0.118248811433736
-0.0234413030156801
-0.154887687719157
-0.0678344527411821
0.0455535419579834
-0.059597011078566
0.0363325647983079
-0.0277453197672843
-0.0192023182719374
-0.0171673023483132
0.133709376603873
0.0386162535849368
-0.0714900867992691
0.118059361342112
0.134284117781023
0.106207375826545
0.0814045325272078
-0.00858542024021545
0.23315517041916
0.0137254304068539
0.00380267927280672
0.0177486488077443
0.0852173701183371
0.119417738108035
-0.125179277414812
0.0994926643008047
0.0332814723752694
0.0396685498604136
0.0609768433703844
0.0304766709842499
-0.0421365006831839
0.0944755305137085
0.11906235289483
0.100571926548254
0.0456992219491034
0.177292345933851
0.145962923622219
-0.0516426438207627
-0.0262042830761063
0.0572087776566464
0.273753133213031
0.0851368927125752
-0.0198922228522428
0.0375604409872241
0.133302668723274
0.116896145249033
0.129219821023254
0.030992623139405
0.0841613257612637
0.00386310279107015
-0.0292534398997323
-0.0556205316971673
0.0167691033521782
0.00410794827764805
0.127833504777009
0.142735123800177
0.148551567060777
0.208807374177326
0.194939916384
0.118158868787663
0.120084074833583
0.167268734764414
0.353771028455028
0.0539138061447213
0.150646964655109
0.195508836767875
0.324936424116907
0.107998894113044
0.262059033276459
0.0930772265729542
0.160266642298041
0.269223094394349
0.125671862623534
-0.0199685481219217
0.21049181779663
0.23776206022498
0.221508151776032
0.0767497920850121
0.211825170861685
0.114493432017133
-0.00245612385445663
0.084535745906886
0.185798199951116
0.0849762220027198
0.0674561583845903
0.178056850042911
0.104555134949842
0.297986839825837
0.127415942177729
0.0352905630045812
0.102715424054487
0.134166624732904
0.066005309966206
0.317486680644541
0.0489944970505365
0.196558621336457
0.190489197955637
0.182084076528971
0.283396953808602
0.314419548276115
0.196070240476327
0.139041522311711
0.186253379945698
0.158684520590844
0.315725783929714
0.142550918356632
0.279304011253821
0.201184015015326
0.138099582104268
0.177265103182778
0.220933147703278
0.244651981348034
-0.0120757649102822
0.262190915584252
0.217231245584063
0.202552191976428
0.0505054939181939
0.146090474342372
0.157687748082424
0.128910305846188
-0.0307656321345819
0.432006288450007
0.0771699835393573
0.254374654296391
0.289923580656801
0.291860152657997
0.179862808471172
0.23444665389658
0.252443010988967
0.207429190194708
0.24962457221346
0.137997648428677
0.279651609943457
0.28699520222501
0.246017265345197
0.213130272850626
0.30355253173455
0.245634808270649
0.245264488565009
0.126457669991439
0.28303337663957
0.218141080956501
0.275603703525122
0.323379820187387
0.234289258943801
0.291528061465817
0.115637615262328
0.326792343242095
0.354187313004445
0.35362667470026
0.271857860786871
0.302494463726176
0.460507293039866
0.252462409879264
0.294808359704265
0.431857276018997
0.266534938574211
0.311551962355609
0.373611246839956
0.329754696682394
0.366208696496124
0.249431485170891
0.394319505979032
0.19072086165075
0.460203485458032
0.4804503782268
0.39556321863191
0.413849242105556
0.41304688226156
0.412814838657933
0.384814324735335
0.337111686055066
0.378069680792799
0.261599326404075
0.469273114743221
0.283483894280404
0.312730318762691
0.137461562595774
0.311334930790163
0.233465219294042
0.33436751208399
0.337575133769997
0.384037138372996
0.358608989522827
0.340736062008342
0.312251695589194
0.350004516618304
0.403994963399352
0.438445199506266
0.476029825162066
0.0938175791750296
0.231400710301965
0.418140331454366
0.529266343777257
0.454353943904279
0.375983048560643
0.301910139299142
0.260764566897022
0.223948765650632
0.487691868184455
0.360395846891427
0.592162940070939
0.469304752088708
0.310372453766217
0.47307874717553
0.363085484762328
0.368588804062718
0.369246045226277
0.439395766492646
0.24489761659314
0.346192027522053
0.429994969725281
0.468201366498588
0.447546080719838
0.450460330900484
0.399199103665097
0.514462445677986
0.396269177636809
0.371532595980377
0.492718753700073
0.459200918063822
0.566872864938422
0.549065173744833
0.387622230838232
0.580882760012436
0.362801436783281
0.634802151775227
0.518139752058752
0.534139326240689
0.408344935674502
0.442280045205565
0.39737994568719
0.391483752524178
0.602648796392171
0.469351340455019
0.324103530352286
0.365201797189445
0.319183278302178
0.385245909404486
0.462338285843349
0.481636557898579
0.444658554002368
0.508025370316838
0.392765695824375
0.557585184033437
0.465609361846232
0.53399737843969
0.357910114972967
0.39328167296625
0.532135911820332
0.534875716676858
0.434023139960165
0.394627220585021
0.456292909520999
0.520335908092409
0.537018719171262
0.546871874278648
0.380321781415102
0.452948025732046
0.497269785819688
0.576064560843767
0.500287021017804
0.532166043046499
0.625006482458973
0.400669155614451
0.597997065146255
0.556600369697086
0.457839939871676
0.573529679111174
0.684968013149409
0.44413176408603
0.507076061157688
0.442133393844658
0.558696224882309
0.552039033182846
0.637268489503992
0.50131285447393
0.649104488340213
0.506702385800345
0.422811906742942
0.545215234334068
0.527336473801329
0.598734889339972
0.532066068068688
0.56416367697257
0.673533638014337
0.547781443450517
0.538269004059059
0.541706899884566
0.680855547508927
0.617099372715888
0.579364913826105
0.592218645148591
0.570109294280111
0.581693824705319
0.571209466556466
0.524186667162744
0.570408936250199
0.71931825290158
0.54691482594719
0.688789032159957
0.520485568729477
0.549279090357862
0.511948678627765
0.64781581118261
0.611016001682926
0.453146339407591
0.742719201112356
0.77896589486436
0.749844445810689
0.637402811849336
0.581496141309112
0.715259143310145
0.69926729396073
0.481266293941615
0.656742975216612
0.611661704188019
0.685939075041936
0.688517765439207
0.506726263978201
0.680527828482796
0.544620559623427
0.636191523516917
0.72249367522158
0.670676508549915
0.733602110938379
0.549867382326652
0.582642228127562
0.700596924021535
0.534933778661563
0.651405424777812
0.736397609134038
0.670488226830654
0.617517003733003
0.731099972248805
0.787007905818128
0.740029919508777
0.667076049571457
0.737554568855304
0.738034971060279
0.512641463226022
0.802673945194412
0.636622374793217
0.810217223105031
0.630817823571254
0.804566254505511
0.62383774964446
0.65857028452229
0.654152217435818
0.633498616564693
0.680831308219075
0.683534019015405
0.832121305491671
0.69918737840399
0.618981275841032
0.667082099665287
0.775219095027914
0.608423433969644
0.610802658828137
0.874173305808478
0.668912239206856
0.684423001297664
0.777356697453843
0.846900016291312
0.581385824483361
0.62608235393066
0.580819422429983
0.833236253928027
0.573436117594393
0.69974877051683
0.641366751902508
0.753238039076527
0.77708562309794
0.861684271804001
0.643031789827809
0.682650585764604
0.728605548918671
0.864713403555076
0.802485349760787
0.667716925771773
0.772425891565258
0.810451701927183
0.669670519265883
0.676190273033407
0.801456378102016
0.753694750293496
0.747570328131821
0.738221800526947
0.807632357569499
0.84710430288552
0.819914292760175
0.61092710527953
0.671000117977585
0.693175968345562
0.660272479325706
0.733550352856346
0.847411056144276
0.693979711510394
0.958033188176178
0.711758863060673
0.686809654135172
0.831254802617104
0.779067401995304
0.766558630939598
0.833518674260637
0.726554553080972
0.904751635845266
0.863203645364334
0.750470636703377
0.782485889247462
0.888719711600782
0.729552187261837
0.931037580883402
0.808689073481513
0.937717127523477
0.808039632456869
0.786614055396245
0.7861034584964
0.682364343885939
0.783944311121533
0.778878519530431
0.813414759048375
0.751619928164803
0.905535180284135
0.977944026650358
0.892053830029719
0.801116743936236
0.874577496687496
0.825901461894498
0.810947667425733
0.745747275495531
0.775449981376885
1.07398021079243
0.817611652986875
0.721311656945132
0.936484210243003
0.898435954701038
0.911397504076249
0.837294773957835
0.91639500521453
0.889736302535524
0.885014967966816
0.816953291225483
0.733083311059208
0.893973325493872
0.940982449142
1.00160083934412
0.989415537315198
0.84932976389689
0.82037746653433
1.00604300185408
0.847084459759695
0.895815276152732
0.81577377293715
0.909069689617648
0.698406762159279
0.78257763735999
0.928996350323027
0.816939229276463
0.900433768249559
0.794411486092526
0.947208220107343
0.985876265365179
0.92539447140127
0.940835569157174
1.01930714633116
0.913924729278001
0.781649689915201
0.9972643459602
1.08993779373733
1.02532288765387
0.813605716475917
1.01269205627045
0.971291100904173
0.815127162421238
0.794524611650539
1.03747208328058
0.913091055994508
0.9612792035481
1.00556158191064
1.05762795629656
0.887854805751875
1.1172631579823
0.822216496980607
0.994923006431444
1.01450641957781
0.973537589476924
1.1383637257916
0.837935042312372
0.905854785779786
1.03581170986167
1.02799450717243
0.914014019857101
0.99533857885962
0.952147317689829
0.944269063070927
1.0012043625137
0.883489542647797
0.884638155866367
1.05791512244235
0.929716344546163
0.946604104066327
1.09670676269191
1.01320771875635
