-0.964057889000668
-1.01326683365096
-0.994118779159565
-1.0159727245623
-1.08677558429653
-1.10541771949266
-0.938221463232784
-0.905899810662044
-1.11830267753374
-0.815901425681789
-0.968194253859376
-1.02188872054961
-1.0443733176624
-1.00714668162507
-0.922516059743062
-0.911672819787545
-0.923570300513556
-1.02517385976117
-0.987339917516423
-0.96126938661454
-0.79708164292818
-0.957233692938814
-1.06944699214152
-0.919013101222467
-0.872126392376851
-0.882227194162468
-0.969314547125586
-0.989820116580437
-0.848232141963173
-0.902485328581473
-0.970212592999719
-1.07960905431619
-0.978877732361307
-0.983874735890796
-0.847733809874446
-0.835376091519502
-0.923673391367417
-0.773415763360142
-0.945095995104875
-0.879135440554243
-0.75576707016062
-0.823218089090437
-1.06483804032181
-0.967995943118937
-0.908322393868394
-0.856337415560905
-0.962353445297982
-0.88882183913604
-0.942288225338311
-0.792876547048744
-0.956889285160348
-0.981263083917224
-0.929149937936439
-0.893154885882735
-0.91891585275298
-0.893844589463549
-0.839993333931101
-0.839405813150408
-0.956544380001497
-1.02426573377585
-0.84704907043471
-0.993972650350135
-0.797204586808671
-0.772808013706137
-0.77410247191252
-0.809733356566916
-1.01815709703076
-0.819113716255538
-0.845656198854257
-0.784602402985958
-0.857940044209093
-0.920012413071796
-0.963779069143676
-1.18900567135966
-0.848218190739544
-0.837345549777438
-0.908150118479869
-0.979927017576994
-0.770139068402233
-0.815030057302605
-0.769705132653499
-0.858281270390146
-0.952222924532884
-0.892860206819831
-0.652141993837659
-0.787009741239838
-0.913992828755795
-0.81675469982844
-0.887470139176423
-0.948438488002307
-0.905623794582459
-0.746665350440203
-0.870797575455662
-0.743249277100054
-0.810736979864331
-0.769397054003467
-0.844696913737977
-0.730555955535089
-0.782702816456335
-0.745163523489929
-0.687899143122932
-0.761177144684693
-0.929831086540524
-0.847320467813817
-0.90050725135668
-0.630499221310009
-0.728654473469762
-0.744228318693881
-0.852375390487232
-0.669609401537131
-0.605268249470097
-0.691088702999015
-0.770616718468921
-0.958531394816001
-0.896428384198325
-0.921651985934044
-0.766149722677102
-0.738729221796519
-0.866001961377446
-0.754073191184856
-0.64719917582664
-0.913773233883764
-0.682643043487378
-0.83375889378662
-0.786853419425725
-0.696419396650639
-0.818645355413708
-0.627114011835828
-0.771604088995955
-0.742750417629216
-0.770547171579173
-0.762052266042987
-0.846442253228696
-0.662196216940945
-0.695355722506149
-0.753407644626119
-0.732684147567927
-0.7155491060955
-0.768277844893265
-0.749468520825775
-0.797280219895831
-0.656152521420588
-0.727530596056972
-0.713372709341245
-0.660988961344759
-0.580561546642628
-0.734483168826999
-0.667372436411704
-0.776014302718038
-0.589705406270584
-0.709875930308707
-0.805122830721903
-0.570555201791083
-0.772269788595425
-0.608436042045298
-0.62297740430236
-0.852349790427596
-0.611566822102085
-0.715734010809119
-0.578811900021093
-0.665739687611323
-0.677776731533212
-0.581977599179333
-0.725926412048991
-0.57887587805814
-0.673350077175429
-0.703152591353713
-0.638874308174015
-0.730294157224568
-0.597332921564038
-0.704558754851219
-0.653984061748346
-0.580426797551651
-0.68779533869418
-0.571810821516595
-0.516061879552162
-0.643554277450175
-0.735526441194981
-0.778379313384596
-0.676851997325225
-0.647133204941952
-0.533295542807001
-0.52938753606498
-0.524701403856426
-0.643049987379176
-0.575237485635111
-0.671737318308469
-0.528981753708626
-0.59497393319925
-0.754036328716732
-0.573838032552943
-0.567956653172501
-0.618753387447899
-0.618471083853045
-0.448588084511342
-0.769967006287345
-0.596185027352978
-0.592557803413736
-0.73748875463097
-0.560164332481652
-0.492538735353262
-0.660380571693164
-0.442564167907136
-0.703426173603688
-0.564227684389027
-0.608572293424515
-0.424593338425973
-0.595873427897218
-0.599655503641341
-0.623408522726397
-0.595092315622684
-0.71736853855206
-0.541817487523908
-0.544886398884751
-0.6192770524667
-0.541919009152463
-0.614044744123447
-0.540981565404506
-0.54963740395106
-0.583967899843234
-0.731238509963671
-0.655756430949759
-0.578927489107409
-0.498286978326476
-0.603209986200097
-0.592467439457169
-0.509788842244061
-0.55520315291044
-0.615573752720166
-0.59165675357309
-0.494416057775561
-0.533733726218847
-0.594553452532894
-0.609353221954369
-0.559805546445608
-0.534018214787708
-0.465045739562615
-0.609966670137856
-0.402816545448106
-0.489742983314224
-0.522285459784857
-0.519417766254265
-0.563765044879754
-0.530023859581592
-0.544125866365385
-0.5679455299343
-0.50382210789104
-0.601878780427479
-0.552034104018911
-0.459007075615917
-0.45067960385229
-0.528796179999239
-0.411710021758148
-0.443122337842778
-0.423767980546623
-0.436972468905437
-0.523098962389532
-0.423323822993775
-0.512888474291044
-0.576063625865831
-0.434828639063885
-0.529017320605016
-0.525595082508441
-0.538709940877013
-0.394518341107489
-0.252219873059606
-0.390368643330042
-0.444661348528807
-0.557436382705652
-0.466624498959993
-0.628476743063206
-0.449856193563663
-0.485354544216879
-0.438418478159511
-0.402457495144455
-0.40105912876265
-0.609852584236389
-0.439668222193811
-0.415155398211436
-0.343446101785399
-0.472637615801216
-0.352931886081961
-0.495115825241227
-0.664923781370959
-0.341745341683924
-0.509934521651904
-0.444843472872488
-0.434059018305967
-0.390727369678968
-0.45964209786072
-0.440399729320072
-0.275099569464491
-0.436034730926324
-0.368430609185812
-0.453402781291092
-0.294751733835729
-0.264118286285852
-0.439517437763902
-0.321015045530615
-0.268589976761854
-0.423190427899537
-0.341123111206959
-0.345297078447696
-0.261855297964985
-0.310909748109376
-0.313972519092341
-0.442763525334649
-0.436299968136761
-0.307648968966179
-0.475771556725613
-0.352626007334653
-0.401631907258299
-0.429849465465335
-0.384831446222295
-0.345146839793111
-0.380841711863335
-0.375139897291668
-0.395191456630888
-0.324799083446492
-0.447632024491011
-0.256348970535744
-0.441293812429627
-0.381413145419231
-0.426422290929916
-0.281849529491722
-0.451536526392416
-0.475295847062256
-0.27545813858789
-0.365550549698497
-0.248870194082663
-0.352702343972525
-0.455867842410328
-0.264113419626669
-0.523999366345784
-0.328372295397205
-0.185589545326367
-0.294084115657376
-0.396576770204865
-0.239687528194585
-0.35459557180971
-0.113535904734922
-0.39926686577424
-0.24585741529425
-0.326763557492538
-0.396822612396796
-0.228333030155878
-0.290107396678133
-0.291554347667679
-0.327054527733509
-0.344900100590669
-0.0611354878775186
-0.393869477674544
-0.364783444324486
-0.322854957002587
-0.218999161515193
-0.23726576831228
-0.361283539789032
-0.190555785971292
-0.371890801684578
-0.371575843638538
-0.255929038899977
-0.253338255655756
-0.370585917143782
-0.158356119982055
-0.226029590650636
-0.225125347184885
-0.232560734867287
-0.226070720809921
-0.248969602202202
-0.346260023587097
-0.313395135970898
-0.265236266830112
-0.261176718472943
-0.208779259404044
-0.334894874035639
-0.191993994375198
-0.279546291240769
-0.297143846504471
-0.285718444623667
-0.402384778159305
-0.344042189027693
-0.173517590552071
-0.149551635885814
-0.165985485161242
-0.226700353352359
-0.369545482918198
-0.275461843025889
-0.296214792787008
-0.338634304628679
-0.164517304319122
-0.246642354354808
-0.256846205252195
-0.134730384151784
-0.110153611873083
-0.202848444662671
-0.34572229276741
-0.0303469425165812
-0.168052013741066
-0.263131061738067
-0.377394597256396
-0.246908081788214
-0.244189500295634
-0.103303370130452
-0.234472160121443
-0.342155123202141
-0.203920019856822
-0.203365576381633
-0.216657201675235
-0.0509894701386401
-0.182472596968727
-0.24042914535658
-0.157237156227836
-0.176063631921256
-0.141117071726894
-0.260023265668246
-0.308070189156804
-0.0390408213880531
-0.240654745731629
-0.156467481889593
-0.199000988760768
-0.306695983596081
-0.112581969646218
-0.238388441720027
-0.226679955820549
-0.102901189513395
-0.0964424402852838
-0.0668302365021823
-0.101633111011612
-0.286619173360763
-0.13640937747383
-0.278225749508792
-0.024517719730421
-0.103756575843807
-0.196213951156078
-0.146648983075419
-0.261021155199921
-0.185037506212324
-0.0718579846989261
-0.176986157396562
-0.135516493286406
-0.188562812060267
-0.182726911369801
-0.0635285661384796
-0.0458582701848628
-0.231982764763932
-0.0831632575297205
-0.138256031706874
-0.155935055305723
-0.178081121322176
-0.279168124208374
-0.143547896373274
-0.150556294765071
0.000962679751266231
-0.0644743845700107
-0.10722986963101
-0.0493516539713604
-0.153518318275283
-0.00651358907698899
0.0844184855170032
-0.0647275871250121
-0.0958451835944707
-0.0583673763906004
-0.188085605118164
4.85780643888182e-05
-0.260736456236078
-0.0282035114728724
-0.100132883143908
-0.0723878629595444
-0.0435680918269916
-0.225647707262129
-0.0227035606695032
-0.134273209742405
0.0773298026267557
-0.0885607370213611
-0.0248444836684685
0.0493034682018574
-0.0465258571186804
0.0270966245182411
-0.000313162294856246
-0.0389675477832587
0.0740954109547623
0.0915392383621712
-0.0370843512790871
-0.134350388334818
-0.141933483228491
0.0682194478189526
-0.0790512943238896
-0.223355638746795
-0.105827617762434
0.0344917711829551
0.0491802061137201
-0.0905148252477949
-0.0707410367211413
0.0686673292932978
0.0513013829098795
0.0648308613153323
-0.0973026687346872
-0.0231592454909946
0.0400724974168744
-0.0111141436078096
0.0787135262247506
0.0663357297802079
-0.0185525099137284
0.0744649593077383
0.0634996491748633
0.0607979756172099
-0.153708477009099
0.045227751310936
0.0131280807599689
-0.174340879057802
0.0703339190932431
0.215565189530607
0.0620507344116571
-0.0254454484336051
0.076106519034421
0.159878495051835
0.0890761197326577
0.00386961119111423
-0.128100796389205
0.131242459795857
0.00336281958753394
0.110699564751055
-0.0432938959626151
0.0198715080181733
0.0759132547558039
0.0121976208986549
0.0882047990108154
0.032014644672215
0.0781501121184126
0.090814306393735
-0.0154174356752641
0.0771532753384868
0.173099720040576
-0.100910150316104
0.107446308236131
0.174007985375842
0.0339658745993895
0.00887828652632908
0.08309702626563
0.150924183030337
0.105516214233781
-0.0453769293103456
0.0601295144643976
0.112132987676349
0.182251964017428
-0.101977183293235
0.184417296728756
0.0869894801797054
-0.0390980107174242
0.115380203909883
0.143273799149366
0.185843131115005
0.134585956803752
0.0411215814450645
0.154856026124092
-0.0141204166745572
0.213636456112833
0.138034362655553
0.0926308559383506
0.0563697203754072
0.0813681768439267
0.0305941779010178
0.117334043474961
0.124045564883676
0.111313184413367
-0.0688775710749233
-0.0101411177715095
0.0961810191657325
0.00797678722177006
0.0576116307219043
0.0199574400571314
0.281579096587507
0.231270007531768
0.231298898773401
0.265379971673573
0.12549245400387
0.0629714290305382
0.197638821927612
0.151511292920524
0.115682869918521
0.0476589871191748
0.255968809403505
0.0432253638357529
0.287636613741614
0.167516913286596
0.250910864450714
0.271949134891039
0.227070821985679
0.138156106520043
0.268073162470942
0.235590023315768
0.192235821794631
0.319192462993978
0.081365040914601
0.243544380537325
0.0669534406195014
0.136457733989965
0.0819697843065724
0.310741597582776
0.326619193393283
0.291714941906543
0.173899219663183
0.180147312195592
0.258911961106519
0.080424753596298
0.304942327173201
0.204050138100112
0.293311542424438
0.19866411414865
0.074504941236889
0.336216274410858
0.130951042213651
0.272902537165826
0.348459584665992
0.0790077402341864
0.261152829248309
0.210387470412183
0.0294214970621352
0.115309262817514
0.442950950215784
0.367024087762007
0.217035808007341
0.150449324536288
0.255221475479019
0.394881260165888
0.29450492946183
0.101785833737502
0.123762758225158
0.160928649912012
0.405809449722248
0.269196896064582
0.36683371275727
0.160769322895473
0.236554948028102
0.201674676252888
0.259827840785596
0.159607629876616
0.359534609627613
0.394410482496074
0.38775059614719
0.175301012258347
0.282855564832311
0.331389784097886
0.399680900326376
0.256703634412394
0.24163485155425
0.34496871581694
0.264974899423693
0.348105100143446
0.232585657987513
0.222351101657695
0.461227228094898
0.369153441373829
0.257676253066261
0.259390264295977
0.315258782039099
0.29496743593064
0.372960536934952
0.236621394515011
0.387178535932823
0.400131965895335
0.403348758804365
0.3056683692162
0.406619534297291
0.435847002533716
0.200259238274148
0.275029111711618
0.360483641711872
0.297568103783315
0.0968347533763047
0.327753463468807
0.290262371598658
0.326600641511063
0.241330104208101
0.411357015680524
0.287313614355831
0.307835286846565
0.435135062794967
0.362696375017041
0.179023086210265
0.344528192553939
0.421671662853889
0.34762977481534
0.416902383324433
0.299812566364425
0.343263648764172
0.290314706512935
0.343185479706595
0.313479563883725
0.501758782716429
0.388016720063297
0.381303174976135
0.337913487461694
0.414665477103412
0.266063055791772
0.310840582351455
0.226232829249885
0.28461840238897
0.358072143584669
0.35793176866817
0.30818053883807
0.265070122564874
0.537584011715183
0.331145001172084
0.288321954694772
0.393653769414717
0.299670785779132
0.254377327009386
0.53944515090743
0.511984641899364
0.457073797171893
0.46297454282171
0.391327263191076
0.26535603379177
0.433368992559378
0.528803630853086
0.410050200865292
0.428728082124596
0.437639316567199
0.307661442307117
0.37616883092194
0.508117824615108
0.418336082363448
0.394405196292865
0.375308395255077
0.378071873892687
0.447937039380181
0.508435208695745
0.349959133070799
0.56337398984661
0.50512191771287
0.496735201586966
0.423775002269717
0.524017953407056
0.479360051484349
0.449972106985706
0.464023236566352
0.344419715627138
0.427943123834036
0.516544231852437
0.461359729075691
0.487308696544341
0.549689171667262
0.493258533607255
0.487163104195286
0.49104609146733
0.452789553629965
0.488243673599989
0.509025782435473
0.505317614918469
0.536684915897441
0.642212749886896
0.599623784230974
0.487095643395499
0.490454916250353
0.543042476121786
0.5628617601695
0.545427982691719
0.532026670113792
0.550797558290963
0.600101760566677
0.538783530817716
0.560054756264149
0.507137901828352
0.546774470160173
0.457509855476965
0.52285330321979
0.654882332134952
0.441534280417204
0.500861135251538
0.510499461650156
0.624594658640119
0.590089399777807
0.618147229095978
0.587781158168366
0.617456463906604
0.488119833066937
0.633841910650263
0.566522154365415
0.655479413314733
0.441801166523863
0.565946996712957
0.811648157999243
0.515908468986892
0.603751537867733
0.599736568209636
0.747001679411709
0.519426197527287
0.57827901314508
0.615467010400677
0.548056600397091
0.611213419621034
0.637455788054857
0.608934715612374
0.68132865086151
0.614900314225527
0.647311977156563
0.680818735850315
0.631273702440265
0.456047879430895
0.478120448338901
0.578100462158757
0.553109958282859
0.6932365904267
0.588571211647969
0.673487447447445
0.595657054726783
0.474441287137176
0.709565699072404
0.649341097814587
0.590779238854545
0.597096544549329
0.610948124706076
0.544744121132895
0.422491081010478
0.602258510810234
0.611008402159846
0.495311142825082
0.584377271791383
0.587835223885599
0.568401798312752
0.554831292448662
0.611341845657795
0.701359938914076
0.665794693758722
0.574000612469037
0.505091731950089
0.728422221575992
0.664655156123048
0.541238283907961
0.491241786220972
0.70557244510437
0.497109802137958
0.818059558802005
0.580121334707935
0.73544384898374
0.799405725321366
0.719781696951266
0.63596217414263
0.722153644849233
0.742146148046809
0.722709512716036
0.731544505563853
0.743652809879306
0.604772895910647
0.655924855074551
0.541695498469151
0.659733188498255
0.508449412640287
0.742617110513725
0.70498501320185
0.688096597559465
0.595824985500193
0.564223045396425
0.722090106103317
0.722356849101551
0.724187990009249
0.685701008689913
0.572554930022413
0.698554720324032
0.689782071712382
0.752775508828008
0.756653259836571
0.715905436258483
0.778677721999598
0.761850144456735
0.775078885437878
0.823390594369205
0.664159719278647
0.724283941040717
0.850814370800664
0.791916573250573
0.764052418187303
0.672871361652871
0.676295112608637
0.709890779791868
0.849560222540889
0.808662628854767
0.822266359792459
0.866332166841554
0.727277758305955
0.749310657169473
0.821544541423075
0.659508085250105
0.806056103911781
0.81998875063751
0.811141798360986
0.821608002130218
0.804958789631018
0.665584299252272
0.771784648079906
0.944510335888439
0.581255638256604
0.635325622794669
0.653563987876084
0.886592069080913
0.881489641263003
0.866388477003456
0.774158974268002
0.86553912636321
0.748526245320665
0.77035017922918
0.881862722023165
0.664586033291055
0.633540052641246
0.838826114053382
0.846324551724667
0.832559323939653
0.752414158174565
0.846177544521347
0.878266913728501
0.85527414979905
0.726468437810591
0.731664884507627
0.853773477868113
0.891260427118231
0.859582503251827
0.763272583336366
0.853374548446175
0.904864452478409
0.751145034884843
0.824240109209527
0.710903886229761
0.902867171074889
0.848938377747134
0.966538284831412
0.714420988059489
0.876235458622577
0.81664129744665
0.897026301905748
0.68525830020752
0.922615433624379
0.879719019108821
0.741001029983674
1.14699799412283
0.803391941991925
0.939137213795084
1.01886894930304
0.940380923550778
0.908291490155164
0.861507842707842
0.890295707336016
0.820184671944567
0.888270547720661
0.900487240986073
0.944144218916954
0.798230347487124
0.723244852285964
0.939918422849487
0.757852149840017
1.10102954912448
0.975307718639145
0.826778343320465
0.784048442704909
0.897631840987529
1.05308180841801
0.857015590610092
0.868242177659953
0.944310830028667
0.806118800023661
0.796998020615724
0.965666096780302
0.768842737719718
0.941530940993004
0.943288940674293
1.02287152614036
0.965287100777234
0.956820423818032
0.967698441517728
0.932015313633036
0.828214848719616
0.953800194569548
0.826057396411609
1.01273894939266
0.825259162040465
1.02710576412535
1.12988945616073
1.01963633964465
0.859079619150231
0.764683580227324
0.941844629084899
1.00128501891646
1.02451067283418
1.06118615775211
1.02552915125346
0.947648928907046
0.989983424572665
0.86115995857458
1.02884795872518
1.15442750696639
0.981620403449874
1.00238099224778
1.02621608371699
1.06981786132967
1.09558357726877
1.01711800622668
0.976218813502849
1.1021173317525
0.930222326994274
1.07032917315031
