-1.06489520877102
-1.04509247723369
-0.819307571062183
-0.930464002726372
-1.22467374128107
-1.02817640147944
-1.0429855180545
-1.11609334816012
-1.18406506542994
-1.05682344352129
-1.13268142453895
-0.892084535068979
-1.00056237632845
-0.910455398368713
-0.985458613511143
-1.04081762188753
-1.07704610392801
-1.0832233326115
-0.925036455161515
-1.02476647632547
-1.11268538996763
-0.922024294750417
-0.82595971599675
-0.924395825159163
-0.918127132111748
-0.979627552962021
-0.920029977559739
-0.962050052984881
-0.958033889418111
-0.85438975383711
-0.818685108792312
-1.09566758887315
-0.846293619253046
-0.816417286663223
-0.868699123518017
-1.01588013701274
-0.767035223403293
-1.07382591997746
-0.94031023912618
-0.768800307215602
-0.841855324551211
-0.813600806797119
-0.917905178370753
-0.801796191786887
-0.817461506236565
-0.993981133641412
-0.790534435003227
-0.894276585702351
-0.862749735591014
-0.853744844311857
-0.942239450770759
-0.950519316723109
-0.950536213325403
-0.912309597964862
-0.891481537345362
-0.947677148001063
-0.91510677642931
-0.882488273095492
-0.915856738574746
-1.0134181772867
-0.995043290950027
-0.81822090491554
-0.832886575239773
-0.890077576613797
-0.869907313853409
-0.778857279172068
-0.823522351009169
-0.845047940187686
-0.809849849044167
-0.837411651310241
-0.886075711771545
-0.955704375926677
-0.708712887370201
-0.761628222930818
-0.857088164925174
-0.848757236089582
-0.761771359752992
-0.955572115138023
-0.828701353142198
-0.811177944441517
-0.850900740018402
-0.924279929763212
-0.802965913190483
-0.873498378254149
-0.808891781017785
-0.773118211041366
-0.790107252917605
-0.972250752484909
-0.951648089747293
-0.889111564601512
-0.788890270846536
-0.885556359305146
-0.901470819260364
-0.765127879470929
-0.902510486713151
-0.88362086752396
-0.807521219246595
-0.944495245807173
-0.76867527134586
-0.764760908256374
-0.671508404135817
-0.979829198137576
-0.579225159526598
-0.825149324848109
-0.832360578292114
-0.769179145222667
-0.626875005743608
-0.756305594566473
-0.685224538413661
-0.599189960044792
-0.835725715115935
-0.700675397373038
-0.731694554206214
-0.743810310345551
-0.850149215210126
-0.692828914687643
-0.764318267793907
-0.727623193636087
-0.816335525316269
-0.674187772574097
-0.69127146681806
-0.714074431994499
-0.756293693934751
-0.840877319149227
-0.58077289409651
-0.851492197905892
-0.80438158095526
-0.715663051872414
-0.756534973992648
-0.899270248325871
-0.788465318622984
-0.708873057819229
-0.776201734723201
-0.622151463989306
-0.668107554664585
-0.623303302997243
-0.760115045034878
-0.698953545598077
-0.613965887058371
-0.639611525815899
-0.676186657797621
-0.623683242105779
-0.826743773227718
-0.753014958499456
-0.817844970156985
-0.661966238561944
-0.533179004064937
-0.64079626731617
-0.687351349684291
-0.664668631402865
-0.636667127568818
-0.722682912803467
-0.692621956559916
-0.686919150574749
-0.637140618778889
-0.725359882240109
-0.780589211761027
-0.695183240808649
-0.676405914216532
-0.725527787050516
-0.694841999405969
-0.823015783706274
-0.721977959293602
-0.657158932201197
-0.617138283093187
-0.616575001996091
-0.538238682913264
-0.668683974044165
-0.619713533132622
-0.704612944146884
-0.753514680699755
-0.762333958385099
-0.655283664093167
-0.800443379178975
-0.753152768453638
-0.499389449564507
-0.614911992821001
-0.656760081159077
-0.733620833774595
-0.693567260645313
-0.630485076294189
-0.720654972165108
-0.690617687421424
-0.639994408760928
-0.513093883930517
-0.608344549002044
-0.710394961153639
-0.712525865268792
-0.57722845088912
-0.72358496729132
-0.761767332681462
-0.624997408465861
-0.58795181006983
-0.586645435937828
-0.653453136343459
-0.622544896273702
-0.657028977875483
-0.283320198022572
-0.655743830273544
-0.664533284659799
-0.523412940605002
-0.564388937764527
-0.645434544820898
-0.527858873216018
-0.678023986308155
-0.633237732225206
-0.759271897257387
-0.64168226696992
-0.598929417223214
-0.531025015153699
-0.608208895741452
-0.534733534346799
-0.399624779685636
-0.506972593956044
-0.513594022072134
-0.554532052142365
-0.717443519403926
-0.626886630050933
-0.504233069748128
-0.588520887951104
-0.505224932801638
-0.515730403726265
-0.602827461531397
-0.505964494843728
-0.613892502367648
-0.646460371993251
-0.608664428263471
-0.517321578380708
-0.51197699579774
-0.609364552549556
-0.535272873019132
-0.490083454570955
-0.533942786077752
-0.56817320304917
-0.563265650592622
-0.423003498664612
-0.430974546167056
-0.529350087078727
-0.562645287619634
-0.617229975208757
-0.455236162564858
-0.410441407309409
-0.556312525375703
-0.326965004409195
-0.570116358194766
-0.57355027005237
-0.542473276367835
-0.552660683294251
-0.327027706426229
-0.548710944609366
-0.439234992999054
-0.502373995822253
-0.513604033553791
-0.504418537312914
-0.371604392557992
-0.466682289989337
-0.497444397743472
-0.378057554452765
-0.575052301029939
-0.444495852843297
-0.419669470486978
-0.433088689357136
-0.564888656916296
-0.415721771708351
-0.549688340304078
-0.537050919055837
-0.522098504008333
-0.480748545273607
-0.489075269548338
-0.619654602385846
-0.500667308636505
-0.475205390611067
-0.4543944600928
-0.433525034879706
-0.479768565965791
-0.650930132356701
-0.591805180275684
-0.234156259041716
-0.541303109156493
-0.365276372736002
-0.416023733557275
-0.520624105790527
-0.451513604116121
-0.372120512511491
-0.385688799424997
-0.416032555280941
-0.507491370138258
-0.479009425411711
-0.357546487464312
-0.368831140162225
-0.458493279658842
-0.293865255423418
-0.429301747125514
-0.509553034448265
-0.440133768625044
-0.489042979319643
-0.467888519533631
-0.262881091876273
-0.414841786872677
-0.395629795821023
-0.407051613994123
-0.4095708512951
-0.408328944763961
-0.399045597180757
-0.496069573809197
-0.542406819656019
-0.508975457605152
-0.340321992450513
-0.385542550159902
-0.37486748442705
-0.396429987118842
-0.281051765752826
-0.45275598640855
-0.306436301886756
-0.27630187554402
-0.546377238472823
-0.29176036981443
-0.410932137537167
-0.320998616489456
-0.266502532538319
-0.39942199594706
-0.50422392851881
-0.297456371513984
-0.35560387900307
-0.206292372459916
-0.309187317510236
-0.370116375752492
-0.358883009830569
-0.383502388925602
-0.55815957204917
-0.195076182214309
-0.255968653784435
-0.180910308592758
-0.260143429138549
-0.37603801763758
-0.383249150236456
-0.20280175887628
-0.44036580771055
-0.297787044175963
-0.29643633477665
-0.386621321109395
-0.395267466942134
-0.315445352450636
-0.406237090688669
-0.234780135212046
-0.298699707739482
-0.210979024125602
-0.331892023092627
-0.347218263694577
-0.204726848784809
-0.283360301110049
-0.299302039256202
-0.325359225610033
-0.421540513671699
-0.246983083177848
-0.0969847268288015
-0.119886127651397
-0.125157994256478
-0.176841816527892
-0.487376303895162
-0.194395318313272
-0.42757593179593
-0.295407914443347
-0.318095010664195
-0.222709925646101
-0.293869707008316
-0.295818887598273
-0.405043036576307
-0.226572276290819
-0.311970459897976
-0.214414334605926
-0.415608277317197
-0.28164400709718
-0.211341021279009
-0.2854437433595
-0.26840550938142
-0.404403651234361
-0.140482651806125
-0.106551537992252
-0.220134432028238
-0.182389340330823
-0.149986580762966
-0.410184905574909
-0.305703651391728
-0.285951503871944
-0.239422431169914
-0.189887977930338
-0.258417832028859
-0.240534961256751
-0.182406416516036
-0.313325136319064
-0.0408009535681473
-0.277386407018598
-0.16228537301048
-0.20881236068831
-0.121006561333787
0.0255884032419848
-0.313983842834838
-0.218137377907507
-0.1819583808996
-0.217999280625496
-0.207364044670466
-0.0747280321840081
-0.163998746725824
-0.320434283021267
-0.193319520532279
-0.235452351903372
-0.13791662218799
-0.274928558944697
-0.2340527583446
-0.2746366611915
-0.120471818236865
-0.121847297271998
-0.154376751014598
-0.178024184154502
-0.143539267794984
-0.0842149326199493
-0.135066994346549
-0.241626723015016
-0.103043249176861
-0.283371643346913
-0.208692466715468
-0.134890234236033
-0.0683857450849143
-0.136520513338036
-0.30078341216313
-0.0868217425711645
-0.12296153877283
-0.171708535235538
0.00667116991211886
-0.0628174648916437
-0.197469001365434
-0.161587657389463
-0.203946318569104
-0.139781695473058
-0.27086154929463
-0.208237051745043
-0.167308004596793
-0.0982835404816367
-0.168534688585958
-0.0162837473419325
-0.162827950932092
-0.0453445821013776
-0.127527498179658
-0.14834517795859
-0.0548791841106569
-0.156022686264825
0.0460417542075824
-0.0472688008329026
-0.156010567298493
-0.228644132315614
-0.0677518276463728
0.0254030694060669
-0.0804199668711637
-0.00971167138703052
-0.112760046683441
-0.0483147271156389
-0.0443362540122548
-0.0460479547946843
-0.136733431418346
-0.0276651850556168
-0.175720666405555
-0.0218694218340693
-0.114090606748808
-0.0917452430326956
-0.0478113007301288
-0.111422913331373
-0.137052769033428
-0.146331661573331
-0.0623667647882053
0.00845035710535746
0.00925392637168578
0.00154927128852876
-0.0742172771667834
0.047006747280244
-0.0459491346615547
-0.138332729828038
-0.0233434565586421
-0.0553525271495386
-0.038180957425315
-0.086187234338821
-0.0211844542779781
0.0253581973990325
-0.0793286564181327
-0.0426313410591848
0.0685251584371181
-0.0631804861235834
0.0804345123697832
-0.0143674913479252
0.00131657110789516
-0.148967917632893
-0.0794405092495848
0.0465932768272403
-0.0889631553652824
0.0406532687478871
0.131159177936102
-0.0885358924689806
-0.187702132729339
-0.109371660621878
0.0296396665436464
0.0359288267839305
0.0252377819566042
0.0925114342484248
0.0886526912227021
-0.0135698406014631
0.0269695614982577
-0.067689695488116
-0.0115049755710363
0.123074013706047
-0.0197691022379155
-0.0435588442204055
0.0459084181145599
0.0448424104421328
0.0288415335364871
0.106234107949777
0.0433819726614248
-0.133202841202391
-0.00228966412091393
-0.0399835494674774
0.0315506653084303
0.032474516315978
0.0947617858721516
0.0161449209373983
-0.0865522578620792
0.00411244888745948
0.0101257009266107
0.0227380577163856
0.0611547349525229
0.102868446518211
-0.0114930572337884
0.127440710854816
-0.0859549387245053
0.018283964133697
0.125307872721817
0.13486621573048
0.066875507647974
0.147859854656968
-0.0337968406281934
0.106482725072995
0.0123458678983137
0.113871851447783
0.0679177980376213
0.0416434396881475
0.0738425820172687
-0.0544912075920814
0.0432922993569595
0.00333500170717698
0.185987848175547
-0.0154504895978879
-0.0150598415650101
-0.0126187616971663
0.0272698411594196
0.170334634449723
0.14210593992441
0.118819206225007
0.0705409698821168
0.183559126750966
0.102946008118598
0.142629778494388
0.122257776193785
0.119565960728219
0.138717857284188
0.157788622614436
0.177733310532068
0.156411541420612
0.317559185003719
0.0922573423832558
0.11949548989365
-0.0688284121760984
0.0327906505182546
0.239493260889187
0.139505151663531
0.295643338061978
0.15747921587622
0.0398289752614541
0.180720639690044
0.130090365838563
0.154661780452662
0.237653025307474
0.222614894899588
0.0606931359967614
0.0737774514183102
0.119509827630534
0.279496241585251
0.0699801961729243
0.0967124429922391
0.13726507698553
0.249455010293105
0.223382959735656
0.314219883534792
0.076185652801873
0.362096397383304
0.278180552708504
0.131827601259219
0.172270321917656
0.254452588437725
0.210477081219929
0.104069258072291
0.210781861925171
0.129887576730691
0.203900283966624
0.121029696714974
0.205396808233194
0.0814991795450074
0.301546227300764
0.329396958439741
0.23224044759011
0.279415715933048
0.33953356533923
0.161703165059547
0.292761971870146
0.184759569715012
0.296313376451784
0.345850236161985
0.216023538484759
0.161108126205805
0.0928119263560602
0.298524556338865
0.212724593331723
0.258372116469194
0.219593493181355
0.207278392820637
0.245019958667873
0.138480249156488
0.129662345493249
0.286658813951457
0.259576179689624
0.294016769028684
0.413802465747769
0.281657119388357
0.313318890707835
0.246777937362
0.253417361902461
0.244622736726504
0.299781173128173
0.307128696854593
0.346236840079645
0.324460623309895
0.38152228776905
0.170327814555037
0.341812130514186
0.339608630190602
0.274560645616966
0.316001481077254
0.239294629440437
0.293922988688865
0.337053089115343
0.292081537001814
0.351855128639605
0.235052576008343
0.279386386530932
0.320916487474082
0.378916811470416
0.386261317941765
0.285460094263222
0.270598555328218
0.351873720502839
0.34268455669305
0.255034940102451
0.308371242690789
0.31886464697741
0.208225042182574
0.304381374976406
0.340767596412865
0.382330116057063
0.462609312456929
0.375430083880985
0.375990279147649
0.296931326808671
0.284213422409667
0.263503706885031
0.420692271046877
0.327471931782618
0.225532575450098
0.359160102179032
0.3736813212253
0.256970740892159
0.404448114968191
0.417275462429947
0.341859542697284
0.24927407587883
0.392084773891712
0.446766479456735
0.328771374328161
0.210834035425698
0.298356796931962
0.34714247666852
0.337167485197663
0.504439200125091
0.505359654841332
0.27040356781773
0.368176835322221
0.177998284571386
0.502231626109821
0.347173408192141
0.296693477668296
0.388263303949553
0.412654025964641
0.354136438600719
0.527838109302235
0.298925362984085
0.50565636670454
0.429621433214411
0.369448943132672
0.490987183957987
0.494158622100166
0.222783547999273
0.382395285889148
0.443575636288912
0.436895261918555
0.456051973024453
0.61073810238689
0.344031039982453
0.419113705331262
0.40209711104926
0.360295891658113
0.478285056998217
0.441910778111964
0.371837314852357
0.391433045162771
0.238567394246965
0.492110533654477
0.425397709691777
0.421273304887787
0.38800679930396
0.423189515794073
0.563776046160304
0.343606184618161
0.315790930990679
0.365567756224575
0.324513234198709
0.452041963269152
0.369723979825211
0.257402065603187
0.441049710680492
0.508562667051403
0.409085787883399
0.520099900959464
0.548660633242992
0.550557906017379
0.495639185405804
0.454964674310955
0.62961818021391
0.374218626418578
0.558338964324291
0.552964274790617
0.46006599073016
0.448283817603831
0.481145572121017
0.55774460550306
0.483666576245298
0.580478812140671
0.466018524788998
0.579897869691865
0.557222417741883
0.533704741438444
0.520956194244726
0.603842416505586
0.654497199543753
0.607062495581272
0.462768728054469
0.511712074475692
0.50946739241211
0.430134455171954
0.635842143661935
0.581751700898654
0.718431365953054
0.602635453631286
0.454953398243427
0.483031182758641
0.64555923962415
0.496517249343855
0.377401948554589
0.587765047553132
0.539272048368397
0.584686266727775
0.506739176249082
0.643668068398263
0.691063235175637
0.507412139584958
0.578799773231619
0.435682651253443
0.481038913683325
0.675594309768574
0.655862925058127
0.657236248074813
0.585792291804203
0.652394191877245
0.5748771710712
0.768778308401152
0.566326151214559
0.452347807908222
0.469089822473575
0.54759907237634
0.438127735233429
0.665479031728361
0.536773517247943
0.424809829963913
0.673258410255573
0.4489289749279
0.625652557223183
0.508664579139432
0.599262134610906
0.639683879569667
0.497808978930446
0.746578976467091
0.555177065484664
0.576867509754084
0.725862661062559
0.603395039394023
0.567828538412543
0.6299571968497
0.549626062148044
0.621720547661516
0.515851288801429
0.596683694970996
0.699157426071575
0.533308556706017
0.673913491350052
0.52655600761812
0.688042316464957
0.657105257074866
0.735592187591308
0.705358168438361
0.774599172207316
0.687325024633168
0.652082184805586
0.725039863534461
0.672605874303083
0.748417234951921
0.623507708683283
0.787231043946208
0.646019895897008
0.674776533372194
0.711661804468164
0.714193465507595
0.850129917359498
0.752771272542729
0.691496490583643
0.648430892700982
0.696827001876842
0.590487468980563
0.665101080028449
0.641055159706685
0.665933888058998
0.756866656029164
0.742626483301081
0.550146345100941
0.710097515300467
0.656678577384331
0.730555302459427
0.803651761009471
0.601558155892964
0.816478076911589
0.727891108234643
0.863625250520127
0.699920002234803
0.7345870720627
0.577521850288831
0.745660794420349
0.664380364150718
0.833535356739161
0.652942730453273
0.733683392947314
0.777061227769269
0.801447995828379
0.69242630150669
0.710853010007609
0.799787025550973
0.678256457902458
0.758730987437988
0.73135364941088
0.745986362358371
0.795878966070128
0.709002627696277
0.837532879757457
0.70561255087408
0.76319637644591
0.638767778823875
0.692527449379108
0.676434318589284
0.785049832705285
0.868081922393646
0.840773710968689
0.694557163436347
0.74362920611069
0.701375548532244
0.847311574175882
0.683520172461993
0.787331611512278
0.792233891737609
0.694627316705788
0.737403827163172
0.701112749560047
0.658559212599061
0.919724413043007
0.6641191721189
0.759379415405605
0.8338042089292
0.726415934869042
0.730343024156676
0.731226021406137
0.777621104802462
0.70961037340539
0.937294594055655
0.887458043020046
0.71482440813318
0.923123835889035
0.848097545417545
0.975360889311941
1.00482833044257
0.816012018959932
0.783132604561411
0.767151102291803
0.8492561763036
0.813833492531059
0.838580572201195
0.794680569880479
0.979230079249684
0.768215945014322
0.770206439825357
0.809037180647787
0.901419713636334
0.839021324187488
0.863396918391212
0.82947554949594
0.9096271905189
0.880188513112704
0.836954867605974
0.802878603337131
0.798950624046254
0.800739950189392
0.821941254620205
0.802312144325157
0.828607294576861
0.900687377976696
0.91314889219289
1.02498443448542
0.778623366799257
1.0081073888945
0.729026913430508
0.952798824644721
1.00881895179942
0.912977519781455
0.960883504503364
1.04826175313952
0.859094946749653
0.873447902379583
0.987731979726085
0.900758457856468
0.93671774755198
1.04532445604175
1.0117562555177
0.91455176061145
0.869571808983567
1.08322894647546
0.952009185109455
0.977172071158228
0.980903912407364
0.947175319352693
0.928146141689631
0.942664928447559
0.872706737235695
0.996329624802799
0.83948088424261
0.924061081406856
0.926684148525551
0.909121953260722
0.883420435711497
0.889591749211369
0.766926933207439
0.820733812295933
0.917539150813218
0.961557765366069
0.92817488265946
1.04900771055498
0.960578733378324
1.03847975961214
0.938245830587381
1.00239354088651
0.993541394892252
1.00013982855271
1.01269396449093
0.899948546934742
0.930904001514497
0.93993438786181
0.967312243513304
0.925165618361197
1.05561782185726
1.09042850487766
0.832507322340967
0.935010099004653
0.996518006487651
0.921924695022118
1.04000404167304
0.940378625435892
0.988953441553646
1.13916217218615
0.939996145305568
1.11909778370433
