-1.06911387769594
-1.04019248703009
-0.829174985629838
-0.934751853164715
-1.24039588725085
-1.01969719694843
-1.05501276396816
-1.12281876695712
-1.1689892262244
-1.0327301214913
-1.14292655625379
-0.887655752761162
-0.991212225788181
-0.911222253987352
-0.997446745940997
-1.01484057143549
-1.04464764419286
-1.08122525087031
-0.900940394216878
-1.02708828464912
-1.12188075458804
-0.939177332181608
-0.811762107405587
-0.922616133419971
-0.940224950074853
-0.979137578558874
-0.927464349756142
-0.945430467243529
-0.969762656395236
-0.830828794130531
-0.834884474512557
-1.12635557089427
-0.845573915419867
-0.815846487974306
-0.856485037212308
-1.00478945757929
-0.774523454456668
-1.08919645057412
-0.91419651064698
-0.761944016359427
-0.845709299912616
-0.823337357916977
-0.900481409138143
-0.799301152147127
-0.826972088491805
-0.957270772326174
-0.809807810332006
-0.901982534091228
-0.86920680986356
-0.851806803706826
-0.9147406747487
-0.940841309399745
-0.940470472811213
-0.917784313541165
-0.89983550146326
-0.934225451029853
-0.911513266461695
-0.87265098831491
-0.929492939491554
-1.01327593347135
-0.993036123391532
-0.819269612905828
-0.829683745808183
-0.896517806890973
-0.868792186682484
-0.78831912043795
-0.813892491393807
-0.831152225175744
-0.822206016807908
-0.839173292055396
-0.880144806957163
-0.944638762045917
-0.734026868391604
-0.776071545612642
-0.848971301199386
-0.843491148459437
-0.749540586051737
-0.960379404677814
-0.849748223161544
-0.813823152326292
-0.84884069199247
-0.897246465734739
-0.824935062988882
-0.840762306434367
-0.804050829051855
-0.769711869157688
-0.769412797507852
-0.967452566723668
-0.939818218971425
-0.898883040107501
-0.792811777787312
-0.884968248024603
-0.891145764312115
-0.781321002807887
-0.906914480247263
-0.906358096325971
-0.785674835293029
-0.934536697094297
-0.757656724411822
-0.754437396067785
-0.682424732538681
-0.958556898327617
-0.557433809260441
-0.825493007776943
-0.803805842695457
-0.77276113821707
-0.613181026809545
-0.73695969828902
-0.682588747825259
-0.589948355859935
-0.833399354056864
-0.704364812333544
-0.733679949800041
-0.736617950676131
-0.823964542961632
-0.694002572496592
-0.783602146078793
-0.730642692252734
-0.803058134459854
-0.693921361403414
-0.714261263344972
-0.717007055141223
-0.734671498007752
-0.841249899754547
-0.562856958374019
-0.876107082985804
-0.821843500646511
-0.71767009290434
-0.738687130702016
-0.902567855416551
-0.771914745018707
-0.728560158040203
-0.770521957459069
-0.619523510263897
-0.631083902073044
-0.604064780034105
-0.766298389569967
-0.688858592175451
-0.615089514473982
-0.654649707533323
-0.649545321205735
-0.621671132623191
-0.824628982356797
-0.7547584499676
-0.814133862063104
-0.646817819013106
-0.534491687317983
-0.642565031144272
-0.691416554145589
-0.660712800746957
-0.623587800097621
-0.712268969138385
-0.701295098801114
-0.68729793849683
-0.649733645946666
-0.72249016788769
-0.76268760395024
-0.709443663706193
-0.676288115616348
-0.742146804746746
-0.693150972490991
-0.838230871488193
-0.710844261925525
-0.661077760853149
-0.630635126543127
-0.610898746500068
-0.534460804321827
-0.671521198923562
-0.629638694052722
-0.682189491757306
-0.746979665393868
-0.740511812281437
-0.661904880882657
-0.772960807076102
-0.742440992835822
-0.505533974898487
-0.63438141536017
-0.656962149183327
-0.726666351169683
-0.665967870850545
-0.625059215772624
-0.730139407431591
-0.694460741970542
-0.641193649831626
-0.534241806592393
-0.592662123807278
-0.711474324019409
-0.68378418287101
-0.581041338416714
-0.704785154005018
-0.762157686064772
-0.619325878787013
-0.581360933180964
-0.568059838505345
-0.652590352420388
-0.607430925751692
-0.66556507981755
-0.302951494023146
-0.645455062616284
-0.670379629174303
-0.515034340663997
-0.585156412604215
-0.638038457809501
-0.523245267894485
-0.660475342125074
-0.624766150710989
-0.742797245272944
-0.64553411943487
-0.624240405709508
-0.522201644420311
-0.584869443623042
-0.532846466943159
-0.423908026451587
-0.522751971264624
-0.507171140420926
-0.555596118979781
-0.711756889779793
-0.634976956127348
-0.498295194490647
-0.591271241284443
-0.514962797755393
-0.526719830487396
-0.584022208319436
-0.487114954841223
-0.625548214978935
-0.64572544524996
-0.585564915255861
-0.499802649161752
-0.483250798293306
-0.622441490726497
-0.513911867502215
-0.502482573768921
-0.531472539805119
-0.585269758470268
-0.556255438485864
-0.445026643310424
-0.434891463637212
-0.536091640667582
-0.547972992813876
-0.613764009438965
-0.480584919270765
-0.376658901653852
-0.566047301658835
-0.301010179565849
-0.557621753341056
-0.575537826559467
-0.547740586336361
-0.565054772899082
-0.326136772600073
-0.558651789614188
-0.440876058860901
-0.480589513042117
-0.513567888971114
-0.497952440469948
-0.354695720609857
-0.44187788030531
-0.488437174054607
-0.367812132801731
-0.557493581812688
-0.434693257575047
-0.448993437591593
-0.435725179134369
-0.564933616937884
-0.433817047093188
-0.542008669039867
-0.552927287715388
-0.536051666549143
-0.4844202288455
-0.487960531441918
-0.595207646933096
-0.512148232988784
-0.467086840916416
-0.468457092302763
-0.443430276614266
-0.482474314412266
-0.652597441813218
-0.597787497175608
-0.227505900282738
-0.533232752809634
-0.354596181160616
-0.422221451390445
-0.502431440563215
-0.450557342716912
-0.373406142769689
-0.388555718014222
-0.40281434263593
-0.532858523282789
-0.471488269842942
-0.394909557765151
-0.360978278373896
-0.465239939663862
-0.298584588902131
-0.411628624668141
-0.503490126351429
-0.437521882354492
-0.495369088842062
-0.483717728975003
-0.265526827915958
-0.426899246188198
-0.397793471405851
-0.396444504340059
-0.39348155286583
-0.430326050430851
-0.389788420259209
-0.503630634928567
-0.555589120290054
-0.506836804759637
-0.376775062943687
-0.374708368836786
-0.387883393762419
-0.416224730683453
-0.287129655991873
-0.461723400204213
-0.295735644831114
-0.255872111383781
-0.539229764862356
-0.280242376755824
-0.404198148582102
-0.349228894380475
-0.263097327235171
-0.36529368282967
-0.493990559590013
-0.312001140109724
-0.346217972177871
-0.238439671034781
-0.289916639115678
-0.363041910144055
-0.377104797827596
-0.393124276600516
-0.562352045811938
-0.198120586967407
-0.264674437031438
-0.151665194851606
-0.254516501767049
-0.362204603583864
-0.398446473785941
-0.184736604658743
-0.452844335955026
-0.299575080326533
-0.270060861116804
-0.386577638221225
-0.405640891697945
-0.313654333848128
-0.402313253904131
-0.230741888477128
-0.281680915744803
-0.19776022767684
-0.341681787974221
-0.340517591305185
-0.242328611701094
-0.270615024337167
-0.306398575060001
-0.338269404489757
-0.434463962187072
-0.253381327918079
-0.0939413804128152
-0.111428875645489
-0.13512699866761
-0.18522805667694
-0.505353143868488
-0.216664462409324
-0.449211564136288
-0.300028148600649
-0.320411478971596
-0.227944884178906
-0.292288336651969
-0.290582057398862
-0.425046548142182
-0.215097716972319
-0.336889731323865
-0.22934027259787
-0.393888615625342
-0.292532618032707
-0.210365969407597
-0.285276827521414
-0.267546648649898
-0.436477581804512
-0.132118807351471
-0.112678311028988
-0.239437106970348
-0.157752454773353
-0.150947147597132
-0.402857626541254
-0.315299405107833
-0.293936389639198
-0.234823835561321
-0.197894950266165
-0.28221652569202
-0.226027641767195
-0.196516141647904
-0.312974312662648
-0.0367434153236132
-0.261301736975966
-0.170983273254126
-0.204489380083315
-0.0981752720854648
0.027112593013769
-0.328943634038771
-0.229002858614679
-0.173451599299473
-0.226419145578147
-0.217847022565645
-0.0712079045766241
-0.151405271034401
-0.340827373491949
-0.192578519056548
-0.230082833243688
-0.135689476303223
-0.254084759615641
-0.218875777771388
-0.269097524352292
-0.121331906737883
-0.127924373678297
-0.149557367271263
-0.171994619956827
-0.113141591785352
-0.101419631390806
-0.135187812995536
-0.226103246375766
-0.0909332754768937
-0.287217283472568
-0.187292120235239
-0.138972403802505
-0.0795222280416314
-0.165140576989127
-0.299868417675314
-0.095791925693188
-0.130554915659383
-0.148212341401453
-0.00876579741644956
-0.0576191462539266
-0.169768103120917
-0.148011566218228
-0.225145857885435
-0.104054291725051
-0.276615725925802
-0.19755603319427
-0.153892941274726
-0.089424215201005
-0.182668538864479
0.0115209671779432
-0.153968970058252
-0.0610632890790964
-0.138608401463823
-0.157344357057124
-0.0343312546516883
-0.16742049671302
0.0344642427946175
-0.0572525350647108
-0.172833486031452
-0.227425975625523
-0.0853536703321815
0.0193416492731119
-0.052375901899136
-0.0203557080522178
-0.11161595923793
-0.0448156679548558
-0.0356845712590538
-0.019927944892352
-0.136374220124742
-0.0204040558714219
-0.164586706867565
-0.016062656383647
-0.0965131225295597
-0.0805505625429557
-0.0597609434515739
-0.0842271933484327
-0.161724175150874
-0.142956699244235
-0.0576577575854224
0.0122478396917403
0.0331204643260691
-0.0129109122589633
-0.0743531313632587
0.0466355564521114
-0.0390390502365254
-0.115608308021132
-0.0120904051541767
-0.0659220325377334
-0.0291732738494686
-0.0799098625323027
-0.0244051257728161
0.0440415513103941
-0.0832551527819021
-0.045134355067724
0.0581536136050768
-0.0292062771533033
0.0786888084048644
0.00754005795350269
0.0127233740643695
-0.153820707180651
-0.0597103056089321
0.0162331180534186
-0.0793096170110654
0.0366410038350939
0.12525333083333
-0.0842553663363967
-0.204239393585855
-0.0986040961965814
-0.00225809351094913
0.0327816321919474
0.0462507490081278
0.0893935332632539
0.109460638772115
-0.0207164698887528
0.0325879134490142
-0.0538726092298569
-0.007453015626642
0.11699634059202
-0.0158224746740699
-0.0308170138411893
0.0475669198712656
0.0474194261835946
0.0331362397662831
0.0914594241576999
0.0406342171790871
-0.14917130675824
-0.00262431812622614
-0.0282328761261545
0.0778746488152326
0.0281818432551323
0.111890134930045
0.00912403286534141
-0.0978719765063308
0.012220031697654
0.0146275083032199
0.0165132932478197
0.0662753291679172
0.090111458923566
0.00389109415977275
0.121077209749767
-0.0702820824418456
0.0422054154205313
0.153106684057478
0.147306948737496
0.0753427341138542
0.147877825705758
-0.035684056878966
0.111381197221087
-0.0064077830462876
0.116734653869381
0.0904423056384813
0.0396411836891771
0.0759812967050583
-0.0910278233863069
0.0353329342018601
-0.0124271869319169
0.190899871672465
-0.00822517888998634
-0.0208481229606957
0.0138937723284493
0.0188573748670379
0.185502261331051
0.17387438644495
0.100803178903162
0.0787187608642486
0.210087802858035
0.108017867510642
0.133329079779674
0.123080079641511
0.134057070812862
0.169338155660493
0.174694989281496
0.198501358525572
0.162266707297396
0.314218415471179
0.0987746354030093
0.117218217539461
-0.0654632637403395
0.0466626132847225
0.24728951511666
0.133856585305334
0.276023121443753
0.162583677352529
0.0391375029266173
0.1631143521335
0.135129827319851
0.117766203299636
0.253649139726978
0.213543140489606
0.0633306736225365
0.0811792829212026
0.105688675023028
0.278580314888046
0.0739802715329231
0.0991525669287954
0.126330138917182
0.257806115936383
0.222900146555869
0.283284284000581
0.0638152465492517
0.354021715388484
0.27936079882523
0.118763992042409
0.168402413270698
0.24905507373548
0.186951091232959
0.0910323699770092
0.22703798489885
0.125318222461967
0.207922017298799
0.122315458228682
0.185518166442169
0.0796521486380594
0.305858653948331
0.332682982070144
0.230319438363564
0.290233876840032
0.342724861001167
0.148314412043952
0.307460471296269
0.184022054418497
0.288574874009281
0.323148669008446
0.208161375418702
0.162927089687737
0.106808036950693
0.301845115877477
0.227159227731485
0.237475507308902
0.200765045283558
0.19035084775104
0.249319777181264
0.14433276048574
0.118057605065241
0.296786234837744
0.256554927412257
0.297573957532908
0.413799677580726
0.289400745213247
0.317597098799149
0.248140902745957
0.26730801585171
0.268033149550536
0.296109863194393
0.307606660633442
0.370706677031664
0.304357974229267
0.401271666811413
0.148632862694409
0.336288878447441
0.353549250203256
0.283374524409073
0.337920034337488
0.227862665195295
0.311081399346898
0.340021242953933
0.287642153907661
0.351304638270221
0.238993786855176
0.297613201964394
0.314864711234489
0.363458609392226
0.394467938155558
0.281362069571768
0.26998925572922
0.349755016450706
0.345410260561567
0.235743594010906
0.321785858804922
0.346186616801883
0.20526480041332
0.325229862333658
0.331089019298045
0.374219099932067
0.458961549470549
0.362789486738452
0.379000152195618
0.307165929733944
0.270611577632799
0.253026713334363
0.414666267343088
0.324286655600646
0.202323067515762
0.352484655991674
0.373314728287049
0.262283930275418
0.388276095558949
0.408624191056945
0.305101274651903
0.252298697530448
0.381312621706105
0.439451148934375
0.31850305265449
0.207775347745069
0.317203074723834
0.31932858691475
0.343824606558387
0.497319111198363
0.495285236381698
0.280077802361854
0.362597355519302
0.200426611657455
0.512272638610568
0.366609575436948
0.291668923941181
0.383130607512723
0.43888213813903
0.384206568014443
0.512007456462852
0.306627275758448
0.533120315660311
0.445813221114562
0.370601624001568
0.475391853701508
0.491866760942092
0.219631185943301
0.412771472109088
0.448816806937801
0.449295894049658
0.437298835134216
0.592386173257548
0.340670605335975
0.422224022211203
0.430894194311523
0.366559450297331
0.484111796113645
0.453765759892462
0.363991329118814
0.404580529346229
0.256527432247897
0.482928472749339
0.429759431974792
0.415731919748886
0.39113148531651
0.407807447953149
0.560728444124158
0.364078400779304
0.311213017207196
0.34604599645397
0.316917423484136
0.459618485074159
0.377264381408486
0.271256121426808
0.463355826438528
0.504265681867203
0.393766314772991
0.535519913603664
0.518591121181654
0.554562826200042
0.495400767160251
0.462874198527174
0.644012374892835
0.374717658405602
0.549899095252846
0.561693869155306
0.464346091222068
0.461089237822812
0.459844465598638
0.538292856170037
0.493612961545979
0.592381323614013
0.447837240379058
0.591432595301643
0.55974812220645
0.56467815239341
0.528663545970627
0.607932673682411
0.642581941239722
0.599948111502675
0.475232234934482
0.497009055588408
0.509079844430276
0.429892635848774
0.624284540526798
0.574821351292375
0.704444569574619
0.586704244776812
0.478644836135168
0.476927823125258
0.640191724691181
0.522828506067814
0.393265677005823
0.596003349325339
0.550972097279188
0.586966912672139
0.490755837250037
0.60526710363259
0.727801019907361
0.4902630862288
0.581486483348724
0.414901760508759
0.504617362974801
0.699276690638587
0.673365240526333
0.654319583474918
0.581779649296925
0.675918060043771
0.59884274126267
0.765073664719093
0.590814960632004
0.46810002344174
0.46242762472688
0.550400617795924
0.446875798827428
0.670761980251539
0.554861134290589
0.432851665530053
0.670001550282177
0.436911178619865
0.598630360507107
0.524765634487124
0.595902210705068
0.611382154087888
0.498895605915792
0.756201900802231
0.568695298792455
0.59493793463344
0.72685669191319
0.621878082492819
0.57411609140372
0.624618517058751
0.560313846623243
0.619794357444137
0.54901924234655
0.590350769839251
0.682289736131388
0.527465566420951
0.651163728339991
0.552806122659299
0.707296791861921
0.65412834759443
0.70435497070823
0.708397165912378
0.769604438206347
0.675799665805071
0.650771468707759
0.721209871159835
0.670163063817069
0.752305683187793
0.625412594211956
0.784002498419828
0.626432745050605
0.675410706383916
0.697296505744319
0.730633434380895
0.85900006033887
0.755490161935156
0.687710142173954
0.629901734746019
0.703886716387821
0.604502608074396
0.645069255750488
0.651605407916057
0.672948068587488
0.735110677107435
0.734372849247817
0.551728605392802
0.719684569507344
0.624976697986244
0.717071202594509
0.80112509467752
0.619860576541732
0.78532906826986
0.744915866315972
0.859051751480884
0.685931315928424
0.719099231500774
0.581961434361488
0.750403348473425
0.675362052120942
0.820364500343197
0.631408160104459
0.723348841552859
0.7841067898843
0.777283287233914
0.696464539462008
0.694080054466439
0.806230670817561
0.696657035433243
0.770346671819734
0.756850715992869
0.729734021963003
0.803320160818398
0.716274174618384
0.839045486025575
0.699550000359694
0.772636769361808
0.638899533546679
0.682184235228621
0.682710243126706
0.795952427523271
0.888264421180229
0.832493695212882
0.694832700125701
0.735335619981213
0.693306648641521
0.852487943103889
0.68558660474667
0.778293471362602
0.759685413298839
0.674323859239698
0.747712284647724
0.714221555028734
0.639884668569646
0.927403782588158
0.653033186315757
0.755295402259202
0.833418723949595
0.738058699834367
0.734340814281253
0.71235564860024
0.797900350323551
0.713054966134484
0.921385969616261
0.906640468177146
0.731306111621106
0.918982975042663
0.852719003282989
0.980947769797239
0.987444302185283
0.82537904310067
0.783831613939105
0.74301884594582
0.83307479925757
0.807801317042522
0.86928892583874
0.80948527726378
0.993579373418358
0.780660978037487
0.771978497765028
0.804430962368669
0.889642504320494
0.840384418086924
0.887728711147429
0.816941011779716
0.895132054293236
0.893401467575926
0.839920967977949
0.791149886372507
0.786525751415781
0.820466959417571
0.842958680085661
0.793371819862603
0.824066038114349
0.909576649271767
0.917903822807358
1.01624276539552
0.782138185049433
1.03711864077148
0.708300761863828
0.975435662246181
0.994690284807958
0.930531789024154
0.971885454869579
1.02320231427928
0.872035366767875
0.842591751249421
0.986885583507476
0.894122306932375
0.943957757913902
1.04276563444283
0.994723268866782
0.92363237616016
0.882887465967095
1.09919439550072
0.961257815940286
0.97331608178837
0.935795183669709
0.92923195557313
0.937967780453713
0.957896823118727
0.868766241102005
1.00136524470395
0.868797246382781
0.896808500583928
0.894488740028527
0.905224225771772
0.891656003719509
0.873262196905154
0.753673271573795
0.835282439853046
0.912698238916015
0.959088791885686
0.933234770298213
1.04368032087178
0.984475753104058
1.04024699057441
0.939960537518381
0.979276681832336
1.00236974633774
1.01634825221143
1.00208850722385
0.89896570958988
0.953592969989219
0.942825242538451
0.950859493859141
0.909034018524324
1.0674780319848
1.08261018487719
0.853954372150717
0.934258070099397
0.984160864296237
0.931377468564943
1.03855840582946
0.938075899887801
0.980040181547096
1.14622606880385
0.936105146192122
1.14283402914103
