-0.960889226873079
-0.995931155178165
-0.978532502349954
-0.990608765683264
-1.07405624566937
-1.10031825695713
-0.906713114300174
-0.886824867927086
-1.10749453242552
-0.804561909601403
-0.980136957661333
-1.0288978721576
-1.03558987234625
-1.01333954711231
-0.888932821280192
-0.936283549253175
-0.91375466470751
-1.04673763593944
-0.994101511715061
-0.937859305195583
-0.791818634570284
-0.938208565284125
-1.06125414726058
-0.916854301443226
-0.870609274831778
-0.881104006833185
-0.975296653240778
-0.949185509110173
-0.853489391563088
-0.881440701837832
-0.957716062566729
-1.06354621825615
-0.99630896480964
-0.97490276909898
-0.847416794085719
-0.818533472921837
-0.936049045784092
-0.774656211328319
-0.952769606606901
-0.871418768083288
-0.751203198898494
-0.853703991155053
-1.06093051452297
-0.960358772103497
-0.894575862559563
-0.873724156584866
-0.955685051839785
-0.886253140112112
-0.925003274808904
-0.797887485083668
-0.94936093498163
-0.995266145026557
-0.925796007190807
-0.888034278688286
-0.931770699025372
-0.894969997943494
-0.836189941976062
-0.852580143979604
-0.968170755156634
-1.04404264621519
-0.849069591220332
-0.987877819539149
-0.793102564265251
-0.782734800035576
-0.785433729799401
-0.82847238921092
-1.01432904616691
-0.840245764507874
-0.827111502961471
-0.777365617461708
-0.866826227640936
-0.920689857342149
-0.960657007250108
-1.184259611966
-0.84675924873403
-0.836445597485905
-0.919439156186176
-0.98336421160237
-0.768344629578485
-0.825572398614283
-0.764028339482416
-0.848705728497332
-0.941258040441039
-0.892169801913104
-0.644188898567372
-0.762229964647976
-0.924175681649662
-0.825064475849853
-0.884504864156455
-0.927398291231513
-0.903155406382485
-0.753018771473106
-0.859568759857328
-0.745258938688879
-0.794366859080484
-0.800361616933655
-0.857313412287782
-0.731758487913561
-0.782595910050356
-0.753744796136592
-0.65944525463725
-0.7331165526089
-0.924396140348806
-0.86301216740596
-0.89539974785308
-0.620224661342659
-0.733777208597077
-0.737394478818076
-0.829379520373201
-0.632959933687254
-0.592914831514561
-0.728409022070331
-0.758465854280554
-0.96965208397356
-0.902040949244582
-0.917861180353477
-0.777140088295272
-0.739768850208882
-0.847350974907958
-0.757724326088074
-0.663680313451046
-0.894993158735831
-0.695570597863683
-0.813480781273467
-0.778097539492132
-0.692989784230134
-0.819481954168442
-0.619437247665279
-0.803614890253318
-0.775848305435893
-0.74175676644351
-0.781107708506978
-0.866357237723143
-0.678374562657755
-0.685449350129824
-0.73954794670616
-0.737418032864182
-0.716133889663754
-0.7590317560536
-0.759799406218971
-0.798527528283013
-0.665595107557762
-0.743913931729737
-0.668584092269907
-0.675917861172929
-0.605365490396984
-0.741496173655662
-0.666364244464061
-0.773234468765147
-0.586197846050074
-0.704116854536273
-0.786424929268949
-0.570472757993668
-0.755679737146404
-0.604987975771058
-0.650664417750414
-0.854839518836019
-0.605590469270711
-0.688226945353206
-0.579098481666174
-0.674149790692922
-0.671384787599346
-0.586826412290023
-0.732069679447367
-0.594124760946234
-0.681248720407376
-0.698138637466855
-0.617504693296772
-0.72090072289605
-0.599400055823705
-0.734306124017372
-0.657711960403849
-0.603067468350309
-0.709142781720567
-0.569555531518905
-0.531660937724338
-0.631866585118844
-0.752583099069565
-0.786163838794051
-0.689675857302879
-0.647234534315571
-0.531448716023934
-0.549925686490981
-0.529389517081909
-0.647018337016808
-0.594385305292489
-0.666660955423803
-0.536710143714018
-0.585338093950765
-0.749745724393008
-0.558035447464556
-0.592656894383836
-0.617866247382666
-0.636359716470572
-0.448424922731788
-0.760376912264219
-0.593423915604968
-0.576062960064435
-0.747729070383286
-0.571076729371694
-0.490959678508364
-0.681551277532555
-0.448329738226211
-0.689309570548616
-0.554884563238693
-0.630581125392786
-0.424867161616028
-0.590784254091566
-0.597690476717364
-0.593334880028949
-0.583614277743706
-0.714238986194973
-0.539686591198107
-0.531806347627828
-0.590903786535455
-0.528268538230737
-0.603598440891037
-0.524894987591336
-0.571626442649645
-0.568632276150617
-0.738037430482312
-0.63056559932396
-0.593997063414143
-0.481374342412409
-0.58962607125559
-0.610808170279948
-0.50388125187904
-0.566199921819254
-0.635048818789537
-0.601482450813686
-0.483675624338159
-0.535669997121491
-0.590474677942374
-0.621387152180454
-0.567144703988885
-0.535646118451575
-0.460752120221785
-0.614867714735821
-0.386480976105049
-0.499252812368051
-0.504275239786503
-0.517805421765169
-0.545496788244027
-0.542777233227763
-0.576092115608179
-0.576340355626148
-0.523324674121362
-0.584387991982488
-0.539222507115896
-0.468421501985065
-0.443542060314469
-0.527687307608261
-0.431307571549012
-0.436306738347546
-0.407750214877706
-0.444409509471769
-0.488906397901919
-0.438820580025921
-0.492770925412624
-0.597155788294737
-0.445749527431344
-0.539560817318818
-0.515895187150234
-0.567596597459307
-0.368713570700165
-0.255774867484742
-0.387768836388436
-0.439261470857962
-0.550852474432543
-0.473544040272888
-0.623925948256654
-0.476308233136925
-0.469511500306509
-0.415987541401288
-0.41213159811495
-0.409349424277237
-0.610710084347424
-0.4634206949797
-0.409867755419195
-0.361105880202695
-0.494984296665388
-0.345256569278778
-0.49308016796682
-0.661466476005843
-0.359336682814632
-0.487871694944075
-0.469470745673816
-0.434200163427744
-0.376909761680511
-0.450722720748981
-0.454413220658345
-0.280362680771144
-0.451735540808926
-0.36342589996922
-0.427460553180628
-0.271747860960845
-0.293118898089277
-0.428720814252655
-0.325250258425546
-0.2578695231937
-0.418578386376211
-0.349043325750395
-0.336209212190615
-0.270288538848646
-0.325643978110445
-0.311538432701611
-0.465361041460324
-0.443280239668766
-0.289397057730927
-0.493032531893348
-0.340757746872564
-0.421728468968986
-0.412810186724034
-0.383680486512336
-0.361967446045537
-0.377010133304709
-0.394943878036969
-0.406652075382585
-0.324537063360935
-0.417088144222947
-0.271474552123933
-0.430183131382506
-0.373869007259755
-0.433157358434703
-0.296532572280896
-0.449222452924175
-0.472058324487804
-0.267133006802186
-0.373981263523581
-0.266896801193058
-0.369931913688598
-0.431114492095947
-0.259893050087885
-0.513148421224183
-0.324517422240599
-0.179773347295979
-0.300419685338836
-0.397262295020499
-0.244482421906926
-0.330600205356402
-0.094168947719451
-0.404396909920098
-0.231705845974983
-0.334668794106401
-0.403260768537452
-0.244650744857152
-0.296170019060345
-0.26972374412416
-0.32380269624926
-0.359387991819884
-0.0652454952720783
-0.379407076572848
-0.355619868797834
-0.32631770965557
-0.220804727244361
-0.254955680782687
-0.388155661880988
-0.216919108215428
-0.381633751631932
-0.35917060836346
-0.248461972997013
-0.259274906101684
-0.37042929479485
-0.13615337553912
-0.221183838061934
-0.239299496491956
-0.237110647562653
-0.239686609688656
-0.235147106707175
-0.336445585806156
-0.315591594261165
-0.255762081244169
-0.29247842336813
-0.218805232325833
-0.322509708409885
-0.20381344807247
-0.264460697969439
-0.330091955818622
-0.277349767358945
-0.41091162200113
-0.34161944412512
-0.15944464432168
-0.15531206081039
-0.197211043521621
-0.238874983003149
-0.347649842506309
-0.29418970497981
-0.267158324253522
-0.302771748158365
-0.171027425708812
-0.253511644964014
-0.284384995408372
-0.145908141533167
-0.121195410525823
-0.205218037623361
-0.357904967654067
-0.0601312249364174
-0.147082850791036
-0.251054137124786
-0.375402950094935
-0.267461568830634
-0.281314458813778
-0.106001024668081
-0.241149880808154
-0.323312779735694
-0.199534734485795
-0.198082582739775
-0.215480714662598
-0.0661384449494215
-0.171545781730606
-0.242441794036689
-0.14143178524383
-0.19842731213694
-0.145616926917871
-0.256890527656985
-0.321503871213047
-0.0720854994671282
-0.241225638283268
-0.170423558815248
-0.207930141003927
-0.275731504451568
-0.101160230224174
-0.211593628924387
-0.21821972714722
-0.0890369513293741
-0.0920790081046763
-0.0679378874800285
-0.0917224582547832
-0.293708871312793
-0.139479975544452
-0.30500507122306
-0.0359928284818143
-0.0857771695834369
-0.196062294718113
-0.153996833046685
-0.248094908407638
-0.205243967041823
-0.0764409211836294
-0.188214333488607
-0.133294282917936
-0.168124123649849
-0.17840958698989
-0.0354782618406292
-0.0598682634016684
-0.260661214748514
-0.0920734826680404
-0.130288136825651
-0.151331398678546
-0.180237259752974
-0.274535734594837
-0.16854653533731
-0.169088889590764
0.0190601547082549
-0.0990317497472038
-0.0973454853623077
-0.0382885212681678
-0.134303161291838
0.017427991858775
0.0995162864043484
-0.0723708722011556
-0.0704617647501137
-0.0586111386151478
-0.20202460943323
-0.0155857048313603
-0.219355666293479
-0.0418399285283577
-0.0917611000383208
-0.0901466895238549
-0.0318821652097137
-0.217528326244557
-0.011658557694652
-0.133264246622277
0.08533689009365
-0.114253874630785
-0.0210296458951931
0.062449227726869
-0.0717448827663407
0.00601335086288085
-0.00701757820939788
-0.0447625834271409
0.0793180649166718
0.090459483006456
-0.0489091501214024
-0.149016518085214
-0.113396524511761
0.0747966885522563
-0.0858372666685913
-0.204429526374693
-0.112386921897974
0.0388636148764757
0.0361270204398778
-0.0819062412855467
-0.0741336762081364
0.0752201690826182
0.0630198117575301
0.0912360441415453
-0.106479650960043
-0.0179722609602138
0.0627453349410426
-0.0328549998948593
0.0658843518641914
0.0547909903366632
-0.0328951320991309
0.0675073487832607
0.0515001939616156
0.0473301746503582
-0.1480156542934
0.0612556596748936
0.00523082672306942
-0.18643898414665
0.0498359498727895
0.20293163030689
0.071339463081515
-0.00965680226197529
0.0776767960209729
0.136699895949168
0.0969150280158161
-0.00791712731514551
-0.119731595248814
0.126291091289401
-0.0174209042787149
0.127921351758653
-0.0486888210376299
0.0140698459840664
0.0734789288640048
0.014117264801221
0.0972620380366738
0.0482066380594896
0.0635651585626108
0.107367862710044
-0.0245500823716322
0.0872878112222134
0.168821480984425
-0.0922013349524984
0.111168807862399
0.160404102514016
0.0374026010340053
0.0343811099365602
0.104551936047946
0.13592316300988
0.108571239492627
-0.037298148137186
0.0350967919812922
0.11921380796306
0.170644894268185
-0.0615297173908487
0.186545681811689
0.0971301951704954
-0.0555600279109572
0.13239947327509
0.161058462852986
0.204923920407477
0.154402239981505
0.0483556401618354
0.154586663700442
-0.00576428993519515
0.203699460855457
0.118176709042999
0.100202815326213
0.0571276484036245
0.0782465283042918
0.0241088472105927
0.0969289214702183
0.119209590278559
0.101585739255089
-0.0909181638073654
-0.00272758765987266
0.112425076392496
0.00184673678285607
0.0402732106164991
0.0392110039785829
0.276786430049998
0.216488685397936
0.2200857313956
0.277984550543817
0.129694240717954
0.058302390347324
0.208906867588554
0.167002986518933
0.0961669541276366
0.051198403627737
0.252395175036209
0.0459251640450545
0.301724529640033
0.149891938756211
0.243796406994778
0.284081469621168
0.221409806262188
0.141458240054314
0.276365979296201
0.223794593594641
0.174591658608005
0.323518217303209
0.0748692885618748
0.259999742674222
0.0794938108249285
0.104022611991856
0.0802717995255047
0.304617729926832
0.320672440584956
0.299176047059614
0.187929551749753
0.171115093524781
0.249990823387335
0.0799607570310846
0.296281634255808
0.214953412987089
0.290452991905853
0.175132044445387
0.0675053908351803
0.342651175814358
0.127829741865731
0.284507625252304
0.340403955031785
0.0759107314576512
0.259342291538503
0.203163345255177
0.0212030428078775
0.114398909578339
0.450008842269864
0.344506136052308
0.225886669660352
0.168038493834465
0.246272850976052
0.3846298716154
0.286547731647268
0.116542512839754
0.102763500015873
0.140871475908281
0.401344969976452
0.259292459914979
0.361322895417397
0.166682710319912
0.236270051592792
0.20414049579598
0.253973640932752
0.165704963506063
0.350022266887734
0.385666589315287
0.405729016123574
0.180514672075262
0.297514237946177
0.352282608164965
0.399688375701648
0.25846398249516
0.238042333068513
0.356529372066202
0.26320224032228
0.303853074142618
0.240429498762473
0.215957808277835
0.482983213724851
0.387163219033094
0.246655885775655
0.296089210164921
0.322976606151129
0.302033229451606
0.379457620554479
0.252032631417022
0.383430037647218
0.420537807331176
0.399137939826056
0.304964570327542
0.427976703973775
0.436704485478347
0.201504426048501
0.267351627826621
0.357543903246145
0.320568231555931
0.103190521315241
0.306721139942953
0.302130359933426
0.338545413701617
0.247079351029213
0.408943286105669
0.303494289729596
0.315000483086938
0.454206663746366
0.342494119963253
0.177921607087676
0.328036525352406
0.419362818079535
0.338011429774204
0.385164021024739
0.30134659672177
0.323949417860766
0.300512220492731
0.342949235565808
0.349978539899672
0.514237146927588
0.402202154700766
0.408710198799243
0.331099090982675
0.412663228821578
0.283510194938439
0.304528728189346
0.24825744286037
0.262946362749495
0.368150980594962
0.366710111633601
0.298479961478108
0.258835926370437
0.537703880690333
0.320040425833147
0.271028016633478
0.403564028474549
0.301913704135699
0.260287818878155
0.544511988673458
0.505293018126984
0.466952889618703
0.459512233717792
0.407549094126103
0.277927240796447
0.419245874584008
0.51273504648224
0.420109857756499
0.432127757056276
0.454858833973309
0.321524229623912
0.385242238716261
0.531057124386564
0.429621965293026
0.378273958029529
0.371948334999856
0.399447707129194
0.447976606359451
0.50876216750718
0.349638351441393
0.565362247545724
0.504968893417213
0.505222689658111
0.433550465643197
0.519714169132263
0.484018623335416
0.438168626884346
0.448267181028787
0.349014322123931
0.437778143075532
0.498946120586007
0.466541159139746
0.49907315328452
0.542781502455487
0.498315265650362
0.470391190289994
0.473435429469352
0.44719005153279
0.466308735445053
0.513211741227565
0.518215590282034
0.534887499817291
0.641121324234155
0.602113442136531
0.494894695745297
0.517973053556981
0.534066697726653
0.580948784292083
0.54206810750877
0.549150716151652
0.541383526094851
0.577619963510929
0.531878096635288
0.547293275611968
0.50289772394872
0.537284874682033
0.449989471650039
0.523252729235763
0.652849571771508
0.460858419099972
0.495619868893898
0.491206508305216
0.602961411046814
0.579455396639839
0.599369742908513
0.606215354000323
0.627533237215304
0.489522764557641
0.633722403720504
0.573355741358554
0.663095398682637
0.422376109497329
0.572218677973115
0.815760467100664
0.528500472468387
0.611693438014265
0.615675075666352
0.736180383029256
0.511784657784138
0.571242010904699
0.609073626970941
0.528415194757553
0.618035235850235
0.661554172950203
0.566075372578088
0.689451745780248
0.624005308967149
0.668161540794957
0.673107103455854
0.644890883714272
0.479756081158795
0.504939117724371
0.565798656538735
0.577190821530717
0.676646895326364
0.568625768040375
0.662408519723987
0.567782857253978
0.460116351741009
0.703303965520978
0.668629755097234
0.584643872388859
0.569100058538901
0.620091085740854
0.524755209917089
0.43147680988348
0.583879652255468
0.588486649483628
0.506602292666939
0.57810448072688
0.631954102219904
0.554844576896681
0.547370058852155
0.639308602722481
0.696087414794901
0.668115856653024
0.585732860176237
0.492147426010412
0.728876583744712
0.670550715283391
0.512312378710599
0.488815221368418
0.697728490615324
0.487905336037966
0.816243203451102
0.596636996860817
0.742745717324051
0.798917287815923
0.724562761076704
0.635974307260342
0.747227197082532
0.725897448313412
0.746784293339783
0.742017677332467
0.761638358688283
0.631285234475855
0.655847774399808
0.529269317792157
0.675484198869199
0.497709917887601
0.743375960857163
0.689507627977383
0.713225291019945
0.61062512155072
0.561624337876339
0.725826799571721
0.739831645097544
0.716021877836484
0.690118085804723
0.567951883513378
0.693751290757885
0.696767547539547
0.738670747368672
0.76485565472793
0.726054377229848
0.775124452564572
0.768726321616454
0.751554194070279
0.847759489801989
0.68431153696304
0.742479549302871
0.856772010078248
0.791618587638087
0.752527974866667
0.691438507059414
0.673754752483173
0.687515151930759
0.886597434598563
0.784181506329163
0.832305234612309
0.872988113348532
0.748414313354098
0.735382106131712
0.806681709957552
0.668139693692857
0.796277391172614
0.836295520096061
0.790511780551627
0.820108356308096
0.810159460593113
0.693892628007811
0.793498692693179
0.929840656106745
0.605635418206268
0.639366962515318
0.654311152836933
0.882934920422947
0.882807724143341
0.88228324935483
0.782195687290098
0.871829017506458
0.747088865196168
0.75342525852152
0.865302301134718
0.670235663761796
0.635718184759191
0.849784557273937
0.824208056088134
0.82472109293631
0.742590011353232
0.849872156067765
0.891629490818868
0.839085059640026
0.74251684867242
0.724025176133705
0.851389378576984
0.916000592259901
0.863959430825454
0.760804505541889
0.843898264698502
0.901867134263053
0.741736581253191
0.804009266626191
0.709329010564128
0.888904608545818
0.856504720289006
0.974876626445038
0.700039616842049
0.881128571583809
0.820201431914859
0.896210705797783
0.687586528674861
0.93838774689455
0.898041753985455
0.744952440871049
1.12829010831017
0.802197282852641
0.93270472738202
0.998239690206536
0.90680753000027
0.883565041350079
0.873612382682936
0.888299604214019
0.831977022526682
0.890352039617171
0.895917820230718
0.94428182867494
0.803381153341098
0.713125366370293
0.939933155228612
0.737276287352337
1.1213691033079
0.977000410068384
0.842235897153925
0.81056228213883
0.890238033182306
1.05543776275534
0.869794000343397
0.873680339633276
0.933753346583623
0.778558447915706
0.809104002627763
0.957136094594739
0.760269447099739
0.918901884638364
0.942198375390644
1.00602464838314
0.960319112753411
0.959040176096499
0.963993657558105
0.933346440521494
0.837113821592657
0.959712437686879
0.825915716780288
0.972850963354502
0.815801799432555
1.02162530716525
1.11630825597285
1.0153204208917
0.877961772454639
0.769306335255931
0.929743183916789
1.0011083011826
0.995514535983442
1.07111331186828
1.03191512321084
0.960749860447144
1.00831080220278
0.883594182720941
1.03503989846263
1.1319355827457
0.985852871666167
0.993206151925572
1.03892456938617
1.0812857904128
1.07787820609088
1.04071964969161
0.993730200974022
1.09804760810634
0.913711278620445
1.06582804753702
