-0.892452451758806
-1.0904091619807
-1.00386686695144
-0.904245344868824
-0.936112457525703
-1.00481243300126
-0.973956734127933
-1.07164399875899
-0.97826868167634
-0.877393965491224
-1.04591976992973
-1.13007179820116
-1.01407768068786
-0.938638288443754
-0.947127655964895
-0.930513030637427
-0.910902477499348
-1.06680955512773
-0.991388943792053
-0.707318991723667
-1.07529368402307
-1.01708473739915
-0.85004998065622
-0.892170737008279
-0.979854668670393
-1.00324036096631
-0.900858665137129
-0.809098656904882
-0.977889235069187
-1.00811209873017
-0.837994932298185
-0.846418067926386
-0.963085779503721
-0.92843065085389
-0.95178545992921
-1.10895310682521
-0.809151700674493
-0.995466569332903
-0.768184431350612
-0.876679173495414
-0.920099481716237
-0.920154655293812
-0.930424371499535
-0.874257897348906
-1.00434280832485
-0.904778459485612
-0.834322095164524
-0.926259727386124
-1.07338183527603
-0.98206550144727
-0.894086136180064
-0.891335863606224
-0.835887615296918
-0.944172470170266
-0.763690353778706
-0.847895006291883
-0.822628254132263
-0.870481320460905
-0.920699193151036
-0.852547251476188
-0.875795692597939
-0.864602441642506
-0.87720253319483
-0.921953972371035
-0.784932876274402
-0.923340922720233
-0.855395567030795
-0.889106858085318
-0.784010351310461
-0.785303075730504
-0.759819373076698
-0.749159173904451
-0.673200116315355
-0.90097383425928
-0.849553123921429
-0.81556992138413
-0.867814193075878
-0.716290616333717
-0.940566318779663
-0.739270329894401
-0.888548573575921
-0.838290593464961
-0.837069407679509
-0.754715724319687
-0.850399918764111
-0.773639189912888
-0.899707794897083
-0.850008032073593
-0.739130873101514
-0.663703279591971
-0.837343118651225
-0.723207146837738
-0.710460687958578
-0.896530090995391
-0.810324531501564
-0.988986964921963
-0.715395972219384
-0.807905672328386
-0.741644549171919
-0.763488967479445
-0.703173514802144
-0.839235724605314
-0.711326748633055
-0.878942284574077
-0.787210108629444
-0.717600801862422
-0.665120941930241
-0.652427717820548
-0.852655319128963
-0.892448159801298
-0.659634543167748
-0.808905559617748
-0.662091201694767
-0.72466602158764
-0.845012035909724
-0.778444587285767
-0.746654885800259
-0.720741945598838
-0.605364489101164
-0.613352851236498
-0.59885487906265
-0.689815571423478
-0.78649621882271
-0.717124594572676
-0.834169877076986
-0.792012412600765
-0.565079165756552
-0.737506837424818
-0.741627795606381
-0.612387706466871
-0.72568690209214
-0.847166937968924
-0.560535157587954
-0.857935990434024
-0.719437761236196
-0.703259700895132
-0.776909191903985
-0.662865855442096
-0.784207156983649
-0.832166491437409
-0.780699194575954
-0.726329280929456
-0.762645086093981
-0.765305601351681
-0.753040314878155
-0.73805373818214
-0.717251417180222
-0.691096297716961
-0.782976504306738
-0.710942276561929
-0.588028616095841
-0.748723917186361
-0.644603403617128
-0.613328401101684
-0.616780308028781
-0.513002724094661
-0.651249665775932
-0.639507577893712
-0.557969071272577
-0.625982630760831
-0.714802514660997
-0.678932135191877
-0.713914745390713
-0.818548978660447
-0.683388772480022
-0.510228352696631
-0.762239296977346
-0.690801452924713
-0.730817354833472
-0.755757298480053
-0.673784310675221
-0.698940927750929
-0.721733832789283
-0.721984824927496
-0.700117213166761
-0.727176544674602
-0.69700947302453
-0.644508095928474
-0.743149647196158
-0.737797517841929
-0.450564682560419
-0.530664911893939
-0.513404008224385
-0.53692491537196
-0.713252573021229
-0.590359085792739
-0.48170985582543
-0.554356072314603
-0.664830792555334
-0.779928905131781
-0.653685625371478
-0.682415050424256
-0.637638695755322
-0.548354191958569
-0.604864697252594
-0.789227418331148
-0.510978592085364
-0.684509719379515
-0.60232417626689
-0.683047433649537
-0.62911890384399
-0.725962663649747
-0.600963293480412
-0.682179721931194
-0.700873524714087
-0.6563340485465
-0.587618893663481
-0.534070960270184
-0.725606112560765
-0.482978343057068
-0.608661277047251
-0.428725369035526
-0.522041645809157
-0.689067584029847
-0.518717621362761
-0.536746794486168
-0.525094327339851
-0.593250484112042
-0.647120136628855
-0.520900943009897
-0.703149873900782
-0.495931036727251
-0.576664587965163
-0.576412926565843
-0.643353264712572
-0.498170844533325
-0.495375061176793
-0.554788582434514
-0.502966527407268
-0.641783864814046
-0.481140445207622
-0.619351595884872
-0.653445253684977
-0.571323927420776
-0.535361666136665
-0.512180744104379
-0.537366912019292
-0.506318943574151
-0.570320108927455
-0.482663348326324
-0.4488827729641
-0.565436957235158
-0.602121598183401
-0.627247990160486
-0.697864996952696
-0.512572828478079
-0.488342065887464
-0.500878184550588
-0.473329418890637
-0.468230898481512
-0.369726344216115
-0.518694171592353
-0.484270413207741
-0.554217593542341
-0.363663650570147
-0.554368995420596
-0.543495567523348
-0.586819131510804
-0.479574659066921
-0.510042013885862
-0.51718660758074
-0.379267713663038
-0.4511570766148
-0.562120747122601
-0.391660562262763
-0.352556327994463
-0.371195143209003
-0.398124817035314
-0.558399592167903
-0.505659789239232
-0.524848072405459
-0.364901529011924
-0.344698796208469
-0.375181221262005
-0.56255246517537
-0.235090577896006
-0.448385906890938
-0.449530429676561
-0.433295169785403
-0.480265760306271
-0.386734686932458
-0.474640436942168
-0.349634254573232
-0.411667982802418
-0.370221872711295
-0.381131409023693
-0.371006848117853
-0.2650653502466
-0.553763787868843
-0.280634204669602
-0.416668405739342
-0.399618731072813
-0.42159663520853
-0.462922899623841
-0.284495084555359
-0.313224844263051
-0.426503082421515
-0.374077644487437
-0.351760641424615
-0.408644822330148
-0.177658895894085
-0.331956956536983
-0.491041833346173
-0.264782627356517
-0.275849337448627
-0.327055512215526
-0.417077053333418
-0.445287328784186
-0.368760598592787
-0.424925459202388
-0.478127348735966
-0.4219482189274
-0.353690453197414
-0.45302883369984
-0.419992019486126
-0.287012513562866
-0.351370868637582
-0.366735788291975
-0.281239470440576
-0.303289859988195
-0.391935726145959
-0.478891878710545
-0.424464075972112
-0.282863558334129
-0.212629568264611
-0.371036531124846
-0.304821069842942
-0.251836728307762
-0.372870071455734
-0.327180086687435
-0.351926904126428
-0.313840046292652
-0.266495381020053
-0.367761822106236
-0.357913388435401
-0.21300949306916
-0.286766764075084
-0.355480082439304
-0.326851838013028
-0.385206997460307
-0.369554866412795
-0.337224885575204
-0.241820017001213
-0.372649827503501
-0.341411273345938
-0.287543400183432
-0.210993676312174
-0.256738127541007
-0.31270971169679
-0.276819654344389
-0.24657492948756
-0.234641232907421
-0.300040486028412
-0.215666469161339
-0.238999109314707
-0.263934257678728
-0.389132467984104
-0.199989143192084
-0.319018767706809
-0.308388065738931
-0.211411024045815
-0.356811176549646
-0.253158418711945
-0.399853073044787
-0.318692095030197
-0.222065182169309
-0.313677372159849
-0.371255995692624
-0.299973285907831
-0.120825916600355
-0.207364943842236
-0.30364582161613
-0.0991095055006158
-0.139242118646111
-0.348622861859935
-0.327308836747051
-0.179549544209828
-0.321413408275
-0.267166150895377
-0.271054577192789
-0.372382683810225
-0.270207813399825
-0.2764439119794
-0.339074524437474
-0.190587542415442
-0.377008977278977
-0.186798220300466
-0.455748229676283
-0.265291722143098
-0.264897748141761
-0.224530099995971
-0.191814844183408
-0.143334890900397
-0.247126904453896
-0.294255862611611
-0.186329552890081
-0.183934744931715
-0.23279678336386
-0.155599229204976
-0.202420841690722
-0.197816552063273
-0.0446216464263949
-0.311172859965109
-0.215273766017916
-0.157664231639672
-0.228447897479545
-0.0774851249317184
-0.211128308167652
-0.285300879656893
-0.183234271342831
-0.20923417380335
-0.344001208336561
-0.202694282622801
-0.227636635681189
-0.230927770865483
-0.138817937554239
-0.235644169799046
-0.16988291657272
-0.120103647676515
-0.195547314104683
-0.184040004707974
-0.141517254585857
-0.168726210551457
-0.219050090845098
-0.243439818238894
-0.129821280797694
-0.0429900571524756
-0.0520115494039489
-0.0673038633951461
-0.249513728971644
-0.257722095245626
-0.0600691668216647
-0.182355244420558
-0.246145090246863
-0.100312800252956
0.0216580885262555
-0.287800872851641
-0.186880019145188
-0.186816002584113
-0.185032366237616
-0.162753498819867
-0.342766229994781
0.0412954463151299
-0.0660427941686957
-0.0911091602853105
-0.0483054196471685
-0.161467045438528
-0.171689847910883
-0.218726318093666
-0.0305851436096459
0.0260208865910769
-0.0276679942094797
-0.135173226405173
-0.203762600934166
-0.0390632255318657
-0.0866806839905149
-0.0366459630362718
-0.0860622969214718
-0.229432777560954
-0.144221982332364
-0.129768629097791
-0.157155410859943
0.00423619620231179
-0.131705544384989
-0.0972819330225629
-0.132491827527792
-0.0164085456761295
-0.0175208648027949
-0.136365319011502
-0.0874041440366507
-0.0232544240277818
-0.150015505632047
0.00238052523850681
0.0374742182638148
-0.127763962888242
-0.091279463902197
-0.00845399777751293
-0.0636713000665361
-0.212842642238858
0.0158217153800281
-0.0622846950520884
-0.091940272785328
0.117769593531266
0.0339704591533231
-0.0959841536639189
0.0273506443188864
0.133799227753947
-0.149635162284165
0.0106232242589998
-0.0604900950654012
-0.0468517830546048
0.0638755404903353
-0.149972360479615
-0.172683113357759
0.0106054670194976
-0.147975735532047
-0.042648838108174
-0.0423148421838082
-0.153933351923378
-0.105843799475973
-0.0720220543673157
-0.0740246878896407
-0.00690427249934196
0.0356774824412671
0.0123202573014084
-0.0500514601556258
0.111404528047953
-0.0784259639055619
-0.075078538057555
-0.00778034991673471
0.0737163298612845
0.0204516102581862
-0.0831741095450187
0.000293241861139333
0.117100358032301
0.116169193998354
0.0498108920350096
0.118700029035234
-0.0143894313621698
0.00444673929038315
-0.0501900708845544
0.0696025941491341
-0.0269380260564709
-0.0863276438143791
0.27917592905698
0.166778886771581
0.11900668170148
-0.00406441761090925
0.0430566988643835
0.188460940957166
0.0538027763356332
0.0210506421589486
-0.0311142618604606
0.0603694533879989
0.224959833767269
0.195737297944083
-0.00229216145627251
0.0811072624377025
0.0810808831731509
0.120151217455166
0.0934849587956935
0.0421273538113146
0.184732728632645
0.000974374475083797
-0.0114254398459665
0.0892989902532149
0.0690682977296248
-0.116697307622479
0.0118462207144392
0.20175099259417
0.128885361465402
0.158449000183402
0.101820397429025
0.220622044841519
0.232178597353753
0.147479574736493
0.0674675702780961
0.00084750313719188
0.136201925647089
0.0669158228454493
0.104923579419741
0.186865681566164
0.118773785074485
0.103230693337435
0.149596003647261
0.0704604578421469
0.0943853762269524
0.222703045401068
0.25480229522318
0.194985455640965
0.145241076478857
0.142218663888175
0.225055658474682
0.324353823543489
0.25653479159974
0.270568710266619
0.154985202670091
0.165178616222524
0.123262069546689
0.168245428708449
0.113578591539156
0.163111021611967
0.103414542285109
0.170818977134594
0.106055747561606
0.210638740110821
0.0944686475375657
0.228711543382332
0.0541720193034684
0.358118269982687
0.0955782015015475
0.251130403727977
0.149980627827929
0.225689452442247
0.267710466363358
0.158627647252097
0.166047350634996
0.30586440881531
0.243709352610387
0.0984743586467002
0.255516322251697
0.136418476793653
0.244694153404308
0.307237216890127
0.270887594174965
0.320319933257348
0.259452709406054
0.142240534256651
0.233447375597171
0.302470744818649
0.220475710351048
0.42933375560734
0.183306899831542
0.168296607664245
0.169961999326862
0.21330471833271
0.1221162215547
0.351518493182653
0.255373130291112
0.248094958979986
0.180314531710121
0.308936745836973
0.275703508794042
0.149876158472297
0.171333676598307
0.35251607815143
0.223043420903951
0.202824771346527
0.148493860546281
0.396248479552081
0.395390094115806
0.347795430746449
0.403206013787323
0.239678077307666
0.200697260047886
0.294327701536382
0.481145548603615
0.172286040910753
0.21772430630719
0.230630263947971
0.269491502862492
0.166952544950645
0.231879162406192
0.259090157082738
0.254379060275337
0.358006927176622
0.208619970558355
0.259571545982818
0.286104326493437
0.242740432435363
0.375606836295918
0.438512968882678
0.263634950277052
0.407881615944405
0.240202525815386
0.417255033230258
0.243958641404794
0.404072134819205
0.318903095913631
0.339091054286159
0.126767868583307
0.467161187395398
0.35618471421268
0.361869723881523
0.341413456294646
0.230294477258857
0.288214636701356
0.289918487507911
0.308675658448491
0.378417227008528
0.192705839866766
0.312502357563234
0.270602078178523
0.371284247420764
0.302284805999047
0.203236242157176
0.342626460294483
0.469702679148526
0.30770410860028
0.388552881034825
0.328845359688869
0.310449402774389
0.403329761307609
0.440731159794476
0.497796249151143
0.269032589775323
0.430023851515096
0.446747435245431
0.377674877818158
0.403048024319261
0.423505817320402
0.462101274689908
0.338015204938204
0.458991836770206
0.491941861003576
0.48944809213186
0.317781462306888
0.433261509810136
0.542559013253743
0.426621483135051
0.376358585331617
0.386836581570055
0.471051128201264
0.64473627230534
0.463654107003354
0.488277869456172
0.352210275890775
0.187461188672233
0.331764366162611
0.357304929239363
0.499732252034174
0.324734049715151
0.444092836025995
0.248716794799405
0.424745111008663
0.405799546273079
0.40524645464599
0.547638749821289
0.458743255248812
0.638754120329399
0.578215542328432
0.497772434525538
0.598036644639056
0.605779277375117
0.433954325233563
0.59205107657995
0.433440251776376
0.441090912403493
0.466371320453187
0.351113345543759
0.420506401462683
0.54007121990335
0.665345424758133
0.713544569336279
0.373012248558022
0.479216590230007
0.388460690453528
0.589614028913467
0.454833266302958
0.489912173998653
0.41775370534704
0.334807638537432
0.439042417694285
0.411166784029009
0.50460292371216
0.562465982016443
0.533723902648688
0.49029476906199
0.432983146858231
0.627315539225209
0.444219955089629
0.446060022681335
0.425114121926891
0.531240748959519
0.455792942836653
0.337681053761422
0.572201028674831
0.56390777702818
0.478658848731038
0.554302670385375
0.540481106263273
0.45823083368422
0.405652121522857
0.5199914507922
0.691032947410536
0.610603833985178
0.463035291928899
0.420274750568926
0.593503698547432
0.504734879976858
0.597833530823402
0.580097929784582
0.505103219536237
0.629044850571641
0.601563449953146
0.550458932216273
0.520559900964683
0.703648731734154
0.484250602986808
0.511246873489871
0.589593750832624
0.63556607787872
0.508758437700084
0.574246757506575
0.580320755738213
0.331849617602565
0.681502056385589
0.474196002080577
0.338483301808461
0.771983643898425
0.636180974545244
0.592323031742463
0.533028296016974
0.470451934243156
0.640086863835563
0.544075823641759
0.661919143133038
0.63271136983192
0.621397614525148
0.615751204102393
0.696503513734011
0.614219594991204
0.597839723708416
0.628068102651167
0.592099916742048
0.678884786968237
0.733402407476682
0.55279292782203
0.499882974240337
0.519018258267195
0.718040487248838
0.658542721200246
0.72253372706503
0.504911791318101
0.623708667284169
0.540827376956222
0.631879524268918
0.536334902859539
0.572688746443659
0.63637209985643
0.741269289292325
0.632994312275238
0.725922065093405
0.62348547325124
0.624153676446729
0.58732702627845
0.5445936814562
0.699039661072405
0.856514794057703
0.683506389145447
0.751076892889778
0.596284929924123
0.752084386271772
0.781400536980013
0.54797102229922
0.693483567265182
0.632941494329142
0.612426152432669
0.629543019862964
0.736596698687044
0.629453829027341
0.639136735917317
0.672137303181101
0.550938666067478
0.611829534240399
0.743228492797241
0.541261430696091
0.82750435019649
0.63556146552059
0.697169554741652
0.579102424831784
0.78081450482771
0.64660973334159
0.716888355649805
0.818334287675791
0.692415876609638
0.796842712730019
0.698124875716588
0.669727936620686
0.77678405965452
0.822334482006411
0.884176295964527
0.624573631612784
0.679858821242888
0.808013337445399
0.845677228103148
0.742657338401689
0.650070368513888
0.647874390642361
0.72755059204403
0.712129157134291
0.657537452070688
0.696919441469434
0.704779505813542
0.815596910939152
0.698844353759319
0.722520234498215
0.818338175198129
0.866447366035401
0.757151035218772
0.75132969927516
0.683067249608527
0.710144476901945
0.617770122358334
0.744493182104765
0.598366826361396
0.776001064605978
0.65531703997662
0.875782650944994
0.914964574591403
0.787324201231968
0.905207540262849
0.777905010842613
0.84000898267238
0.78710538475324
0.703685763340659
0.701626164202124
0.714382340503958
0.734456070321701
0.68695621339796
0.667695970160342
0.652879129310222
0.792663608500888
0.696397473149041
0.799851837484815
0.722888305618584
0.764001034510898
0.726099400047815
0.726043362294265
0.827220041826583
0.873880390586695
0.820324254328409
0.809691378520166
0.734070515821176
0.872918643220581
0.949556194567125
0.98469966475814
0.823199905394231
0.82798831468814
0.904692877934909
0.759483177075899
0.903229033234963
0.784902276461335
0.840793505675672
0.89533337886464
0.951747802316892
1.02314625498389
0.846722718271825
0.834292026058331
0.799143642715234
0.731481526609668
0.793120431595346
0.917894699849688
0.940871418664793
0.90007825079611
0.987830000128771
0.767628918219338
0.91861118779376
0.903591967558502
0.720322875177617
0.7575118010237
0.892157137495827
0.81619971638077
0.87653885044527
0.967823929556598
0.904567497415446
0.938328516703703
0.866085119424287
0.902146015488474
0.912595164172395
0.934892140416067
0.880689102710231
0.979726236065032
0.867080472538627
0.892098822592053
0.962105579179125
0.77408028116325
0.937279154271476
0.902633407943162
0.734654455270576
0.735353741068766
0.919732282120675
0.852126379839103
0.909850869300764
0.826903621128781
0.923561994011317
0.900452084229823
0.989137453562078
0.899275370738818
0.93623862897301
0.902107152255215
0.82821308451074
1.06554171090969
0.964386642582761
0.936874960293293
1.08927955518603
0.896014063814554
0.892866089373209
0.978217499366516
0.985366761426059
1.02363630036212
0.852057864479199
0.981452599039306
1.0266966462398
1.06958142477265
1.03802209062724
1.17566600279299
1.0804142394524
0.951869549883978
1.06942817126833
0.88861887127789
0.946954568482918
0.962404244230925
1.06813272036197
0.969147387583693
1.17952687407917
0.924068272531614
0.999949918299013
1.02490810565483
1.10155908309742
