-0.861361994588391
-0.965725536728793
-1.02626086225718
-0.906177697988523
-0.828697593936927
-1.00725203891284
-0.925204468828049
-0.989611289090782
-0.962504890742182
-1.1518734594115
-1.02538343676415
-1.13636692391645
-1.05331756723621
-0.938078159081571
-0.870412832902652
-1.00511142089376
-0.934751521735907
-0.913310298981797
-0.925420675508848
-0.850216653173044
-0.851256508371565
-0.946390500752752
-0.905454315432208
-0.913344153197963
-0.915326439641386
-1.06214540864978
-0.976937887124979
-0.898282967047715
-1.0567605898333
-0.879379197770596
-0.888692357755093
-0.899905066279009
-0.877154415454081
-0.996870197508491
-0.800577288938141
-0.918776364318482
-0.831119543803296
-0.911849388074347
-1.09385102662646
-0.804444197541759
-0.730484224890808
-0.80749745305974
-0.892942362306091
-0.93685004931951
-0.962872374824908
-0.837462056728517
-0.869325660452731
-0.879413100568786
-0.836958632863722
-0.946361571390789
-0.985919179891535
-0.928790516618879
-0.883114058523136
-0.90749627533488
-0.856047868806728
-0.969803140611257
-1.07705553690867
-0.934120533643193
-1.0379513947164
-0.983201202491972
-0.793836406209676
-0.881447252908213
-0.896754484248815
-0.895135832324781
-0.741381413490033
-0.931363118509381
-0.833890504661844
-0.846341760944359
-0.779786430737294
-0.911130153157457
-0.772160665060314
-0.818584759855058
-0.773265257180538
-0.876063210044786
-0.819043349472357
-0.834506258202692
-1.00066984617287
-0.878099549327364
-0.830233355936636
-0.825769885456918
-0.805541439839226
-0.768642602201876
-0.883108115473242
-0.740897453359623
-0.858726120655132
-0.96821847582638
-0.748054701333117
-0.860084765110745
-0.77549391898201
-0.820962299242425
-0.904511164114607
-0.623947338113543
-0.780543784112488
-1.04523601326894
-0.836526929875773
-0.616608437722985
-0.812047653910271
-0.95195060759436
-0.786763631424944
-0.791605343820605
-0.733558488559172
-0.745280050233568
-0.832767834210387
-0.880123144855955
-0.639545752299718
-0.772764899323709
-0.827557922752964
-0.861537309401665
-0.801803179216041
-0.875745978571978
-0.766493789797277
-0.743018901386959
-0.751608927249137
-0.70545728261747
-0.865047516092411
-0.735777164658123
-0.744634621387703
-0.810928159141533
-0.738911775350663
-0.841010638448168
-0.940268470350293
-0.743858600483146
-0.647353825251182
-0.623549479116519
-0.566649101530592
-0.678478587233622
-0.803652333724082
-0.758981764859608
-0.822260380476359
-0.615950190745957
-0.659047854642088
-0.729194640347122
-0.750797845348697
-0.751853915920691
-0.793616772805468
-0.767566475162143
-0.73974910020935
-0.562051560066918
-0.72919256941148
-0.62100393392889
-0.674273187969936
-0.774371181891934
-0.650274229049189
-0.891274982269857
-0.751708404362564
-0.606603645124723
-0.623628592840653
-0.693257985396362
-0.727370353284837
-0.58152623431784
-0.636010990949217
-0.689101470823761
-0.649428206690283
-0.676891390548357
-0.655752917103631
-0.748902867348924
-0.668902607973819
-0.872288523533975
-0.706438377238821
-0.857849095539497
-0.675628325194528
-0.568021836928284
-0.665353957689796
-0.749117548350053
-0.766051484993458
-0.748199713688981
-0.722142990316804
-0.685636044565281
-0.599947985567942
-0.661628390802795
-0.758743399595567
-0.721131873937334
-0.621740484922769
-0.669800518814168
-0.559908188785545
-0.489599095243208
-0.636916529023357
-0.650524324558648
-0.609677929936566
-0.653700681047431
-0.827473847365507
-0.690388502034472
-0.692968528387689
-0.811336673330631
-0.688022076226652
-0.708576329225361
-0.646498466646649
-0.671984523578901
-0.655769649489733
-0.533341633926304
-0.676725288596994
-0.613403378462415
-0.614662084205519
-0.701196298694352
-0.607406675954092
-0.594492452993637
-0.451672170689166
-0.702647625619517
-0.660565389619188
-0.648712771197475
-0.525678971597249
-0.541185962540639
-0.438400777002296
-0.601834890762119
-0.547165972205558
-0.399740029552722
-0.529235582484571
-0.503812023046223
-0.479359437412414
-0.555347996149955
-0.554459716457246
-0.446047521591467
-0.58936297845253
-0.481094195338297
-0.434126695261457
-0.524862245652826
-0.588006303466863
-0.408028010704573
-0.735586509374156
-0.425662817195211
-0.510790887810315
-0.427951333893564
-0.636206361139341
-0.653751172096075
-0.593624008421182
-0.624301269666071
-0.565422590050368
-0.520678848303855
-0.487138819899796
-0.509629940855618
-0.519248802622188
-0.588731183872428
-0.44521719772086
-0.497525282770228
-0.559653211334527
-0.511604605837052
-0.552415630379523
-0.513910238032389
-0.612242385889756
-0.494001798628285
-0.532672363138355
-0.658006006442742
-0.421426970821914
-0.667586669712966
-0.612958579351444
-0.571056691294491
-0.443525940450283
-0.475766763846393
-0.425343976798573
-0.551844834301964
-0.304232310681082
-0.462694131480468
-0.413586614266149
-0.517936059718713
-0.507868723847276
-0.473627894689305
-0.536972549514519
-0.631797073528952
-0.502496849058289
-0.47767398025807
-0.565333722382703
-0.524466042978005
-0.355723298146568
-0.492848434115794
-0.550220257126819
-0.359152428499858
-0.466547968432025
-0.394156637165634
-0.554792547533037
-0.431995129192238
-0.414962274541659
-0.556045827706725
-0.57655535526988
-0.577664195269487
-0.41758834410464
-0.413547678019484
-0.331258422730753
-0.36119408274564
-0.579955761142725
-0.345493968060345
-0.456954746430666
-0.605153493928792
-0.446645474831605
-0.477901558142586
-0.468948533648395
-0.435081480032689
-0.419610344639341
-0.459041200240971
-0.415547586974007
-0.472456538343367
-0.532671628167051
-0.436648680322157
-0.351059735113741
-0.414836345965744
-0.468743353452647
-0.309665250449657
-0.226144709297133
-0.384602437505608
-0.309336941027742
-0.471453449533995
-0.494159074669205
-0.291721256465976
-0.407494580911138
-0.390551803010193
-0.301901548335452
-0.272067194064
-0.333767793354931
-0.371470511654308
-0.338381820749304
-0.278082485338299
-0.4152042062513
-0.251010723261742
-0.49238023241662
-0.250696448564259
-0.343007382776543
-0.433331418740965
-0.385129751929872
-0.478474691939131
-0.282050278082
-0.283396739767796
-0.343416724886862
-0.332167886627546
-0.381303602382968
-0.2722129497696
-0.391833803407748
-0.227020246031718
-0.333656937064763
-0.344497402553451
-0.39256428773897
-0.373567014402993
-0.379416652573838
-0.282632296686034
-0.211249118084333
-0.399793314418029
-0.433382121963128
-0.182102061921711
-0.269248195206375
-0.367693145946117
-0.326595160325313
-0.237682940659596
-0.318413002633977
-0.284819136490964
-0.258370199050273
-0.307597032610026
-0.442759886645957
-0.315458949597418
-0.294948330558241
-0.237800535003202
-0.268633480147875
-0.351496420364856
-0.27944617616882
-0.3539461496287
-0.321972339202565
-0.231288992625664
-0.443545612208038
-0.206402547518428
-0.161273997527646
-0.325163028645634
-0.259523054956327
-0.344639574817124
-0.263499170129264
-0.360403039227209
-0.26443793150215
-0.129696543479383
-0.27870535916417
-0.49247897041104
-0.407114316591346
-0.262518384257815
-0.188294694154803
-0.303763658418327
-0.169599921155055
-0.28469850458995
-0.374582753503425
-0.288718858166208
-0.248030212190016
-0.371101839564303
-0.158208136536911
-0.331166552331373
-0.268090151767982
-0.363085276547309
-0.228866481479901
-0.270700681828664
-0.347224338361763
-0.300074327529529
-0.118522531597434
-0.204049130001754
-0.267145789283972
-0.206943619772548
-0.295505032039549
-0.253748561819433
-0.26221587965143
-0.18185184098084
-0.1210048533378
-0.126690966344713
-0.25709256030103
-0.29356711979881
-0.310135823831619
-0.234831523823326
-0.119609823259939
-0.204447462767232
-0.175857091685347
-0.266503101851495
-0.145929113248898
-0.121159303061022
-0.199824553768533
-0.117271684290153
-0.103708141448924
-0.209572083047746
-0.33701012406611
-0.0969007098019393
-0.0916883600761393
-0.107075777854585
-0.24478006259542
-0.3157177830969
-0.0866206794968433
-0.107375133457499
-0.228851921464547
-0.0190987682228698
-0.336604957213154
-0.119746826607495
-0.00918783194831436
-0.205438476258677
-0.154604345783765
-0.0780784636937976
-0.203233717941432
-0.136627590936056
-0.119089259796122
-0.190923779677101
0.0455644354284996
-0.208297156734398
-0.217034291139283
-0.0118555566010781
-0.195411045055221
-0.171878395664083
-0.18798127239738
-0.059861397816777
-0.0763853860884309
-0.149114747445003
-0.185193597908619
-0.113288216561778
-0.150610299105268
-0.0865847607172567
-0.0787966731132773
-0.00398611419414494
0.0206653482918488
-0.222943799214788
-0.0424517051144963
-0.185812516856693
-0.200760964557435
-0.09280521423945
-0.306184820858235
-0.0474166997731326
-0.0299582160546777
-0.160717422515785
-0.18366644188916
-0.0345001855381652
-0.0127058880007872
-0.118878152641948
-0.0908422655633767
-0.143542814098561
0.0240628523210899
-0.00750561651436113
-0.11073210570486
-0.0570157128551269
-0.153548993625386
-0.0692935213441482
-0.0834729987333621
-0.0432172809383287
0.142709995973258
-0.0789120049021905
-0.0547321131846706
-0.0904799568785032
-0.134748809716719
-0.044479510847501
-0.0095983453612259
-0.120402730626912
-0.0768362556246408
0.0592670303169768
-0.130067466791726
-0.0327685566065583
-0.101846332411231
-0.0517234423188945
0.0211962892990889
-0.200456797053302
-0.0773370530585599
-0.0688349221778551
0.00799965219413569
0.0476114190431413
-0.0137350514431491
-0.116850065892519
-0.046366379436155
0.127057582519964
0.024691161897774
-0.0956924667564475
0.00725545401086023
0.000916997846314112
-0.108262744285868
-0.0126563247379211
-0.111556418888702
-0.0654222725758124
0.0685696510545388
-0.0666768594430874
0.0175276685361314
-0.0399345738481298
-0.014190017146937
-0.00627773251653301
0.1337980213006
0.04558176677392
-0.0730551504896321
0.0953589537039505
0.114299203589433
0.119288467876771
0.0554626848989214
0.00143863693208433
0.212269837848751
0.0252347114991526
0.00464067223210642
0.0223625501517205
0.0798848320391148
0.113857594804751
-0.134227723325031
0.0931904795631639
0.0107640374922501
0.0483516221236241
0.0315605968174685
0.0397490056100889
-0.0378079254555734
0.079150039257623
0.125436424903719
0.0776491746102738
0.0475284299461012
0.175832975289286
0.150686027859168
-0.0375664155070333
-0.0160650756687966
0.0552769662572812
0.292239137726483
0.0749730425823769
-0.00369393642361996
0.0334193888884257
0.132754369110575
0.128241083555454
0.123552494857283
0.0505442288539961
0.0522658046983846
0.00694193606914204
-0.0552230680590763
-0.0256544452789022
0.0156204839582126
0.0265334576527139
0.139695777898767
0.142702205221795
0.13751330998581
0.194664949527287
0.204751862733157
0.128730914688464
0.118645993813716
0.187156939711657
0.361254965646482
0.0544838048281871
0.145871143669789
0.195900885686632
0.30641735378991
0.0977364018524952
0.27096903703126
0.101802017613252
0.176844211719089
0.255911397161532
0.112063087565158
-0.0070841417728897
0.221047308746997
0.245008897716561
0.202020587658304
0.0624836773267424
0.217330387523423
0.119715617179937
-0.020916694610386
0.0553151537069274
0.19326474202604
0.0841193824061822
0.0592474866788845
0.184233279116901
0.111511511813883
0.295951288185427
0.118700238808924
0.0447359879260789
0.0922982396775713
0.128118812031273
0.0594477125358063
0.316319053015286
0.0618168019921783
0.191257101536229
0.200841402177468
0.178254785297282
0.297543016846052
0.3374667852573
0.188696749034158
0.124580143009351
0.195378619309114
0.168694195496889
0.32594056407666
0.164382297336686
0.261505572196066
0.18057330381546
0.125996554711391
0.17572008332134
0.216493744980715
0.247477656282498
0.00268259185797321
0.27161423067864
0.231972059288765
0.204845129398185
0.0497770825512892
0.170520021519508
0.172306208824613
0.122201965367569
-0.0522559591165623
0.427872018619159
0.075130974262503
0.248803061310889
0.277380786449852
0.297556132030735
0.186709922758653
0.228060377366859
0.264056211660914
0.228789633797783
0.261165696220136
0.126269938855579
0.266567556672143
0.262125877945419
0.231843860957992
0.226600878644876
0.299280966100323
0.245365319541952
0.230003514671252
0.131969963091514
0.278883073216137
0.22274416568665
0.269790919810398
0.328502212018473
0.230232946842899
0.295250964553692
0.105344053802421
0.331378778497102
0.360631383537222
0.32440582172023
0.258060437022472
0.296868827002996
0.440758581730563
0.26667535757693
0.296843522194782
0.430345395628988
0.255847713771389
0.300142344088462
0.368196775625819
0.342461763592431
0.366135892694812
0.259845084118455
0.38659166887331
0.179114577623767
0.444079645039934
0.484667418842106
0.409132450223388
0.426542106608666
0.413588375147549
0.404509126064124
0.387642315149559
0.338942196359242
0.370742200076081
0.262903879133791
0.453030600796064
0.316012153124406
0.306039081852741
0.144549602495468
0.310205201080156
0.270922733229837
0.343768940318868
0.354257302646523
0.378406519700096
0.360031165051071
0.376531251124135
0.311141508076402
0.360815576361619
0.402207452725875
0.422814030198423
0.461587924695513
0.0910469860704391
0.215952746490363
0.433561961989221
0.536896219032966
0.44405256055855
0.361891595008734
0.298071783092986
0.270898047429726
0.228344227890227
0.49033752478032
0.329877660432465
0.57575305092506
0.497540563939279
0.302313088301507
0.446703348576018
0.37679449948597
0.394118557562561
0.3636937848099
0.416987542466455
0.251135427353965
0.334258576750216
0.391053428127808
0.455725835181141
0.45275961009083
0.463855057714071
0.39610783987611
0.511790997831749
0.391662881371696
0.397219139690886
0.524973304438206
0.485350827253251
0.562061058265417
0.562480609062426
0.372082402131288
0.572207597976767
0.361361674873231
0.642807139434956
0.501243309885055
0.508326263557962
0.426513717178071
0.448094434500831
0.413661266973995
0.405515719485409
0.610061507319136
0.477927519044382
0.307293226756173
0.356772949261863
0.322296183930929
0.384875407125357
0.453502368916528
0.478124063878718
0.439263178986435
0.515226989454596
0.365337668498571
0.557172814864316
0.465048686052463
0.506060240178569
0.333067511679356
0.390218070952822
0.542007879588926
0.525944397802771
0.418252512072899
0.419410927860499
0.468800380545903
0.536055482459321
0.55606801019023
0.557300540734798
0.373647252357791
0.458520461106107
0.52058037767134
0.559794779232814
0.50912500935939
0.532744773400018
0.628790499816044
0.401167022002827
0.611274338997881
0.56481963223028
0.429652967468309
0.565866385645293
0.680909539590262
0.454153455979337
0.4919205092559
0.407610219639464
0.543786463320225
0.544692262062203
0.644738572179697
0.480643713527625
0.650288935106003
0.520778346095218
0.400479483399499
0.53233031519286
0.53712158147794
0.586301296741964
0.52644443091155
0.557957934925664
0.650015844598633
0.538933288260896
0.53171367576561
0.548862488506853
0.663167265413269
0.604559256044864
0.580979537936687
0.615044879984735
0.572105984011816
0.582162983297025
0.53373331469085
0.520936668244204
0.589429080441871
0.70720808853899
0.566820357599333
0.689255419647513
0.513421194271154
0.564131884817007
0.507570417686816
0.653388221409473
0.607327277926868
0.444958002033417
0.739552367263626
0.781539392034929
0.768421766532867
0.643233396438289
0.559692481397707
0.716595836610772
0.687235998374944
0.473132085915825
0.658765019532972
0.625045218065543
0.665053074652695
0.708120349065383
0.509853908652009
0.670808356608475
0.565290392170927
0.624152440829795
0.718507347170731
0.672012369255495
0.749534607508139
0.54524870983258
0.579492609320921
0.691939884211096
0.550072469342506
0.647569607054567
0.725619457299222
0.676638120947959
0.611992888861615
0.746983547235328
0.759187752811296
0.740504684921015
0.671924420871068
0.71591939939311
0.744371855481539
0.505303104252414
0.815506181134934
0.635376117015406
0.811292813075665
0.647133900963861
0.772437318551226
0.634570723427383
0.659774203777688
0.670042516557612
0.631425269285323
0.671876692085189
0.668996206428225
0.824388584037827
0.688083269088566
0.628064498153029
0.685666677766274
0.767185634667441
0.613323323092476
0.591869341082704
0.870072580438715
0.658533561848749
0.670862678677847
0.786107420871427
0.852990946871758
0.584189566593566
0.626119993232064
0.577293611101452
0.853845741883504
0.601020321050661
0.737609915250099
0.627661128123374
0.75211779321043
0.752266825864542
0.860521636266821
0.628839809395539
0.699503322556453
0.749206860693257
0.863234205802181
0.781880230282504
0.652490269748087
0.764866879497321
0.804108379696963
0.675151156677816
0.661654071367069
0.784595429317157
0.755485585064555
0.739734877082186
0.740361239640269
0.806903423516922
0.835041797267885
0.824101947784876
0.63643178897573
0.673108984668655
0.700423199406786
0.679166175782239
0.734683757614676
0.852581947394886
0.700905863561032
0.955210381639279
0.734973267871705
0.692262630076667
0.851306821891687
0.779082565703028
0.763761724200181
0.831034695021615
0.744912306842091
0.894473756827831
0.841891578008676
0.741610094921805
0.787179433485009
0.879338830886527
0.722836643660817
0.930400158604228
0.792705178524229
0.930885545618289
0.82315484181294
0.765348122820767
0.800503519041083
0.683412371534888
0.783169396451462
0.779452608068583
0.806265168977763
0.757673712940845
0.907144563649613
0.973451335701179
0.880492118394995
0.800435730379771
0.864175602738994
0.82706873381701
0.817355751428044
0.751847585212548
0.783860194449384
1.05452344573563
0.830906452037924
0.728763917743321
0.929277386763497
0.893895059912992
0.92055845055409
0.827097951661461
0.937056284945913
0.880785276595932
0.873627324121021
0.799176427357214
0.719018770284031
0.908186343120538
0.927729685563132
1.00076127114806
0.96432102249195
0.871207770464838
0.844038691103484
1.0154802312991
0.867705628808137
0.887934803234818
0.799284938833179
0.881498927196887
0.70453196271515
0.789719943634757
0.949504669647419
0.825862594780086
0.908741070808245
0.797889638092793
0.936989799869011
0.970823107809279
0.932385291336128
0.934981175395719
1.02624663030674
0.915601466319951
0.815567329032482
0.989405078856794
1.07935572838893
1.0007042528955
0.836134048157955
0.996626768584054
0.971760931598456
0.815410327168977
0.819288855186435
1.03228836290526
0.927161740482109
0.939617289437568
0.986690330518013
1.07320969085954
0.887512733864434
1.12610434319197
0.814564458680113
0.985203026337492
0.992556011350256
0.970235336238721
1.1434861293599
0.862159007131762
0.911466905130355
1.05287963424764
1.02819652548168
0.902336095279241
0.986478406137281
0.94988786909604
0.946890463934242
0.98527007465268
0.892026853984119
0.865613067120137
1.0602283062541
0.954449282336472
0.960765264113024
1.10386411133267
1.00062995942336
