-0.968101783901032
-1.01990271390506
-0.970648511553598
-1.00994080050663
-1.07282688449022
-1.12677000932782
-0.93115892196476
-0.908774659480105
-1.11232605513704
-0.812676244775807
-0.975521017496542
-1.0211378311439
-1.04254559435031
-1.00368480608353
-0.897424105711134
-0.92561897636528
-0.924409073558214
-1.04326390855474
-1.00001401344541
-0.943624968051164
-0.796550212186699
-0.941186412348933
-1.07900821162908
-0.911736465792926
-0.888358516642039
-0.894865849168062
-0.975378200373454
-0.986921401519499
-0.844787050445757
-0.875384659454287
-0.96559147594748
-1.06339859240917
-0.976026538326236
-0.962988804558988
-0.855045458144596
-0.827471547850748
-0.92340191527275
-0.770211605634341
-0.95178008921261
-0.869808387151947
-0.76549474324317
-0.826347274569624
-1.04520805567025
-0.977740630274358
-0.900829251519872
-0.875271941463857
-0.958116079828964
-0.909914654692261
-0.930029494064645
-0.792509294301426
-0.94617898796673
-0.977011383077633
-0.930215347223858
-0.892048151676105
-0.91714172227376
-0.890489258751661
-0.82550629736116
-0.834743485176225
-0.963087498530036
-1.03004604164962
-0.856818559669131
-1.00419727756178
-0.786998546434962
-0.791459324935543
-0.802015203671897
-0.809589275130017
-1.02581947751952
-0.832454872549398
-0.847695732696559
-0.78799102617187
-0.863735999788372
-0.91304092288314
-0.957272558389094
-1.16077054284301
-0.853171807498755
-0.840162805036409
-0.916528518811932
-0.988881795634273
-0.741410184277272
-0.811441009802404
-0.778377454956177
-0.853785613836483
-0.926362641197427
-0.900885695793242
-0.643482126164807
-0.779900908812862
-0.910264165540712
-0.840822678228043
-0.895518494339429
-0.95488316991949
-0.919105561722327
-0.759848986088048
-0.872516745525382
-0.745219213324227
-0.797319763281929
-0.774445273510221
-0.832129180363091
-0.70355810247279
-0.774946114135614
-0.760605658420981
-0.665390220253251
-0.737129974528589
-0.922963084393245
-0.85641176031609
-0.900475053960549
-0.608366808538785
-0.74811294768488
-0.736771685664913
-0.849647378710978
-0.642069913456382
-0.614404734423894
-0.728711294353304
-0.778112655165746
-0.96833036551659
-0.884949939225412
-0.905003253633748
-0.770190582903351
-0.73845319637349
-0.83554853204863
-0.757364102302456
-0.682333611490767
-0.888154690039158
-0.696228597075848
-0.819611408719863
-0.768305151935087
-0.714178263702806
-0.838573494368215
-0.617848647911275
-0.781256921815663
-0.755046916694103
-0.76655754235277
-0.783345016370923
-0.84035797083156
-0.689631083478122
-0.671504917443774
-0.733759550519893
-0.722658305509895
-0.719320417761764
-0.740576787346089
-0.741092074377647
-0.779634267307696
-0.639474835217943
-0.716222372236831
-0.681579138000657
-0.670690483846058
-0.567356207358895
-0.743834747353016
-0.677070915000907
-0.786376189253732
-0.591153868375268
-0.725197299747193
-0.78303396201799
-0.581742196992809
-0.74904996351963
-0.609784763011966
-0.63777830482764
-0.852626670541936
-0.608504075003119
-0.704517942174571
-0.595906539711385
-0.643129559303366
-0.695693580623769
-0.570585329903491
-0.706858057746662
-0.595954287477424
-0.675158267375818
-0.689183847815133
-0.625172332449391
-0.697650031068123
-0.595905912690125
-0.720659132124376
-0.653590036437376
-0.595465832723801
-0.714648895254286
-0.58739688388614
-0.518403088228429
-0.637434330625768
-0.746847716536865
-0.764618684713794
-0.705151509067583
-0.637770920693243
-0.524708268521773
-0.554028721939144
-0.567013633548149
-0.620307197329369
-0.604034645944795
-0.648375126834628
-0.530344343270344
-0.588324586179503
-0.751733569920702
-0.552790181210144
-0.607305910893405
-0.63334080717944
-0.629219364356473
-0.456229084752698
-0.777617490682354
-0.597424547347729
-0.591101751526737
-0.757481061143374
-0.57449896317621
-0.481382540639505
-0.670493093539722
-0.446721283156579
-0.671292477437865
-0.552433914822917
-0.620467261999238
-0.421075209736944
-0.594662062421716
-0.576551538045441
-0.59394185897544
-0.599267867257999
-0.715017772947674
-0.546704310488084
-0.54990623680022
-0.601437545569666
-0.524967015307989
-0.608364990284763
-0.537026626226913
-0.582375988096393
-0.607219426073715
-0.737334333133784
-0.655101291133513
-0.584489566324935
-0.488917145233329
-0.589468800782291
-0.605289390245231
-0.521263755492949
-0.576178213670481
-0.628708088590727
-0.613427109632551
-0.485911991340216
-0.527646016482018
-0.578309482760081
-0.631012570495372
-0.591239688919333
-0.557458883167819
-0.451921520172411
-0.625651549776578
-0.392012512644838
-0.501388715966647
-0.518609833805595
-0.535343694009339
-0.572560035838587
-0.552806794648721
-0.569607707430379
-0.584393665151618
-0.514063820717336
-0.586859707098191
-0.533398648730934
-0.465368154233955
-0.441780124194626
-0.51560905475233
-0.421097529364959
-0.423607171693725
-0.408189019072489
-0.460028410069761
-0.530195729000458
-0.449440669183308
-0.499103483651693
-0.589735036102076
-0.447773487300048
-0.519361447089876
-0.500165016400113
-0.542146275867621
-0.395183374598426
-0.253110478831545
-0.399066395634562
-0.452416044204358
-0.580043076488092
-0.471334136409133
-0.63218936956574
-0.452304477528581
-0.46408255464805
-0.4379497832217
-0.406229669875768
-0.396632160816754
-0.617617055584207
-0.472852833365413
-0.432403270686276
-0.33544790564135
-0.475342681356872
-0.339330232184477
-0.479517244294593
-0.64540273838418
-0.333778589587392
-0.508603669066615
-0.458348385299607
-0.44403449582685
-0.403833196850606
-0.447371647220121
-0.462860536680903
-0.278693434533583
-0.478269565090092
-0.363423819767551
-0.432580763030009
-0.287895422477036
-0.278023522144347
-0.421096353208524
-0.302845537580559
-0.258226987097613
-0.418807504998539
-0.353699676982371
-0.346863035200612
-0.266521877971746
-0.353064572377034
-0.315649159376803
-0.475010433838657
-0.437568703691271
-0.305626792405354
-0.476134475352584
-0.32367789854512
-0.397301510802261
-0.421590280698524
-0.370419519598314
-0.345716185317002
-0.358877779565933
-0.373961784072695
-0.406553070117368
-0.33038906594584
-0.441291970181614
-0.268326042153417
-0.425086335004069
-0.379658101161912
-0.449051472986356
-0.271499103551925
-0.466398400501624
-0.492267961118493
-0.264136492006515
-0.381877469480889
-0.246051519560575
-0.379353187165821
-0.452801229480988
-0.253227816892423
-0.513247945101143
-0.327493782252278
-0.180517040748783
-0.291270888976126
-0.384136582314118
-0.245482602857141
-0.323776752254393
-0.0980625975375037
-0.390148350476157
-0.235013536248703
-0.331374115268939
-0.411041616394016
-0.225041869671451
-0.300945501457419
-0.298318269865496
-0.320183336378029
-0.326856577047349
-0.0683317989198841
-0.36543375186389
-0.346264170836595
-0.358286023283437
-0.246468172725636
-0.24669774014572
-0.383586672358629
-0.214026645687334
-0.381425933619952
-0.373321599462442
-0.260453892134532
-0.290182956919402
-0.368491137844619
-0.151973404759782
-0.237465931925882
-0.228734155040126
-0.228284015463251
-0.236348394971331
-0.246809916214714
-0.319487690320987
-0.308087731306573
-0.24918029510697
-0.284283819666943
-0.200020330415384
-0.332104278636601
-0.181565343794464
-0.249410950719041
-0.304257175743013
-0.294417166081708
-0.408381015826896
-0.325764948455142
-0.160138989646507
-0.150704701016102
-0.170236375462562
-0.233374202056426
-0.372509125180998
-0.284515602296282
-0.282854386983386
-0.314089004811141
-0.163429364843303
-0.258848798934605
-0.264416834552434
-0.163688619520166
-0.113175600267711
-0.207146068348858
-0.337722198627265
-0.0307525279788229
-0.150640519345078
-0.254959378316025
-0.371927966525656
-0.274563086885077
-0.267500470837815
-0.111173850599787
-0.230660982663655
-0.33501667720542
-0.210972001693223
-0.206851793898253
-0.212495837622922
-0.0610819590053125
-0.161034322795681
-0.244647425664265
-0.153046820657088
-0.171942774045891
-0.155526874409261
-0.275832535785982
-0.308734560101083
-0.041570936530555
-0.243488516744593
-0.156180721087263
-0.174845849926577
-0.271344224712925
-0.133514663468296
-0.241781640770932
-0.230605757869176
-0.0892505178375453
-0.102980414257076
-0.0784968381390696
-0.112208211812148
-0.295431451429605
-0.124360973102127
-0.295237354044811
-0.0431528788109229
-0.107346867253759
-0.2171198686432
-0.141471512753585
-0.248952123341299
-0.204915835130674
-0.0775314952330507
-0.192531230813945
-0.140665542258059
-0.179389210611243
-0.184120516516158
-0.0408976244802447
-0.0603831684831042
-0.245817322893078
-0.0896924014216117
-0.129368174998175
-0.153982761700266
-0.181719785729933
-0.272672215483703
-0.168602043891071
-0.152238886278578
0.0060297149709121
-0.0814851564607515
-0.130060241263603
-0.0519979822058404
-0.130419109137559
-0.00252227103447746
0.106982772626426
-0.0631244600903772
-0.0925060717413207
-0.0568344673606619
-0.213154436616338
-0.0211675478207755
-0.238679150622905
-0.0481360998986749
-0.103054002503968
-0.0735005626601492
-0.026223640936272
-0.219221402434386
0.000549354597963565
-0.15807200779686
0.0813009267062361
-0.088953076492993
-0.0426449416115508
0.0578241449599499
-0.0795884053486981
0.018925838335149
0.0117306809830561
-0.0469632367074732
0.0935575978022528
0.0811995076021847
-0.0480339245804959
-0.147078893858589
-0.114974374035941
0.0514867431154998
-0.0811643606456659
-0.244305778867388
-0.106586511210996
0.0385751918502961
0.0582817252608707
-0.0895619721306304
-0.0726303498425374
0.0841744538289624
0.0496217732409297
0.069872812365298
-0.103065713974486
-0.0336279342544496
0.0535833471162994
-0.00912392693394303
0.0891092594113442
0.0449870887954961
-0.0122879088308589
0.0747837429495883
0.0406926735787595
0.0681622786887242
-0.151489903122803
0.020435228473814
0.00448318237672832
-0.150507828087334
0.0582737395062623
0.20858753437642
0.0721314294133323
-0.0220201617319192
0.0912806850232486
0.152824248749656
0.103984448580674
-0.0114205289901733
-0.122643901986128
0.129451981595275
-0.0289980124833605
0.126978006691036
-0.0463365994101083
0.0246420902828839
0.0816034256191931
0.00969485166862003
0.0756805116924652
0.0213620597832173
0.0777097392962898
0.0941559027296596
-0.022886848369765
0.0955874031304801
0.1710093865212
-0.110494623285143
0.100111659156312
0.165392985134977
0.0441480360161459
0.0507417332947448
0.0823899474915486
0.144035626307654
0.111440430379166
-0.0741507904277285
0.0500234880550722
0.113047273818519
0.177316873150494
-0.0737545949768437
0.195027860953057
0.103058327392274
-0.0367201844417606
0.113418719388913
0.15383414089495
0.202228227405886
0.147416127260016
0.0609987156530002
0.14684388312692
-0.019935352213577
0.213196835987773
0.135123921013748
0.105578444709565
0.0528033010852044
0.0744833778648865
0.0168738267950053
0.0856728417559419
0.0928796896099975
0.110343200755585
-0.0690658973462425
-0.0320702784311447
0.111982283484446
0.0113812888560795
0.0588484947624994
0.0352063311413087
0.259961432852409
0.233456885181463
0.227863918570932
0.268250788116593
0.122858791339528
0.056834757783779
0.188985107550475
0.179087880173029
0.100931049836159
0.0555343686787909
0.249744330632946
0.0502087118427129
0.291577694848226
0.173851438503927
0.253677450396414
0.265998973819059
0.237999387981199
0.161153695329248
0.275526596200127
0.241974047490929
0.181439844417857
0.31317140531748
0.0812787784355272
0.252130149688694
0.0811968101507748
0.116111570942097
0.0873093743603372
0.326634904132928
0.324264217529506
0.301913276755051
0.186287049350167
0.153367964669189
0.247509795406235
0.0705167832929148
0.294375117954807
0.202027906330533
0.284106669110032
0.171173825921877
0.0617608979727923
0.354627849731955
0.154102500922108
0.27936897282068
0.328168959670731
0.0675392658309071
0.254796678033755
0.219949726870957
0.0173612979175664
0.0964737597755723
0.467066659354961
0.342516697033107
0.229240161693293
0.16598330870804
0.233823849611911
0.407951878761479
0.292842999023721
0.105922110958517
0.116483842160754
0.159863966518883
0.39169384561702
0.24164052190028
0.372099390306781
0.150829856708842
0.253898263795345
0.213899789311119
0.255764095491072
0.175949651033365
0.360452263709887
0.393949885089411
0.393332738693769
0.174206736201977
0.318048279492709
0.331908197084011
0.381504284793019
0.267862051947366
0.255715532239413
0.332257096527416
0.277097352172912
0.308067313858488
0.216294340069675
0.233765248631404
0.463434043948225
0.384767177810402
0.244450940475068
0.245576255452597
0.326225980927946
0.289563629666894
0.380710022734955
0.242762413966359
0.400527221381561
0.403049971805548
0.391883182200994
0.315908725956019
0.429072496717029
0.422708621300554
0.187193973037649
0.283816521078945
0.379582370080241
0.302287985439944
0.107159261619257
0.328790907782551
0.306668119989277
0.340438175411725
0.228894531024776
0.427249854685606
0.301991555924669
0.292904752450026
0.449665610125923
0.348955148917895
0.196249597998976
0.332076804754913
0.420159073622591
0.352149450130337
0.395722760752302
0.310755072464526
0.346854196319442
0.281545428223795
0.329503789054641
0.333982538342401
0.500102217217135
0.387280769033116
0.40876618514965
0.335924574280635
0.398691109188015
0.282017394644323
0.329518800401836
0.233094321965241
0.281578865038392
0.364151891791373
0.3679578210329
0.29791672034589
0.255152765021888
0.540500078634145
0.336965801862844
0.272633511024246
0.405272545605294
0.293625207019432
0.251518525132073
0.533183032894998
0.49623039284033
0.462174332227893
0.480167463629055
0.399191660120926
0.296538762070299
0.433637953015411
0.49222596461577
0.419233869808293
0.405714137067652
0.446652902802433
0.305250581316741
0.364553698406203
0.520892736154052
0.424424123438553
0.366196272010304
0.395398598444473
0.424066656627751
0.438760163530595
0.503861037336912
0.34797044696289
0.55649231395775
0.513134940579668
0.512433284370576
0.429037096846807
0.523286927055748
0.471078768232259
0.461299630457178
0.49148114711325
0.338906376419021
0.438933613460067
0.519158057396448
0.480406111657015
0.500718929727555
0.52094688343856
0.488033084829769
0.487369053349477
0.503632245096984
0.468657255790924
0.466842197035715
0.502218303808672
0.502744026549139
0.52919836744543
0.642744036842879
0.600326218406288
0.504754778745839
0.501196433406707
0.540679015038167
0.541954771637279
0.537911520260956
0.549560404238133
0.561116028231319
0.613315010792083
0.542439116693261
0.555940134285131
0.522764721885922
0.534376705188384
0.431764096483303
0.521021597528746
0.683895342910204
0.454515246405334
0.52324034950052
0.507072867168429
0.60167084678334
0.566266520276519
0.611591661270656
0.587537387899033
0.642819361079108
0.48797350289384
0.613944680259528
0.586338862081571
0.662834290865012
0.430637028644746
0.590791110893524
0.804685807281679
0.526669599396296
0.622804765937109
0.600458779768511
0.748215538781669
0.520258568509626
0.555840878934775
0.61360657602772
0.549845409539934
0.623150882714657
0.661342696051127
0.575046488178701
0.696205716661075
0.634438975842165
0.640512693246677
0.674465218706628
0.64299904245761
0.453306305850179
0.501006541996964
0.573799625360198
0.582359815878959
0.68705014160048
0.572774972840144
0.67957041599544
0.577398879934418
0.489758951239432
0.721117421655646
0.643451619892367
0.580506693477369
0.574533747594704
0.623961188869388
0.531136273448131
0.425480973346668
0.588613939717769
0.599088344602252
0.498889225467803
0.58897466902388
0.600513055112032
0.587442179460499
0.544683256174629
0.621894520482582
0.667477526844597
0.678040784378309
0.577709477058268
0.514258851764875
0.720285187403358
0.658572344602693
0.523279377039123
0.485684515233585
0.706816941986431
0.490706681858129
0.809453340965292
0.576380493086917
0.722885476552987
0.805488069678979
0.71081838207521
0.63320958426932
0.735930675608653
0.748934868056328
0.743164821165504
0.744539518450126
0.735288470383943
0.612614254274939
0.65865187023984
0.540676103068427
0.677927175618103
0.502603157686151
0.739915778497594
0.671406667320389
0.701700372314214
0.599428575251014
0.568062288333004
0.734680033503929
0.725925627293476
0.725166932089967
0.687844448108477
0.555445147008435
0.699832696984527
0.690600572091352
0.727820108976371
0.741678784587608
0.707090382328593
0.791653329574716
0.764970604233353
0.766903193797638
0.825219709166561
0.675527716854111
0.749228076989972
0.859765100986134
0.80250293037222
0.757639356287588
0.679514084935569
0.702899820749474
0.696200630683197
0.860461593326581
0.806540872836128
0.82554100802704
0.868975924070254
0.72132293393949
0.742212654855058
0.807200853068605
0.658187668059467
0.782854479058279
0.833921269405819
0.796210357488118
0.810191147393672
0.809275707904068
0.671436471506793
0.799053282243108
0.92736846231
0.600308368840761
0.639092434438105
0.644052010849038
0.891366279424428
0.888851525805149
0.894676908995133
0.781812568779355
0.870313256237352
0.746528964234134
0.758003222846655
0.843266360695416
0.658512627928767
0.618299976250865
0.83533428056522
0.825142905885895
0.828143968106494
0.746694749422329
0.841900683158954
0.864793328119294
0.878569683443317
0.756153581971556
0.741259212604651
0.866094644726038
0.921674282160338
0.874173922580917
0.77847693634406
0.857679310817341
0.893002491692393
0.749654023123898
0.826572212385154
0.716518893558091
0.878031820949739
0.837142025466318
0.986325830197714
0.689387375522607
0.868886550931181
0.790157008658467
0.913852845382209
0.698150950280811
0.922931990139436
0.900213690319153
0.745243548815205
1.1225241217084
0.808270697627182
0.948697995245753
0.992709863791721
0.931944085479404
0.898509996733379
0.866776814894146
0.883539469064552
0.823644751664905
0.888305732297907
0.899997732195263
0.95064748419297
0.792526878498163
0.719411201525723
0.953445958828576
0.757763939705895
1.1034162474658
0.972223568971313
0.850400516688358
0.785621472835268
0.891183891771349
1.02889751588894
0.855565987859315
0.885666037172934
0.948226726906215
0.803181098765982
0.79781461217164
0.974676961507601
0.765748250230755
0.942049816754704
0.937415568776826
1.01049806924421
0.947928726243326
0.968515320327529
0.973465643285097
0.951324948938387
0.821806793301005
0.958404438940864
0.817512251525152
0.989581482115097
0.823637222676718
1.02542195891934
1.10950414400045
1.01601380668592
0.884567031750208
0.762824298478373
0.927464521240058
1.00766807483994
0.980482863059668
1.06323169822805
1.04482663398351
0.939033031091965
0.998416132142543
0.874110526716499
1.02827459716087
1.13055194120172
0.989170603193078
0.987952278282648
1.05369788849157
1.08849583424059
1.08213073064803
1.03719126360787
0.978737031647448
1.10045998627779
0.918550686213391
1.06489361510755
