-0.854676019427038
-0.939510127915342
-1.02499938073692
-0.929843999678493
-0.7960488308437
-1.00739667543402
-0.914378679240594
-0.977184823739746
-0.974837176548967
-1.16137589594324
-1.03733811827105
-1.12965112389891
-1.06429685454072
-0.963318914168502
-0.84500351067141
-0.995120495314734
-0.934968816988036
-0.918615885619774
-0.928665159715737
-0.84193917704657
-0.859253531420956
-0.961880041178631
-0.896055145511717
-0.879204187587062
-0.910980055546664
-1.05767567826426
-0.997168523180525
-0.863954406553895
-1.03500321775555
-0.89730134140633
-0.890952365515678
-0.885055994975097
-0.902165733651497
-1.01157255458664
-0.810401471687308
-0.928731446193991
-0.841013138711451
-0.930503161673573
-1.07624999157396
-0.802062670930415
-0.718477688670541
-0.81314025807614
-0.89527940856461
-0.936472438376209
-0.95782969683726
-0.830732548827789
-0.87089275031458
-0.878893885561842
-0.835509156269525
-0.931679100920326
-0.967359798945187
-0.912711515142716
-0.881271712401321
-0.924364918492414
-0.860737911714981
-0.942449052876168
-1.06339695411557
-0.918966328969107
-1.06586503158093
-1.00543106065275
-0.790407446955849
-0.864135012827263
-0.874924616902457
-0.886992234039392
-0.74728018414349
-0.926579883203158
-0.793591351414166
-0.876693611209892
-0.787655241112629
-0.893269114580317
-0.766831882208104
-0.815949232969771
-0.76976786902073
-0.871618094842203
-0.798642737394533
-0.833111446557844
-0.976529230144212
-0.87796827446023
-0.836029604501677
-0.817027595618178
-0.812071837574725
-0.758336936399816
-0.884624263702077
-0.715211178297911
-0.871186932669434
-0.947671132458197
-0.742440238120869
-0.84554584134689
-0.765474871839288
-0.815991699570199
-0.891854349712898
-0.633397039635285
-0.771859244474862
-1.0425125755107
-0.846403028500494
-0.652470590961436
-0.840542844684997
-0.930890756972094
-0.755780215906299
-0.802856133263799
-0.756102576264798
-0.738110637685267
-0.844726586720969
-0.875554368428257
-0.654070607618166
-0.788400106140926
-0.840368126494047
-0.862996095728447
-0.801302027762889
-0.883145343160134
-0.755474119427049
-0.750293068390281
-0.741068969965004
-0.685937112224637
-0.834136526323574
-0.755259083279663
-0.74505111828834
-0.832778695679756
-0.72894203047799
-0.84493353296855
-0.920925408435154
-0.747890352100005
-0.642036658680133
-0.600104405381058
-0.586270130104188
-0.665639928419915
-0.789343351340343
-0.754457035169832
-0.833721621612643
-0.610636340972834
-0.638101060982735
-0.727904616074547
-0.753596343023354
-0.762886283484461
-0.776007407057273
-0.760798584346686
-0.721121966455701
-0.564315678293974
-0.70214325856685
-0.608510399510551
-0.69202087702107
-0.784624051338435
-0.669116275375551
-0.889794988141282
-0.737846419018869
-0.613798658871592
-0.631992774257499
-0.708098908193271
-0.728465877488721
-0.571497715589614
-0.65044525807687
-0.689478196456462
-0.620638373429961
-0.669826951977782
-0.672571691221605
-0.767316110778847
-0.668849716719944
-0.861684648687768
-0.707746731463133
-0.841598265004471
-0.657642913458859
-0.554446627719135
-0.653916044354465
-0.769499011524166
-0.758212486161325
-0.737220014164946
-0.720859395160447
-0.689054326767119
-0.612760699397949
-0.656204795047506
-0.745946287491577
-0.719325780899455
-0.610959596745936
-0.667704348966452
-0.567896194233083
-0.479269924572185
-0.621092180172668
-0.637122314966682
-0.582403788783618
-0.672947092435296
-0.837763732212809
-0.707129899200404
-0.69113885396487
-0.824356611854395
-0.68787396014245
-0.709776152550045
-0.641736596481709
-0.668888300876501
-0.633565912158492
-0.529480189803354
-0.661416135393156
-0.624843017740525
-0.620043873790594
-0.693803026919977
-0.611301118089344
-0.602047653996569
-0.453322056336444
-0.68392093882978
-0.666688734790119
-0.634755196451128
-0.5190520527991
-0.535398728198548
-0.462583639722751
-0.584669079933207
-0.554173026875256
-0.405167050528668
-0.543602724949089
-0.513535570367597
-0.47838139284619
-0.552226057023259
-0.571741233562102
-0.461168647944617
-0.60963570267407
-0.47556163939826
-0.435989193556407
-0.515875162447532
-0.564392198497903
-0.420124114608777
-0.744182522383778
-0.438879188676879
-0.518978894509304
-0.437288345123214
-0.629594708006797
-0.644966575523498
-0.575597193731242
-0.594305225164356
-0.560352591243809
-0.532835266975035
-0.469547081013826
-0.54302080250767
-0.51153251217108
-0.6100310987434
-0.426425329165138
-0.481439181931916
-0.543047445701563
-0.529623292544554
-0.574078604906278
-0.510116790459528
-0.603656919390105
-0.487516682966634
-0.524670877918306
-0.652854239778499
-0.426782571241512
-0.678321169586493
-0.603221884187061
-0.582475243053327
-0.431891140519061
-0.483937007834966
-0.420530211341557
-0.554353557385658
-0.309146935474843
-0.466102134442391
-0.410062473195505
-0.515403641867839
-0.5136306510358
-0.486327455982409
-0.534479703723303
-0.629562053069893
-0.48751950055886
-0.485039421427984
-0.59592340277643
-0.520341474955652
-0.373182397746679
-0.521427270216623
-0.55329274326247
-0.363571936936045
-0.442485460002117
-0.39852345762937
-0.560244235596652
-0.407316196332884
-0.402211441477857
-0.555185928716008
-0.558984683146504
-0.575264327683299
-0.43008474529077
-0.396562189402383
-0.316236958729046
-0.366587548274096
-0.603427142039695
-0.340517790513393
-0.463430619287785
-0.608954335910243
-0.428684767353852
-0.472036823759634
-0.483947667768418
-0.426065441617657
-0.434654375571924
-0.457504454509213
-0.41943887438126
-0.482453451103434
-0.546419686615052
-0.43760569566915
-0.351752975607189
-0.403805264669374
-0.451456916802356
-0.30777034540387
-0.224816492021962
-0.386972886224087
-0.300339963693786
-0.484629751496323
-0.514902033431516
-0.300281492559432
-0.37562403813984
-0.410610592161594
-0.309876309886981
-0.269040203223861
-0.290511750058198
-0.374790942538923
-0.334018765959766
-0.266258657951788
-0.401326143563078
-0.247823852034155
-0.480395430458022
-0.259751352078799
-0.338283110452408
-0.418695543263456
-0.387351318481751
-0.473510717675373
-0.280067525739217
-0.291595256647467
-0.336316655618403
-0.334119686927935
-0.387593797063807
-0.274142347829812
-0.392427537570744
-0.238415111282476
-0.308708687325015
-0.354998074240693
-0.422526440493009
-0.379139050487741
-0.395778232249556
-0.293831267287219
-0.2145910606266
-0.403999273110413
-0.439201053213213
-0.170759445170212
-0.24054078068292
-0.361985616424941
-0.302561359807607
-0.230867552483095
-0.340485288635849
-0.290763621074225
-0.225869097299415
-0.293300958868528
-0.433373128018136
-0.295718897221918
-0.292487249970957
-0.218376199808127
-0.271598506764134
-0.35236968282447
-0.269906969243241
-0.340087023561851
-0.314437143286323
-0.219523983586506
-0.439792521489423
-0.212741840537306
-0.179253898778444
-0.318611819018989
-0.236871810092572
-0.324546903113067
-0.271823270718698
-0.345958207213055
-0.264679549220037
-0.163783656369058
-0.307858651410915
-0.501995356635421
-0.412508818391472
-0.284493998589858
-0.1836852935015
-0.312121663285677
-0.156081143444198
-0.279830449956278
-0.383726509875494
-0.281993460426625
-0.259194709194309
-0.365614008110578
-0.145687979161972
-0.318316135018989
-0.260118976569833
-0.376243086492361
-0.255097528227988
-0.268607579757945
-0.34353305283592
-0.307171512916257
-0.101201826111164
-0.208627828786279
-0.272721096246771
-0.209946330060833
-0.308956038168082
-0.256065417586202
-0.24211359518411
-0.187700458448768
-0.105101797866152
-0.107715103220916
-0.24438561055595
-0.292279341135201
-0.306801164467703
-0.232776487206284
-0.151698141743073
-0.205415151455631
-0.160140235466298
-0.259774179492286
-0.157052047955624
-0.125330962551905
-0.214699188486555
-0.114362822770251
-0.0980355871562557
-0.210476219699428
-0.344958063669949
-0.104707380758032
-0.08285746015944
-0.0957058838041352
-0.228406838707919
-0.334495543119906
-0.0651228719444848
-0.12986467122541
-0.227964974009183
-0.0133568344224996
-0.329989002990242
-0.128267081555765
-0.0248459998813947
-0.204898227484583
-0.138005673898831
-0.0832635974495395
-0.199573629265863
-0.157556280807471
-0.124029968422851
-0.188222220323398
0.0601654586250887
-0.221552360197416
-0.21374012374218
-0.0215177191103566
-0.2084614838493
-0.172992350225012
-0.190846070577581
-0.0838291474093804
-0.0637479796447293
-0.126984358557936
-0.183258227459473
-0.124397280232596
-0.168661942142537
-0.0796057826846919
-0.0829481346602498
0.0238529881161399
0.0184131081228485
-0.215259192238584
-0.0509328927820346
-0.19147022151215
-0.211331925935127
-0.075869798685065
-0.257826007576764
-0.0521476307943286
-0.0401344566924929
-0.145331041977742
-0.143998014802245
-0.0263364645474357
-0.00948436162998974
-0.131898897657564
-0.063982293565157
-0.116816113423406
0.0227362701526671
-0.00276962547764641
-0.107685674306183
-0.0236164864736043
-0.176781097787274
-0.076258324347961
-0.0720104312667005
-0.0641206190755263
0.149884104022249
-0.0800402998386869
-0.0592203600140439
-0.104660311702539
-0.137815362492941
-0.0223589903125772
-0.0251471763137976
-0.141765874091987
-0.0642155134358961
0.0553687768036855
-0.130229438221807
-0.031757310551457
-0.109372347918079
-0.0302678307623803
0.011478288916157
-0.207231889816112
-0.105808852301554
-0.117801475203045
0.00236149899432103
0.0483526321718383
-0.00397041452736656
-0.094296017655839
-0.0328242188984091
0.147871219513581
0.0423279298602175
-0.0841671410613536
-0.00127516489831099
-0.0243812944219057
-0.100843957574394
-0.0296008004862486
-0.140162830324015
-0.0819550425298615
0.0600455272222067
-0.038973843810597
0.0297838373429051
-0.042005176535228
0.00137327284626049
-0.0135595354806245
0.140557034935136
0.0193323109524209
-0.0666864119826452
0.0952996758803796
0.124021162575175
0.115909071779778
0.0574954977715814
-0.0207764154751094
0.19925288128367
0.0203004250373811
-0.0104125250586998
0.031783731766168
0.084447450128885
0.121947512283022
-0.112924575094743
0.0852871793558212
0.0234378036887316
0.0332362573012985
0.0533923844059551
0.041490138296857
-0.0582749107585069
0.0819386855460085
0.126188332006296
0.0904829876964519
0.0337919086979427
0.150918433893821
0.155786065887727
-0.0489151784635131
-0.0235300623241947
0.0489810957232085
0.285755735441983
0.0752238741551111
0.00322072747015258
0.0398940131085776
0.127604237581607
0.128765542593256
0.138012697958451
0.0353926048645115
0.0904924480061552
0.00328787544285602
-0.0402778013613798
-0.0285121449918627
0.0289318710505171
0.00919416980173867
0.145698653428837
0.130560811307378
0.134041562783042
0.216315749463062
0.20630786820595
0.10979078720535
0.116784928729909
0.162883479802948
0.351642279246886
0.0561111409914803
0.136458782778099
0.191875371215771
0.308539078585203
0.0859167123229204
0.290160906012935
0.0860878801264822
0.182101594961022
0.284349578120067
0.117942405408343
-0.0133982725805505
0.207555883795239
0.278595468048707
0.210792671381401
0.0423431685966357
0.216889294319852
0.102016003944797
-0.00629813582492913
0.0586793926233742
0.16807235397429
0.0857925231542282
0.0519467769432258
0.195078778066103
0.128592788667495
0.299192422208225
0.111934556705927
0.0439491208613138
0.101154414087438
0.143702287151609
0.0624158762349919
0.294899800275253
0.0365173529811841
0.177627772239309
0.186344788893848
0.187481504344512
0.277012966713234
0.323215765153043
0.194706379299751
0.117127274299302
0.192325191970249
0.173586047924353
0.317715206781002
0.164493304368212
0.254241783128753
0.194826109270244
0.127424730036063
0.170361321217029
0.215450399707716
0.236666342339237
-0.0166637968176821
0.259251902629687
0.237472330609186
0.196117683810457
0.0607969267793576
0.147575236677953
0.153984314570098
0.138550392254593
-0.0428173883252419
0.420696970423686
0.0862637352404527
0.221914383168004
0.293883566935156
0.296247215436408
0.201812518416671
0.229070765995328
0.255772631173763
0.199723350372984
0.253776146401459
0.140191692821261
0.269242417816947
0.274857001556238
0.249600864325856
0.21665795674446
0.301836242166254
0.244545408790311
0.275411948964936
0.117102986087747
0.262294223155472
0.220618383953674
0.277682972096393
0.337082897973083
0.249002070972207
0.317480994180707
0.111319503718278
0.32434695582871
0.363772634019119
0.346221224498862
0.262899460587804
0.296906161420261
0.453661578808301
0.269082195163101
0.293967713304491
0.444051817168675
0.271183477817566
0.300178547433481
0.358425901876067
0.337804117932819
0.351056748181349
0.24944054920179
0.382307432893804
0.183319881483806
0.443929664929642
0.45591799003006
0.400132143080255
0.444369150422677
0.425997720150684
0.409501844209838
0.375524597047028
0.334992976009619
0.372116850146973
0.266186959625448
0.451780859978714
0.287288582033229
0.314011031417736
0.136830351672336
0.293454352530262
0.254439689637542
0.324582064817935
0.348207484205305
0.389393858417403
0.357090589341778
0.349896041230675
0.332582590975872
0.355456183271428
0.376188811230765
0.426025176817794
0.459198311874982
0.0924446583922853
0.220797734018679
0.438454800164574
0.537456797707751
0.463969888449162
0.357110240384077
0.290048758282202
0.277309577807328
0.242584936264236
0.485199204454087
0.355005772536357
0.577807731253743
0.466819950989847
0.310686643749343
0.438841947053768
0.371083340036546
0.384879520463605
0.374394252516805
0.427131271636116
0.245607767353544
0.322993206591574
0.42557851752775
0.439449598845784
0.435647688610298
0.467096317823907
0.387292733703557
0.508911856087387
0.383199154598237
0.387013489084994
0.525959022597697
0.457581831038791
0.582778198381655
0.539222974465388
0.379094898070861
0.585528975983072
0.346952788385303
0.644926767193433
0.512474055012395
0.525278256032239
0.431344265374725
0.450475183261208
0.410460250134882
0.388327448374147
0.606475694650141
0.483396063867624
0.336140938732307
0.357653145754551
0.32216088495494
0.389755545703169
0.468290095705035
0.484655379204276
0.442536667181222
0.508143289621295
0.365190337956308
0.572927686586065
0.479858446390427
0.526183514058787
0.345528709945554
0.389140434057802
0.535877776437149
0.529431845369185
0.426956584629886
0.419520167063749
0.499259347974395
0.527179271252884
0.535490862506594
0.546039113397406
0.402056578213743
0.478742359704607
0.508439249227721
0.565215172713443
0.491401500754188
0.521624469191317
0.60034326458689
0.406323377324437
0.598060627856708
0.579048774644263
0.456212128596459
0.545251404565037
0.71241323714709
0.431949321970513
0.500368919843529
0.414080069966618
0.557178499573933
0.545698684596548
0.643967758075855
0.494027922719924
0.656578608751867
0.495792746195597
0.418116772195939
0.542534000331638
0.531370801342299
0.579715197262289
0.543086987743472
0.576757885953796
0.654971005827261
0.522192288048482
0.534908165685817
0.55431449439908
0.658338226512186
0.604049820497823
0.580507307529606
0.597348621136914
0.572552083883563
0.583387945835983
0.572639439304997
0.522856886284343
0.580985995462917
0.71021567026977
0.55701897942755
0.663512604885222
0.517921892774415
0.578600266006208
0.499307371357094
0.666766356045464
0.623407128752722
0.433433800308941
0.739281677857761
0.784450918933361
0.789294164278046
0.643401612632483
0.570284033415648
0.699363843193887
0.703954298666569
0.48521814905353
0.651572224900556
0.621022570244983
0.673923395566593
0.690443981564335
0.516011818903472
0.675934698946093
0.552515461096052
0.610067683529702
0.729818171972769
0.673102544737173
0.728780076389421
0.550214869397926
0.610177327091542
0.702900913700519
0.530250825159453
0.652747626305565
0.744449482890954
0.662329080023257
0.618165746155662
0.755541994299695
0.767429598071586
0.73237952589959
0.673322908058963
0.738510949569186
0.732825891349786
0.505161303437295
0.803435029566782
0.636733569409363
0.809269313060733
0.641665134999416
0.793481747667294
0.636710656045434
0.652776299257509
0.663130314699889
0.653483204273208
0.690983307101205
0.683018754708579
0.829566183691227
0.69289134031305
0.627964260268163
0.666739844141742
0.760784607243634
0.611824379002778
0.617078099823219
0.845606730241269
0.693010133767154
0.669383161432934
0.762776202445176
0.847787813897114
0.5953861911954
0.627704925793751
0.533774127968591
0.831636596637786
0.603281432563471
0.718230950280333
0.64146552261827
0.744068255875596
0.760654070223897
0.854366797597374
0.646617945999386
0.674535522795962
0.727444866459652
0.8571564978709
0.754418445883105
0.681977978306074
0.761631446275579
0.792651015027495
0.668854335101299
0.665661593793575
0.800793858993488
0.746811172675526
0.756138023610699
0.740934282966154
0.801847043982359
0.839639620164577
0.792709965310761
0.641606988048306
0.670185500555518
0.706576142106624
0.675219841796624
0.74262170277557
0.854026194899742
0.700402925338162
0.960628602614044
0.735069057208298
0.673405160773705
0.843610893985002
0.765497783095297
0.761105474760014
0.823173493067405
0.725110713650278
0.902054699145533
0.840578479764548
0.752200755818779
0.808880809314195
0.886627015447097
0.719584566816179
0.936215657148606
0.77914649745083
0.946936985730711
0.840445099442223
0.777203588775842
0.792404781657203
0.68741743531657
0.790987668855736
0.777215132460801
0.822362929731594
0.751691471876819
0.897633281264591
0.984664690270831
0.91018360558026
0.808070374500328
0.891443198523424
0.823433672198822
0.791155634785197
0.774912764326411
0.770259717685949
1.05078332177952
0.829068961402186
0.712020169603399
0.953045381444459
0.88459086304805
0.922508218347764
0.839471461886826
0.931266001213674
0.876630263608845
0.896923850876173
0.806353006597383
0.749037990358616
0.892146659218358
0.949178703234372
0.981525748179954
0.986256817149779
0.872466053680149
0.839064537446733
1.01396675304486
0.848638224286862
0.900032351224454
0.796526345199949
0.895784969861279
0.699730057091108
0.781647696835824
0.926054400002335
0.824190150817207
0.892696998664686
0.784256892173539
0.94517989922961
0.95929614535473
0.941327264886553
0.937050439123564
1.02898418617288
0.916323401333467
0.799625535763598
0.986381735002012
1.0767581375398
1.01877663625041
0.842474658503677
1.00831864893033
0.972992845839531
0.818446655537594
0.808537478294255
1.03974811118884
0.925990931295392
0.954014996724397
0.975200926941491
1.04786540240658
0.894708409063592
1.13526008994307
0.803528235912245
0.998171753109196
1.0083738695758
0.959705479567895
1.12566241762501
0.873438927772885
0.901101926296865
1.02269555209039
1.01791135521263
0.897126640549718
0.96366976607444
0.949341921466746
0.974156363757375
1.0111777491901
0.894194804121436
0.892267974149024
1.05754009974937
0.919403413226986
0.963896872255622
1.08957244027954
0.986229896150651
