-0.974143060234297
-1.00912580789636
-0.986389517485824
-1.01891386918931
-1.07587347574072
-1.09620643463592
-0.918007466641324
-0.90264214831147
-1.11422784723415
-0.818909373866079
-0.994512640562846
-1.02308784552325
-1.04110819096262
-1.00905620103502
-0.906520420488968
-0.90638876175855
-0.922107998362859
-1.02478042316327
-1.01435908351564
-0.950800151480221
-0.781871572763546
-0.952555317078246
-1.06799722005927
-0.911489793058157
-0.866882390870188
-0.898508710170185
-0.988016840062795
-0.990511317513773
-0.861301834945391
-0.875541416498474
-0.948990994473282
-1.05524288619588
-0.99419565439087
-0.96347080612314
-0.845061333274806
-0.829428132323011
-0.938905772515438
-0.762648078347591
-0.938417104279115
-0.878415354644295
-0.749862205826141
-0.853964013480188
-1.04662461602199
-0.977406464797992
-0.918136244877939
-0.881587126724473
-0.954586699194143
-0.900064125099239
-0.946895393895395
-0.790273231524927
-0.941467369730326
-1.00965894112039
-0.938043594332583
-0.874830096607605
-0.920544723312496
-0.885721967450016
-0.843415787877894
-0.837520334049278
-0.951866653359832
-1.05301186793662
-0.846505904008324
-0.992623013642376
-0.796131374207662
-0.775230189812889
-0.773780905716309
-0.825596581913283
-1.01492293112592
-0.8311167971272
-0.834308060325311
-0.789120414488145
-0.868805814337726
-0.912856716843983
-0.970071339044196
-1.16677532157653
-0.837902208779268
-0.830216938566401
-0.910431221776023
-0.982925111760793
-0.739835594324125
-0.826014293398631
-0.772123397227843
-0.869029649259001
-0.944389562800946
-0.879874665136835
-0.638171710148095
-0.774618409179017
-0.920538497283216
-0.820771696705195
-0.881325740636093
-0.945493344344234
-0.888306809267657
-0.775464670590024
-0.870732119004911
-0.739180245457336
-0.813678730877851
-0.794307257984156
-0.840040623412273
-0.727542464422848
-0.798455184682378
-0.76806887881019
-0.677701662161439
-0.73981477260401
-0.926132743760948
-0.862823744224006
-0.908651155804606
-0.608992041327788
-0.75518233205907
-0.751069319860419
-0.864720337787998
-0.648756100261208
-0.595710193957426
-0.704215494209961
-0.766046917028503
-0.972131437779506
-0.904974743339874
-0.913941056462238
-0.774030138203691
-0.741648417806623
-0.840122773819712
-0.748194629318005
-0.652944295873757
-0.892869100664412
-0.69406013367331
-0.833386449859084
-0.784765935864442
-0.712325750111604
-0.821233881622287
-0.643151476358687
-0.777689288585543
-0.752530385818705
-0.748332865315911
-0.760973527174021
-0.849162313067484
-0.679062018284683
-0.673669966857799
-0.734671551275565
-0.724663731010713
-0.714356761056328
-0.766346206685562
-0.782283196314183
-0.792314685009139
-0.6430490458153
-0.705063803773106
-0.686576577008116
-0.660945280204705
-0.601162437428677
-0.724930703461826
-0.678672232993992
-0.784180717523999
-0.589314158472152
-0.710581399202891
-0.799485276305197
-0.556091901742303
-0.761488996920447
-0.61502318835894
-0.666234185401676
-0.858816308601588
-0.605957008724081
-0.698952196937012
-0.570279725970009
-0.648458775211668
-0.684033645920754
-0.594944142509288
-0.703322943926356
-0.589084563755093
-0.694585356513042
-0.706538621615489
-0.621784370036785
-0.708808462150341
-0.605166660484204
-0.722347825413512
-0.65784132006683
-0.592413930431154
-0.680898077970911
-0.578568232354697
-0.526309767861692
-0.62643081985753
-0.756591367502543
-0.762704867955649
-0.672587088659456
-0.653567537612174
-0.548622291809648
-0.536493268143336
-0.55054535320432
-0.610430577863854
-0.596300241536699
-0.670230137534939
-0.54184480787828
-0.579911696631453
-0.756494480145579
-0.537908936602692
-0.612390207848053
-0.611475737382017
-0.644356365478653
-0.455951871027974
-0.762532836509643
-0.59362979629653
-0.576226996904179
-0.752141533543305
-0.58353986442959
-0.482930124968075
-0.653674825732386
-0.427333809660279
-0.669934904954006
-0.546129453297088
-0.615070190194209
-0.430269611717805
-0.593189471073481
-0.601004696699433
-0.60790510526432
-0.599863453317545
-0.716635570299997
-0.536095337362351
-0.559397200150631
-0.60459885254244
-0.547316981430193
-0.59079500148952
-0.539915069012936
-0.563544284634571
-0.575670949689144
-0.748681097864458
-0.651576790072976
-0.572214720426427
-0.475366777283254
-0.601691033220818
-0.603540986262388
-0.512745021106974
-0.55870715670145
-0.62366833216257
-0.610792309388377
-0.51362086203619
-0.553270980134697
-0.606742985383969
-0.608573850394823
-0.556905097548178
-0.555276828494343
-0.488887255313885
-0.61528067061315
-0.395090688844884
-0.487196495706084
-0.527496579370924
-0.537215396273829
-0.555019117803681
-0.539096058393285
-0.58656787863798
-0.566602638540655
-0.521828120438684
-0.595297827033421
-0.552600323610494
-0.457678083738532
-0.450191664886838
-0.525663902127534
-0.429125712430839
-0.447893679288005
-0.439361288248489
-0.455980935464652
-0.516331999815675
-0.432030165451975
-0.509886772231262
-0.594682730673111
-0.438961427572618
-0.530209090520277
-0.518976437576365
-0.547531771840267
-0.385790760059237
-0.263908386087387
-0.39166709620368
-0.438028977922457
-0.560989212900942
-0.460549841455155
-0.621389928322355
-0.455545327269725
-0.461500091459806
-0.436016075508919
-0.406772564165246
-0.406214348155177
-0.630437909052292
-0.449869162462362
-0.399466440867817
-0.355534848007046
-0.491552550104605
-0.355306527550965
-0.485899918869535
-0.62752696399787
-0.333779550666054
-0.509314598991931
-0.458593741384377
-0.440280360551783
-0.378818212915241
-0.435637223595312
-0.461564112399821
-0.285876842244771
-0.463568541837542
-0.372804256594793
-0.417220959292723
-0.304238126397733
-0.276860219872395
-0.428135210901899
-0.314231750575782
-0.264129640253201
-0.418370625721049
-0.335776459764253
-0.351169901515388
-0.237171922365089
-0.315705810258566
-0.310206500004013
-0.457100687262732
-0.435900268611698
-0.28948696243835
-0.490913699242154
-0.341641113589503
-0.406149839162771
-0.438491139732118
-0.397438807881821
-0.355637805513233
-0.374892442835097
-0.407184411550916
-0.410036479506597
-0.307826098959169
-0.423530891322119
-0.269315007122354
-0.454092211860091
-0.371836571798436
-0.452513606267905
-0.283525423273507
-0.472304242301448
-0.492896727923986
-0.257301024235555
-0.39550127770907
-0.2559795723541
-0.374642619624203
-0.441795862068167
-0.259057471298086
-0.520060224982361
-0.341125656015833
-0.1771189575503
-0.272932646905323
-0.379240028444907
-0.228205585788235
-0.320588216045477
-0.128574960029221
-0.386635585266874
-0.20814409880497
-0.306687971341629
-0.422201471311474
-0.229825511162548
-0.28587803878493
-0.273452227367913
-0.329940390429611
-0.354112156897641
-0.0509921589553565
-0.389025016064411
-0.336667537435407
-0.342253583249335
-0.243512108870575
-0.230651492612006
-0.380315774864297
-0.209007125275422
-0.403349163733304
-0.371072261988024
-0.265633369223718
-0.275670570926513
-0.3508253992929
-0.153349426660063
-0.240799614125508
-0.230347561963276
-0.242923988250501
-0.226484459124317
-0.246201419299464
-0.308572364268783
-0.308123057302269
-0.250548309792735
-0.28994484720581
-0.205157617908112
-0.332137707262753
-0.183040031118058
-0.271888744319633
-0.302664919443866
-0.311534011158744
-0.407871568826499
-0.324296438471931
-0.166507609725199
-0.143123450244753
-0.177437727084772
-0.246826685474957
-0.374873701945971
-0.295565051021555
-0.279197852071443
-0.314352942590914
-0.154969260405124
-0.246062251468551
-0.251695156812101
-0.145734119550102
-0.0922648067983913
-0.227265189943466
-0.349888760486947
-0.0453826775529146
-0.138933488890117
-0.236978796999746
-0.377422921760256
-0.263893074734952
-0.262682987827734
-0.118656427437121
-0.230268253119873
-0.325319079053281
-0.197720802046065
-0.197108355586848
-0.213921549339685
-0.0818577799894442
-0.167587832426167
-0.239895603203181
-0.162843642384404
-0.207259992792653
-0.147435842597989
-0.268339342366387
-0.31396751568725
-0.0449317973672702
-0.254118580310784
-0.164367379995547
-0.192165360954273
-0.276547920690259
-0.117334424556441
-0.231291838339741
-0.22149159376162
-0.0882942593636664
-0.101806047323814
-0.0674787962124034
-0.111847407496781
-0.292188938037086
-0.104950527455829
-0.312182794810535
-0.0331990536454381
-0.0911494810976535
-0.192672381446322
-0.151278433676663
-0.253597746251196
-0.186162178712935
-0.0788854720566438
-0.181556096720091
-0.138746760463188
-0.169595384010869
-0.145538005077541
-0.0277503168493833
-0.0473532775418209
-0.236666536506796
-0.0959465739800153
-0.133591072649349
-0.143148756505188
-0.167114040294907
-0.297277763307257
-0.154998302540372
-0.154148152060068
0.0116676279279668
-0.08415342611466
-0.100992219074103
-0.0387417700859237
-0.124304136486594
0.0192097091655141
0.108044412410928
-0.0566942813562678
-0.0642755533733967
-0.0572920042844979
-0.221051577194901
-0.0129522930603687
-0.249983990351187
-0.0320640041160058
-0.111202159925468
-0.0957376612901002
-0.0393461450314064
-0.20538702630517
-0.00800558545121397
-0.130448165985219
0.089995993711956
-0.0952824507997679
-0.0422442995147593
0.0342980101565476
-0.0516367447484739
0.0165822254540633
0.00172596854304231
-0.0495468474844644
0.0961595249824922
0.082978162235205
-0.024935194207521
-0.152222896483275
-0.106411932077379
0.0773494344141493
-0.0765570323311651
-0.208257629903148
-0.110472016315775
0.019626509559594
0.0527552346376324
-0.0743663311030503
-0.0771791982798447
0.0841839512152422
0.0538414293009408
0.0677709229592734
-0.110613100409968
0.0125202448263447
0.0735507215865513
-0.025350673204263
0.0591771586692598
0.0625188701137408
-0.0255352009885342
0.0540442699396033
0.0549636182798211
0.0434159767271116
-0.154878005477034
0.0409582904287866
0.00632884174345265
-0.180224430177682
0.0735032778389418
0.227428471097329
0.0591703756640435
-0.0320639038534674
0.0854881729391492
0.151378109127584
0.0918395143124012
-0.0127648565996136
-0.144013539341153
0.145668953573768
-0.00932690496886934
0.123444414061082
-0.0536590017705705
0.0130725540772721
0.0790778907492871
0.0201194298596616
0.104187760004187
0.0324538737488991
0.0591536917317046
0.0947521228010997
-0.0222344086654823
0.0774107383443943
0.163958809710943
-0.0877486239145936
0.0994776262235936
0.174006144571107
0.0489207802832587
0.0203603179240392
0.0994698609993685
0.141274478516577
0.111189585189311
-0.048986083632567
0.0432786828703093
0.101580523738659
0.1766865497652
-0.0861450935507465
0.214774896422725
0.102225563491857
-0.0612323748976727
0.100736537333817
0.153417003416066
0.204960262875611
0.141935290451344
0.0562886381567576
0.15471354229646
-0.0047700272318464
0.214132406765048
0.135923259316791
0.119972396547933
0.0519571777871404
0.0836091179466711
0.0288876494801274
0.0872066005536449
0.106899687113375
0.098756827039757
-0.0876598017852651
-0.0156241648080361
0.124090580594756
0.0111134759085609
0.0511113905084672
0.0294942022768446
0.264230402033341
0.226040436769562
0.232669608594796
0.265541367585396
0.121935980664358
0.0631610706589309
0.18744835030928
0.139663597174846
0.103388922377699
0.062971935577706
0.26332783332535
0.0372310110210306
0.288449406312784
0.167457042368878
0.248201910344086
0.274239873795003
0.220077802041366
0.153017330051308
0.269372216198655
0.239127266332359
0.192136143265635
0.316391732924045
0.0607458267546904
0.232325425028675
0.0797550001330275
0.126266857563587
0.07053565078562
0.311404939851501
0.323326805890547
0.305656211029628
0.202398204999772
0.18483827769906
0.256739318655207
0.100583743711058
0.290897058208517
0.241384104513617
0.301681388939209
0.170505982594652
0.066910580544674
0.329291545635921
0.156431128047712
0.26667949975897
0.349280737573972
0.0800010686269015
0.235366668656584
0.194988651702584
0.0160588801845821
0.123722199852447
0.474570368306563
0.347163075972464
0.207442662248692
0.150258484258435
0.251885950884818
0.386901121575451
0.301234609690428
0.126308822018378
0.113148406579479
0.161467092538742
0.401316883215823
0.249609984061089
0.356697441306209
0.160972201798368
0.223599323314172
0.199704622689
0.258505871290431
0.171204323027773
0.358778149091256
0.401385994968991
0.387607950594726
0.169086539819952
0.289453601053243
0.332182850284075
0.397158181992044
0.251817057333547
0.237276048495497
0.344444154122561
0.278856349774171
0.325895081547713
0.223562321616744
0.215879033443176
0.474845240224878
0.387243366581764
0.261491938266502
0.275589658784912
0.341632903605744
0.290461594922237
0.385421299306163
0.242859821352948
0.392407481729168
0.425176481930794
0.420630675706062
0.306016420058239
0.441350353097642
0.46157674060732
0.206504077843979
0.275696829007901
0.364246119583077
0.292654732220172
0.115355153377159
0.317424341396758
0.302883706605778
0.332330073912834
0.244417650924714
0.40155777647433
0.275917511711894
0.325790576479553
0.446831549413964
0.337033725562949
0.173884642070294
0.33435237868224
0.432299756685742
0.324331853408507
0.416705645574976
0.302841612523543
0.33838990536491
0.278176435670465
0.315313114852774
0.327731707027592
0.497798772526267
0.390929904692474
0.410890615021056
0.34261908095935
0.405310887074177
0.268165799444256
0.329055171092484
0.223044766523233
0.275278678974619
0.359018534498243
0.365415111573203
0.296391147320347
0.245187005916705
0.542581141863534
0.308079617146926
0.292357123694726
0.391013268584941
0.297878833520431
0.234073464819399
0.54243017749785
0.506999592047035
0.435249328743755
0.469532588398047
0.382847116301953
0.293476648158556
0.423179509067558
0.508732016192416
0.407743456803952
0.437335385972416
0.454614082197586
0.325797814251598
0.3813105810991
0.519824997760597
0.4205196057527
0.416942202806246
0.357063715713111
0.40511427528893
0.453924527120138
0.508670448143932
0.340596848932604
0.570061690301895
0.510204479258667
0.495248286526751
0.437313893069428
0.529533263095669
0.473466649141834
0.445218909197177
0.477897497396514
0.364453183952379
0.426008584743029
0.517198922431684
0.464554251528498
0.496285587985726
0.548809624408146
0.504299759254234
0.476500785597904
0.496108119175236
0.463240460316015
0.476772453816707
0.51488868084886
0.497236105276053
0.533480442666282
0.634287539158475
0.588726211897727
0.496228035564955
0.510058969588644
0.511186421263174
0.547343061262519
0.51534465041798
0.554822013146724
0.536050190378331
0.609673804362342
0.542776836798634
0.56242876769878
0.520279647485382
0.557181146906271
0.455065456374529
0.528631634138702
0.683065409189398
0.461592068690103
0.499765771374115
0.495785421534405
0.628662849654962
0.584425677909536
0.602473757603364
0.609373109301149
0.613652213427445
0.505018362297871
0.618618412093413
0.581796491331335
0.642978783455536
0.435297128091192
0.576720879946981
0.811294779682912
0.527494612617621
0.639828464223344
0.62246700343468
0.748168683966281
0.516514224095266
0.57175547408584
0.612867265195539
0.550267281959037
0.616759479743113
0.656985912315851
0.578236668429788
0.677949159045943
0.623433481587956
0.633446088910314
0.678331402544055
0.613323075316933
0.456739238648598
0.476430096327342
0.562819642034609
0.575856397006372
0.696136254877259
0.56653876679541
0.688707980768155
0.592445043172966
0.478179949786825
0.695344266426993
0.654899087573856
0.582124316319294
0.59464704472799
0.617082626829486
0.507369974584141
0.414723906133565
0.584028250163067
0.605588849953718
0.512314850746606
0.583313683505238
0.633190034099467
0.581478893695961
0.551612243146885
0.633831741003317
0.680789244203889
0.658410545208298
0.560758851960208
0.516109690117256
0.725019856670406
0.67632325731684
0.554255238165083
0.483488513384157
0.715677973300362
0.487424854463095
0.827344557332923
0.598869407231608
0.725454351977724
0.792017771109451
0.725851832876549
0.628108676321146
0.746052264897984
0.733183125335884
0.717551331443511
0.743739981004687
0.734927944631365
0.616076111949943
0.630427228553062
0.555839219781993
0.6499771121218
0.50937752078394
0.750062795319673
0.686882612814744
0.699915376549543
0.588769728457586
0.572802226101159
0.716704238298676
0.739149844496992
0.720656724650595
0.679752952934273
0.558894903344206
0.684798326636774
0.675779060949956
0.718716661547982
0.74892761297867
0.703815836258471
0.790100571011036
0.7767750071782
0.76580215119748
0.832018347619621
0.680467579880453
0.738226488515806
0.868424099088788
0.783919231534955
0.771372150341616
0.66483192056633
0.683726989300099
0.684356372714736
0.865995493963978
0.797939431179675
0.837201767779824
0.873067603912918
0.741798464779237
0.752985657871957
0.792278723191773
0.653218416634047
0.803352920113782
0.824129782365286
0.807383255348743
0.809757039965327
0.80936742081831
0.667824410425595
0.789336571274862
0.936840461417087
0.582101313314757
0.662887317111518
0.645816779558061
0.895514776465868
0.873873998691915
0.862212127799797
0.756370142517308
0.864013744064193
0.75691859603262
0.741141970448789
0.836767342773701
0.662938964882113
0.624404050851948
0.849608194531599
0.83959473325357
0.810276175100185
0.753605724536305
0.821502980061239
0.887823903446412
0.860274096250094
0.738662448781328
0.734137152038125
0.861011547249545
0.90966295639874
0.852408821132345
0.770906086772819
0.8667095951433
0.907201393305828
0.762924010421167
0.828885932426116
0.707195156680966
0.8809275950543
0.842353892803466
0.978961015593619
0.718578757426636
0.861457141123834
0.810627656781563
0.897010098654019
0.688288211262643
0.929426949346445
0.878141945513504
0.73984610340937
1.12197836468588
0.800435176075359
0.945713435300001
0.984616811309195
0.909824773391749
0.896177168188807
0.857303896487648
0.884696378407471
0.827586881341577
0.879482174843363
0.903492031136735
0.944804869215294
0.784068449716918
0.698347371929811
0.944119491046448
0.733989352784799
1.09299566352107
0.975046564991739
0.842333421221357
0.806522152350496
0.890013841747394
1.0378022934367
0.851739283847514
0.877302418754913
0.944828423265153
0.804595333653895
0.79863703642511
0.966307418827922
0.759245225360171
0.947933209213577
0.944262945614885
1.00370470681124
0.96344271932837
0.966521288633436
0.971162453783484
0.947053666467654
0.817706544222636
0.959441139628608
0.834823732737185
0.983491614347644
0.815062869542791
1.01515292708156
1.11727830421593
1.01060278248336
0.86246031091073
0.754197761996221
0.905636347779338
1.00426922091485
1.01259537008098
1.07050109607898
1.03463907559584
0.95886817243322
1.00126390176755
0.883104983623575
1.0372610460471
1.12309770286299
1.00400818220697
0.99905789915212
1.02081862568037
1.0742388076175
1.08765846387726
1.03354137804924
0.985027758454546
1.10462092654718
0.92820420447126
1.06825180311858
