-0.836949456186154
-0.935641449991576
-1.03149893063561
-0.922134725371055
-0.805408735561578
-0.988510685238205
-0.933435396770906
-0.994532343409711
-0.971321721291312
-1.1585623891175
-1.0402077682928
-1.12624382118742
-1.0585446366571
-0.946364448513848
-0.867932791476985
-0.991825104690343
-0.941706893680685
-0.916695504752893
-0.930830483465589
-0.837375667409355
-0.855002945192135
-0.948584880170808
-0.888609105752991
-0.923264087211255
-0.931508579070587
-1.06404939626225
-0.980438734140666
-0.870912683158978
-1.03927945635685
-0.895205762222568
-0.892999065092871
-0.865154454521462
-0.880497624690423
-0.998438430133925
-0.827260128087289
-0.93418942698125
-0.827944664667598
-0.92982490098602
-1.07691320338516
-0.791795743441271
-0.736549075707334
-0.79044801863632
-0.886931289296268
-0.949642547204075
-0.955011641479281
-0.842326073569427
-0.863449926353954
-0.898806964588149
-0.831224371743107
-0.94535828736448
-0.969663639232393
-0.924934241672895
-0.874867435921458
-0.916538802900509
-0.850853704012957
-0.967288448939374
-1.07365510634651
-0.918919481072719
-1.04765553545221
-0.976357368125933
-0.799542207060775
-0.868181796090493
-0.883358881553317
-0.893826588162295
-0.741434022443031
-0.929922716307196
-0.842134022599306
-0.839756395972863
-0.786572551028059
-0.885629774852706
-0.77905015224308
-0.827121172542876
-0.772107637054323
-0.878880400049612
-0.809306259834132
-0.840672653647714
-0.987444951576963
-0.869140632475148
-0.821145761601584
-0.810072554249151
-0.780533048215208
-0.75677859774024
-0.880758965102646
-0.740328887044092
-0.882661102429401
-0.938414508420344
-0.746103008572381
-0.853858242344423
-0.768933135271063
-0.809122851079702
-0.897419733805942
-0.639166057736758
-0.778274030576175
-1.05005171372192
-0.84356062076527
-0.621599012518243
-0.808742148213284
-0.937880436579062
-0.754720651730162
-0.792055125844307
-0.755344115169344
-0.733823410194053
-0.831109146389989
-0.87056567633658
-0.662352010803695
-0.781134444853867
-0.805963172242764
-0.84926172891797
-0.819183128674141
-0.867780137457328
-0.76116575494129
-0.743494752363117
-0.754332032907272
-0.684338925213248
-0.857940555955487
-0.731339322052608
-0.758572217408322
-0.827974718509019
-0.707159085246865
-0.829758045484023
-0.946008355677641
-0.737974144097716
-0.671536871509365
-0.629565227944274
-0.56645951323067
-0.661714739150199
-0.809020085082058
-0.755375052184209
-0.843236974590544
-0.614649566500475
-0.641417908747099
-0.726180006076237
-0.74454752361651
-0.774241859924887
-0.763408790339946
-0.766768913289372
-0.729064081550699
-0.571631436946267
-0.716773268490632
-0.624252954997375
-0.694333504874178
-0.787671305081991
-0.669832499707746
-0.88636590998707
-0.753415123462945
-0.620146096737641
-0.659112812807654
-0.708099089230805
-0.732738930210515
-0.551252361875826
-0.662447370934767
-0.694648403420629
-0.635966944483261
-0.671535696133413
-0.663103768381662
-0.762731568904451
-0.661035050685294
-0.862294214356383
-0.709675853859727
-0.860333143179833
-0.662042554085992
-0.580082463131764
-0.651242518702501
-0.765015639513683
-0.767364567041177
-0.754146677839151
-0.727686622331893
-0.699265753423021
-0.60828303344351
-0.639139709697102
-0.745889266085087
-0.701638005463075
-0.615140578842817
-0.651094220820246
-0.546652645469056
-0.469410258511796
-0.639006252633672
-0.639317614956482
-0.605198864560063
-0.681175003614431
-0.830379908748011
-0.700548514866433
-0.7018988142697
-0.809867086412698
-0.69445856793483
-0.721277306639558
-0.634709269252149
-0.686097346960938
-0.640944266152484
-0.538931287339831
-0.666652810219928
-0.614998923795218
-0.617214387981658
-0.700608355015825
-0.613482630751121
-0.600692457076472
-0.434347856740345
-0.682043864091734
-0.660362112929594
-0.631276791276531
-0.529061268622149
-0.520651926029735
-0.440948953242896
-0.580475398929623
-0.580270994009394
-0.407091124569854
-0.543707427346652
-0.514469969968083
-0.465988254452643
-0.54550625750092
-0.564792070361918
-0.462008552469553
-0.603636171962955
-0.487401116955364
-0.444192873124623
-0.516783023283909
-0.576876573353268
-0.412828409098783
-0.745448440368616
-0.442184615173393
-0.511833518834182
-0.424641275198905
-0.651670278608355
-0.632057881609238
-0.573214816025677
-0.615125195269825
-0.557249037253262
-0.528417945686908
-0.474767106436606
-0.538505354372649
-0.51312682404399
-0.597458993952231
-0.436408013304542
-0.492750164379218
-0.530095796221854
-0.517995593526367
-0.558229133428472
-0.507911027751309
-0.621638306389622
-0.468437235737195
-0.508612000276332
-0.6614215580472
-0.430557341134566
-0.654954078613873
-0.579450196303534
-0.579030749406044
-0.437173000061705
-0.483264564352956
-0.457158649949295
-0.551812208476233
-0.300641011555864
-0.44872448441369
-0.399995106778439
-0.515987540731174
-0.52148472170134
-0.490440163321431
-0.536156415886409
-0.637203567102954
-0.496694796897698
-0.486746324054906
-0.589429132980639
-0.518995412236081
-0.366967106789647
-0.5296822398261
-0.532938093519836
-0.366101328868605
-0.450095049736049
-0.400336084822935
-0.56760187706216
-0.420826430263368
-0.402519671408177
-0.545428960346671
-0.570081606837828
-0.578361981433275
-0.416634164564254
-0.397089611498526
-0.321800537046628
-0.366228989697142
-0.591577573003389
-0.349071323726753
-0.450358607845375
-0.60301469218495
-0.424277793054471
-0.468635672981247
-0.470880370371563
-0.439325050685479
-0.434797327561203
-0.472049417344303
-0.42616657811138
-0.4553287304693
-0.51358320229563
-0.454405018397056
-0.363063797626077
-0.40232507478493
-0.466917936697174
-0.314927559843729
-0.220647661970118
-0.372718290693259
-0.30697979044464
-0.463408873074075
-0.522414213770747
-0.285972766932691
-0.38751695195504
-0.412461542811031
-0.315459632139638
-0.260255125943722
-0.324833383020961
-0.362579039768183
-0.334600160509014
-0.270075512757139
-0.396816175519596
-0.22791846315448
-0.482365075147666
-0.253288035729345
-0.340185959533213
-0.418511827782607
-0.378095681164832
-0.490717515458745
-0.302164418074601
-0.27577998965199
-0.368177119145838
-0.359905065112293
-0.397332107250685
-0.273268364632009
-0.377338185644435
-0.217419345510623
-0.322510477277519
-0.340699759410911
-0.395078730102277
-0.402033371982408
-0.381458417687382
-0.297279054591267
-0.224413684936936
-0.404115270171681
-0.428297830857238
-0.184849740888488
-0.252589402451136
-0.357381283656791
-0.321239375977238
-0.218118052404699
-0.335681965779364
-0.285242393255067
-0.237525864651393
-0.321730135683122
-0.424027941309848
-0.276273955148742
-0.292889461279077
-0.25067177039254
-0.284397543309778
-0.372000892434694
-0.282051247917293
-0.357833159724035
-0.317605306149957
-0.203225319779448
-0.442307677756169
-0.2136467981406
-0.172788831272402
-0.319369848837118
-0.234234025771464
-0.350267047138243
-0.282995574591081
-0.344423803184121
-0.25286372070131
-0.156446955352873
-0.285674400198662
-0.489461005281638
-0.409045902529471
-0.277836248708067
-0.170147101285747
-0.327225477305525
-0.166743502502029
-0.279703631772392
-0.381953387525218
-0.285339880083631
-0.262620857437397
-0.363443967156223
-0.167524661211744
-0.3255223920668
-0.265057688329819
-0.385567642402779
-0.238021117209137
-0.270370633537809
-0.356752919188655
-0.301910525317282
-0.124523880463548
-0.21238863207245
-0.265682458964447
-0.187974142502725
-0.300350676485892
-0.261283375395255
-0.252373112849065
-0.161316147204777
-0.135738365023474
-0.126446753730205
-0.237400467805237
-0.281506221622598
-0.297221451870656
-0.242778191093031
-0.113980888885529
-0.187896866314551
-0.167238547802443
-0.263159580655895
-0.12494295639222
-0.121362938829348
-0.226060467022708
-0.120521475905599
-0.0873515608671592
-0.204933530310835
-0.34251709247806
-0.0928164668842907
-0.101571600086895
-0.140523355954369
-0.223362033720795
-0.324589419688451
-0.0592545286294489
-0.128160626905115
-0.236165410120331
-0.0396093681845287
-0.330788579563741
-0.104309581919893
-0.0410615326451033
-0.1862806952167
-0.138402393462008
-0.0691785021337649
-0.201493602012275
-0.144180835884193
-0.122483573032603
-0.216869526732703
0.0512034404988932
-0.198535989392927
-0.217158456468072
-0.0205600158401131
-0.201637072546174
-0.164570786188265
-0.170493750753527
-0.0805345967917625
-0.0412073182529166
-0.156339043089674
-0.192976585566349
-0.146373079025646
-0.14946056745129
-0.0795513070928351
-0.0823207672012978
0.0143252482335492
0.00954690079904916
-0.222698853849416
-0.0469203304756294
-0.187074542820595
-0.198265184436046
-0.0699604143547846
-0.263668587560242
-0.0630849806147758
-0.0612487550984285
-0.152876263581761
-0.169786994925508
-0.0271793184006518
-0.00517435113173636
-0.114974921723993
-0.0849403482900737
-0.148417491348724
0.00819694417312199
-0.00087422277610182
-0.10272724886636
-0.0311839243447797
-0.16243388660406
-0.0906044336264277
-0.0776874991357405
-0.0597788728323699
0.15516298880423
-0.0807404519535586
-0.0622101458899402
-0.103644649541658
-0.105852928389705
-0.013426306313609
-0.00238086247887377
-0.127317151772241
-0.0764170959848731
0.0480421526378361
-0.114040351675844
-0.0179316271756856
-0.127880143770213
-0.0429169667634664
-0.00244551525696535
-0.210708103714962
-0.0985060800015269
-0.0974316129216165
0.0105823585192139
0.0531484985372876
-0.00521321303596868
-0.0985527960063405
-0.0338860243322617
0.157922708724117
0.0501462523611118
-0.0952792395767313
-0.021116988828249
-0.0277095961854574
-0.110840228249485
-0.024502149681668
-0.113599591750429
-0.0728771937688302
0.0628540917500357
-0.0396085073443008
0.0395872358804755
-0.0546545015744207
-0.00282080149562663
-0.0341368564879421
0.137032608010273
0.0351093777108782
-0.0920407905789774
0.0906874330782027
0.114475757214501
0.114684936887817
0.0639412111262327
-0.00161953041179001
0.20751960691035
0.0260958125830792
-0.0210323006505728
0.007308105641018
0.0904829011006712
0.13388441931691
-0.121832468196764
0.101312235938537
0.0394339260421586
0.0527930307155491
0.0477763257047858
0.0438750477677114
-0.0381061839955281
0.0811177354442867
0.109052357500364
0.0968207156140704
0.034201974664189
0.165826485919938
0.152309124473585
-0.0713685842788993
-0.0246406974235536
0.0598412879085965
0.25764498376556
0.0760038614251818
-0.00332085478023929
0.0262295483346294
0.120662178303312
0.128475696732504
0.114522113180015
0.043257550153542
0.0814858937104568
0.000311864998237438
-0.0248327989597014
-0.0379005711356198
0.0174513724313481
0.00900092743448442
0.127068941384154
0.155541288707494
0.140947499976212
0.198378127843551
0.209976815915186
0.118092800247702
0.121577646074509
0.167622471524237
0.350883070699236
0.0384449770201897
0.149800663988212
0.212905927459453
0.30187942215038
0.101504411890035
0.265840925498515
0.104402321081291
0.170379870230767
0.26749182338771
0.113956818710232
-0.0207545973147398
0.202931782987319
0.255939124498553
0.212878855417634
0.0518168598947436
0.211511650415987
0.134913085248677
-0.0229764988456166
0.0636893883167819
0.187205626132241
0.0812902233043022
0.0559743472304835
0.164175357017356
0.0955839493271312
0.288592127106895
0.122327202406557
0.0354223085309792
0.0958433287662858
0.13995925642695
0.0587085052927801
0.327690671608975
0.0626092006689748
0.182398094566998
0.187612537697611
0.147330059316413
0.287546832315864
0.326341572853276
0.168426090349117
0.119354525440215
0.190656212345892
0.163459546364206
0.304259134081826
0.170512812588794
0.262703949466824
0.195798368014561
0.132559695731382
0.172995659271378
0.202769226856703
0.241087329449875
0.00104755286996806
0.257449292755116
0.223108755660374
0.195619903119489
0.0483015739973359
0.137282171753858
0.158189052224601
0.113531429698174
-0.0427916080059177
0.434486962915752
0.0696798851475118
0.253727649213342
0.288200211816993
0.300852824725634
0.175019674240902
0.245209153865559
0.276174061864864
0.224379400082548
0.265799615057555
0.129897651841929
0.253054514250359
0.292554001268839
0.249389771071778
0.219374827024841
0.299812615964965
0.25010922044715
0.251897973318648
0.135467927374266
0.261365440525289
0.213192756318984
0.269166959822021
0.344545694527677
0.267432335901166
0.312041738033658
0.0998579313100637
0.337577312916025
0.355894415381585
0.355364495199598
0.269653359437308
0.308985484513697
0.442775716140316
0.259309996795669
0.304437073654265
0.455105804945179
0.264799530234273
0.294290599668006
0.375858418344817
0.335501451892468
0.366389930658055
0.242975994605182
0.394353817454463
0.181289652864424
0.431748991139516
0.47922928952826
0.387442465851031
0.412039935420736
0.436793467185224
0.402304162692261
0.37040501316837
0.343760471571673
0.372531900539085
0.275205283806323
0.476390075788078
0.276364609684039
0.318550922472916
0.145616199591885
0.298974225178383
0.265687917740237
0.337876673212609
0.340798210290286
0.362973276505057
0.366545119326101
0.357527330263975
0.309246904384354
0.368517669755367
0.380277895606479
0.409342075704865
0.463944324243797
0.0872743162105319
0.232571138040089
0.404766048752625
0.538230041402158
0.440763163593803
0.362151257754677
0.29610747385153
0.278421094213304
0.236228362464195
0.47436579832008
0.351895358427721
0.563598239853521
0.482695166856607
0.304112775444232
0.456742583678131
0.375611920991958
0.380063534205221
0.366896243100329
0.412210180764373
0.225457332509092
0.323724329888728
0.422199488942042
0.445341966070871
0.435436426747375
0.466734287418163
0.407802918100977
0.527219719180763
0.378429314176524
0.384152193592209
0.507612224926336
0.452643484882411
0.570157883178053
0.538193150399685
0.375054256032192
0.56916912462243
0.344706614016712
0.622051398287066
0.49770838750202
0.531063599273022
0.426039885834493
0.434287962898888
0.405500068390883
0.391051663464965
0.608237795674203
0.467679441595078
0.314092685769452
0.358699878991428
0.31860975496512
0.379229144998425
0.461959749722565
0.492034214306482
0.459796079162602
0.512800421728977
0.377891956186219
0.548787863663
0.484499051271519
0.529363300906904
0.345007934497363
0.392596355108318
0.563735970750774
0.540765129991688
0.434717916085848
0.411572734465847
0.459319343016079
0.538011799935474
0.515605733234479
0.54954868703556
0.382313080409332
0.468842834543195
0.522057580881054
0.5502931102218
0.503811078241287
0.532101409280392
0.648410525310826
0.404676730429757
0.602489258830883
0.567624983974902
0.459334279443309
0.570456183023182
0.683300998175823
0.46248790259745
0.503178319131738
0.419905163973444
0.556048643839894
0.531893438431599
0.634856560853996
0.491471400450594
0.670452130354236
0.515851046809966
0.408169543649737
0.550541095181553
0.547543139694417
0.567682544736689
0.52325438466793
0.573331816746083
0.665066463581319
0.542416496460803
0.544744199997624
0.566549605287968
0.652943575668789
0.609887477606817
0.571065907858665
0.591081489746293
0.572211258647251
0.581797027757941
0.562912445141175
0.536072255731436
0.5824082194282
0.715360255277459
0.54273450833708
0.692847057206388
0.495773587671348
0.58579619769735
0.510131552293794
0.670284838486372
0.627324503756378
0.464929461908791
0.738259197199494
0.76653239633946
0.756413240633681
0.632653100315435
0.559765494204175
0.68899363429103
0.700674539407825
0.479348048859164
0.648860507221092
0.63157034447151
0.675983674930929
0.694538546561762
0.51118645832036
0.67094421444432
0.545413141242066
0.624504980385982
0.728128883304592
0.682982088649443
0.739421524689355
0.529090410450166
0.590527117387538
0.697696098873025
0.529330123472834
0.654692498683306
0.739554776906965
0.643767216272516
0.582059665263739
0.739889175574464
0.775045012665652
0.723773158693443
0.678966198124706
0.724162176330875
0.735533265863009
0.517779998209372
0.8090004241881
0.636623820391956
0.826878783559529
0.618232417355191
0.796454424795759
0.638875924561038
0.666085475338482
0.668121672559467
0.654144742078562
0.683497943520938
0.677365455664912
0.818604212952506
0.693676900120861
0.624525152013279
0.667215526460905
0.753569669116036
0.613495435711179
0.604929672703535
0.873416124581772
0.693286157456215
0.678802759782226
0.771172203853318
0.859701907440266
0.600945442904083
0.614696389040505
0.560245673682252
0.858006546138555
0.597102921737382
0.706038685605579
0.665315871091261
0.744932808736101
0.77721660333344
0.857293046717055
0.639485827515328
0.677611262717931
0.713155675034634
0.865232315567157
0.771921252590704
0.673430592571541
0.755515268494955
0.825219849234914
0.669403819173498
0.681764245222524
0.791336881571468
0.74691398683807
0.746365671802364
0.740003953437777
0.794521862932732
0.8394915775797
0.802754141734191
0.633333252247981
0.682090220602695
0.726348350402751
0.686504666573309
0.74710262463255
0.866262485687166
0.689954629858907
0.939897412121217
0.730548778669686
0.691865573452208
0.83390483987305
0.769983082364037
0.773271996127583
0.825595346851088
0.738524054967215
0.897331360224117
0.849855022385939
0.747886126262622
0.816068183511526
0.879666310021942
0.725072395538224
0.92403360843735
0.800421933668473
0.936238423184307
0.816400242596026
0.75944476969466
0.799744331060555
0.695884677558965
0.786847676829797
0.785510719358229
0.817495714617375
0.742838750439574
0.906473667379851
0.992343324958926
0.8933579344998
0.788130434924993
0.879569461035439
0.835912444560865
0.806156063529121
0.768654239011111
0.774022371257949
1.07155195456937
0.851976722683188
0.723486493367287
0.939647373483655
0.899228414331364
0.917049791227915
0.852629500175019
0.940032296648946
0.884961096710965
0.860258328360612
0.819330359603224
0.733403316734818
0.909685140984588
0.940350274280524
0.997158756961327
0.981759133403919
0.865688635497331
0.82110044410142
1.00786115074987
0.842125378880766
0.900875158554441
0.818830809661322
0.894372883801046
0.681427744402635
0.797465156630818
0.927773173870979
0.812723982459131
0.921484557918873
0.803148091439722
0.950151422394342
0.968092149383737
0.914848125995137
0.932970672840643
1.03422036291143
0.904670964857243
0.807424912863438
0.993336292485026
1.07759632577183
1.02134357965042
0.845432631651067
0.993342220474656
0.984488264233124
0.798549871170657
0.790499288250448
1.06256182581132
0.911234354289903
0.957583856437839
1.00089201696551
1.066831811598
0.901410264976614
1.12007623919623
0.821725920515196
0.961243454646488
1.02260703058553
0.959545496389296
1.14005303044082
0.85318727828558
0.901169127107146
1.04976133573175
0.999652684002853
0.89694146130539
0.991505646108937
0.951812704845829
0.945081973990803
0.99065519955164
0.877941095107176
0.89173694888774
1.06092874465819
0.945249098086327
0.950793551136161
1.09795486309912
0.99681769125013
