-0.862784707207609
-0.946685898203326
-1.03642296177409
-0.94564785814341
-0.804208019444822
-1.0060328501449
-0.918198425892165
-0.994646030267873
-0.968550941026379
-1.16098043318088
-1.03685938540761
-1.10967766052509
-1.06826346186581
-0.959941475169075
-0.861847680332495
-1.00474829717057
-0.951189176144476
-0.901868730794361
-0.936249917220903
-0.848639469107104
-0.85102796009902
-0.939730935172567
-0.917168736305937
-0.915135998856123
-0.931791713018607
-1.0468611119954
-0.967873818665314
-0.882750634999657
-1.04578546481129
-0.880043817840848
-0.891087956888161
-0.877899856840255
-0.905869019712688
-0.9846139379988
-0.787006788599555
-0.911954371169052
-0.846159900491743
-0.94043737220927
-1.07400481636979
-0.797752373105851
-0.728638178309627
-0.781112929728262
-0.884303779439266
-0.937944410140601
-0.949291271570807
-0.831003305154639
-0.900147009521406
-0.888715334913079
-0.837084007626809
-0.939456008815202
-1.00135300704551
-0.945944748986361
-0.901879911987968
-0.908964461018505
-0.860319939469989
-0.957662070821258
-1.06649488041012
-0.944585180514362
-1.06534803153121
-0.991835134255068
-0.785056517090097
-0.871697105956963
-0.886254556254343
-0.902368524939454
-0.766130511107139
-0.927966233058631
-0.828348345402441
-0.847135482098943
-0.794440263700765
-0.913363830740548
-0.77454245822986
-0.82921436391324
-0.787030679554231
-0.883836057719666
-0.80265045641852
-0.810653189271641
-0.99766442775692
-0.899546782826549
-0.824276107400266
-0.817112235295707
-0.815163648830323
-0.765149236705499
-0.886602817992432
-0.729916011170559
-0.880627982026019
-0.92854575006882
-0.750581076443421
-0.871606951773233
-0.747970817582974
-0.820667430870405
-0.901639800323571
-0.61650156538452
-0.783103021967194
-1.04259202775649
-0.850380374319267
-0.651529446883765
-0.822873121319029
-0.946733602813735
-0.774070589525966
-0.791479857800608
-0.742531655662136
-0.748335658618037
-0.835720991384362
-0.874653052132123
-0.657012476816372
-0.776622979424526
-0.802706700991565
-0.868892795211676
-0.784698180509956
-0.882869949643922
-0.759637052315319
-0.753333519933683
-0.755645840283247
-0.699021682073979
-0.848688482194764
-0.729004136789236
-0.752466662572953
-0.835743741824888
-0.733325580259681
-0.836142862352605
-0.941042276947568
-0.767927693350945
-0.651063799048305
-0.623312418956071
-0.550084345216211
-0.668971467900487
-0.793681467716945
-0.773148826761305
-0.841794404966151
-0.615577437210618
-0.64277120294961
-0.713543406990086
-0.759099561599277
-0.768245631613631
-0.770516843582617
-0.770808007846532
-0.733072358638116
-0.572004466523694
-0.715635045995437
-0.616856479980067
-0.702285084534627
-0.790771802331842
-0.650046872825893
-0.890426983173569
-0.717590006872216
-0.613417652708851
-0.638748040090339
-0.698677760755715
-0.739791722771867
-0.547790848281749
-0.625323211660532
-0.70702702856828
-0.623955126055209
-0.6541522895453
-0.653349923407043
-0.7570404932403
-0.674559504898963
-0.848868251868106
-0.696157280593154
-0.867008705009692
-0.665513644843327
-0.573818213221791
-0.665160782599478
-0.746514911040683
-0.811281160599808
-0.747015388664631
-0.741555804121205
-0.647621245046627
-0.591792763071208
-0.66293594845633
-0.740759005747756
-0.734964967244175
-0.631507333125868
-0.671919808472202
-0.565220278261715
-0.470532123728795
-0.620399744197023
-0.644282734634761
-0.608586381582178
-0.661491816173077
-0.845972281488397
-0.678184754139111
-0.696562874561464
-0.800724935873501
-0.689511251895478
-0.702953404286365
-0.623392419874998
-0.670169726519644
-0.644304491639857
-0.514953531700687
-0.690616562179074
-0.623572876917429
-0.623480383646837
-0.692797577367771
-0.622293224278546
-0.595778846591866
-0.432970095446301
-0.682849302450246
-0.675766940236617
-0.631638312218521
-0.545876932997534
-0.566072914559184
-0.443064501814718
-0.569829549670538
-0.565091555216919
-0.417629128805332
-0.53429802355545
-0.502025061990864
-0.478658040260386
-0.562921668584731
-0.569665632482607
-0.469672814748267
-0.594050987275393
-0.47746668707137
-0.437442683771218
-0.537694537873
-0.581804697099722
-0.392470921619969
-0.745842917834027
-0.441356919257173
-0.513534958422979
-0.44085804128921
-0.653105771543886
-0.647424504572354
-0.594073171879157
-0.621317194532956
-0.57040926378666
-0.54159602282078
-0.458890146426709
-0.52196248455803
-0.520368660927822
-0.617417218872711
-0.425884149643452
-0.491668823941953
-0.555224743617265
-0.522341578868664
-0.539169538791127
-0.496428965716909
-0.607716947003172
-0.488901786095951
-0.524479280470415
-0.656512086623891
-0.404533572608689
-0.668219975225709
-0.600199119645803
-0.579860134434577
-0.451416593064359
-0.477766274552189
-0.432926841755617
-0.536580312294365
-0.316040210600718
-0.476654356051641
-0.411409821228812
-0.507403237258897
-0.519698125479858
-0.498098850004008
-0.550310526564234
-0.625129642261957
-0.507013745220102
-0.482562494188672
-0.563092593232167
-0.520005985438644
-0.373387415456004
-0.526167691178982
-0.527350473725742
-0.366425979301464
-0.468365986089369
-0.403024916658579
-0.563010552124727
-0.427470145743404
-0.432413052911632
-0.524382898595445
-0.558651288657418
-0.577811323006222
-0.411208157725301
-0.400724009265281
-0.332622534486323
-0.371396787063305
-0.579733420586519
-0.358375618372912
-0.475426679101892
-0.604714724543514
-0.459622918110672
-0.466105505297362
-0.481854771201624
-0.441138556017445
-0.409093206013294
-0.467420642662502
-0.421851701371574
-0.471355839886469
-0.541429736254756
-0.425926779375353
-0.355508213262706
-0.406849055126949
-0.454438001322092
-0.327245227168825
-0.223961381475044
-0.370459046537415
-0.312701847214327
-0.476025697236808
-0.518394757815222
-0.298890320358215
-0.385116480148682
-0.396506782010714
-0.300314210449869
-0.271652802394762
-0.33103875359554
-0.375544688989965
-0.334253080844878
-0.278248475671139
-0.41543410044809
-0.23658763356209
-0.49158185213281
-0.25268004337109
-0.34366705319411
-0.408378634905526
-0.381369326440621
-0.480252322316276
-0.284431324490093
-0.280269811456928
-0.343947294328654
-0.340874531023428
-0.392866316049492
-0.290802869412687
-0.385628487240943
-0.252515932340349
-0.3189414515943
-0.336312025699652
-0.418852248608934
-0.372523301147298
-0.384328767267621
-0.279246598582898
-0.208753592775099
-0.396394938474001
-0.428531112232243
-0.193509640038267
-0.266449457400313
-0.362539388366258
-0.295436427499195
-0.216173471026866
-0.343167505125184
-0.293123523974555
-0.237397499666305
-0.298311484705906
-0.43075757562469
-0.281327601192384
-0.284013114548593
-0.247837223983872
-0.267121136135309
-0.343522066972325
-0.294533067679877
-0.350889221960175
-0.338683825694299
-0.228354935365439
-0.438822385661844
-0.204729748769836
-0.181502137344728
-0.316608875430818
-0.235851420473205
-0.323806015806563
-0.284865388924514
-0.336082201319764
-0.274576426885931
-0.138990732968053
-0.299248024093251
-0.483896638287312
-0.426523575949151
-0.286579156105623
-0.179972277812818
-0.306836892268189
-0.148703851757319
-0.2702637443723
-0.365338984438114
-0.273238165903549
-0.261377587941496
-0.343777746498696
-0.145242934216055
-0.342466274736611
-0.252242625214992
-0.366053986085962
-0.243097642877284
-0.268102246165635
-0.357006930133312
-0.293193812617441
-0.106127319409075
-0.215044035694234
-0.260946572692438
-0.19445791457946
-0.311100793287161
-0.243346942893953
-0.257048796351719
-0.184580825951003
-0.113280650587641
-0.120478906596248
-0.242851438550673
-0.2980534429765
-0.303242133940703
-0.232063977024688
-0.141247492061295
-0.197950763978751
-0.158151981416044
-0.257405911257096
-0.147681769082225
-0.090490559426332
-0.206150099908937
-0.149151698538581
-0.108036730900186
-0.208081115074975
-0.345643190205066
-0.085263928519363
-0.0956011327072209
-0.110505694851768
-0.246796463910136
-0.335598562060406
-0.046306073088904
-0.128270258839557
-0.233640019322338
-0.0106361331181616
-0.346671991664205
-0.0961341552856772
-0.0229563613952032
-0.210032413395902
-0.127133822313535
-0.0925756864123666
-0.207229344107304
-0.143408736387015
-0.10607704583146
-0.189187092229781
0.028974751030872
-0.203305064640856
-0.201639098186123
-0.00736656015458975
-0.210565468249158
-0.18250017298365
-0.187076933127038
-0.0803942964346669
-0.0569845069358158
-0.136527845861512
-0.180272859685208
-0.112001852690268
-0.162367114835697
-0.0816273457079428
-0.0684336329329804
-1.3962122921161e-05
0.0394075244265661
-0.243205882242555
-0.0392225719809655
-0.185539683364267
-0.206392606069938
-0.0798630306036558
-0.285621375035959
-0.046062973039926
-0.0272535677961625
-0.169734776863127
-0.173126005802055
-0.0323732869178725
0.00927832343394832
-0.103819665846288
-0.0816301517982909
-0.13865458770545
0.023412315438893
0.00617142205420951
-0.108006311989449
-0.0345571144487425
-0.144634991803898
-0.0879607409751798
-0.0923191583880748
-0.0549101506872138
0.137379717121924
-0.0926498965175136
-0.0663269209795479
-0.104183912054231
-0.12356821693356
-0.0198877066408704
0.00923630721343373
-0.127496866786592
-0.0717348183320678
0.043318782726161
-0.113091354178549
-0.0207061614796316
-0.104859368877058
-0.0462473541449976
0.0143600760260231
-0.207430999399699
-0.0979508212020049
-0.0874063073720762
0.0364855795783146
0.0580990915945635
0.00594322116158299
-0.121525470460984
-0.0329282456486764
0.135100406401542
0.045313874696736
-0.0970968461551317
-0.000754497692868945
-0.0443926992705096
-0.118388883269999
-0.0333808501612019
-0.134688602441306
-0.0732118888963785
0.0380908563735539
-0.0469310660155676
0.0362560758511423
-0.0290478790135186
-0.018101903339244
-0.022169300571682
0.165471072669609
0.0357921125748283
-0.0546655348081317
0.118191283537723
0.129262910596305
0.0873574403094933
0.0814263664996284
-0.00615924306707567
0.225265219726854
0.020013594285689
-0.00596839673653023
0.0246245978564342
0.102549686863525
0.13701804359793
-0.113130595871549
0.0972002948852245
0.0353202135924884
0.0357201941932538
0.0624917908803983
0.0302512594183757
-0.0460414594751142
0.0840386022228036
0.103052047983458
0.095351315183155
0.0278034553698407
0.160974526255008
0.156961466956699
-0.0486099185839006
-0.0203705897357681
0.0640211989066888
0.274144348591909
0.0893311627399756
0.00768866320733812
0.0439950260323169
0.126876400689873
0.129203515451886
0.127991728609695
0.0463420651767037
0.0705818119548945
-0.0156924997443618
-0.0375191584182323
-0.034387306300359
0.0136902856131718
0.0213284429837985
0.130221097627334
0.139134412666786
0.143805675150615
0.202088489905828
0.200311686761449
0.126180239610849
0.124669614095156
0.183479706826717
0.355614793971704
0.0607871673146842
0.128646829695344
0.192504702713896
0.294957517485433
0.0961991758930199
0.263836750293278
0.0887969629273531
0.17679580334258
0.265899221762324
0.113419853967094
-0.00814236368809378
0.203151617784509
0.255741111231985
0.209083617273506
0.0615795143594021
0.198575588915686
0.120331978081322
0.00311471563256129
0.0731300991793357
0.199707270123288
0.092172645725141
0.0595412324723715
0.168783850548653
0.0881475999239904
0.297435278169764
0.112275722366777
0.0365465853411265
0.0954146769550544
0.134243748004665
0.0460877366386046
0.310423958094908
0.0515355181991341
0.185856735438943
0.198173368667504
0.18266654907529
0.275775662640934
0.326597348598694
0.183591676138016
0.136967370936486
0.184455352773131
0.163182821790959
0.31260769666887
0.155070400289966
0.28171557924344
0.193412126902121
0.136108779835397
0.192923812642303
0.226225978086887
0.268528509223078
0.0046103245222074
0.264697913053451
0.233506842513415
0.189121057624482
0.0546039718928655
0.155046068286463
0.151409743624926
0.110058424442422
-0.0206451985335638
0.408748315321905
0.0802736904732061
0.244159739939274
0.312904048051919
0.311892992306876
0.196133109466776
0.227321134165336
0.254681114616975
0.216325675557794
0.271319650155187
0.13344739091031
0.274220757243403
0.285331666379101
0.254868983348962
0.22433477766423
0.317138518422801
0.230471111932424
0.250623606127341
0.129583104263567
0.271121066611581
0.212017425930673
0.260745664292096
0.33492388735668
0.254522181893659
0.301420072576498
0.105568307656425
0.33435807672236
0.350870677540365
0.344786436990517
0.265224481371908
0.297436962577304
0.446399605077254
0.25298956959757
0.272283812116942
0.44430643266227
0.269805753627307
0.301670035027665
0.381024699436252
0.336635202273493
0.349262301935087
0.266894874941092
0.380228593567997
0.177710847063032
0.452852790298879
0.479279454912109
0.385146078033872
0.42203283958307
0.420982754937774
0.406626617316998
0.38810736962807
0.350684381698032
0.375130767266093
0.279770743397965
0.479794395051366
0.303957309086973
0.325042472923512
0.150475609769516
0.317049134133002
0.253241135406961
0.329871940026231
0.368385732565832
0.381672075701641
0.34822353896024
0.359032481549531
0.32568592119841
0.363898248226815
0.386134473786498
0.426001883531113
0.460300105318896
0.099001365028291
0.229328997283553
0.415160633238277
0.531155962965085
0.43801858886227
0.360756471781474
0.287362963664872
0.269258243285122
0.242520908863591
0.471561077391042
0.352054747795751
0.572019221082202
0.478790390975023
0.312161491515413
0.473597529976081
0.366389617022397
0.373346212871199
0.367992558797199
0.422426453089104
0.234780831943511
0.334853353915664
0.44589965669363
0.427667873296007
0.44840161550046
0.438558022800321
0.384169931625148
0.52097183391158
0.384679763695763
0.382534714226401
0.520884548770463
0.455611293082919
0.565179695402027
0.539101290923162
0.373241467114795
0.573257094796954
0.356272794094271
0.623945258433999
0.499519169915426
0.51336130307278
0.4174224101178
0.445626685325046
0.41393088558219
0.390196201875842
0.586043000113943
0.48285833078067
0.32709855583269
0.366330018978631
0.303484561444332
0.390472041419975
0.472340436664659
0.481310797125208
0.449375112335823
0.502778066146506
0.388410481072183
0.539146606963276
0.457983980540111
0.501710178929591
0.352354980185327
0.386027644708446
0.522218449323135
0.520828588090975
0.449760370128132
0.418603640709683
0.460023702622709
0.51003344443963
0.534565124078275
0.528839489983194
0.397548298791773
0.466162010258631
0.527988237456061
0.558566707192302
0.494186474978642
0.507841962987848
0.616096901885348
0.399081198378859
0.592719053719969
0.586381896300781
0.45728097364446
0.576246369026656
0.692311248279916
0.47234709825182
0.498769805433357
0.417430983448924
0.566157688477201
0.556800756194049
0.661376983487495
0.497033305326737
0.65020657344498
0.526061622362506
0.394959391494551
0.541006747733471
0.545068037624077
0.591532820608946
0.538053238284226
0.554803468744836
0.662757517574003
0.542459992385978
0.544284293626911
0.560048531627327
0.677707066099522
0.603096444780497
0.586448572965657
0.60508661357486
0.580980888383177
0.59054095641447
0.55046514596835
0.507146642504924
0.588533014190804
0.738156759067877
0.554147259691517
0.680977390215207
0.524017038422082
0.590310585627337
0.508126346644655
0.666786291477749
0.615562861208372
0.437645657683106
0.727850472351845
0.778823367815433
0.719690871758446
0.640700787020847
0.561777736658676
0.697223193052046
0.70234388743189
0.470374091515394
0.671287496756503
0.628074559221952
0.686568005231274
0.704478840819102
0.524468793427618
0.666435779020078
0.567597171530847
0.620571195985245
0.72341795021357
0.663132282193479
0.727038513294378
0.545917560722748
0.596224694033096
0.698417474532782
0.548270247907541
0.627448536003699
0.7417534820232
0.662231611557356
0.598723246915708
0.738569137742275
0.777514362555451
0.760241269446589
0.666988313975958
0.718339162201248
0.738393916457767
0.514791822752127
0.829960935408793
0.643231442177192
0.806335353123247
0.633559858317583
0.802847181475727
0.642464888127495
0.656747925105664
0.659730764284118
0.612723065114017
0.678007747262927
0.678253767569404
0.804811472643341
0.700652595981009
0.616630291774981
0.660782982025016
0.759767421455326
0.617629350605101
0.627716124156863
0.880292344825455
0.654595943059115
0.672760682916317
0.784680894823591
0.851442794657799
0.572488975987079
0.622213198679212
0.561398722780221
0.861530815497321
0.61682538160242
0.734233263233339
0.617907771624029
0.751171494570367
0.762419883374107
0.841887223696642
0.647059245813608
0.661361316333058
0.729875011918392
0.863816528924864
0.767899063776923
0.685479991332343
0.779300794153885
0.804906822215442
0.660308226795105
0.684228537225999
0.785931687651791
0.734283778927821
0.737552752627677
0.722266417889559
0.787746743267176
0.855351801791904
0.79779319754999
0.646477484219958
0.67589896356091
0.717303528044509
0.678052382351571
0.747171138412812
0.855556122880831
0.682677428601982
0.946730382801964
0.734064062092955
0.680111214184381
0.834010078167356
0.762769578642171
0.757388826550266
0.809591269392554
0.717918600363426
0.892107405827621
0.8692388466101
0.73985277960141
0.817884632348102
0.886315527130387
0.727160785208041
0.948481313631369
0.809651380692321
0.926261083823853
0.813406999175553
0.7757561653675
0.806006519355335
0.68280830182669
0.781842144436621
0.776896407110194
0.814777764369511
0.75175114936498
0.904599960777251
0.979110886036003
0.886544403767597
0.799885338272314
0.863781043355291
0.819280912541697
0.813341962575699
0.773516399581602
0.781343611110764
1.06541804860535
0.840030812976052
0.717801093548673
0.935623934902309
0.890418703245462
0.915772490862811
0.834796582984785
0.922143596700537
0.899929392020605
0.877681234783156
0.80774875817558
0.735784454004093
0.907391030676886
0.944288211518223
1.01264405323464
0.991818324153435
0.868180722704925
0.838047475640866
1.00255330440142
0.860082270307292
0.877229995732215
0.795020336262704
0.899693626093196
0.711120651333865
0.783478746166219
0.920540545790984
0.819414702534979
0.906290072583114
0.791803257935873
0.957692644609123
0.976041806070154
0.926918084924641
0.957284360323439
1.01163662481123
0.920071679790526
0.807224865229305
0.983835450827541
1.08776237183605
1.01702953090972
0.852821966484275
1.01896080840382
0.981612138264134
0.807939241431538
0.804569444995241
1.02697547230967
0.93817302135696
0.954562595722338
0.995973659503526
1.03353758362509
0.896098375605064
1.12123333727252
0.814793035306848
0.989316182999356
1.02651545879882
0.948892844467099
1.14831128154055
0.845954469998212
0.914908263802282
1.04985142303023
1.01818478432627
0.89134820845843
0.984632503257252
0.928861222383926
0.97368428571481
1.00009493677228
0.908845368230765
0.887340250892032
1.05866259351516
0.948044987230423
0.958490797552153
1.1095503501999
1.00259618305424
