-1.03079499655507
-0.91563176855245
-0.955742038129847
-0.929449296626869
-1.02448687484426
-1.0979528904278
-0.980138748995764
-0.810699530440848
-0.893802631127798
-0.958839853847402
-0.994050757215571
-1.02913730269263
-0.990126846185918
-1.06822455283786
-1.06193268856003
-0.979020262942962
-0.999698860153869
-1.17181802979678
-0.995617754572202
-0.985196922152991
-0.985179248583474
-0.954397546239562
-0.853634044588562
-0.958002798205132
-0.830739123888236
-0.939148288629719
-0.883947916009649
-1.06291016283205
-0.951193223056382
-0.757743405716329
-0.89265147533773
-0.869797670654529
-1.15601698199865
-0.86103721249216
-1.08486493163711
-1.05818530406506
-0.845872227447984
-1.07939519791432
-0.951392200892708
-0.817586898384847
-0.956889655309845
-0.890633151562714
-0.708128726680938
-0.74118085660163
-1.04298571636244
-0.852940306934113
-0.979493743813864
-0.990649020769598
-1.06777208830058
-0.780374507452415
-1.1299876289908
-0.963656666679555
-0.951369717787688
-0.719350310828609
-0.949087823137185
-0.783924871840213
-1.02861702017089
-0.986624414586688
-0.770175917771934
-0.922030007481395
-0.7887118220436
-0.97396824737746
-0.847535566563012
-0.856271024595893
-0.847666356176503
-0.82084922389811
-0.825463759753465
-0.96256948427185
-0.806807838722014
-0.823586037434464
-0.932302632462933
-0.831033145965541
-0.951438603641317
-0.70277312896723
-0.759008499031577
-0.72467138756257
-0.843161372081589
-0.754689647593615
-0.836820010107838
-0.810371338685119
-0.849330146795533
-0.769585364191945
-0.903774054520606
-0.747931687554621
-0.75985322552684
-0.682225961378907
-0.749773496820506
-0.98821958212443
-0.86192797991049
-1.00113987992016
-0.826391771278284
-0.814934193015558
-0.932108456186979
-0.784270520117769
-0.804717526364422
-0.686052331200514
-0.773811341784806
-0.890792700702323
-0.729023258095399
-0.80630275986207
-0.785642854751215
-0.818746266575759
-0.848539729361567
-0.823556016550977
-0.800831667012629
-0.84931162907576
-0.780125313313074
-0.964010336431456
-0.742701141178247
-0.752836622949827
-0.773318596171209
-0.830317857940552
-0.69134094708738
-0.821858344181817
-0.74720958963833
-0.670936131974465
-0.78948922460779
-0.633429174667643
-0.764219781503069
-0.684563076144584
-0.76384576889445
-0.825560217697113
-0.721165631580754
-0.86132969902577
-0.671022909714139
-0.620980433672347
-0.804350469913055
-0.744296341543901
-0.849554401225563
-0.689940222762626
-0.556542293554871
-0.76195477168659
-0.629176871509789
-0.863236702825288
-0.48335083035363
-0.72218748508675
-0.768312607180451
-0.784559085070048
-0.658328954200032
-0.670595780929989
-0.563817538816504
-0.60677888797093
-0.672299822551689
-0.646954508965458
-0.814409068898767
-0.808571749009553
-0.75229889447979
-0.699756536391288
-0.659389640456913
-0.85860059613595
-0.711725474943231
-0.733146220176653
-0.701674832738283
-0.787679329329245
-0.648804086842161
-0.628432885888802
-0.757625364998217
-0.600389470089251
-0.676190456409205
-0.679706896572677
-0.639003613103437
-0.67432825355363
-0.757245866212162
-0.699514695704205
-0.588442939387307
-0.597360110004043
-0.863207602088371
-0.538892567701938
-0.716036928549139
-0.645438465849876
-0.671777738731551
-0.686970616753283
-0.594712281329519
-0.650155449682935
-0.582262891309403
-0.682665967414511
-0.656785539233614
-0.499271658155255
-0.7833340975256
-0.642968438301333
-0.682641172639966
-0.563951232662465
-0.660804410492876
-0.536256432398632
-0.581620907301641
-0.581179255819612
-0.652063605784768
-0.527713858733343
-0.653638836620624
-0.584797111847972
-0.507213650479291
-0.721452614017937
-0.665690548889778
-0.603236194740127
-0.598763275303277
-0.750965623050376
-0.563964943025698
-0.610189908847966
-0.681405628114816
-0.721438603102977
-0.465806054850329
-0.565645694717756
-0.708348762062762
-0.594726156663524
-0.698849568381164
-0.631758512126777
-0.771706773277704
-0.64908444497534
-0.572797440814533
-0.497410741812351
-0.630018656867325
-0.541569188908021
-0.571587186518509
-0.527426583930103
-0.580599735473598
-0.547278967897718
-0.581295971522769
-0.627183316157079
-0.597680533076705
-0.69510918282127
-0.525498551138851
-0.570114738321916
-0.578183452645758
-0.580791548710073
-0.472538753148132
-0.476179159130437
-0.658454215993847
-0.54971087702624
-0.595400005805487
-0.521619091832648
-0.352034949045946
-0.518229130165275
-0.379466006324953
-0.618957605219614
-0.443181188019425
-0.659740718078485
-0.526501581315627
-0.518161868244987
-0.537809326580095
-0.604761401680809
-0.474241323740104
-0.55607669643967
-0.645024407862322
-0.637443330780659
-0.439072005826422
-0.435023626143828
-0.423545752251769
-0.575138889536576
-0.416960676273813
-0.470422971153901
-0.515871305556091
-0.525374320702109
-0.418653719959493
-0.576315740580791
-0.599977950596813
-0.542472502601133
-0.458583269210496
-0.436366020733703
-0.451645722815945
-0.374400215165137
-0.442542739180001
-0.598335862443041
-0.357385636639134
-0.589076694052913
-0.580787846933242
-0.48143817719175
-0.394451974025997
-0.281320884562422
-0.351990945930788
-0.299743340828705
-0.398075493172795
-0.407982009640435
-0.469329459756789
-0.532587037554447
-0.370903985546273
-0.502188790318924
-0.515585026571388
-0.448877223006757
-0.454713664131557
-0.452200150684929
-0.497112859222995
-0.386168870873003
-0.52454147718192
-0.263966706815458
-0.383549930226962
-0.385147482842687
-0.44037176379358
-0.463512388690573
-0.494412417477501
-0.325508548068668
-0.393270615256244
-0.478435607907005
-0.487047084386506
-0.406914800584923
-0.495423742652836
-0.298157358677283
-0.43840692225014
-0.443772104142444
-0.598545172560701
-0.423124881515382
-0.435313851267001
-0.397287832676292
-0.27029232097013
-0.311779229947681
-0.363892921299016
-0.377111491205164
-0.317431017587953
-0.287440665730854
-0.342015836829361
-0.330845906764995
-0.497540305993736
-0.445809954621817
-0.146968133664457
-0.515137971272043
-0.316944781647913
-0.374147265794596
-0.392327499996752
-0.425081578555592
-0.427232535661199
-0.36490349146227
-0.371357031709369
-0.326268881500211
-0.268459126182396
-0.352888580896914
-0.339278504920551
-0.296450745767441
-0.118832981604217
-0.286568353287529
-0.349364774913037
-0.187562038314712
-0.504511767396795
-0.389785586744993
-0.305193810214338
-0.279232847596869
-0.297017109455336
-0.232614246937843
-0.413858768201707
-0.289966003408671
-0.338883029791833
-0.36496841329983
-0.298216716583762
-0.224628096147551
-0.276177440912258
-0.424470953365396
-0.238046596530391
-0.175225372950842
-0.208546850543689
-0.224103264977319
-0.337592224548091
-0.294275455858104
-0.185466597802189
-0.393305958737358
-0.218859924842414
-0.322195842570254
-0.301573609082805
-0.266970685339944
-0.238501170831685
-0.285314324418683
-0.229627947708599
-0.334239448996078
-0.379900292474981
-0.32709816291895
-0.34040518631827
-0.205993288770574
-0.180549328666254
-0.184377533143068
-0.323906312108986
-0.276015876849398
-0.217355827959026
-0.177921142468539
-0.311173991991789
-0.236528455070602
-0.452497350186183
-0.201103356446643
-0.306137602400532
-0.300181787348658
-0.192473499324451
-0.287096386757732
-0.216731562097969
-0.258427535089358
-0.354390623620729
-0.274423173045181
-0.252265461976401
-0.344981904687305
-0.260214287068485
-0.281344890058576
-0.369350039288665
-0.20883505256383
-0.0934578848359369
-0.228636349668947
-0.176516514878049
-0.294706431390642
-0.0746138193933178
-0.139022423464408
-0.288447805489061
-0.320184544597734
-0.116946671291591
-0.228595974371336
-0.360888714859087
-0.147326264345705
-0.218078751352029
-0.215912668173382
-0.212900267213786
-0.251192959582816
-0.304167654349466
-0.113898557723282
-0.055557796559942
-0.322050957301481
-0.110805120038965
-0.159611242642015
-0.140549508199116
-0.212857557551521
-0.191298033190162
-0.232322090241321
-0.26603260773919
-0.0572461287633047
-0.21638254739989
-0.306283366154748
-0.201174267294224
-0.150318372555075
-0.0251505531197172
-0.225061373323754
-0.200702217482548
-0.202373170683223
-0.248286522084168
-0.166010259692542
-0.220935914893238
-0.163650144179187
-0.127592308436844
-0.0636155342591831
-0.133616492758351
-0.129635311715107
-0.211865213147824
-0.114645964887467
-0.0453196090012681
-0.145690666436886
-0.129253056386765
-0.368299939485659
-0.0895485579883518
-0.176314114514844
-0.0550038574650693
-0.16208704161993
0.0171154128417155
-0.0973548852884651
-0.0828819737712064
-0.162509589900695
-0.0976023763864581
-0.142276555280114
-0.0777003188862775
-0.0571302023355371
-0.28172712388399
-0.145917682552627
0.0849248504874318
-0.049798093716859
-0.0492735318634018
-0.105888523042484
-0.0599077694230049
-0.0476745549977287
0.0210156129622095
-0.000105053572284587
-0.0610800940376729
-0.11833728303895
-0.0566141312271711
0.00218026810352059
-0.0958681864653387
-0.101624024960657
0.0708852697304198
-0.162958760876171
-0.0212822879197683
-0.0221162871033331
-0.0836994356727559
-0.15314943316593
0.00666088886516023
0.0412648146347994
-0.0377927064314361
-0.158380462083454
-0.280726403418547
-0.0676532834210875
0.0587859816534289
0.00829985424410446
-0.00613564511542096
0.0350146535820318
-0.112693446203351
-0.0847477339234356
0.0434460325178621
-0.142222029055374
-0.133647061823925
0.113506414610886
-0.257892199360609
0.0525889076642499
0.0218033680734709
0.0977859775789989
-0.0985207077410172
-0.0362881462487399
-0.0563682907040227
0.0900406067880622
0.0232317353766683
0.0190782277218082
-0.211019325990425
-0.115544627994361
-0.0582274044695796
-0.100604832576334
0.0349406151030231
0.00511370076614711
0.050660012483744
0.0602101728527548
0.00574692353960633
0.102013795038854
-0.180415261824687
0.0208910101368972
-0.12322367477044
0.0598615328149522
-0.0726429327840993
0.0808894586211337
0.0759581273532009
-0.0238979181256927
-0.0755816681028966
0.104187235638897
0.0295621475565845
-0.0260800037079356
0.0561511577308069
0.15299157745788
-0.0484424099112774
0.0602559988389706
-0.0186577852672106
0.0540296253341246
-0.0735347706044911
-0.101069400815011
0.0725842131066679
0.0931316057977589
-0.0425687329006014
-0.0625470423013356
0.155767577934737
-0.0106278366924148
0.0863042472450355
0.0140197584970002
0.252076233106919
0.0978307034027811
0.0298330714081065
0.0522710677677789
0.153939499812437
0.042221844445906
0.0584299239210929
-0.0421296127086737
0.0129372591492254
0.0472353786969103
0.0904407752061032
0.0864726658025462
0.110757167487872
0.201241817610449
0.0851161715599888
-0.00887236556245421
-0.091943096191118
0.0295359076794351
0.139763470862564
0.0881381209331398
-0.0317471681766211
0.171659916923048
0.176373222765819
0.0606863667967988
0.103769399416618
0.0504475936330268
0.196935681485112
0.26156762343979
-0.0300443205080186
0.245067337612181
0.169807768654023
-0.0900320794596034
0.153578435999739
0.134772132203405
0.0872846803197906
0.161615859757058
0.240686890471192
0.0808254893791983
0.0417195089922323
0.0749204574289807
0.304290856970096
0.247593206880017
0.138033513805174
0.181045598175972
-0.0441797066832811
0.243294865930326
0.236739873233909
0.0624853538397305
0.100904942369256
0.078938433301108
0.175070206850345
0.215689328529697
0.233132290203323
0.0557328311915593
0.143535870507468
0.278871090193032
0.129215398146515
0.238797708907373
0.0533517341555101
0.206816954720678
0.295129078057813
0.243036389392264
0.155310310757052
0.271705450703083
0.132875284280884
0.327180442949549
0.152133015427845
0.323906805426667
0.204472023373109
0.0140251285318983
0.164572571369302
0.280486563431672
0.271174535374479
0.362533146163351
0.165775625742551
0.190730984358123
0.375958763418705
0.311010909294623
0.294906115737662
0.161436606210215
0.110156084214298
0.279849733956844
0.254750669586826
0.0275615961322949
0.253733769313352
0.267729214813164
0.194369512493152
0.293057299965803
0.188542698202462
0.263917172644794
0.12465817381764
0.27201517368876
0.206278029291675
0.376820563107747
0.412905537953034
0.239779544805696
0.11005484143613
0.27699634646101
0.269053860301169
0.325909531929903
0.138487203280221
0.419933925703273
0.274160382682891
0.242970526333536
0.149851988333313
0.300038237831222
0.259850200744876
0.27310275791021
0.160200522665029
0.248598923287428
0.261694754047714
0.359204473272178
0.226917306244035
0.306716711032465
0.408262239497329
0.269372249694525
0.408794793900767
0.437924628883325
0.350077680464719
0.348125834413229
0.299415245465712
0.363503350694109
0.402963981961304
0.257130299447334
0.303460751457262
0.31020995640726
0.360704657216555
0.385368552481414
0.542379635447568
0.431996666278401
0.33203052807038
0.3251964109595
0.279402342774301
0.483042945746135
0.337997792332858
0.405491469864751
0.34249096261676
0.449205522937749
0.229006109833939
0.420046575764765
0.222730046802817
0.237074633468732
0.267292706497976
0.278831226139594
0.447066116618135
0.224431087427313
0.350180697449673
0.300878527000912
0.348160874418819
0.47382528044789
0.421318578707861
0.319686113007706
0.384093595627723
0.412005906609989
0.304066848284473
0.368493750921681
0.326491200473224
0.297393466106776
0.434760719411805
0.437756721574299
0.35199427975388
0.489817738001392
0.468491631946919
0.253666404790087
0.423468643714917
0.523883163461687
0.458213084795787
0.413084264561867
0.355837578858006
0.402229787663227
0.372426186763612
0.410996594381981
0.244158747205449
0.430125038104894
0.573568872572548
0.345958629802821
0.449939261702517
0.557054910275081
0.492781897419296
0.460521667974298
0.349294758331372
0.55801355677352
0.359985714507043
0.421120961592567
0.471545146597427
0.309645419860068
0.462673729899155
0.342592823499813
0.447886177034415
0.34083243912948
0.549498850762991
0.528882728267883
0.363805597734528
0.423712234411783
0.488861332497339
0.465874893974099
0.47624740174061
0.560626918580989
0.362297015337206
0.450317342320799
0.460306289631217
0.598861709256902
0.28400132013093
0.484612013695643
0.421385263619897
0.609912494426684
0.631046762282315
0.411060517554694
0.69574380224317
0.490142449851695
0.545408959291355
0.576713536011086
0.447342865862833
0.470749445564471
0.464776509194182
0.466870446738257
0.482652242665769
0.463989561501322
0.538569421781621
0.417581877337634
0.519096891705363
0.555164928564577
0.409292349259387
0.544542566689453
0.546871033534225
0.502701407110345
0.563791346204022
0.478946391110479
0.510179541426363
0.480974222240437
0.619011448690536
0.554420140031535
0.606784620084716
0.476181191330488
0.420589325411608
0.543621956494082
0.527344499578876
0.536382414119953
0.509024581346191
0.542714032478122
0.513541255101251
0.531065605144976
0.583351573274759
0.574386243017843
0.541020678954972
0.495301573078107
0.581996974403533
0.457455169404667
0.552217895971513
0.48548654107328
0.537361182499867
0.695776092900745
0.540635883373818
0.620180684906559
0.546103401168619
0.542480480052761
0.602572784438361
0.68067787788428
0.512976496110473
0.499591148218627
0.57232999311858
0.629550111529622
0.47536387840814
0.594915190220886
0.530954448103562
0.663986075023172
0.566378606200498
0.603113520693136
0.578878339036933
0.712618790093254
0.582150630214767
0.549022008982222
0.459271470258613
0.709088589861779
0.643063106113125
0.580220481959716
0.681694898754223
0.786994820779508
0.677408683527338
0.631565030536628
0.67904918462158
0.675709987662692
0.515377623122073
0.571236443333142
0.634062720278407
0.715180390679929
0.583027787428386
0.708594350798227
0.630017450143424
0.517209034271738
0.762172883145668
0.705798938632358
0.728052075749119
0.705460274915866
0.565810323049397
0.593148508828243
0.656298052799861
0.790840752900259
0.585782634899202
0.644973343568966
0.683423425457809
0.862027220239158
0.64689157647641
0.68613599190506
0.723459300957635
0.745010315735411
0.612474752105536
0.778467509169136
0.657539024239868
0.837475127763581
0.658440367860574
0.829837895639773
0.683864906814556
0.592451950160221
0.723146981982883
0.668413154239796
0.783473438473548
0.661822831620321
0.757223403562773
0.968860171566594
0.793136622190667
0.582552096599045
0.683076552201896
0.791340820568445
0.625073760497103
0.625742544127854
0.634074752521078
0.893426396606901
0.737668396775961
0.696120548680308
0.623903456251854
0.839860414314142
0.739447997511118
0.692994872569804
0.699752544215742
0.787909564310038
0.707945012208125
0.702773862798717
0.806959873723578
0.626792136117778
0.835413888841872
0.775210135923284
0.967378455023076
0.702748207373642
0.627053438849604
0.814191734057361
0.744807335289959
0.714458784194268
0.849177281942845
0.880670144052018
0.772948946654457
0.579382222263091
0.870554437002446
0.7284676927262
0.768913863033933
0.728201324954241
0.896491373779304
0.700371900035333
0.839909481055907
0.819564501065255
0.724728044380873
0.821891805983543
0.64345854860685
0.890704688323931
0.88576546469255
0.715536417349218
0.722436912060454
0.798759022858009
0.740307330848411
0.652977624869908
0.79224515235915
0.873784417061404
0.813851129630832
0.841080960171169
0.878197326723056
0.853068094233023
0.859438272031951
0.867576883991174
0.829941942882368
0.695764919238051
0.794047208425714
0.873691734682243
0.890379186584378
0.8147583470811
0.907718896052404
0.962941813508245
0.791950355302253
0.8456382497479
0.86026233652603
0.994457060579775
0.802668089208319
0.845637654626945
0.812206074607546
0.818731204558976
0.862943066275623
0.749788324573105
0.800704009697218
0.852492165338988
0.832470843571978
0.705315537923337
0.759200304652564
0.811562170778538
0.795717987238393
0.786997709810297
1.02253507519792
1.03103067354504
0.926810439568765
0.854035097348104
0.754180986424384
1.02090025871292
0.803659548999846
0.998869698482469
0.940332013303392
0.760847463185278
0.957237147939547
0.874112975881421
0.832826356695779
1.13450486136796
0.721821220301848
0.864563609934529
0.871441959447923
0.924390621667015
0.902884139524938
0.895450625337628
0.976642134071932
1.01418909692867
0.921802405638364
0.799040549773327
0.92570719227152
0.849407836663717
0.759018060028776
0.974005047158612
0.880519878846316
1.06899520813131
1.03237041342336
1.05738186901514
0.982274480953681
0.814591681624667
0.887946444990171
0.919521280105802
1.06919538672194
0.758483934208855
0.894461053700411
0.920799558636571
0.911585266689395
0.870414178553349
0.897168432610062
1.07187017529385
0.97853615763507
0.930580619128585
1.04065433774557
1.00848898390882
0.850180757275566
0.961583241517916
1.05236643531052
0.895720680274955
0.964963640450994
0.920205989302397
1.04939579778389
1.05221817827779
1.01517269377527
0.967145547767915
0.953239356035724
1.21479927111909
