-1.06986485977213
-1.04710747136926
-0.847366959908126
-0.92383733284108
-1.23085221880071
-1.01687163532759
-1.02504988224118
-1.10168571127396
-1.16168770144565
-1.03453144064596
-1.16015579667895
-0.868371936760613
-0.997334336470288
-0.897113985683632
-0.986926781403529
-1.04608735748384
-1.07126271412078
-1.08833325243244
-0.919013971947831
-1.01735879805097
-1.11670854865518
-0.927488342347043
-0.807341037228443
-0.935078083315645
-0.902341371937057
-0.958580626590137
-0.923135405448417
-0.944903614818933
-0.967239363378988
-0.851646485008985
-0.833372065135864
-1.08530826815252
-0.833739812406833
-0.81662767091023
-0.854130470738993
-1.00861606812636
-0.764939573637912
-1.09946995043117
-0.902699817700208
-0.762152455783312
-0.838856011719728
-0.830719305237609
-0.913205206635706
-0.811024098521466
-0.817926769261786
-0.968951195237292
-0.802433767610747
-0.89055851933603
-0.864834054672197
-0.866084465356725
-0.914916120521145
-0.936576857124257
-0.955103600150755
-0.917614167445764
-0.894657797823082
-0.947618893343541
-0.941676705222017
-0.896142659776586
-0.921534393258814
-1.02005861959419
-0.983203409109658
-0.806159660399195
-0.848274978362003
-0.86458770076944
-0.865720727237706
-0.79488043853183
-0.834003616801178
-0.847123742428769
-0.82321858929177
-0.846690968472217
-0.885368473194695
-0.910922976241876
-0.714874032534287
-0.782739784342877
-0.852373444763684
-0.859904684277271
-0.75974653756065
-0.943093660422323
-0.838175069474974
-0.83199390165902
-0.832646895746509
-0.910207225783804
-0.800307633265174
-0.840943994110106
-0.810009009744183
-0.761613653953561
-0.794753968626035
-0.94979202505917
-0.949443399710201
-0.883683982679904
-0.790435475085735
-0.874999550295225
-0.892133872601713
-0.771278818393103
-0.909822323207449
-0.903145069930768
-0.780535095216867
-0.952549280759158
-0.748171562697357
-0.765509438594447
-0.69424975618134
-0.968382053810233
-0.571415855208304
-0.801019184392743
-0.821204751855433
-0.758779304194674
-0.624571012218485
-0.75467146871963
-0.675453017032056
-0.602689667821301
-0.82369346843719
-0.692429938543044
-0.734195340494256
-0.730128802852424
-0.805309970941145
-0.686761725233765
-0.779578194748138
-0.734983997157197
-0.801640282198968
-0.701950749247668
-0.70793531698521
-0.717093373037755
-0.761991293218753
-0.855057630376478
-0.582789536861777
-0.88401626453734
-0.807114394168281
-0.695655431834886
-0.752325050380222
-0.910212821415201
-0.765975991920517
-0.715329555416512
-0.782418912731201
-0.651581359978746
-0.630694968381419
-0.611229804377132
-0.771968218619533
-0.700143598528042
-0.590440906171045
-0.657632834252719
-0.685368747615365
-0.608914650167251
-0.817431510690933
-0.753524634007437
-0.803803737686568
-0.676130610797141
-0.55657021177224
-0.640706219690948
-0.709258420525225
-0.646794545389024
-0.624420456750065
-0.720905100149353
-0.684946464897506
-0.688759530262827
-0.631518293062381
-0.738442283932014
-0.760921470982821
-0.690117543305981
-0.679842341467963
-0.742230197092688
-0.69746506471332
-0.831078403860183
-0.722795733877382
-0.66033003076488
-0.604123151602012
-0.602560122217973
-0.535112569798171
-0.667730603362021
-0.649959007247546
-0.691581104272294
-0.760883223162167
-0.767104361843038
-0.677405130462945
-0.780974939448145
-0.740980482580764
-0.50106406270792
-0.610089851057635
-0.655555591412514
-0.710878065165099
-0.67466745231902
-0.637951294319108
-0.724139876541398
-0.67917801206487
-0.644142403973393
-0.547956455030626
-0.609233146713806
-0.714366187030719
-0.704069345899148
-0.586334881784572
-0.739394433505012
-0.766813014596262
-0.63248516671016
-0.588361830201929
-0.582234586377241
-0.668568379458661
-0.622853970317054
-0.653776809513032
-0.30875720627325
-0.638291449089288
-0.665123520042199
-0.527492941272362
-0.564109087002475
-0.628551673508195
-0.528261606895896
-0.669297695487942
-0.633701032007135
-0.754526987743936
-0.65288434903565
-0.596409372366107
-0.531314836563706
-0.596250111498136
-0.536222740021081
-0.399837886526521
-0.515334631108908
-0.500523344465555
-0.541127101381593
-0.70575637548984
-0.640778942350291
-0.499158409165555
-0.592481433334222
-0.510156803050091
-0.534788315377183
-0.582790953124505
-0.507467972180536
-0.622023237848136
-0.613653028747655
-0.594348380608735
-0.510974852618347
-0.506885773500005
-0.614689550484545
-0.526638329717847
-0.523452224676703
-0.540814359860267
-0.575961668254556
-0.546692224859149
-0.431849241611098
-0.4520851455712
-0.523608758218643
-0.564234604534892
-0.621880867292904
-0.470208911680921
-0.394615639788365
-0.538784024276001
-0.301347201267269
-0.543595970092606
-0.565979733259628
-0.546909235970855
-0.564895355154215
-0.311700267033949
-0.540460014166158
-0.433991333740999
-0.476732360864647
-0.526458033685061
-0.485156853911051
-0.37282922902492
-0.457984738707858
-0.488021528089164
-0.387260749350751
-0.576752520520322
-0.436525973458049
-0.441550090726796
-0.433855906884979
-0.542617965500838
-0.448174393242123
-0.526512332298194
-0.544671903029398
-0.524097568105861
-0.498404349142107
-0.485979351049206
-0.603659339514645
-0.511126082123799
-0.473345111581797
-0.468147016476721
-0.450420518360172
-0.477566455234762
-0.656720539045344
-0.603645553366908
-0.221761153059144
-0.540732720259795
-0.371426518641537
-0.418837535707485
-0.496776742299651
-0.46178458802721
-0.352380664577723
-0.36540785335184
-0.425362434135229
-0.544459653587902
-0.465256571020588
-0.366105297615138
-0.366843807144582
-0.484505324495623
-0.304530449103162
-0.400855194534213
-0.511385220501379
-0.438686769668625
-0.48268180737732
-0.489085973343928
-0.266230988996532
-0.433295243307997
-0.403312550041104
-0.38948805785808
-0.411273083369982
-0.427934213038845
-0.40987588807147
-0.497665679277358
-0.539872843168471
-0.505035881659914
-0.351265366784993
-0.372804835091824
-0.391810836115934
-0.391923756963486
-0.290873799732178
-0.474827195613828
-0.28654789885497
-0.259560690764042
-0.554507189588969
-0.285730947308922
-0.398735362932158
-0.34814678096316
-0.25469766422434
-0.412162374057728
-0.487758897983116
-0.326064353466401
-0.350052860729932
-0.229565847818498
-0.26625577108316
-0.359680950931616
-0.397201477616486
-0.408557451585505
-0.564914192011176
-0.213187008313507
-0.252319814517218
-0.179037597492713
-0.2657359254079
-0.381329426341133
-0.395477662998935
-0.180822172757973
-0.438361023689962
-0.303533812060357
-0.280386775554727
-0.35804081042275
-0.40403758441931
-0.318164886819127
-0.394641043039654
-0.224049029090135
-0.305343860077571
-0.19697055721142
-0.318434937281629
-0.350686414920398
-0.238871398190569
-0.287659636988051
-0.294165395781237
-0.333029040741552
-0.410616236051177
-0.261542886860484
-0.11051549993561
-0.121927512617654
-0.134975974268473
-0.202706233303847
-0.46043164258508
-0.233891007292082
-0.44380963140263
-0.307071403732916
-0.321998596508852
-0.237216850943451
-0.28941489791091
-0.291479008855344
-0.415657955972589
-0.201859843337882
-0.320250483363807
-0.230986364187571
-0.401591029214026
-0.282680769632078
-0.224798761335546
-0.272932394416101
-0.259776741590651
-0.407334207026073
-0.143117880418899
-0.112347777056702
-0.238480461864286
-0.184925692465357
-0.161680422348582
-0.416053884207317
-0.288345629909333
-0.297059210987869
-0.242498309763205
-0.218683570359109
-0.257021095172819
-0.230012786868086
-0.184066928726233
-0.311906395832722
-0.0540410536009832
-0.274402560102776
-0.176856789313304
-0.208453209432662
-0.0911748015892333
0.032064068289086
-0.304577122120017
-0.211128911400196
-0.162466294077086
-0.219214961712346
-0.216176000794054
-0.072999524510034
-0.154153588041786
-0.340787395811705
-0.210028439091778
-0.237193422205509
-0.144853552235119
-0.266407802160405
-0.222640374579617
-0.270651250216243
-0.115429052157739
-0.126660339447092
-0.173601687834501
-0.173027293803985
-0.146115633241501
-0.0835653820235622
-0.148137153135317
-0.229832937249307
-0.108715945968491
-0.277238146451469
-0.188047693471674
-0.143495733970265
-0.0635034846783033
-0.162993616370139
-0.302016894924486
-0.0933538038295484
-0.143924549512212
-0.147957735974688
-0.00745846830657829
-0.0574156052909894
-0.172907590126327
-0.156364171894236
-0.188384536722913
-0.11011120545835
-0.249509859476276
-0.187902420368106
-0.15746996135399
-0.0816689719226339
-0.196058884423793
-0.00146146954958876
-0.154076877447572
-0.0654692070274484
-0.124131205435767
-0.167439270132302
-0.0484557744286028
-0.149425054061516
0.020482094402025
-0.0384917539454858
-0.152779065158409
-0.224969112202431
-0.0735030176181118
0.0341517662496271
-0.0646790747929004
0.00179457571962614
-0.11146056213228
-0.0280098430395752
-0.0273796448885163
-0.00425406100561449
-0.137577240876125
-0.028594467480313
-0.180101472460978
-0.0159512978572538
-0.128181884213782
-0.0797598756593065
-0.0689159770370482
-0.0859031966346542
-0.12280858062723
-0.121464269220954
-0.0621803195579828
0.0276425588409025
0.0248265329951112
-0.0109207052913086
-0.0664515627471585
0.0361415044873738
-0.0298477632658139
-0.122496201575357
-0.0123908550345229
-0.0655973811467714
-0.0305509246717325
-0.0701245501794951
-0.0150341219439407
0.0376919325890941
-0.0697364792383263
-0.0485688661762388
0.057870484229005
-0.0775706708874464
0.0656291424830208
-0.0128110099271418
0.0126950056882562
-0.13843709200438
-0.0686724460281496
0.0413342596021632
-0.0977674683356057
0.0456437801514006
0.12594502330214
-0.0858799898798068
-0.19000406434702
-0.111506990359241
0.0176846891396445
0.0475314372223629
0.0292138925352141
0.0804143103273846
0.09654519402981
-0.011270353364525
0.0304750790415746
-0.0649846680557299
0.0066726564748511
0.12139278610808
-0.0299847905097993
-0.0333263737286594
0.0518089903418319
0.0828216296792504
0.0265064957746792
0.0896741993080156
0.0237215569116383
-0.122194844911917
-0.00527791122948387
-0.0385631789769923
0.0560192688654212
0.027303534818335
0.0966383032072816
-0.000159643419734422
-0.0835363784280031
0.0102281185181041
0.0221985698182027
0.0380638806803178
0.057353821100467
0.0959903672767999
0.0225102787964429
0.11345518903599
-0.0680632384579354
0.0222673690509401
0.146930397433006
0.171300465194513
0.0808046824003764
0.152604252650243
-0.0402586563784208
0.109730982883106
0.0161050572187084
0.11306763048322
0.0885059687165058
0.0446220250184724
0.0936950950020801
-0.0710155710461258
0.064518236011118
0.0114219767383208
0.174967193268653
-0.0183988847803464
-0.0231580765217902
0.00202745089267083
0.02003240678273
0.193863722233959
0.158941309856893
0.118494815193056
0.0634130422168254
0.20218413125812
0.108359634807372
0.157498580806072
0.132897637838958
0.124722063264477
0.126990363134287
0.184679671733879
0.196183515407527
0.160060730392164
0.319999289715393
0.088199557158332
0.127424951192623
-0.0619994619109515
0.0316717868860494
0.245677893908142
0.137195775624755
0.27795400441837
0.172811912585886
0.0473832310886026
0.182646189552544
0.0982880256720638
0.130613764794896
0.253325480235634
0.210126706068015
0.062308735609346
0.0656790560149805
0.13668924345626
0.304461657654849
0.0704389547792492
0.0991295630543299
0.125596272403376
0.25327574252682
0.228635964706117
0.287490757502712
0.078383504803492
0.345736291247774
0.301030026484713
0.144443293610792
0.170048522086304
0.236503551306533
0.192798993047729
0.10870868727694
0.17653916801898
0.120185536899698
0.22912413583877
0.103417657953981
0.229394483356835
0.0836039148875756
0.30233731648338
0.304991780680977
0.218833683695923
0.288017876450563
0.346761010962022
0.138239128225136
0.271814689566909
0.18219256444276
0.295055818907763
0.334305655027272
0.219620179760795
0.177130501037646
0.103489242760535
0.299521700598684
0.230856221610316
0.25454594675645
0.209143669037785
0.201308359961328
0.271322831899157
0.160682378823903
0.13426247986635
0.308405115408977
0.263577138276598
0.29362246253969
0.396170766914977
0.279534292381357
0.315856067345034
0.241036688609602
0.251604808107764
0.230553970478885
0.292660068182868
0.317249626803726
0.341740483873186
0.328419642390778
0.391420637239077
0.170742439042942
0.334746229553521
0.348342983087623
0.262849287057892
0.349221689110745
0.224293796739017
0.280977597735929
0.329875669538778
0.275228301158298
0.355922670244002
0.250040019084593
0.281647051255247
0.297877424656854
0.367037612185418
0.374151269386935
0.281169744818182
0.288852305311603
0.355155992316876
0.330896469095514
0.253309185460241
0.306525758261894
0.327485860027655
0.234604397947087
0.32800861172794
0.356353083168371
0.370654989767239
0.450199896508274
0.357980196001009
0.370558351224401
0.285648911593882
0.282993716942421
0.234014063480827
0.395658055966825
0.328453413686337
0.214160126335872
0.366948504966949
0.396795165573122
0.258990161333697
0.385527016888914
0.390994906064655
0.315448847912173
0.254035405880501
0.373688648156766
0.448494736818322
0.329047298041146
0.220878711765071
0.304425618583739
0.353175352192403
0.353216582371129
0.464026776535433
0.503579397207085
0.267717046409178
0.368561006201576
0.199671328032439
0.500263211130147
0.354726847518777
0.290202223387648
0.378256690270739
0.421809335263166
0.339325431395991
0.512871227071647
0.30081588694703
0.522721415190838
0.427890631050613
0.372010878698957
0.482885125703034
0.527994700209187
0.23585171860543
0.404772658585102
0.454918945898162
0.441463393072213
0.457000437195227
0.604283790927824
0.341357049750654
0.441576190517525
0.417697435087465
0.385878919399342
0.478709193282699
0.428842935977888
0.368261019208959
0.394695601268226
0.243945551526707
0.479550470881486
0.418937862606906
0.426745162329771
0.370425530932432
0.381434027139617
0.567204508385835
0.340177844667284
0.31531853739933
0.352446829375391
0.316312741404769
0.437273347905655
0.373723788476839
0.280121486470239
0.440188139425456
0.516993484832388
0.403970456814995
0.529669809627632
0.522357519166027
0.547101666021442
0.50511396397066
0.446928710743068
0.641156838739497
0.389469979599172
0.56323770514071
0.57479374640741
0.46060029941004
0.461544513619291
0.453512792611879
0.554856556291556
0.499790887155845
0.602254439529249
0.470966680014638
0.590662103765125
0.549922843276599
0.537603549632436
0.519685128544278
0.607361505618108
0.624067351792614
0.614215596369718
0.474952854868033
0.495263681975401
0.511152673879815
0.418349701659481
0.63943813879246
0.564864364698753
0.707982076219243
0.572419627471721
0.469391594093728
0.491621220764621
0.634473540631786
0.504889821622666
0.38870516872074
0.603120945640605
0.542390175949914
0.603032652472529
0.481482852849552
0.615672397355047
0.705180545387804
0.48625187582875
0.577455617530457
0.413181217554051
0.470396399478552
0.704860359231933
0.664332845050711
0.65900735456295
0.564700772100481
0.673004094812339
0.592180850372238
0.75832877230012
0.577223382784022
0.467407056629657
0.488958748783934
0.549537187672128
0.45351072098255
0.667020793195305
0.564865586611714
0.413744425141655
0.653273971469026
0.461772826071166
0.604357321446649
0.499567224816487
0.613945790746332
0.621000201147704
0.507935997335144
0.748111484750842
0.554587130250615
0.605310518314356
0.713342925976294
0.612738191111234
0.573138920927424
0.615728103439008
0.548351510135232
0.616666708379933
0.515998227183984
0.617251273746096
0.694983720629776
0.552246319108959
0.670542815818724
0.521496542941561
0.679349930644867
0.665138748489186
0.712007755112018
0.724830943642661
0.775919598377149
0.680227476110548
0.65257972540233
0.727952801481851
0.70018059192634
0.71188718981775
0.635723563899145
0.782050007983706
0.635217448505009
0.686395056395312
0.675650721462111
0.696268609215657
0.857215870898792
0.758984778051182
0.687681255769346
0.629531895836091
0.717408716220847
0.609085086556295
0.65722455706917
0.662062930838636
0.672421071322961
0.743345159307188
0.725649014026512
0.567447628622454
0.715895757952373
0.642976064268513
0.721448744902633
0.816318310393503
0.634094156930013
0.7976310182635
0.738915691668195
0.870176367601731
0.683951404433579
0.723709397156247
0.604864046886757
0.731920554145039
0.686855410121642
0.83307646780174
0.644447681804238
0.727546925833196
0.782483409887416
0.786070804424961
0.700577883107446
0.716821383308727
0.827942005552115
0.695559287527836
0.754852438509123
0.750337648365061
0.722060252520296
0.794330446979726
0.707093955781494
0.839389566857304
0.703219449056106
0.775657307912883
0.657886054454891
0.676991014972453
0.68855830634614
0.791139738784194
0.868666073204195
0.847380971511419
0.690550036949462
0.752329744202585
0.694212313727794
0.85746497289498
0.67667511329014
0.766810623705019
0.76940896055187
0.684655147962148
0.738587638834157
0.685505159693373
0.657199176498257
0.912109413931557
0.670374705820536
0.747915846432362
0.825669507773999
0.746209513369115
0.73826655284553
0.728860476930601
0.797321990460594
0.710318365519422
0.907016810202893
0.903232150834405
0.70680775654355
0.922568008605811
0.849986625333678
0.962531796710318
1.00440115584184
0.833568851944016
0.804567436056925
0.755824464109835
0.84465769984681
0.80473887324365
0.838064188687581
0.82313920305064
0.987996987873198
0.775968265464274
0.772540615712283
0.813771395651663
0.892234030797775
0.829557365245938
0.873730203858147
0.81662824096776
0.895021030988093
0.876301444515058
0.839628594634604
0.787448703868631
0.815877329312047
0.814474253607111
0.822953509858519
0.811372395361835
0.835425506381998
0.908296538507792
0.930697126247924
1.01283415691095
0.7720960779298
1.01866753516113
0.718039183807591
0.953545879415789
0.991549285704176
0.905082419246367
0.986209309088277
1.0247889481037
0.868807407949784
0.849961387764397
0.979485148323378
0.895324505218343
0.934741637654152
1.0444971159435
1.00599226632753
0.908534130927389
0.866615404326571
1.07868646102251
0.938106969594149
0.960350605398639
0.962161334402924
0.964369706018208
0.921798450689245
0.958333176845538
0.878891867220981
0.982292408175727
0.844976058332153
0.90638034744233
0.922112475783069
0.931055951375837
0.897086261158218
0.901307802119812
0.763936718794157
0.831243200345611
0.922872077103183
0.980314221678679
0.929687077894156
1.05300416246948
0.973745287907571
1.04200906683921
0.929368579442515
0.995696675852588
1.02543416501592
1.03019708548279
0.995308116529021
0.908253569718899
0.936779176608503
0.939965460514857
0.930973099856315
0.917248998435388
1.0510152199064
1.06754656557605
0.847574248086595
0.947590182076239
0.991908474289921
0.922698880116029
1.05351297932723
0.934964045782197
0.959153292426249
1.12535297900811
0.945708230575325
1.15357779922172
