-0.968160790237757
-0.997683201599754
-0.964259603800561
-1.02377560328613
-1.06796788823633
-1.09282649736629
-0.927604779273264
-0.8912586163931
-1.11161277988713
-0.801969590164494
-0.997587367770712
-1.02208595446984
-1.02747172303157
-1.00705284181814
-0.89614834555539
-0.92271614519636
-0.928843910628701
-1.03746696693912
-0.982695758535275
-0.935806383409047
-0.790302135518747
-0.929762070362929
-1.07170128931831
-0.919077338271223
-0.888578960780677
-0.900582891995424
-0.961280807750665
-0.954515343801339
-0.841916326434597
-0.896375620040449
-0.973274745209181
-1.07676584088579
-0.972759008345896
-0.984380767692916
-0.851117543913708
-0.827717109777207
-0.93911065365111
-0.767624783207636
-0.948168076847959
-0.895854565082049
-0.773501599872449
-0.839139328877235
-1.0506668376173
-0.965656602118228
-0.904823525599614
-0.87075296700859
-0.95993291413614
-0.887123908031412
-0.935460559605773
-0.803639656149434
-0.936400627337991
-0.978926753182496
-0.930785298365504
-0.897143049164273
-0.92708943892054
-0.875268923649534
-0.841086949716814
-0.840063092677802
-0.960460642235053
-1.04255058537859
-0.846904595999616
-0.97506459175061
-0.793055123118094
-0.76993364458461
-0.776313448189245
-0.828177066190562
-0.989727800923988
-0.841116111134588
-0.850749709069411
-0.770948279433409
-0.859122103900727
-0.910323833816704
-0.968237022076579
-1.17368604653983
-0.83773849917913
-0.849235052167131
-0.885919342330032
-0.994514792862797
-0.747634025572149
-0.804572525547341
-0.768472269607813
-0.862990986709358
-0.945825365190559
-0.879098842211367
-0.646794870260196
-0.761464102615791
-0.914941097897448
-0.821230587635615
-0.874300273901693
-0.930198558113658
-0.918108169584016
-0.741564038754932
-0.867317696911418
-0.72764588139783
-0.800394407643066
-0.792064365099772
-0.852969784692155
-0.730039360472259
-0.772344523060928
-0.749002746712427
-0.672999013939204
-0.716537823963959
-0.924797631967793
-0.873953405458682
-0.897894519808356
-0.614650598680664
-0.725948450651152
-0.750229649927286
-0.829788513593052
-0.649762767561329
-0.594519774288591
-0.702703229742945
-0.76054503085707
-0.960589462880033
-0.910457931642999
-0.910686929451714
-0.763874082188029
-0.743762001806792
-0.855347273988089
-0.760939616174586
-0.673584874898441
-0.905109340896187
-0.680532208555005
-0.821037172831671
-0.796790798608345
-0.698305875907653
-0.823881392987982
-0.602793049433861
-0.778513411119643
-0.758561013465248
-0.748624676477282
-0.769199390471606
-0.85746568402041
-0.675444836341068
-0.681470853144347
-0.72432165042484
-0.732587637787652
-0.732750612013864
-0.736337732213713
-0.75876070868006
-0.799241278938809
-0.664919814104784
-0.718962654295002
-0.685495896617014
-0.651872201136265
-0.593170825812948
-0.732515922906869
-0.655595728103802
-0.788311334018864
-0.572790686838939
-0.715916550648262
-0.795932046258554
-0.570165853841355
-0.750527215650566
-0.61974027545554
-0.650292988833366
-0.862370201142562
-0.591302536755631
-0.711224519562093
-0.584429527109503
-0.659087386677503
-0.693495550073057
-0.56663854511598
-0.710115219363184
-0.59032418348078
-0.678469355674063
-0.687449803941089
-0.639783822029839
-0.722677430356063
-0.60291574068911
-0.742525390672882
-0.660666967959907
-0.580238308840813
-0.69278960182205
-0.596615812983662
-0.512901308386381
-0.631368363822412
-0.755169025833724
-0.779988376792574
-0.704682674948069
-0.656740227511755
-0.540899545963675
-0.555963382873668
-0.55612521244085
-0.658186809918814
-0.599870206358339
-0.66611377655922
-0.536632187308154
-0.579541507549701
-0.76599705731106
-0.534998383692629
-0.603366333949109
-0.620500746605949
-0.624828695996992
-0.448065533411883
-0.78883588845693
-0.60287348117005
-0.588498271220781
-0.733050881863517
-0.5597060449702
-0.480787675846046
-0.6717659304539
-0.460539188925309
-0.675913588679569
-0.553347969763088
-0.602992041386411
-0.420143205922093
-0.599014818967791
-0.611428780977856
-0.608065335341506
-0.603827160920137
-0.7354276961631
-0.549444186000637
-0.537008641186635
-0.592957110648668
-0.554629231471892
-0.602629974683417
-0.53664772476323
-0.571084825269985
-0.581316325498661
-0.747024682663953
-0.654119063250114
-0.575627461618784
-0.48853165017108
-0.604896355530463
-0.598676121380823
-0.483280835802252
-0.55082647504025
-0.626824285309849
-0.609802757935957
-0.494698405663437
-0.534547643716213
-0.609352335163056
-0.635111761526937
-0.576862879128809
-0.537026975809121
-0.478849629225706
-0.617639422359707
-0.393631455015985
-0.489763202230655
-0.508093353963579
-0.529646155221894
-0.574197991731552
-0.556696063564208
-0.577939247303191
-0.569477206586602
-0.511016364291883
-0.602562676769993
-0.531463041656276
-0.464144107202124
-0.432326733777951
-0.534246731023172
-0.425477160416014
-0.435966579510504
-0.417240572786336
-0.431806647948097
-0.515693520447212
-0.435881005157527
-0.498120822893255
-0.590598692136231
-0.444155054825055
-0.54647926944619
-0.519237512750965
-0.57284609552162
-0.391570068735983
-0.240188949187729
-0.38592979280276
-0.428511408289834
-0.555704431022835
-0.453504637963723
-0.616023778047064
-0.450934782314783
-0.46223232501689
-0.427214911469572
-0.394947431033478
-0.389189894057074
-0.615817689752012
-0.469850195364154
-0.406465628636949
-0.34149591478642
-0.489354551403651
-0.360236168448676
-0.478374032470286
-0.634033722789483
-0.331423041190925
-0.490280004484922
-0.450255882089282
-0.428996261797625
-0.402040848304844
-0.452862752844629
-0.463316404706848
-0.261572298785479
-0.457773237886599
-0.362394266957361
-0.424337681199347
-0.28724949456703
-0.294219631487247
-0.429496998231312
-0.327028795364425
-0.283277277997932
-0.415454920047668
-0.349707318172925
-0.322896334702747
-0.271938304857067
-0.296220760809506
-0.309193409741447
-0.462699164007482
-0.413298433607523
-0.297765181540242
-0.464312230881982
-0.34611124027028
-0.389337114348981
-0.436230565671836
-0.380608826114324
-0.35501917495815
-0.359227829094563
-0.385928936287864
-0.39734202340845
-0.319498717472189
-0.431750748091029
-0.263249271273799
-0.437800961997334
-0.387544196740685
-0.438926571496341
-0.283009708195349
-0.469058129336747
-0.468107472955869
-0.269342107924947
-0.398444127230201
-0.246591345452886
-0.361313032067497
-0.439004327778173
-0.246293964545857
-0.505739995168223
-0.33416018351865
-0.173674406250061
-0.283471784232271
-0.392203876758792
-0.267726742895768
-0.335437209804204
-0.117157673816379
-0.393098359216629
-0.246232794266189
-0.322149558717223
-0.421234567020458
-0.226176160289653
-0.291047819249315
-0.268247416753692
-0.33556377703016
-0.342795786873959
-0.0485983684346919
-0.37110810061764
-0.343071256404643
-0.342557975155243
-0.243199422343313
-0.241590096435761
-0.376798350036296
-0.203672527508901
-0.38836664424438
-0.365990495532373
-0.248468553860027
-0.270269599491775
-0.361684648973061
-0.164526823080229
-0.2305159605909
-0.251924635972479
-0.242030721131756
-0.225507033090598
-0.230490328359247
-0.336634625938127
-0.31695436225604
-0.266441346853663
-0.280289360440116
-0.22643514484043
-0.3349108132806
-0.192399442492055
-0.265807330228636
-0.321142643495978
-0.280076554009393
-0.421672245060022
-0.315225201578444
-0.155415880900588
-0.169759529522534
-0.173934689761619
-0.23978412973874
-0.350550916620539
-0.301823109415557
-0.278681686418641
-0.332170389475404
-0.173243659531531
-0.252341560387555
-0.253015219460321
-0.152322977180383
-0.0986209875691742
-0.215781699721448
-0.37096379206816
-0.0560320668248431
-0.154663594301363
-0.258865216286213
-0.387716260599936
-0.252491869718117
-0.257455796437689
-0.0980557194910405
-0.242630531948387
-0.34088472334283
-0.181304901064968
-0.202645799026785
-0.221132551219951
-0.0744436139275173
-0.169919886070616
-0.2602455942989
-0.156274255316405
-0.189348606814164
-0.119726634257817
-0.259894207912381
-0.322986654905818
-0.0214452371077773
-0.252579091957019
-0.163903866835887
-0.20234091587312
-0.281881666284459
-0.106243571049162
-0.226080358963509
-0.227883738693238
-0.0979673511166997
-0.128610346718194
-0.0822607646213281
-0.0959146457548073
-0.297443345743025
-0.0985236495055442
-0.298109044116654
-0.0379381497849395
-0.101976098418947
-0.189773345271309
-0.130168108092149
-0.25821211304252
-0.19864073617453
-0.0710259708041732
-0.182568950979961
-0.158820990689335
-0.174497675983951
-0.154461932507583
-0.0376583763348582
-0.045111982730561
-0.261715680238056
-0.0888137592030587
-0.134130924274333
-0.170054121493638
-0.181540637054579
-0.294061622671017
-0.13874891501934
-0.146234528029318
0.0180245947097067
-0.0836202037333486
-0.104798845223802
-0.050192012275635
-0.148695737646754
0.0168554663216294
0.111076663541757
-0.0845740303182274
-0.0860993569498263
-0.0586975675244692
-0.217214371150102
-0.0388602446207301
-0.243420129348045
-0.0471715125914377
-0.11716465569197
-0.109673575105356
-0.0243282532670221
-0.222048919250628
-0.016819318620375
-0.121561108846109
0.0576200905039775
-0.0927181369724826
-0.0158342802744032
0.0469697608719527
-0.0611494740495282
0.0209693401472207
-0.00153470057881877
-0.0416784828620758
0.0952416981995793
0.0896987935191641
-0.0277870864536976
-0.139913539444463
-0.113617965072835
0.0698868099298761
-0.080209304473495
-0.211448067297097
-0.11358175545976
0.0498539366452408
0.0314897382610898
-0.0875617909946002
-0.0593211420470483
0.072692221836038
0.057977643437146
0.059681326893172
-0.0894163439995608
-0.0219826550348411
0.0489584053186655
-0.0127092283505272
0.0490012848200641
0.0547029741040627
-0.0120219465163775
0.066539518024686
0.0609448044958542
0.0600256617708834
-0.140216850522037
0.0289548901073066
-0.00140198443970567
-0.175635847219706
0.0597058830872951
0.214444476685743
0.100178665544405
-0.0307715033668088
0.0790654494985051
0.157581192280992
0.100277760818361
-0.00276109758242713
-0.124918816644723
0.13679508507194
-0.0345865214806918
0.123913978568918
-0.0605700964744228
0.0090754495749331
0.0749948127973056
0.00885942263072686
0.0911887023838021
0.0337438993080103
0.0627334476285044
0.102189677479035
-0.0279447514080229
0.0644796491786115
0.17866918249482
-0.101182063356779
0.11257140274232
0.159285408831375
0.0493848471655865
0.029069799277072
0.064179403228245
0.138536510094147
0.11680577268534
-0.0497388282856573
0.0538334067770717
0.115441990964831
0.178996050889872
-0.0863600651375209
0.205428264835214
0.0942466536604842
-0.05316427810761
0.102436070282431
0.160709424309353
0.220818123440591
0.151297489655644
0.0400485763268221
0.144716431495238
0.00025223058380715
0.217288862226739
0.118426462536159
0.103622971615527
0.0470813078558124
0.0648798900517161
0.0234406452821229
0.0885619703671004
0.125479303072037
0.109816715344385
-0.064328784685245
-0.0295699398348758
0.0936844686394863
0.00836265079448223
0.0517151608847216
0.0373693392466274
0.280614646626307
0.229612229758452
0.235238679189362
0.271545532823831
0.119135338443547
0.0514236528347053
0.191285345223025
0.168639116242247
0.104322230225442
0.0691329271837698
0.248673527606473
0.0484179224016549
0.297270537198332
0.157556449723823
0.242853452341206
0.265934812055317
0.225182586530417
0.144858801682977
0.285932020181427
0.242552211184093
0.178046115365726
0.319843303500047
0.0781072729602273
0.251364066232265
0.0851354507634039
0.116414597194642
0.0766750406931316
0.314672177433812
0.325520586074168
0.299553451200744
0.201420948113487
0.161744614342698
0.245072194369187
0.0873070039111083
0.286981871265616
0.224248010893386
0.289408173099177
0.181239606647793
0.0546926299351424
0.336185354187574
0.15447013487708
0.262262365832907
0.319685121187272
0.0852817782273563
0.267243776179328
0.211296225683658
0.0459371095492735
0.111474889825053
0.439217817035559
0.338028976523933
0.233182491483595
0.17568808481454
0.249740138380595
0.396651465465661
0.287648655348058
0.102816111289056
0.119724917605971
0.152490335680546
0.403461690608365
0.241228546288941
0.35069211932585
0.156279839742258
0.233484377000539
0.20857146771334
0.246312664882901
0.155433297155025
0.344553524637941
0.391517429038316
0.389523185367332
0.173166547360717
0.310343968197822
0.354611083826048
0.396350625838748
0.248753431048825
0.253288596047908
0.339873644679724
0.267190596389283
0.320974763319635
0.225708878206328
0.225812947772355
0.475918612819925
0.388038236141573
0.232212741691045
0.28487017508657
0.330976545451017
0.285664187884774
0.388424104201454
0.24863219552207
0.359067887523464
0.423429424576117
0.412112635541507
0.311529691887094
0.39736682172176
0.450666335705718
0.196329133037359
0.284244639234448
0.3638017419961
0.303537355410525
0.117239040170295
0.320368588535097
0.311089796946425
0.325036360888296
0.221360158127773
0.430675654883837
0.29475601332038
0.31325348749295
0.427719483666065
0.370011497053807
0.178822409905377
0.336696762315672
0.425397254619758
0.336295227432541
0.409545459777072
0.315796540728774
0.340492210687475
0.295632635824417
0.328527822567158
0.342919439382121
0.50111421417993
0.399132318150989
0.410016590776695
0.362640102523966
0.382562517201069
0.267521137718564
0.315574270306994
0.246286226774978
0.296734866458745
0.370330462069665
0.339460753267037
0.301438310878665
0.255557319153463
0.546062588339081
0.324448187208394
0.295944891387941
0.403657256575657
0.294539393079676
0.238405217716419
0.542688681181804
0.502575016999934
0.467835935082501
0.476585982126824
0.39213424145412
0.285886390712262
0.435483004345066
0.503753674800152
0.423267483610422
0.414657937036346
0.464645416003476
0.313319088024899
0.368251084530625
0.546278674370793
0.415410445799894
0.391970965171909
0.378608512146391
0.402461089167594
0.461064333315857
0.497930654411601
0.357716862961015
0.57684477201418
0.508668687530547
0.501705677540479
0.427703153833046
0.541377897649852
0.469561792241496
0.451799850584249
0.479688653863017
0.368213880338117
0.451451834319786
0.510663678825621
0.475670733703138
0.506013323417732
0.561534703269239
0.481580365176765
0.488738300233307
0.48826198941321
0.456708832634456
0.481567904061058
0.504475264096257
0.486704288776443
0.527252936590908
0.64683714040694
0.588784492038098
0.507948885331229
0.49100820215674
0.527611681141534
0.559382293957178
0.538340995787877
0.549116544003106
0.536191366600712
0.604088282226193
0.542322938747398
0.546697685432717
0.497946845097504
0.536915440982533
0.453241099533854
0.536854196966644
0.684827344805416
0.469023752468093
0.509708265123683
0.508464295987839
0.616556104391912
0.583715359327066
0.607619859740135
0.600160727348387
0.619144064851851
0.495304031528518
0.622512085287268
0.591242015620502
0.647091628710522
0.431616674167741
0.558378581260605
0.825459563165894
0.526826198114658
0.638544971000109
0.604592869314162
0.744668478160773
0.519796459303101
0.570846936101298
0.606110434575308
0.546829543609607
0.63044937475281
0.655613932340295
0.597567747007014
0.687423598317578
0.621501619344116
0.663814264711398
0.685171350893403
0.640884368505429
0.451533289048458
0.498557272301001
0.566471879680919
0.564458240837764
0.694779425479489
0.566468816845987
0.699215370638381
0.564572975584082
0.46669992078957
0.684391450999446
0.654453216059696
0.601095151807446
0.59077651691608
0.627438126450036
0.544355118577589
0.425074310549747
0.595098423892925
0.602484685289059
0.484281915269228
0.582918608735462
0.628000075847701
0.590908703167302
0.564923323574431
0.639745350270402
0.699251652761636
0.667014525603737
0.575658720533054
0.518711221294546
0.744048890785957
0.658190673398373
0.525575111051046
0.47833290075805
0.708703676146443
0.495189459049651
0.804803697760888
0.591821417610742
0.737311687770112
0.801037607434466
0.727592572205256
0.639255767937075
0.722802182648109
0.740390692461355
0.730217162669906
0.732534994268999
0.730883375296281
0.606598796994982
0.63698792586348
0.552991571765772
0.658668535349629
0.503754251426605
0.725688756777012
0.683574617805279
0.713207203348672
0.588911192575972
0.562251918397377
0.724977307789579
0.728414026984051
0.731797323856118
0.683389780886008
0.565347975512035
0.684631501514919
0.702585341002821
0.732119139723396
0.750675115921272
0.701740696032278
0.798825049042209
0.786812928060297
0.784409268865567
0.856024315716469
0.687267773720552
0.751536161847344
0.858554318784405
0.798121793742067
0.745234953807188
0.687251512779212
0.688620744892028
0.689013572200992
0.873329057896538
0.820419916574223
0.826365152747449
0.858149599382996
0.761237072417205
0.731150294045314
0.802045796623868
0.669974245757095
0.81625077716025
0.832777190566483
0.786303262053425
0.843453398406029
0.790317431418986
0.677534436863559
0.761578910493224
0.932625337090766
0.594874042081353
0.64243710911705
0.636447478847319
0.890168483954326
0.896519516506961
0.884525540177998
0.78722071576103
0.860728405059518
0.763807635571504
0.751936700568336
0.877026386028713
0.678614557888255
0.626812165694853
0.83421935079304
0.836071975964415
0.810268564849731
0.743414364438873
0.847177061563163
0.880061351029316
0.850832509076152
0.741845028972704
0.730234915656492
0.841182176573502
0.89705412881861
0.868824147422419
0.773060811807651
0.839325929247727
0.912467785977105
0.757845038594085
0.819735315053043
0.7319589288266
0.891285240266165
0.882596739032443
0.973842329954994
0.697581803910112
0.878615229608625
0.798107037278639
0.882905416732115
0.684072242553541
0.927634743243463
0.889985159810379
0.748666437682722
1.12457654644291
0.821204331731222
0.930116254052869
0.993387627012841
0.923240367386333
0.900870160662267
0.866646174065017
0.904342739850087
0.821011951446621
0.896260372420161
0.914423504470795
0.954964832788924
0.805189284162839
0.71120663759204
0.936277449299643
0.756271810373736
1.10903526148739
0.978831639213067
0.83253893577927
0.807645263692245
0.895048118659914
1.04521382680387
0.851665701526633
0.871416555670189
0.96145716079109
0.800242862384217
0.781229829101628
0.947773555424793
0.767821242911097
0.964945486490699
0.93611372294671
1.00183106323183
0.954751476733965
0.958542218746893
0.960481272844242
0.941787007666656
0.824764291670485
0.957457535533408
0.823365630069576
0.982636899273244
0.817958536802942
1.03013295509151
1.12067312117557
0.992447604872016
0.865568493581195
0.768430676107012
0.927808533586241
1.00916714276618
1.00341554061579
1.05716742644204
1.04063039355745
0.961594260766912
0.988910408249859
0.879275585430072
1.03796066158956
1.13577607955233
0.983888575788437
0.98500271705205
1.02429459334397
1.06364778870568
1.09195425557907
1.02979756612578
0.987980593649135
1.09631063753595
0.924232303164168
1.07901470554744
