-0.850872042892761
-0.958581485225481
-1.03682095224729
-0.920413426478109
-0.784688977885985
-1.00058910912127
-0.926069843282076
-0.973435038922337
-0.97579669557948
-1.15580258245293
-1.04286367874484
-1.12871000526137
-1.06387283633386
-0.955746329472031
-0.860006852544355
-1.01356843410966
-0.957482662859386
-0.922818649368702
-0.924004494734536
-0.854469811595194
-0.857514706318828
-0.955654976833031
-0.916246269718937
-0.901012711546582
-0.90537261965847
-1.06465068439445
-0.965958671288815
-0.895235919314603
-1.04221041433213
-0.909710841720987
-0.900596548415858
-0.871432677608311
-0.883692925088507
-1.01879047128798
-0.781973814704595
-0.936395404736746
-0.829678471860066
-0.929087645868763
-1.0849113083459
-0.818911886284417
-0.746143997072211
-0.800962967944029
-0.88141290756653
-0.91289061810078
-0.954100383091984
-0.838126740292581
-0.882360117897433
-0.869418422746042
-0.828846417494366
-0.945441853158547
-0.987451731183737
-0.93039932668634
-0.885474896128669
-0.915656413088705
-0.858165495186576
-0.959587369915549
-1.07472707967166
-0.923881121170937
-1.08206782575552
-1.00931186117676
-0.786050667578413
-0.880129445178598
-0.898640238784372
-0.886039811296763
-0.761751893793299
-0.932511964373334
-0.823562527092665
-0.842794889194346
-0.759816564785197
-0.900082836139767
-0.757194581222511
-0.834237321985085
-0.756200680476501
-0.846560817818015
-0.803848914867395
-0.820309768794001
-0.986680003306195
-0.88960536630273
-0.836388447970403
-0.816532259567103
-0.802535880867188
-0.774095252354359
-0.88964268318231
-0.749796835283867
-0.866173536549831
-0.941405015523525
-0.737761368612056
-0.840674741691728
-0.765166603848337
-0.816402362359901
-0.902999578385929
-0.618200824548941
-0.796242175981626
-1.0497847527054
-0.855465258384127
-0.620682852687013
-0.808425243068644
-0.944784808791713
-0.761765600503988
-0.804491772429965
-0.748478259467432
-0.744483372334662
-0.822785273503938
-0.875982394812296
-0.661845836325472
-0.779676223725889
-0.810803567756511
-0.839938491177621
-0.810203903790998
-0.881621710644205
-0.767748822791099
-0.73402569485553
-0.754916448766576
-0.683463756938719
-0.857005539769702
-0.70801041434032
-0.739116700255656
-0.822904485505222
-0.714844700458872
-0.842005207436528
-0.932628646129683
-0.763995153310659
-0.672877944056915
-0.635222836989006
-0.564509076372735
-0.663576352212596
-0.813187905551876
-0.744528497237752
-0.821582037080115
-0.620226937481936
-0.645088038998795
-0.732936443255619
-0.754308754162577
-0.763092336815432
-0.793225078431579
-0.76933507479659
-0.741603161628764
-0.570915432343786
-0.719909038488997
-0.612745697250654
-0.689846256581027
-0.79524967020158
-0.670969329870154
-0.913475355169278
-0.727560378628903
-0.580081795389267
-0.621816984037176
-0.729127084077351
-0.739231283969008
-0.568564815536062
-0.632570311360709
-0.685536555302052
-0.630110998260429
-0.667743627124753
-0.671434792504765
-0.738882653061402
-0.665773695481603
-0.873725586925752
-0.703905999074557
-0.852387765046934
-0.663552202830533
-0.559335783715928
-0.661827926032896
-0.763422265005939
-0.790524200976974
-0.732493599389838
-0.722564278466316
-0.683161258725392
-0.597100015575999
-0.653990290553556
-0.730688786193549
-0.722262700996716
-0.621167817317638
-0.667664225300119
-0.565524727226886
-0.462868972079485
-0.633154045232643
-0.652080396012525
-0.588662852628421
-0.640129121299056
-0.841449668756424
-0.685244449493594
-0.685614712545691
-0.833617826108897
-0.678025731090302
-0.715877030564537
-0.638442042164625
-0.661906594153632
-0.624607427902462
-0.51635807925119
-0.663018268035218
-0.615469363510319
-0.611286421513054
-0.687863394627607
-0.611317917605728
-0.593925429452222
-0.427499238644777
-0.682494877768541
-0.662063436573568
-0.657811089640884
-0.530384774739011
-0.548694866775649
-0.438938132373164
-0.582094414262104
-0.560215086123471
-0.410306842489583
-0.545767555681418
-0.485687360086699
-0.473430002209407
-0.566570942637539
-0.582131456217682
-0.457906532169718
-0.584021946559585
-0.498650730480714
-0.420828600006802
-0.520875218238594
-0.587117756815668
-0.417882446951986
-0.730316182183443
-0.444035147387475
-0.525964161347593
-0.435382228298172
-0.633954124876644
-0.653747327438529
-0.585182310915669
-0.625740218972711
-0.557939407932622
-0.547049645891634
-0.47961230550151
-0.550347820539279
-0.529977418482963
-0.607807252782552
-0.445100625363813
-0.498775252135008
-0.540143575049582
-0.495236707005308
-0.559240004126799
-0.503818260825265
-0.629148917319999
-0.488273035585493
-0.511106674230813
-0.64388711540266
-0.420801417909867
-0.662871700312176
-0.600147597927357
-0.546909711075678
-0.440765656412421
-0.488566471892563
-0.43838943780591
-0.538252937040864
-0.318244059688811
-0.472615981619174
-0.417224165314953
-0.516850536949122
-0.530034959822639
-0.498742714182759
-0.53877357214454
-0.621449100522534
-0.495957703187793
-0.486204836637321
-0.564774656895696
-0.522695341286638
-0.384602178830007
-0.513256151319889
-0.533609208544553
-0.353599995992848
-0.454650435896263
-0.393974326304338
-0.553810599845236
-0.431418278664052
-0.403148206019214
-0.540543942501214
-0.561309269667373
-0.567485552448242
-0.417081010662468
-0.388939652462454
-0.314746464610364
-0.369550509565489
-0.593374261192036
-0.339625080335241
-0.45603357141132
-0.59621081480172
-0.44475130738625
-0.483576830186017
-0.488009852979055
-0.432436388787976
-0.409255899984682
-0.478845387472886
-0.420597713743217
-0.459838653363477
-0.533295127128823
-0.438239971381118
-0.345743809358763
-0.414677958407134
-0.469092969530292
-0.299548373958405
-0.223297158153715
-0.372984968595299
-0.299303282765941
-0.467990433670233
-0.520980538817094
-0.319309204979307
-0.405923813962747
-0.402517661496941
-0.280731207196987
-0.281475967101151
-0.336038429678946
-0.37888058790364
-0.345800335298252
-0.286046750845666
-0.410460998515554
-0.233373042389499
-0.478573260118408
-0.264843716648257
-0.347368725194972
-0.426964451712954
-0.385533338137716
-0.460070666104524
-0.290942645744187
-0.303541062216933
-0.356375442178904
-0.351565888699616
-0.379142460745236
-0.296537920673674
-0.385411111387726
-0.235954957161175
-0.328803693004913
-0.334978038167619
-0.401661608188799
-0.382976353879647
-0.362076107645747
-0.284787389161446
-0.213128167243194
-0.395371427566034
-0.424017674398526
-0.187504212557316
-0.244852840423687
-0.379182787643475
-0.301626241437962
-0.232900908578646
-0.313894738990553
-0.287697024461234
-0.253534749281566
-0.295602020938113
-0.435887534361246
-0.298918845313318
-0.288006101839511
-0.24753480202027
-0.270517692531368
-0.358675104453783
-0.287315010566339
-0.34923290157162
-0.332687466813074
-0.225345961813573
-0.439880115990446
-0.213480142731374
-0.175663895602573
-0.319492508804372
-0.228962750913268
-0.333934917114352
-0.263802766376787
-0.355699044967993
-0.273873292449525
-0.14770930268007
-0.305489259438942
-0.491272853725341
-0.421934814961972
-0.261711388742506
-0.183442479324229
-0.322879767058498
-0.150871032874311
-0.290164082247729
-0.371204341298245
-0.285584177830672
-0.25234718544108
-0.376370439599613
-0.157318396966224
-0.32939036233286
-0.260601612772787
-0.381228442765845
-0.251277807019094
-0.270008103734078
-0.343756867265924
-0.313685728980854
-0.117902276638887
-0.231927951292029
-0.266435647146739
-0.20329856724304
-0.306790842964088
-0.254456031192685
-0.2227162227129
-0.191371622083676
-0.109782083542671
-0.121680058085886
-0.255711703827867
-0.306562882609745
-0.300411483082368
-0.221258230852595
-0.107168450020996
-0.184766241955148
-0.166885439455161
-0.257890370588006
-0.149221431540612
-0.107660811625915
-0.215237409193603
-0.129787591066951
-0.0967501976427542
-0.22832870435732
-0.346952406231406
-0.0889645675088494
-0.101761459153742
-0.10156785909424
-0.232813074884223
-0.350120852117359
-0.0568371719622592
-0.124945877939673
-0.224525159612611
-0.00227498298521265
-0.323955325848832
-0.12260890510625
-0.0153590812494484
-0.198802315737367
-0.152970158921104
-0.0904837696078098
-0.178137641850261
-0.128059079930297
-0.120051113587456
-0.196887795501661
0.0415856855130078
-0.20406166469909
-0.228433315795571
-0.0217322080314579
-0.201164510263383
-0.159997721912733
-0.173263297342772
-0.0690832359231139
-0.0528481742547002
-0.153170839206863
-0.17265901907018
-0.106066317397091
-0.160997603825554
-0.0664497122737817
-0.0960319715545533
0.0133422150475874
0.0199643918029454
-0.236785593876275
-0.0341636427140402
-0.178937085860677
-0.204997786993331
-0.072400238939227
-0.277250742302253
-0.0584347688202885
-0.0527279419040387
-0.169400078530135
-0.167827458312809
-0.0200827938651476
-0.0204695539298037
-0.128485977381995
-0.0931283431783157
-0.147501529995223
0.026413405590022
0.0129097068160653
-0.121498888821674
-0.0402026731174855
-0.160622683201199
-0.100291722380311
-0.0686822943336395
-0.0451793708805148
0.162127529320347
-0.0719734451323497
-0.0688020154143845
-0.0981898633414368
-0.117964651282307
-0.0225331045407406
-0.000154350104356327
-0.133770114178597
-0.0775594863491441
0.0467717289032166
-0.117847341601502
-0.0100030227020281
-0.105802571519323
-0.0428015108501088
0.0125157161304419
-0.231676993172731
-0.087879943375262
-0.0919330951463722
0.022631215233386
0.0591479036800303
-0.0106560091428075
-0.123664359245015
-0.0392654708201641
0.137857948355862
0.0273145149441827
-0.0751122815726315
-0.00707452489557831
-0.0298030037813763
-0.107664251002519
-0.0195159649079756
-0.127671554169801
-0.0606212852455583
0.0548453019208268
-0.0327366713569448
0.0504361271010683
-0.0359078539997483
0.00780207113161541
-0.0226483898897014
0.164209518967372
0.00803426782756897
-0.0665864217713206
0.0993298716807638
0.137545654819236
0.0980193669513055
0.0613151882117238
-0.00449650866996042
0.221574724664212
0.00587492110980657
-0.00226099491567136
0.00721127783395689
0.0749270896518184
0.127674702819963
-0.127498397409106
0.0904164841744926
0.0426123728413941
0.0416618230422073
0.0618090627170424
0.0474393472191063
-0.0428014763373007
0.0486808994475369
0.1458575997866
0.104831625954859
0.0470299001485606
0.151802870240228
0.16373579024781
-0.0521841759742686
-0.0100586969895944
0.0251055056260334
0.276766156700719
0.0863557611646499
-0.0123024681409015
0.0580839630635998
0.118025602706087
0.103392348420252
0.108616365519514
0.0469373738398276
0.0573233933784916
0.00638643947053323
-0.0501734757947236
-0.0501634308069061
0.0249981367139414
-0.000565806089734842
0.129387702866735
0.142695957303568
0.145755424855801
0.194942740420608
0.203358493970105
0.110926989350669
0.130740419082691
0.191842737414745
0.347933247209932
0.0639951366239217
0.13935194720604
0.200552997448373
0.315741185174209
0.0817784297177816
0.263575078587562
0.105659690963806
0.176057265014942
0.266895688238306
0.104069795246819
-0.0233234892604989
0.196856507356602
0.249029677510774
0.22600473547641
0.0745680885921881
0.185792101758881
0.112340793369626
-0.00526411272038213
0.0782101985090997
0.183893831799727
0.0801978818912727
0.0615567470509342
0.172130562909995
0.0951080521333852
0.306647912801142
0.118755721585804
0.060817187067371
0.0995958484245536
0.138606279159698
0.0688004480020044
0.326439002187538
0.0398131809208257
0.176560027882125
0.191012179828639
0.160015278570244
0.27251329089536
0.347706164715344
0.175711634585839
0.128675581858417
0.171395840038567
0.150445906247568
0.323120777985108
0.155960898588729
0.282369380181484
0.200537813474448
0.137666195580793
0.181958083309827
0.231468438982439
0.230989923477226
-0.0125584352875141
0.284869133041678
0.229435635196085
0.186758338798766
0.0716267428094228
0.154786768048996
0.149945334552778
0.11949260235816
-0.0603462060663163
0.416060620676974
0.0781941151981079
0.248234008582887
0.307013248215064
0.308977653042329
0.180011247397977
0.237583892218532
0.263668732760401
0.222288024911898
0.277867485082847
0.140085972805175
0.278128179006347
0.26837751983428
0.24269092548097
0.218102057445922
0.319133991733141
0.237156426294299
0.237279313549485
0.165288434506699
0.268938812243056
0.223895462733605
0.288658640066345
0.328990121390896
0.222901213283313
0.33254510461035
0.0999604941905834
0.345341205601278
0.350676703782615
0.346242429174159
0.280716880049791
0.289008053250707
0.438180075058147
0.264306154868271
0.281253690302221
0.410775028834921
0.264127863960881
0.299868335336709
0.358859116197442
0.340788198592788
0.362542804832357
0.264940179799716
0.406692120850204
0.18216449894381
0.459374366643761
0.477258215825111
0.4034882898734
0.427292449759459
0.412361977725532
0.405288761029488
0.373975826283204
0.330328611744328
0.36441539847996
0.265252889523754
0.457378215663688
0.300352421286368
0.319465583244759
0.148974388823775
0.300521373035648
0.248757710905009
0.32876560580607
0.366843076412053
0.387326586068535
0.359543439412306
0.36347185903958
0.312463403573474
0.360434271669887
0.367372132107786
0.419238682276627
0.471916163484551
0.0874939486212822
0.221367610151131
0.393401983073468
0.536452889152549
0.448673388035684
0.356852212485486
0.275252762145808
0.285783271362228
0.199585163104136
0.492647369895004
0.32837853283143
0.563508244684309
0.467429990143191
0.303955217033152
0.463085591442145
0.372538561564608
0.380366030778066
0.373953913055516
0.421493031279063
0.24080867422784
0.331379044297622
0.436720130788806
0.440809763917338
0.447255969886859
0.456053902927886
0.403163869999883
0.516793056326727
0.384812670115727
0.377754931252469
0.526624622025639
0.469942004180791
0.543523031388766
0.542048762186089
0.385575044365733
0.589761523144725
0.358942868188594
0.621827531190123
0.493032000848169
0.531922217638457
0.42398319884361
0.468146302865131
0.386790100914973
0.37582989327706
0.594042403944857
0.468342798183579
0.332192358898147
0.377218649022159
0.306634900971628
0.396900700081587
0.459916807707124
0.475525158845483
0.447874273302149
0.492024396615242
0.364412980777345
0.557086460498383
0.467207167160192
0.524335313464113
0.343371007603142
0.380054467109164
0.550028054213004
0.502293407095929
0.440151332839754
0.402256909079763
0.477644693416969
0.522290764678238
0.51844654703612
0.548404894620729
0.404672409485295
0.466440238250681
0.525295366519487
0.578095443239747
0.50037199698382
0.529216309470691
0.632997640682325
0.395011175862752
0.60912465016731
0.572834398788217
0.430509129663178
0.582872994395278
0.692351687110668
0.448646519538633
0.495863797608109
0.422747721796852
0.560991576774891
0.551786924815915
0.635715274222318
0.486454446888525
0.66556537815198
0.53942858492729
0.422471510114206
0.505126243173521
0.537114883045612
0.572428082781027
0.521259374189532
0.557295307282616
0.651561906607762
0.529559917981074
0.545720720019983
0.54989127657273
0.660372199320954
0.614673391247413
0.598091554929849
0.602658297991275
0.584515035202206
0.600805644168316
0.568528218487997
0.512165695938202
0.580323287090608
0.727361456527871
0.523891182724522
0.681929057993557
0.507272505356785
0.56171342143368
0.500401165278404
0.656694154457939
0.627398326226876
0.447334891727739
0.738941625784269
0.79826939405508
0.751571398700503
0.629655833664323
0.587251657069102
0.689661016062423
0.699924977052925
0.462539821547282
0.667184266775258
0.636935851300562
0.683950482593588
0.707948417214067
0.515459620408547
0.678080847482747
0.55846036596699
0.617679145868442
0.723536427385411
0.663577480201894
0.75610749294981
0.532153684348681
0.584062142129627
0.709265119344018
0.547989184062478
0.646743157886788
0.731366548740452
0.645189040654655
0.596486648017203
0.73488295148958
0.787548731707825
0.734699177436068
0.664265210895527
0.721050574004879
0.750136680929425
0.523566143207767
0.800942315583178
0.645618990047487
0.818928899919478
0.639871453170037
0.792892301494799
0.633978686163389
0.659704664164303
0.658733304380172
0.631793255595826
0.675603619838685
0.659726577238951
0.819458387471799
0.703535008908911
0.620876309396598
0.671233845553723
0.784208203643103
0.619449107647646
0.614153858717634
0.895746635705349
0.675898130252589
0.662730048012061
0.765773156216471
0.842075525569848
0.594898274461341
0.637494409910675
0.563786844659018
0.853640538526616
0.597877647873113
0.71023415923338
0.652324082417536
0.749736648140385
0.750306055201504
0.850276869511158
0.621699315910496
0.679851674705873
0.729599681872439
0.861184372439502
0.777692505477747
0.689598235874181
0.759002153038996
0.801551978805129
0.681285906060408
0.673076614081638
0.795355107166753
0.741029668258468
0.763710100329785
0.735569442584608
0.799626214321426
0.841015154683285
0.808793772196454
0.609299100139663
0.67511830327256
0.706510564439593
0.666682605617534
0.749631263513229
0.856291319833544
0.70902730902518
0.957626825432298
0.736061249880695
0.692789158752384
0.8361081176165
0.775545581857514
0.765761245513871
0.825936477817992
0.743361200896999
0.890614187994876
0.839843574405825
0.75112971780195
0.796919929775713
0.884088044195409
0.739468168497668
0.944229586300965
0.795148218186048
0.940373675154732
0.8185844907898
0.788454377549443
0.776940907356959
0.688735150029731
0.801414542842865
0.782547793362138
0.806776567580128
0.753900898742067
0.911741080928813
0.987252754520111
0.87708549446983
0.804802197774697
0.895613875014141
0.83026071064201
0.811589647788501
0.751496467896035
0.760758517786264
1.06116207377576
0.853372597683266
0.720282261935814
0.92841236737602
0.907798162594035
0.936349296446281
0.835301756620488
0.938548295502126
0.888705328378483
0.862633808206662
0.810569178505009
0.714082088646602
0.896613159988503
0.94894763453197
0.999659763014137
0.970603081269471
0.868770385248331
0.815131640772773
1.00383282188543
0.844297484814603
0.888931827828553
0.801959705542685
0.893650962948297
0.691276488153289
0.79819973417779
0.927887639961517
0.82184265382052
0.913018173723102
0.792546252322972
0.923098893922781
0.973523442542766
0.924012362383357
0.935194381882848
1.02822322431241
0.919032722339308
0.796848841596808
0.965805725469013
1.08949148474809
1.0246273878296
0.824946819097223
0.997314611278701
0.977118104022395
0.805164252977198
0.81864650347449
1.03741631219947
0.937707056279017
0.954866297179211
0.987540548574897
1.07532490216432
0.896626428376941
1.131975317027
0.83386286781471
0.972288863960386
1.02086000612369
0.962452211497724
1.13609021064177
0.847958522083638
0.916340121082378
1.03489324538541
1.01199817261239
0.882474595660355
0.983386676974057
0.94187564500036
0.951592524377383
0.985420072964342
0.874754000333215
0.889043120062993
1.0633327588491
0.951497427488234
0.946516874542355
1.1116145963552
0.995218771802353
