-1.07426112268961
-1.04138024751703
-0.822629560669991
-0.926004614495012
-1.22199822302919
-1.00373953446408
-1.04701644327252
-1.11097218466484
-1.18592283990842
-1.03788110465153
-1.16111768480106
-0.898099051869171
-0.972677238256056
-0.912495572262384
-0.986464568003557
-1.01700702395703
-1.06319090975866
-1.08853075052645
-0.919274091973807
-1.00717580864196
-1.12521374255496
-0.94197681640169
-0.809416866949975
-0.934456423618467
-0.890629104781002
-0.984132660663001
-0.92033301151708
-0.934115839672777
-0.978110396373025
-0.83825660710999
-0.831381237118001
-1.08753441471647
-0.837818054460908
-0.828247864402721
-0.864095677784257
-1.01492116326005
-0.791568600326166
-1.08367590973884
-0.917965099087183
-0.762833171752399
-0.847338467822858
-0.833539372852526
-0.905045687864293
-0.791703288209923
-0.82588072916619
-0.963267516775079
-0.795294945622573
-0.889673725400151
-0.857538059113735
-0.873250713765769
-0.931067880241472
-0.945203549763089
-0.930218129299673
-0.9008195893208
-0.88188410170187
-0.921125576362655
-0.914843502652088
-0.877321150096975
-0.936537781732762
-1.00446992028932
-1.00128257514865
-0.840578945678667
-0.814922988073985
-0.886192411616701
-0.880065397528383
-0.777606272640965
-0.822095564699161
-0.836137116258613
-0.833854183120005
-0.849798891226507
-0.897328924217231
-0.936589835080749
-0.705014619857338
-0.790240494710198
-0.851654370863755
-0.851044881861453
-0.758308971187603
-0.940265410807773
-0.824765438037579
-0.827564493890826
-0.860373840029747
-0.936872001424989
-0.827887060998082
-0.862872887127827
-0.799682225085805
-0.768991006272194
-0.779412054907094
-0.957060462218785
-0.93839507941224
-0.884863927450393
-0.792388521860225
-0.886609064841893
-0.883157540348226
-0.773279525352838
-0.899332576543539
-0.91254362167753
-0.780882612288262
-0.935922936228965
-0.78070838017853
-0.741975896285504
-0.670682278499636
-0.96100245039617
-0.565916820766864
-0.827485455809597
-0.821024733752867
-0.770447831260557
-0.623365196780547
-0.750971828558408
-0.686232627390284
-0.602304918007496
-0.828364370775021
-0.700708604240222
-0.753819896244457
-0.743861641662883
-0.819115804956834
-0.70130674378564
-0.778642979737907
-0.742219864040594
-0.804480687624775
-0.692775500984132
-0.686589046335542
-0.726699776311227
-0.75365849549229
-0.824144318488338
-0.600797704751136
-0.864209770570974
-0.810260979713301
-0.714622538106049
-0.738264761901064
-0.9030432640459
-0.766772651193532
-0.720415240806196
-0.781456772386645
-0.623900509231594
-0.643776926069156
-0.622105305872208
-0.771676413085524
-0.701649818770257
-0.630068370336987
-0.651961794410906
-0.676062683869276
-0.618343033251621
-0.814512577650738
-0.736061719819919
-0.820662329964015
-0.674360324994906
-0.514087267030058
-0.620537605635487
-0.694366453901007
-0.657023854502769
-0.621179979938428
-0.718318373931962
-0.685066829543512
-0.686214662066065
-0.623631705837994
-0.740439315466413
-0.752664086099035
-0.709483108581084
-0.661672358244843
-0.733224782930828
-0.685579723482971
-0.837900412306484
-0.710698493170627
-0.656720117012921
-0.60576367110203
-0.584382350963897
-0.545984613939201
-0.660793076846821
-0.629534564646474
-0.698125336565451
-0.749524232217471
-0.736524041693169
-0.678039773345161
-0.788741007284382
-0.748633498022691
-0.516952991503658
-0.631942268792256
-0.657581606435114
-0.71301820714591
-0.685968151932718
-0.622808260550824
-0.720835506005273
-0.677423612567399
-0.650612206727103
-0.533354356856554
-0.593738642057338
-0.705069450618227
-0.697112821398584
-0.579180122097839
-0.723655694967414
-0.751971581226805
-0.619120545391641
-0.581573198971292
-0.583117414461345
-0.655811309958805
-0.617076096692341
-0.664750745423448
-0.305782362837649
-0.642784351525148
-0.680699251866832
-0.512170675155341
-0.545657957165156
-0.634480794939832
-0.531499730149301
-0.671450489897355
-0.617882901746673
-0.759907278172882
-0.659251765294989
-0.611544088500669
-0.526020078791646
-0.593150867429152
-0.513116867495804
-0.421091018254264
-0.52142931571972
-0.508144228418374
-0.556739903963757
-0.711725462934931
-0.639033650381099
-0.516752569301704
-0.607653195552666
-0.502625999496336
-0.518638708494035
-0.603480204434843
-0.494234082001487
-0.633764982692991
-0.641629754021649
-0.597887776099265
-0.503153263370577
-0.498562301136765
-0.604198704045269
-0.50425027108868
-0.524741289728341
-0.535412157096723
-0.568405840677247
-0.558673528048826
-0.446090057870723
-0.458986154146931
-0.533651690376814
-0.574566358721072
-0.612465576731287
-0.472939449389716
-0.406710576185107
-0.552475588793444
-0.315330182682233
-0.553325177948471
-0.560101165341778
-0.533067400388872
-0.57558731986435
-0.325020641282303
-0.547510142314783
-0.450168382328149
-0.476570206121791
-0.516183908059332
-0.477305187148093
-0.361958435347815
-0.464273144962269
-0.504501357205243
-0.390259678059266
-0.579823878446105
-0.448969284742109
-0.440186407962608
-0.432994472087309
-0.558600929483713
-0.419695098443396
-0.517136000232641
-0.533648240392312
-0.518769974364142
-0.477678283261466
-0.483154927190072
-0.596124360097467
-0.511344037670954
-0.468090480198786
-0.464745727838132
-0.448587316844721
-0.481948546204398
-0.652166311340834
-0.582474739487235
-0.224198767483242
-0.534693325568913
-0.351293757439988
-0.444987969779544
-0.502261141947568
-0.454632247350813
-0.358187199054295
-0.394553332597169
-0.425863533255974
-0.509414081036062
-0.458752044274954
-0.364693880519944
-0.370934058127523
-0.471047076753157
-0.316778087918872
-0.392386886924668
-0.502268182182072
-0.463722184780665
-0.488493600810569
-0.470337711019576
-0.261035778665978
-0.426525033182505
-0.399878948842421
-0.420523964185031
-0.408896630641602
-0.426659059354394
-0.386470197160429
-0.489689334975714
-0.557266623203164
-0.489026779081481
-0.338836823303045
-0.374777818497513
-0.378950577520512
-0.398987563918741
-0.26747347155965
-0.443698588526166
-0.29945628496723
-0.272577299474741
-0.537449547683549
-0.300377777761601
-0.391456163364574
-0.337088033963731
-0.264888170828699
-0.383063298297781
-0.509498279568156
-0.317222862818166
-0.348717247881444
-0.222060053057699
-0.284601846342541
-0.339536016062042
-0.377822278261325
-0.401466458619416
-0.569752039654598
-0.201178838886695
-0.259540854152506
-0.188736308248421
-0.25929953923879
-0.377588084862006
-0.404233246376234
-0.191602939509431
-0.449968122737907
-0.317552128146518
-0.293600161462953
-0.367496417554788
-0.386978963663174
-0.324375433504555
-0.397460290889657
-0.225960112897965
-0.310197249767094
-0.206882743978441
-0.323996948332156
-0.320771306100741
-0.22236334732137
-0.287833253932712
-0.290143769805134
-0.33227874127529
-0.430285546767163
-0.254075781071051
-0.111943903808926
-0.129178779440474
-0.12198303028053
-0.197330750733566
-0.500092281631863
-0.216336724342372
-0.451627798871093
-0.306874816822175
-0.313594429410601
-0.216549485641761
-0.282103910031999
-0.294146666854806
-0.437153361378175
-0.218848729557054
-0.300185092396041
-0.227224942614369
-0.413655261420907
-0.285331748643137
-0.216547961101834
-0.28059994430622
-0.271046470652536
-0.425770667966823
-0.141855901921233
-0.105075372586134
-0.230106256532606
-0.175131649447226
-0.175341968367595
-0.411840968964963
-0.315904012068031
-0.289278731219382
-0.233050830401708
-0.19767620163672
-0.260216032025898
-0.212696624500144
-0.190312577394024
-0.317715132391256
-0.0533489019453513
-0.259089901946233
-0.161250544422833
-0.215023787046953
-0.108984416995342
0.0280959168250535
-0.322844045550669
-0.199879086489019
-0.170834832092748
-0.219484964801658
-0.215249684454473
-0.0739362213162763
-0.166866289305636
-0.324461715705439
-0.205854677121589
-0.229865039584095
-0.13289113600405
-0.260784123306374
-0.205811912786293
-0.260001670164428
-0.0978446058163011
-0.114922543754804
-0.161428684437013
-0.184589968406708
-0.146411349119286
-0.102422564878816
-0.138648981094275
-0.218181933381557
-0.0793801659685613
-0.285609448902898
-0.171566628557058
-0.135558183318959
-0.0692555083516736
-0.156146892880672
-0.303388941902632
-0.0989834830731822
-0.141305601243861
-0.165344419872515
-0.00815118182745819
-0.0451033078847567
-0.182886558307862
-0.169256747085714
-0.188967534956079
-0.114012479256492
-0.287208416588379
-0.19666211201348
-0.148697688854029
-0.0935436731851749
-0.165983119840313
0.0182892467940225
-0.166406857619002
-0.0443084230518611
-0.12477355179625
-0.158827851826888
-0.0403390746772657
-0.176094720491715
0.0250911696180296
-0.0260266383801945
-0.151779923877267
-0.227789483079607
-0.0522862292866182
0.025830825819243
-0.0703806610513312
-0.0106932522196435
-0.0935485068452842
-0.0421744810144896
-0.0133505934391579
-0.02036914453446
-0.125463679895972
-0.0152217116980334
-0.159060816707787
-0.0264875504480679
-0.106946339036497
-0.0878015885244287
-0.0479690204348723
-0.0846570714466022
-0.140919346469019
-0.127663214325026
-0.0695031284607386
0.0217158349254869
0.0411974248449693
-0.00850519164258983
-0.0765803115025585
0.0502205190910769
-0.0371437130091913
-0.136943936387536
-0.0246708894906529
-0.0584839437772625
-0.0288326717336057
-0.0856260614148489
-0.0239503028336855
0.0423159842857686
-0.0568005737220187
-0.0711445157790017
0.0519152177446406
-0.0676965957506459
0.0827051705453304
-0.0211419796164033
-0.00481626869858901
-0.136707641905197
-0.0885972766449089
0.0542245711997837
-0.0921065029928713
0.0384929563743725
0.108935811443093
-0.0932313794172761
-0.201657021443576
-0.0907364819364396
0.0101846764353547
0.031486647890194
0.0461473432461837
0.108702888302155
0.101868479862595
-0.0135931470789326
0.0295459995324362
-0.0478361260774314
0.0097404302515256
0.110750922930633
-0.020824939895526
-0.0382102591003824
0.0406502270415712
0.056136160694982
0.0248832735899533
0.0991442353033341
0.0289610120565296
-0.134146582924343
-0.0176890700621933
-0.0475087288302042
0.0519196085845846
0.0317714262121385
0.109800497403793
0.0104656137947063
-0.081048693660199
0.00474813336884441
0.0322529166988795
0.0185540435517502
0.0565727019799473
0.0842914361640478
0.00347727875292793
0.119290456844967
-0.0521641373672798
0.0219180560352933
0.164014869440109
0.159233167252784
0.0696955162723149
0.134213729897662
-0.0149765242257993
0.102541101950692
-0.00577928413767297
0.126826950314498
0.083637686652559
0.0181350409987434
0.0866186090553939
-0.0505610168417487
0.0333584724007503
0.0190209248356783
0.180358012682316
-0.00558598473399214
-0.0275621446816302
0.0130278250736375
0.031490205057347
0.180226953307412
0.142309012491555
0.116302038353907
0.0792638284474055
0.210355174528289
0.116534258283525
0.15172525933065
0.11223607595056
0.118525454735029
0.123974277178092
0.167697796095552
0.157946602638839
0.148708192046815
0.322948019265945
0.0988334715635788
0.142060179567553
-0.0633083491783551
0.0175107667307666
0.241918605637082
0.126108458605456
0.295611962114286
0.161617219727172
0.0309292089682074
0.15645970222687
0.131454256939904
0.152341177342696
0.248890811624018
0.224983428447299
0.0618515148884444
0.0653994265420868
0.136669974378182
0.281721868204911
0.0795686687719381
0.107359551391688
0.130219091940926
0.252790313331502
0.216472991527653
0.29101799064509
0.0652955491168066
0.363376453686567
0.268912914610568
0.131508105556391
0.181964839597009
0.231606369976204
0.205656186132868
0.103272237932832
0.194722999253946
0.119616641613399
0.200318399006173
0.142599716977708
0.217702468640535
0.0834761154521528
0.323373212901872
0.303017789053315
0.231551566350446
0.295535559630359
0.340587180585091
0.160617305374184
0.288264131428636
0.183028051130464
0.295559176189211
0.321512373753363
0.204009545096965
0.17030595482471
0.101775354869294
0.294447643501007
0.23339215573353
0.238771724045652
0.22062415600142
0.197537141849386
0.237220168475572
0.136021545914613
0.128920885463877
0.280056910229365
0.261489466043045
0.280437357484614
0.387014963803326
0.274553290174138
0.311902608588067
0.235735571555822
0.256947742594402
0.240233742232745
0.300948629567407
0.299309168915541
0.352337461163431
0.313899761665387
0.38658039182154
0.158739292204661
0.353456028768921
0.336966636757141
0.269830784077003
0.320473466107817
0.244479429923442
0.307875681613323
0.340799791854311
0.280710873565921
0.355401316333082
0.264079466862024
0.282698886560434
0.299825407413121
0.357520993267548
0.37944741915447
0.2679061488762
0.278978846341702
0.347623940947494
0.328090052769895
0.254491981302259
0.296499146201108
0.309165676372747
0.230124418413674
0.317226676755427
0.328319498056595
0.370340327890173
0.441907249850769
0.376603494129997
0.381438361860301
0.308633874519712
0.284678794873963
0.242110335246954
0.411811606266567
0.315996824001218
0.216662716206975
0.357775235549914
0.353428142268642
0.261490085744222
0.412634269645778
0.395537733207551
0.318134382277621
0.251805973481765
0.385709336855724
0.450510129487059
0.346912972638851
0.214516293484724
0.298883441280956
0.333281184163958
0.347925847421937
0.494955048737813
0.523223030515773
0.266689209375206
0.34598337964206
0.199714041530808
0.499382808258284
0.362713953508446
0.287262493208039
0.382989571811996
0.427055502114349
0.368363842549521
0.54499298258963
0.292444843573981
0.55378236890034
0.432316418906238
0.381255481062832
0.473584654198332
0.500674448625492
0.22106800478404
0.410110594652753
0.433793065225195
0.44155634641643
0.450177491621381
0.600129279566893
0.348173725007275
0.426409945552275
0.40812049748636
0.367304757525117
0.473237487416144
0.428668255355367
0.36114010928138
0.400116490563663
0.252644080933612
0.486216162835149
0.396148504127267
0.415451924968485
0.409792619127174
0.411173404161621
0.554186714261584
0.334599583569668
0.325730400701125
0.347888910451504
0.312386682844408
0.459375437964163
0.38713956168379
0.278173100444777
0.464762193310566
0.501603308252788
0.39425710528636
0.539679881110006
0.544571706105718
0.54741709344978
0.497180761208556
0.441228540726918
0.611910345259425
0.368408557499088
0.545945125824823
0.579270485727081
0.457727525809944
0.464720654251081
0.45890402936208
0.548734503690918
0.503194795451792
0.581796243751377
0.459666379050007
0.618943425874572
0.563627146639335
0.552793954739663
0.519842205708786
0.619592542058931
0.656803184419248
0.606425833853972
0.483453297373173
0.50168256249274
0.512846870566997
0.432532027595749
0.632099126710829
0.588625319848791
0.716133882553562
0.589998687345377
0.47128373291235
0.502836845898107
0.641226850412558
0.504624730060008
0.367970159761304
0.594380271430541
0.531819997236135
0.59937234572487
0.486966083995028
0.6274292470768
0.719121330236851
0.515290517036274
0.590508023345088
0.406658843262927
0.484954431496679
0.678477291076651
0.663591246769997
0.663333344178975
0.583902032945557
0.673971107554077
0.583486701509513
0.780552537214187
0.553596697531444
0.444238602256837
0.452412446163273
0.54337357778645
0.461079091120971
0.664444467913414
0.551071937148804
0.401314405657592
0.693909734454343
0.44964669815754
0.594588860118804
0.502612751078013
0.609009792874826
0.654525418867241
0.514098637466641
0.759704409639175
0.557144277815668
0.606493710952099
0.721418599067696
0.632100797570496
0.554393146603482
0.6220184235855
0.560440820058919
0.638147804797892
0.517892341289949
0.596855092309745
0.695200907246432
0.545484844464363
0.664693514664974
0.534064953465973
0.674596510564854
0.648560593582922
0.730969011704135
0.694140571013654
0.762825106878643
0.690590740398528
0.636537847681028
0.719276154101851
0.683955746448473
0.731720200813218
0.633825430206438
0.781846740690527
0.631527349693905
0.695677177954981
0.696803777869666
0.702629799831185
0.847802975029009
0.733154945513912
0.669187200503986
0.633090967331417
0.704977274417845
0.57379147153858
0.6619525221971
0.648717984158567
0.671148533491572
0.730076433246072
0.730311981288199
0.551884018225838
0.702206993070782
0.635634809120913
0.728337534916739
0.796014794350366
0.617528198429475
0.794774506377336
0.750125093423205
0.887841560090096
0.686158398495771
0.713863629961074
0.598914963228006
0.759808553144926
0.667683847452675
0.812326622890129
0.636192162785282
0.74549902911296
0.794926482309427
0.802136613620776
0.697772923589081
0.728085325407447
0.829276267273387
0.692913838403769
0.779106435481036
0.74040455274809
0.721726152223244
0.797807869448929
0.71126209538669
0.831362910564677
0.718999506107458
0.776485061787178
0.645502473696604
0.669465870247535
0.676869730241317
0.785609625499673
0.870419682720933
0.824902833041391
0.695602928168717
0.749751215878813
0.707057492555077
0.851802424128614
0.688508798062173
0.786826171936628
0.773574188277327
0.67632741572028
0.749085742880974
0.710892731448336
0.635356460339679
0.913118132473628
0.669887785440766
0.761497018567163
0.823064679714938
0.727114880259512
0.726772353400877
0.702471060552331
0.766738127958512
0.719335873717407
0.927315206377897
0.915391638340912
0.727715369578743
0.910144796188473
0.865827465654084
0.975940992593131
1.00906393962489
0.825049857467388
0.816957934498185
0.759757443121339
0.830282283647601
0.816439843653296
0.832883094005082
0.808598284286037
1.00246613734877
0.781370823503998
0.761533295894464
0.801810291858857
0.909146355031924
0.826618599118994
0.872287213484636
0.819814009815948
0.902779586473749
0.908416621733887
0.845816628927028
0.796824416138693
0.783194582082297
0.809570608402462
0.816658145033899
0.787030230518567
0.822912581406136
0.920840383605945
0.93820686312767
1.02603014863872
0.779544320738715
1.01568792555037
0.734557407334512
0.967087364030081
0.999290372478296
0.897595648285229
1.00027287119701
1.01526338302768
0.870758922908434
0.850106589533031
0.99068463152739
0.880989880129856
0.927584580756856
1.05956274094991
0.989990297564602
0.917986504617477
0.908677951286801
1.08402212895213
0.936525146390214
0.975049028748991
0.947929254874609
0.95137223977856
0.927143442983511
0.957442931954228
0.871082500408483
1.01121673945226
0.837149396003505
0.917046888644171
0.905940746687476
0.903542473128666
0.912872504342871
0.880042993753424
0.774179477257866
0.822352805180064
0.916016144018169
0.983645492493647
0.91514409815985
1.0410550043122
0.970197277855793
1.06699856832474
0.923463056574756
0.990582857387835
1.02202452784081
1.02318152395717
0.987824896197537
0.91172092031802
0.928536856146779
0.969326283917643
0.958661997940474
0.918059516451381
1.05870758689141
1.07229140467756
0.870206538658576
0.942979852681222
0.965667490539022
0.923361935065628
1.05454243666389
0.945355469809271
0.979687158970311
1.13897693919478
0.94389173720889
1.12929467629211
