-0.895140084421416
-1.09958842159399
-1.00381402786251
-0.899544945257938
-0.953404895064513
-1.02151037997012
-0.972517967736297
-1.06831383846409
-0.983144092689837
-0.89594880121346
-1.05023971058351
-1.13653921341723
-0.993831659217196
-0.94473874790669
-0.949679573196504
-0.926192718225603
-0.889853739602997
-1.06955352480266
-1.00954280108378
-0.721790075724728
-1.0875529876942
-1.00380653466435
-0.850936601809452
-0.857196622112302
-0.990430745579298
-1.00351355345207
-0.898508166283541
-0.791115367313109
-0.966436483619149
-1.01103571925605
-0.839267783274534
-0.845454933605799
-0.951935819924207
-0.932086011516895
-0.947544590974135
-1.11586186755758
-0.792591746721388
-0.991039248855461
-0.790248551376111
-0.877280052981321
-0.919792649924315
-0.9233166723103
-0.959176142844452
-0.873536886859825
-0.982345387717296
-0.927782646697709
-0.841693665011281
-0.912231523479468
-1.0646140854783
-0.978218121780215
-0.910321720166642
-0.910499025054012
-0.84442205798291
-0.942492127006051
-0.75616748852071
-0.848065711580946
-0.83713227207549
-0.880107820638756
-0.905059202507223
-0.844369060349885
-0.855388115635567
-0.852965815251996
-0.890565439895411
-0.900775765740988
-0.783781172102444
-0.940031906181966
-0.882842191289404
-0.887451434344539
-0.778644175878672
-0.787430080275949
-0.766838434109887
-0.751232163406006
-0.690571420391398
-0.901337031409863
-0.84328100482181
-0.797179328120118
-0.858225899530016
-0.701771435374487
-0.954948819793731
-0.74619320535237
-0.871489977716169
-0.836836351463517
-0.806621982674288
-0.766143463931441
-0.85394982239026
-0.784716963507875
-0.927316097222344
-0.858205626793833
-0.747303672647149
-0.622092854500011
-0.846640472377361
-0.72120141606897
-0.705288795332893
-0.897697829198896
-0.795282472100741
-0.973591151625626
-0.712524575138451
-0.793604891808315
-0.749081876630473
-0.756432937196006
-0.712548362827332
-0.8399789512935
-0.684415883236066
-0.881239462497021
-0.778245620853064
-0.739910704353071
-0.667461149991847
-0.664221695173058
-0.837774555166756
-0.895380347525768
-0.65508859297959
-0.809943598030404
-0.658388911271295
-0.749234546213775
-0.818379309476074
-0.790822169113936
-0.738386135860574
-0.757345118110854
-0.570402175639802
-0.608270506885069
-0.592126680179035
-0.680336261513444
-0.775653939647161
-0.717846197212207
-0.839564264697176
-0.761105145390229
-0.545985177400935
-0.745535954724152
-0.729540493534446
-0.614773794513715
-0.75038675329483
-0.825856505311336
-0.561179775507924
-0.837181246147142
-0.728898276882699
-0.718259301671852
-0.771470080995404
-0.67282136895832
-0.78450767539322
-0.831305883254362
-0.774315492356576
-0.709568618781977
-0.782600618116795
-0.765286429938754
-0.763073035691016
-0.734666662849022
-0.72340576619899
-0.721154743971806
-0.782703988292764
-0.697146549769103
-0.583589730319647
-0.73095110612301
-0.661548615498227
-0.598428892935175
-0.605083310893842
-0.524062595884694
-0.656400570430683
-0.636141558203456
-0.567284322160241
-0.60190682997156
-0.708838361293641
-0.678950572862863
-0.69826997689483
-0.813352822150447
-0.681968151096729
-0.514203305456573
-0.763947585015395
-0.683343432615113
-0.724528791799901
-0.756459811621457
-0.664564525772151
-0.718376149637461
-0.718532545586918
-0.718467721103974
-0.705184502488822
-0.69314585959699
-0.700650293780291
-0.669493550090872
-0.733822408518575
-0.759573397677139
-0.44409810798723
-0.52735501850038
-0.537196995826332
-0.532909107551983
-0.734539435605094
-0.592086657622651
-0.49588598332462
-0.53735514869144
-0.653780058676214
-0.772159835276715
-0.642488776050147
-0.670991253821707
-0.623754519438105
-0.547764353733806
-0.592281912619054
-0.799748994791441
-0.532550994430027
-0.66560634864751
-0.611069967690283
-0.689107254699374
-0.628326937038302
-0.724114347981946
-0.594022092614692
-0.675613039472872
-0.702899752303361
-0.648634791747113
-0.563890113550354
-0.539292470700177
-0.702179898451069
-0.479482449600101
-0.624929074800473
-0.438146545691283
-0.520741807821019
-0.697335215879116
-0.523541998698708
-0.534361389238692
-0.51750117187801
-0.593244382993271
-0.639346059077815
-0.532895904091281
-0.679390490149286
-0.494832639691175
-0.580100770937644
-0.584649019370239
-0.610610004336915
-0.505422395666032
-0.492048755503753
-0.527257948847622
-0.508799509688254
-0.634505179169663
-0.454781900791941
-0.616386088465861
-0.684934751151359
-0.566426871327484
-0.529990631824048
-0.507016695372414
-0.537111314151887
-0.537616314649207
-0.574146806394182
-0.481484089903022
-0.474051979088488
-0.57685679970417
-0.600626015200498
-0.6281551021312
-0.721934075660664
-0.513948861548344
-0.483564825322407
-0.483005647752436
-0.476492838565225
-0.44881245586142
-0.386408908472478
-0.532181345844667
-0.476106093491933
-0.552041536395614
-0.385324337161841
-0.561376243079161
-0.566103246148945
-0.562008509084064
-0.470961334683576
-0.510358388377008
-0.503857854165826
-0.373020969695777
-0.431345062035322
-0.567269095420187
-0.370308877991743
-0.364973376269341
-0.343776934996982
-0.428642147758598
-0.562169205871116
-0.511105710803001
-0.528658020938394
-0.386921916369262
-0.379627162730434
-0.401419467821372
-0.551591887462503
-0.236170964719001
-0.480552160434867
-0.445309329238201
-0.429680044470815
-0.492210833630234
-0.366357173918914
-0.472691151875456
-0.373310815829419
-0.375716024941615
-0.336245010403619
-0.411563500738113
-0.385150266213696
-0.274841024522062
-0.54443357558615
-0.2554343851508
-0.410697847394765
-0.385325481307115
-0.39502688148801
-0.447243953906225
-0.296685339198217
-0.327830086864085
-0.425594485846041
-0.370125210651497
-0.339620335868544
-0.417354572011922
-0.16298410774297
-0.310820906103731
-0.458739069501962
-0.276450583804385
-0.271745160407268
-0.301799703719423
-0.430540734772165
-0.445269341861946
-0.349509866108344
-0.416580759914487
-0.472269905862927
-0.43537502561597
-0.35186867953802
-0.453837448256123
-0.423460859411769
-0.294944272135044
-0.313616178974885
-0.359249828752544
-0.266970277297713
-0.295142964171699
-0.406587217467175
-0.476964535575169
-0.45539848670915
-0.253341641271428
-0.256586329242834
-0.363719271879118
-0.311370709027345
-0.273928352311431
-0.371003848205866
-0.340925629205623
-0.317651509510474
-0.319896257593956
-0.251634841222038
-0.376205841804504
-0.368063122347436
-0.216279543503674
-0.300476309562869
-0.336545340826002
-0.324653584826063
-0.391180400536957
-0.363966925771134
-0.343441793701377
-0.248401533708091
-0.364374284012842
-0.340025624606411
-0.275665386254941
-0.209580366336623
-0.247024467793266
-0.347622064005485
-0.256364587254761
-0.259101087871194
-0.218887459349665
-0.294932615916565
-0.217219969288029
-0.264829470632594
-0.259274603853851
-0.38885045578053
-0.187170073116854
-0.323355919058819
-0.307039819853338
-0.209894119507751
-0.36187154715796
-0.256694188918235
-0.388678884266619
-0.313257338872601
-0.202911711188223
-0.31065084368285
-0.371711478880933
-0.280552990479351
-0.108674430561358
-0.212015015730602
-0.309745992998317
-0.111825666116794
-0.145208434126788
-0.326811646189165
-0.309515545778749
-0.184891161778031
-0.328750020342283
-0.26735908466306
-0.283001907774186
-0.379138227601284
-0.270507982769948
-0.254150151969026
-0.351594284858936
-0.183832179463661
-0.367997951210907
-0.175491513325676
-0.459861521604009
-0.280783931486428
-0.256999283382584
-0.226383162415398
-0.199538442337227
-0.121090004397478
-0.264151490267945
-0.313863403435078
-0.193582052639121
-0.169561542990013
-0.226084396826587
-0.141359474089118
-0.218859658304346
-0.192047006644035
-0.0451718757626614
-0.319168468935438
-0.19758928364388
-0.172289104849751
-0.223794505732493
-0.0527778371596059
-0.202062896512274
-0.269521087067405
-0.193556250731894
-0.211192366622149
-0.373565417843726
-0.191301810838723
-0.22541224197493
-0.24109536031471
-0.121490330612903
-0.238220805804875
-0.157368362969294
-0.141901153906765
-0.197537299732149
-0.176244808472965
-0.126422657866073
-0.159034046114377
-0.221812585563046
-0.241984174489316
-0.130918386588257
-0.0655436324978192
-0.0352946456822946
-0.0883974099489524
-0.265790208714131
-0.248836773779715
-0.0666346941980001
-0.18411713475278
-0.247389158155717
-0.122067174701129
0.000274536829156297
-0.292787682065721
-0.21935549692105
-0.158392568202666
-0.192060447028772
-0.169517560186378
-0.340087490577401
0.0254704102417867
-0.0742257167022259
-0.0925379851949074
-0.0591078682917205
-0.16586209094316
-0.184593636879977
-0.231782973447616
-0.0225448065136081
0.0349332163830805
-0.0476170214155425
-0.148044334614782
-0.228924498059018
-0.0557487164173612
-0.0799064976792533
-0.0198751367652088
-0.0790166586298627
-0.23906743217653
-0.119457603076301
-0.114814807492215
-0.169796891795882
0.00555258173110191
-0.134368927537616
-0.115385925412466
-0.138179893646226
0.0115266005618428
-0.0334219905472054
-0.141948899151347
-0.0813707100401997
-0.0248059469783185
-0.163898994289313
0.0130334964417768
0.0439692996498949
-0.0708962203049063
-0.0822741657709855
-0.00261326289137459
-0.0353002589853777
-0.21272718389324
0.00941550234074602
-0.0632534418087201
-0.0871804878029297
0.110023787352715
0.0406166765127125
-0.117117767714081
0.0035148185299782
0.115374705188963
-0.173865518959833
-0.0284382405415515
-0.0739668080197878
-0.0621762949365139
0.0635196514500156
-0.160942973752319
-0.166517755699363
0.0191254117648413
-0.135129476659642
-0.0309361748704654
-0.0544434907907893
-0.149666095023415
-0.0851269594298159
-0.0524546512571257
-0.0633919973450434
-0.00449038693340588
0.0562571440437836
0.033128473203817
-0.0185072201023665
0.127230430823225
-0.0873803579280924
-0.0622498977266053
-0.0118380691356934
0.0915773764998788
0.026198875681021
-0.0783799040730459
0.00397129154320805
0.085291714026197
0.109839805541638
0.035664908406414
0.103707427915167
-0.023217290064622
0.0174381671511446
-0.0540690671478471
0.0701343395250428
-0.012786339581307
-0.0745019986150458
0.268530267649744
0.161951331160378
0.134555818487662
-0.00338658045876832
0.0268963080863352
0.156486053946169
0.0471103731170714
0.00534417556954304
-0.0124351606516392
0.0559730132184072
0.221813152510912
0.177580089429222
0.00136030895641107
0.0802894874163695
0.072393625950384
0.113832904383036
0.07508055744204
0.0513858860138179
0.186746615412053
-0.00355111938456877
-0.00373479268143274
0.0839667238757333
0.0690113395458809
-0.0944242794316262
0.0180543905421715
0.213699420261758
0.137821361621783
0.148102666236501
0.123166961887571
0.22304072075814
0.221490103639196
0.136735859532641
0.0602208046550699
0.0167092805905366
0.147177682475314
0.0549296023193048
0.129235841172742
0.159845162741753
0.129952188370675
0.108893354291959
0.161047225136396
0.0603468135589033
0.0802408458514921
0.208849679807618
0.237137084994481
0.218139071501236
0.162483132093172
0.146718992352192
0.218757608870069
0.315749972673821
0.240808562129513
0.253322811102621
0.175805479628512
0.156636520606514
0.118463670668886
0.164978224771805
0.117568977656484
0.158335900231407
0.122352848305234
0.17104005338813
0.094739706475011
0.212620216260565
0.0885230797664764
0.252126470819581
0.0291979392818389
0.35954271206039
0.096136858770072
0.257831939632645
0.137212585443408
0.248516172208145
0.262933370808193
0.16504235190593
0.166331867059477
0.283368482898038
0.240859254496582
0.0927808283865736
0.24869023281867
0.165636429254833
0.25417859100063
0.306990265003883
0.252590901933932
0.322124616625127
0.270203055713671
0.133216709066054
0.228181973428136
0.318539564285096
0.212465018120765
0.430494567788109
0.193194320095165
0.183232691520296
0.198760102955615
0.236155973932586
0.148874789676064
0.35972830894245
0.24019359802272
0.253178172893301
0.161287695205805
0.303876151789216
0.276999159070731
0.154938026921727
0.193532489192645
0.344203156421041
0.207640781072055
0.216315223514698
0.171261938354529
0.376507521160312
0.402947173071061
0.324271148660173
0.400681954565056
0.267867157653086
0.19636909706103
0.314334667063315
0.453297914468852
0.18285247550302
0.241094805544314
0.232405606585616
0.2475907935125
0.147872433636707
0.225430490230528
0.259909010981174
0.264044237601005
0.36472759081113
0.19665303802479
0.272726579309938
0.306849060878886
0.254463756166192
0.391741881357141
0.435244789938774
0.269634450635049
0.400555553140964
0.248196106300083
0.414864986532449
0.24769552418843
0.397512761432359
0.318458187853084
0.345046795170497
0.110749520136319
0.453546656938246
0.368855944238266
0.364362623709901
0.353282888179435
0.226809940803202
0.266809621793186
0.289571432440275
0.297603887627334
0.36598652333341
0.194939673435375
0.307243480303165
0.259041066059262
0.341350891248261
0.288239247423475
0.215934855389148
0.341051101664414
0.469384831364258
0.297326639078117
0.373673604947169
0.332061556968825
0.306913395876879
0.397953052886443
0.432563119688432
0.503106876942883
0.276339255349692
0.445586375426513
0.465992910025898
0.366686453671699
0.407465313093477
0.409434390772761
0.445274548199661
0.352073947870042
0.460727568037563
0.484535913310612
0.462106256859764
0.309743177499991
0.446768409216811
0.548289251214519
0.426895201866674
0.37536503759235
0.389157808959725
0.459874805483815
0.656566277287501
0.447410662551482
0.48267042207863
0.330249675080556
0.207662771889805
0.350223736610129
0.364076091660721
0.516755323566599
0.333977477061624
0.440957540397313
0.245332983177283
0.39895131082367
0.415974882391386
0.408315900811974
0.553430293207836
0.44862167215602
0.630116815608246
0.567889088399142
0.499018672763013
0.616998008842023
0.608963387689974
0.42435375339718
0.597283441406104
0.438118391593197
0.434014614598383
0.481857064230418
0.353176183723378
0.42889664153589
0.548421854086595
0.655260635275255
0.719871311306702
0.380246829231749
0.47891679145335
0.423079240509778
0.584118529634741
0.45789305924845
0.480598745746087
0.425640735499887
0.328957626949976
0.43268278251991
0.416159518552805
0.495674285942881
0.558782090212483
0.529215260418036
0.509513866468959
0.434851054567734
0.622498691980718
0.455280823852375
0.457790706080512
0.402292352417996
0.516223786443406
0.458983479652725
0.352243931326994
0.581105483695961
0.544333875158442
0.486766421518126
0.563236421932338
0.548947498926386
0.448819339718835
0.405401620833519
0.507777246970619
0.686883493656224
0.605079594844631
0.463742005298511
0.398262706257864
0.592072475428388
0.500530997583812
0.601226297065386
0.588947126363893
0.500206711074201
0.616422850022813
0.598650767438727
0.560584175569052
0.53828996413022
0.67740607179532
0.492187912911532
0.484418381131357
0.585449984901072
0.649127006110829
0.506055590598819
0.579516672041751
0.593014014651511
0.316116422477897
0.644245673196666
0.480303499883856
0.364944388081107
0.758377838805426
0.666791150502572
0.596626086619341
0.528547703593131
0.496245910313916
0.629542803296958
0.533008303989903
0.670192729557232
0.630395063431359
0.619718626021119
0.613098662407002
0.700875638216141
0.637431899851188
0.617761621418676
0.652988597128644
0.602067087417857
0.667435236808941
0.751401171545254
0.568034689507887
0.488967143820509
0.498778785113127
0.747794909637844
0.659719812381098
0.720151295414711
0.510659938785715
0.640103495638789
0.534844839164063
0.629778652830496
0.529075446465221
0.602541982999911
0.652012223296961
0.74408188654959
0.635771780835459
0.721689771689605
0.630011165532178
0.621790292532722
0.587907416988865
0.557203401173199
0.717179677877275
0.854567216836734
0.694962382304258
0.738716923963339
0.608442462431834
0.741423254726275
0.801145610311688
0.579290175307587
0.69091648643786
0.605719150442325
0.608183835013086
0.637783355396655
0.747074974139608
0.607634343946487
0.642513358690427
0.657468721889366
0.543469063934989
0.620057528868357
0.75463019797651
0.551300448541898
0.813153277433021
0.66080956744587
0.692538606296532
0.571569558505397
0.779677848460238
0.661981931742861
0.746540786260104
0.805349221462907
0.689938454983015
0.801252393939558
0.691701197471463
0.683672578397911
0.762199951827377
0.83550470740501
0.894246428199905
0.615354072202034
0.676313067423877
0.793815126365178
0.855326015848866
0.740103366006798
0.645764312152469
0.673060270973167
0.736376590865805
0.710872210675017
0.645634878311491
0.677715423448773
0.725845894699922
0.841337314445468
0.707081350080625
0.732868437189779
0.819212063714227
0.864663120506421
0.747740262250355
0.750040904389403
0.69440923893998
0.721111090098153
0.625196986926336
0.738128950864934
0.613475023399884
0.768528376807974
0.654267378050991
0.876543303184187
0.910357059698399
0.820496900515747
0.892756119000535
0.764494430947505
0.822705342611064
0.768377980572376
0.71780605728782
0.707746672132915
0.733309167419189
0.710915362456897
0.688709777475946
0.665490495074149
0.641174381115549
0.808900166202701
0.684902749111089
0.793529548104498
0.71494087197423
0.765649694473289
0.748170590717078
0.733537663444636
0.823068090481546
0.865292600583796
0.80766892572752
0.80972836448841
0.741205621096167
0.84633647403631
0.933009859268225
0.969438608775647
0.80220902916375
0.802198173816365
0.903023067125641
0.742388034221873
0.929301646307261
0.789181690553381
0.84996450752039
0.900045685012486
0.965707192885025
1.01664014121696
0.829253512509364
0.824404671998577
0.802307770423934
0.728351900183607
0.768643880282098
0.918944856660843
0.952402758494
0.893420045667863
0.97466658013984
0.776490873454651
0.91471598236993
0.90188947577167
0.727125634840881
0.740529403473285
0.910518249486427
0.818999233669942
0.888599035795232
0.968719218874681
0.873975424785709
0.935764597951244
0.884501360389214
0.879996369811738
0.91634075307788
0.939191067519274
0.887582096378119
0.975796218298908
0.87955802346424
0.889454337738482
0.97424346050651
0.778393098080815
0.954632934558458
0.928701440407796
0.727597977516909
0.732568478927544
0.927551996244421
0.840759736910599
0.905310719663331
0.814041344390403
0.919300430972543
0.909014252245806
0.988853877521281
0.922298111414862
0.948344000826121
0.910451107426263
0.829819320152917
1.07076458817774
0.961347121271521
0.940557110124438
1.08260338744419
0.864110176276412
0.883738257285562
0.963583959950981
0.983021958324062
1.0289698364991
0.825022175999411
0.976202697644736
1.01652400304297
1.06499162708652
1.01152515633504
1.14744467819306
1.06690849744278
0.948642453236182
1.05641518981027
0.86651520680738
0.959669055975188
0.984719383614872
1.07994779279057
0.955531128293898
1.18129725458006
0.935541067152869
0.971819654814227
1.02088105948292
1.0750914310534
