-1.06761215036661
-1.02734190811103
-0.848114725294944
-0.926322130145524
-1.22964212882729
-1.01321926380359
-1.05547876525949
-1.1049549854902
-1.18857388681545
-1.03492007303986
-1.1477080094495
-0.904915779204192
-0.987858207229409
-0.911324372183462
-0.991904683564433
-1.03689204614058
-1.05859940062088
-1.0769489728046
-0.894799234768218
-1.03173877305787
-1.09611465240971
-0.924744863917979
-0.825728570466429
-0.903917566472228
-0.92385107670861
-0.993193788481603
-0.912044119762142
-0.959239206357135
-0.941010308217335
-0.83764913102573
-0.855818027993066
-1.09944279741241
-0.836560911771575
-0.814284355338938
-0.871186341546269
-1.03229053485581
-0.742411042011937
-1.0811714470335
-0.911547556839411
-0.773838386471421
-0.828089501942712
-0.82164444261673
-0.906342847800985
-0.800668233312688
-0.818794199029341
-0.98937902604349
-0.796832146518307
-0.883195158164719
-0.863493174508147
-0.87299394917731
-0.929036414758304
-0.947375039860974
-0.924239908805126
-0.929803801067576
-0.88551195285797
-0.943127446727698
-0.91624108383377
-0.868537593381103
-0.927565466480255
-0.994821193663499
-0.982132201653682
-0.824779460813885
-0.827274036165539
-0.879814799439868
-0.886245656620862
-0.802746246141572
-0.820489564062275
-0.836640464602902
-0.827608177236117
-0.864134406503421
-0.891959985410461
-0.94993808988783
-0.725766435522207
-0.77595514642207
-0.867352033826333
-0.83476484253764
-0.746753396289412
-0.964625560226686
-0.833717239021056
-0.810737998491683
-0.845605695911669
-0.931170135057323
-0.826617419295383
-0.839977082096802
-0.793103143474985
-0.781162169780599
-0.770981362114092
-0.973187959482104
-0.9515683161637
-0.896408976954607
-0.784628254714995
-0.887843801038803
-0.888995465891708
-0.784616265058056
-0.888674465891472
-0.891302007908613
-0.79811249461695
-0.937338917603776
-0.755593357144505
-0.746136173799852
-0.678567350440517
-0.951300980042
-0.566520626011147
-0.7919874920744
-0.814476728519756
-0.789792956578948
-0.607572572993543
-0.751095789568732
-0.680745940075592
-0.600688895195704
-0.828200156946339
-0.69367838845037
-0.73523434503996
-0.739463605917005
-0.831395130454761
-0.710556636878024
-0.765445045390347
-0.730347395962223
-0.82268131877086
-0.694098274705757
-0.701898050542152
-0.726069424723635
-0.750992193518454
-0.836610387869409
-0.572460424032769
-0.868030343627791
-0.814999775434542
-0.725162199421852
-0.731914849702678
-0.928538070993264
-0.776079272468573
-0.711374877019136
-0.781228071815357
-0.635264301623723
-0.648852025950789
-0.628937761364551
-0.760465725475033
-0.692236364284153
-0.614080008684796
-0.636466174154606
-0.677735120431202
-0.617272841863447
-0.799673440884072
-0.743266423375989
-0.82243164948432
-0.659021653842363
-0.533632758698287
-0.66892414163304
-0.711423162291295
-0.65528205418929
-0.620327753797402
-0.723842033684505
-0.720740765374485
-0.681680132222865
-0.635313468602107
-0.730155826667251
-0.761553676841314
-0.701470181630375
-0.671155702783242
-0.730810018067949
-0.682794589328598
-0.816100314375857
-0.709733029796555
-0.659769734139962
-0.625483693758653
-0.578534000202244
-0.531850721887049
-0.663036427638044
-0.641902310707329
-0.700190046815963
-0.762856366662075
-0.770589181508365
-0.666419616982536
-0.775839908980515
-0.765520225162187
-0.505309529780689
-0.620224460191748
-0.671567245339092
-0.716893720314115
-0.676965625749371
-0.650934955722516
-0.70404328355421
-0.682016985914307
-0.639772433627883
-0.520656718842888
-0.591585904238239
-0.721392296582551
-0.688157307076304
-0.560098841118876
-0.72085703360868
-0.755525043633682
-0.625784956888861
-0.593938501675004
-0.593716639757417
-0.660216820554405
-0.623081088169168
-0.654646206447408
-0.306439544741244
-0.654462424627048
-0.665680015528876
-0.528505472359699
-0.584185286916553
-0.633446772051748
-0.523923503361349
-0.691721780749371
-0.624148502987737
-0.752194543475975
-0.648116259606742
-0.606580731494252
-0.518748213620514
-0.591736559631162
-0.519878534146658
-0.413023357159173
-0.514881819118428
-0.513289347143586
-0.556134088105904
-0.702751300071141
-0.62520806419881
-0.486081519050459
-0.59948539717972
-0.51458879736249
-0.517066257923169
-0.574802891448299
-0.491492360663029
-0.604271076113942
-0.641635580553262
-0.591436158460404
-0.478243906130522
-0.512660947285001
-0.600730119045934
-0.507647069302741
-0.499948393518876
-0.551591955579338
-0.558754083876235
-0.562385782317854
-0.427571514480274
-0.440388652833101
-0.555011943050888
-0.54606590351344
-0.609851522219416
-0.480701684509733
-0.393940270683244
-0.549935487253071
-0.313892213347279
-0.540050814526308
-0.558302805775243
-0.528872144661042
-0.558264672540629
-0.315792920239585
-0.540673922879114
-0.425464086381468
-0.459469351495854
-0.503308894421555
-0.500722894087788
-0.371222432281995
-0.448518056921158
-0.492400283409601
-0.390644903682209
-0.569875364566276
-0.446646582882792
-0.442887079994557
-0.434016125262398
-0.570295598345643
-0.422747840226719
-0.540177619088945
-0.566198342967438
-0.525472368105399
-0.49657308691513
-0.478053203992877
-0.591976567217339
-0.503194328614379
-0.496465955695061
-0.472882883653884
-0.44184033915476
-0.480493930675261
-0.655804464949739
-0.608824689579305
-0.229604346421119
-0.534883971371693
-0.350315639838583
-0.411375683844025
-0.502538635590207
-0.446345827640383
-0.365491881024224
-0.372650809255338
-0.421618048322249
-0.509103727509303
-0.45866122900462
-0.365761644029314
-0.372507675648891
-0.444040299950609
-0.311886654001708
-0.38530891769895
-0.506088613811845
-0.44022452041415
-0.473428985459887
-0.483061004034008
-0.265519251097403
-0.408041815697618
-0.41097737463256
-0.393457476546952
-0.404657153791425
-0.439062707174243
-0.389643203955639
-0.495700470431924
-0.558886594504188
-0.514610232041194
-0.354770527669751
-0.372249964355659
-0.38423867264767
-0.405120346535163
-0.283467656576766
-0.443147012189485
-0.301745919939224
-0.249637617328869
-0.555925165091961
-0.30039532309895
-0.415734389210554
-0.336732682459055
-0.275536331435221
-0.380931341610663
-0.500538130012924
-0.313289135105764
-0.346963105648283
-0.242306841460019
-0.259968202809645
-0.361644650607871
-0.367429744372943
-0.409491471680034
-0.571524129729091
-0.19917349139257
-0.264769623599746
-0.175803105897906
-0.25159767680099
-0.370282096070305
-0.405757146356134
-0.163602812105808
-0.450253806071193
-0.298089831372396
-0.290129875166693
-0.362854248089146
-0.403701864726711
-0.32262945409759
-0.391340200546269
-0.215185313433192
-0.303534675589972
-0.21370406293721
-0.333020035384422
-0.345028865828718
-0.237722344149545
-0.285723946082778
-0.292315486725449
-0.325673063995496
-0.443170730517793
-0.247124299905902
-0.109940872660044
-0.129483216293379
-0.137365438755265
-0.18841180976893
-0.482600199812971
-0.225179685782612
-0.446278294422917
-0.299327901601808
-0.322912648371558
-0.238077008242794
-0.286564179676368
-0.28725748090341
-0.42918613401169
-0.204938595210989
-0.313401082372401
-0.243827154672794
-0.403854486449364
-0.2834345844497
-0.210840703742656
-0.293071471177535
-0.269339480469979
-0.439787636683854
-0.118855585279836
-0.102332162788307
-0.234198654159129
-0.18739039976839
-0.153532119770269
-0.391897639872299
-0.309033533039553
-0.289897602451596
-0.219317727496491
-0.188685785291823
-0.266677313959637
-0.207755988693945
-0.185318526596257
-0.308627412707742
-0.0595532235035184
-0.256314591363563
-0.163255566434529
-0.218520919378413
-0.109357526241919
0.0485966346244828
-0.312214057938354
-0.203175780765619
-0.161230299499765
-0.211684812244777
-0.20893495748747
-0.0725308171422448
-0.173366068835383
-0.318805431816
-0.195228225490501
-0.22415584565628
-0.137704404354077
-0.256519547258578
-0.226766301313205
-0.26996695897815
-0.114897608098023
-0.119971839495511
-0.158370597220965
-0.164859082269344
-0.149526239738898
-0.103902392661665
-0.154737504095077
-0.226129429665799
-0.0893396069453793
-0.282763346544923
-0.189354853988878
-0.131412249808234
-0.0704344426571036
-0.153457066795787
-0.304676044535132
-0.098291847191116
-0.143273419140398
-0.159580437052091
0.0121225594811746
-0.0557238066833261
-0.190340981852939
-0.149651542608804
-0.210649658335095
-0.121597326526597
-0.284864633515863
-0.214565021430749
-0.155511902305096
-0.107237387950211
-0.176133927985908
0.00806315044168373
-0.1639322031559
-0.0424551023614336
-0.114610279205013
-0.150474367055125
-0.0391871023718935
-0.159569211373073
0.043383037189565
-0.0431279210608482
-0.161826235460715
-0.232918693967398
-0.0716267290036382
0.0185266888844787
-0.0882119557034237
-0.0213273259449519
-0.0994384125405921
-0.0491778797563439
-0.0322593668831739
-0.0202723064578314
-0.144287510589026
-0.0558745162343433
-0.168615595927847
-0.0257444472716338
-0.0973234860586324
-0.0985653322895232
-0.0840718628142201
-0.107412300214418
-0.158395929356597
-0.120215140226899
-0.0703602502122274
0.0100753742866374
0.0219589828319062
-0.0077836858166164
-0.0810163848238952
0.0470100581524889
-0.037196645472069
-0.126260496178367
-0.000563356201573507
-0.0657422630101084
-0.0261718070295322
-0.0807514654938643
-0.0320358880968003
0.0298033387044056
-0.071395211763352
-0.0420557021814636
0.0549938301660319
-0.0654061863560646
0.0668770698758955
-0.0164164470489723
0.00424058193760432
-0.142207974615868
-0.088602439336884
0.0324248835322189
-0.0854196936669387
0.046009403510513
0.107649040471915
-0.0994951200277009
-0.199694275728997
-0.102195839149735
0.0170245376922922
0.0356789272157163
0.0327916292112912
0.100930278721489
0.104099304480547
-0.0175946344378069
0.0436397680971059
-0.0551064979886567
-0.00541204197977643
0.128969208236722
-0.0384041351396216
-0.0381711541904825
0.0518465687524605
0.0482131096246197
0.0176593500972246
0.111159772409541
0.0314874388296996
-0.132535296710024
-0.014743198787282
-0.0505413469885764
0.0576621499051665
0.0339075202950217
0.0953084341218375
0.0155474220474281
-0.0822686829932871
-0.00281246110154634
0.0173097594406921
0.000844423642996296
0.0714336657621118
0.0936914507483485
-0.00380704923109814
0.130799788749814
-0.0689661950699201
0.0146783968877626
0.159795890378964
0.163908560355109
0.0701772221720942
0.15717013020348
-0.0518498923876792
0.102899334320874
0.0203984223125108
0.11212942515572
0.0755114455559478
0.0457635263072443
0.0789104386401479
-0.056472717493382
0.0398984952872805
-0.00547421940768128
0.180055747438495
0.000480589417903479
-0.0285268518954445
-0.00187241897008554
0.02586392196568
0.179560471591809
0.142114259026126
0.110083566563733
0.0782166233824647
0.206688713920026
0.0970290005401269
0.144698123282258
0.127515793676937
0.110397127824272
0.134694464213939
0.162200501511397
0.203119005803828
0.143178104020539
0.325615667543581
0.0837279794288779
0.11534348265068
-0.0579146589530425
0.0265117896997724
0.229557040323155
0.138234941492378
0.293696659148757
0.168217192113636
0.0157829188887098
0.180006311046571
0.123272138778134
0.129813029682162
0.237560389967635
0.214037915432967
0.0633716818191589
0.0608425737667957
0.137145203236708
0.290096260663815
0.0789813484638056
0.100533833626343
0.112293165158512
0.240798714937159
0.21708599141759
0.289923016388738
0.0593956446943264
0.348811079784372
0.269399867978777
0.120680093622051
0.176512577869335
0.26119283352326
0.199495187868778
0.09321414282854
0.224999001406519
0.106466232531935
0.205935689750737
0.130826156119468
0.209405610122127
0.0809669865955098
0.31225635632257
0.330468139268291
0.224551286720843
0.291683008442464
0.329945095375906
0.147827425306728
0.28744300234757
0.192841557885286
0.296908997606328
0.315365822022492
0.204561960588826
0.169349939978864
0.101540957855446
0.297845441046321
0.221777093884537
0.263792238509243
0.207509867477314
0.19785508470353
0.253234782180494
0.129362485569433
0.127080987639371
0.290299535115642
0.266384221849307
0.284020322550558
0.382850114393627
0.296624547777735
0.321045086195724
0.240320971187112
0.252397396267763
0.243819710896966
0.287032760453855
0.319591300907869
0.353998823361986
0.321694420448277
0.395107612205264
0.153415943422047
0.339066387290879
0.341337133903806
0.27763786445338
0.345761152146344
0.244126613909054
0.302027350219312
0.333549458817567
0.29397989755127
0.331801524290816
0.242094382197902
0.278247766222069
0.322966929167301
0.344918179020003
0.39876657215654
0.268410093726057
0.273327403751966
0.348082509782445
0.340487995209067
0.26449780627143
0.295432181479289
0.335206840985711
0.218706797626263
0.328282147944273
0.354172983087143
0.368128373244176
0.443776102942549
0.349439086897064
0.36813470392667
0.307689816684555
0.269592177790285
0.241617494629954
0.415252187662415
0.310236813555387
0.192079605465521
0.364063556413228
0.35519054032783
0.252087372493771
0.394961262923528
0.413701802992011
0.339344543486895
0.239334652116828
0.379030774954603
0.457517745966852
0.334487105468823
0.230998680307095
0.29952827570516
0.340111308024475
0.342296572605605
0.483643161472722
0.501941069029218
0.273680031653691
0.366393605655449
0.199983740776708
0.5074733808416
0.373265189090137
0.304260790360617
0.386582012413671
0.425388834911774
0.363356028777546
0.536684051560252
0.28838477445927
0.539137365291708
0.421931515626677
0.375383182309588
0.469947724383695
0.508451023002504
0.229831923864415
0.423657236079351
0.452600172238229
0.441250460874096
0.446004942301777
0.615455684478926
0.356878337338953
0.433470044535797
0.41157956776334
0.381718514284795
0.452962341812053
0.430522567509063
0.384543992750831
0.391357994024788
0.228021959913893
0.483214956072969
0.420331469266312
0.410994412518228
0.399924132024681
0.404729568369086
0.553103232521011
0.324232733211762
0.322387191392044
0.351593496912656
0.323450133882465
0.434910429012168
0.369054596655674
0.274532380343645
0.468702449397772
0.507821646764635
0.410877231796761
0.539945524774325
0.525783144178751
0.543465776534042
0.497991012204994
0.455535148483439
0.636750757708738
0.381123422414162
0.559138508608213
0.566981847184847
0.453386726800467
0.45657926660707
0.441747650231234
0.561417707287901
0.50812049212885
0.583749318722374
0.457748853091876
0.586080635378013
0.564257179003344
0.535997545844423
0.515241814558082
0.602175502505979
0.652887658796329
0.613479025159709
0.465218343202643
0.456681865369684
0.523200417469345
0.41550172991924
0.634336113901093
0.583949861618668
0.707770390140655
0.597045485020876
0.462782688370716
0.492809788365123
0.652769069079766
0.501801751207298
0.381685779992498
0.599316832755597
0.549833519128337
0.603031271459281
0.487651626498675
0.647644066067464
0.71807906592804
0.50188920097559
0.575788097581671
0.426521445873673
0.494850891489785
0.674069554308887
0.667522466798328
0.661491796114391
0.567004969307593
0.681390477089822
0.589464955473359
0.761154952826767
0.57519955696247
0.463918500749858
0.474801151157603
0.554915028284931
0.453573079136122
0.671085802016967
0.557742624380463
0.430953965219077
0.664343594343561
0.459266425140812
0.615768580599947
0.507473916083828
0.594956629589104
0.631622460887495
0.502488010642851
0.751368528843005
0.565978428551322
0.599735571362952
0.710726641890395
0.621343587222307
0.571210108297439
0.623425883482293
0.593192998210492
0.650882872010517
0.526668858811577
0.600192471167697
0.688487208562773
0.549022077744791
0.676597818360335
0.514726483530197
0.677033292474461
0.658287514792896
0.725173840053379
0.698873552079263
0.78380171250521
0.684509440453085
0.640140014216796
0.726429221853459
0.697225867264383
0.725256847645799
0.620688324912829
0.782799987963234
0.633117499609734
0.6796699645807
0.695924929265703
0.697662693768644
0.845543357495945
0.747041471358675
0.690345381296575
0.626993887387186
0.721288855055502
0.604947664336233
0.65997727625382
0.641912015146381
0.657381729064267
0.755957204475015
0.741876832040431
0.549917525096167
0.714539628963671
0.636560762875433
0.716494276247824
0.813432696912409
0.617491117069156
0.791017627097383
0.743817321721702
0.873729700816543
0.68951554688734
0.723408084656954
0.584734633495657
0.755874905865028
0.667247325404855
0.828131527669428
0.660813126499654
0.72004461657926
0.788870971065395
0.797878964082087
0.678532297910575
0.740683826756225
0.80541430754235
0.707022722063227
0.769576539431601
0.73214632736404
0.74784042587873
0.802949012638379
0.716694101726293
0.839135484877676
0.713452924872593
0.774103192445284
0.638908796723427
0.675882188271245
0.699832531301592
0.798480557664776
0.868783788322476
0.834789353905703
0.692871974973957
0.762698534412638
0.718872700123447
0.853842378605346
0.674711503860831
0.78286613932885
0.772474629436094
0.693198017446759
0.746124301308223
0.703214024842387
0.627033787125795
0.913283836469687
0.668551702303132
0.741561779451167
0.814363085840796
0.7358700841237
0.732934117314775
0.712009255198664
0.783897606297735
0.723669333044767
0.905921360573944
0.881909332145054
0.726171926925353
0.920634060394179
0.863543698303035
0.953995421894577
1.01407556315605
0.800664489924855
0.802065205309933
0.761327386194495
0.835747078030518
0.783807411218828
0.857623727035931
0.809799336931289
0.987204924325402
0.772021607867547
0.766749991339491
0.786094433086056
0.895489929746436
0.829858533321976
0.8735434850049
0.82716531010715
0.898450838257238
0.887926759883008
0.830449141873683
0.803197130709638
0.805768760696275
0.805276532640234
0.809867333710437
0.809588388840088
0.809078076482322
0.917439001259302
0.929272960637522
1.0289454448394
0.767692488565424
1.01233287288841
0.739161483284634
0.972211100747097
1.0004103040014
0.895439436242716
0.991155866967139
1.03975640740687
0.854414122646139
0.862943084661309
0.983610030817672
0.883731184505684
0.918386767185239
1.06471063728621
0.9908119336532
0.926212187598911
0.887125432074834
1.0834502423312
0.947142489454057
0.98473037880506
0.958247876210892
0.964193680236367
0.929561975458885
0.950660760068727
0.88179198388918
0.984044318097157
0.85677164954465
0.912355972535603
0.911604288905052
0.919550380785051
0.894392600732537
0.883125393101449
0.771612360825482
0.837608978270936
0.907237193160171
0.97755135181774
0.923170407624936
1.06096957434119
0.959079667950854
1.05091463227101
0.925884788830947
0.970016846051177
1.03006467681815
1.01982726898915
0.990865187990173
0.911803683354185
0.941579601663774
0.948297739922541
0.955389982472273
0.897636837084559
1.05216335564405
1.09260072329977
0.851518367737773
0.93134382331474
1.0008449864647
0.924791811591748
1.0425675848589
0.935286365817378
0.981145938789813
1.12201330007093
0.930268775842244
1.15335619359089
