-1.06924718132214
-1.03056468282362
-0.824824480941256
-0.921805694403467
-1.2296579893451
-0.998473669349249
-1.03118029044185
-1.09223604177931
-1.16193088283527
-1.04414594582133
-1.14135896952394
-0.891808809506313
-0.979829572084819
-0.915703576528978
-0.998523014868993
-1.02588220647
-1.06326281528311
-1.07272115404077
-0.919450649642296
-1.02714032873047
-1.11568170043133
-0.915362785494554
-0.801261684368632
-0.935367412735129
-0.895896647614828
-0.971087554236871
-0.92467089119124
-0.939063561504815
-0.953101240578814
-0.839703008870374
-0.844480107249165
-1.1051581640436
-0.853887018512237
-0.837236941422337
-0.861865231500365
-1.00936256069902
-0.805465497438687
-1.06941205963047
-0.912666050616784
-0.754559908118395
-0.844556517282272
-0.80883137281106
-0.926823905265041
-0.801643640475201
-0.80436413637758
-0.964109621849799
-0.790496521255852
-0.899055732933966
-0.86034669420467
-0.866586518739559
-0.916079866664085
-0.940228075691437
-0.943451839159025
-0.929346913402971
-0.907201552051765
-0.936621091463065
-0.923905406009224
-0.889772104235087
-0.931177624756327
-0.997127359639151
-0.993282537283605
-0.811208320677601
-0.816799187257496
-0.882364850635677
-0.878626033115788
-0.796625069293638
-0.831570540748184
-0.833757810491928
-0.832519751118508
-0.845328625055623
-0.885292242180457
-0.909091563984947
-0.703442629262312
-0.775807582109887
-0.869396598029178
-0.835086672492838
-0.741598119307034
-0.943409670482324
-0.82825973680509
-0.814042227751818
-0.841629462225538
-0.929410304945975
-0.83080517761374
-0.855291868288739
-0.818180742649222
-0.759554211879888
-0.771911222551417
-0.973606795564423
-0.956987582326759
-0.869051903168652
-0.795746508415462
-0.885382629293528
-0.902019906972005
-0.781862028725614
-0.902543109762398
-0.890455570748009
-0.796744948894651
-0.900109646039753
-0.748965530078149
-0.74939283319459
-0.665344318500667
-0.96468587883437
-0.563870878989417
-0.830588745900958
-0.822386306586019
-0.767177414609912
-0.618962380740421
-0.746802299968719
-0.698718409188913
-0.595591557009205
-0.817090788478037
-0.705452835944726
-0.730890812103236
-0.755583113674078
-0.825281865868109
-0.706906902636499
-0.786413073124464
-0.735763771002098
-0.810315179440003
-0.684237019227692
-0.697515862348978
-0.722071213063877
-0.761330757042493
-0.847965615213091
-0.59150423096984
-0.858894892294238
-0.797286755972934
-0.709272473121314
-0.742988897087804
-0.906110660876768
-0.778672449191418
-0.723815024097261
-0.770111369056871
-0.629441489703987
-0.633149106327712
-0.607186409639082
-0.762929547827751
-0.710773186243434
-0.610759106294964
-0.644811374901716
-0.668219778970453
-0.626704887745074
-0.811091742413112
-0.742610689010918
-0.797617940599034
-0.667436080614504
-0.530389787242263
-0.636539848202541
-0.696867250389106
-0.655036092043564
-0.624905347611165
-0.712070277442798
-0.698669144148161
-0.678494848751292
-0.64150262338337
-0.741260704786475
-0.759390918850835
-0.710912786545695
-0.687367790311408
-0.757267447123517
-0.699419649579579
-0.830803637698012
-0.743809344826001
-0.648037956250931
-0.616392880303386
-0.593655061369875
-0.550370464119944
-0.666538578065401
-0.627181709099881
-0.705575866673117
-0.759570568642788
-0.783147120569424
-0.673723077014422
-0.798268086999183
-0.757197281525485
-0.502572753278421
-0.631665757166508
-0.647236714080941
-0.709368950634272
-0.687673801438174
-0.62672275143107
-0.708634897152187
-0.676402227471869
-0.638333882274618
-0.5246134991173
-0.604165033201282
-0.713427282823338
-0.696253360747054
-0.570526120530304
-0.734651924359003
-0.765207021784435
-0.610298207787022
-0.5803032294661
-0.565866524024926
-0.674843647479451
-0.616547609376625
-0.655474457734081
-0.319038488885468
-0.657257097425755
-0.659052778472117
-0.529241292820229
-0.56589714280147
-0.638583442880129
-0.512784149559983
-0.68597959312251
-0.630371058200669
-0.766036371653506
-0.643642248789622
-0.595563655081062
-0.524363555419675
-0.606583939785053
-0.527413469246377
-0.422510524926732
-0.529339704481058
-0.506054227965801
-0.555327229546357
-0.728848255480698
-0.632211138432268
-0.49446093368955
-0.5968862162838
-0.517287124214086
-0.52024193950714
-0.601293122418333
-0.492127135602042
-0.61691305946049
-0.622698744817831
-0.588123606651663
-0.497950968740657
-0.507328290658349
-0.620107699206491
-0.505108720389622
-0.49460172178099
-0.524091703565428
-0.590343240815391
-0.550323687016397
-0.445437585411651
-0.450231451014296
-0.558366845889899
-0.572835759555303
-0.613373053356757
-0.465228874696344
-0.402737305222705
-0.54150965941241
-0.319705562683011
-0.557313568766715
-0.574963143460163
-0.546324756937924
-0.564313338730497
-0.327506074965655
-0.551253751130437
-0.433981634715539
-0.484144042748159
-0.534461481409543
-0.514713599200058
-0.37071789886271
-0.442274597364603
-0.489198240826372
-0.377950167567737
-0.553800489879213
-0.454444027900241
-0.437186541236144
-0.452927952977528
-0.537700823998445
-0.423526632641327
-0.542771003881553
-0.539337571969782
-0.542792534033689
-0.488531222691837
-0.472676802366694
-0.607913742273533
-0.493683885619506
-0.470758382598312
-0.483436792481398
-0.429715308049163
-0.493758577580481
-0.640583446859893
-0.580690396081585
-0.23360367325542
-0.541932915292486
-0.357880365758482
-0.420704931620135
-0.513103727807123
-0.45061416326374
-0.383942501153581
-0.379684871457136
-0.409403738719284
-0.540558414077176
-0.475962181659721
-0.378121633272562
-0.358929505038306
-0.443424856005927
-0.30673301908327
-0.376915679929926
-0.51198084762987
-0.434423397330808
-0.510036184876995
-0.474432251589595
-0.263231367629138
-0.416930816514886
-0.394355402359411
-0.413825667450264
-0.398869575456995
-0.425897264539398
-0.390008257030674
-0.503805617623076
-0.539105343045933
-0.515611491893999
-0.363464028453247
-0.384544165957257
-0.393044762763571
-0.402399569912888
-0.271567603509167
-0.465471999531153
-0.309553759872303
-0.245631172602672
-0.550042490286835
-0.286971188708748
-0.391178427244156
-0.330870843222411
-0.259341406833891
-0.373762111234996
-0.507992808456328
-0.302355585587613
-0.334616315509445
-0.211325874955177
-0.270424429488687
-0.355776771528831
-0.380680362272133
-0.40075032509824
-0.583417929637152
-0.199446660653497
-0.251228402302328
-0.165782707208595
-0.258707295206906
-0.390137030092267
-0.387654405477798
-0.182945782731301
-0.468420067370602
-0.283561307503217
-0.277211479156378
-0.374328407443599
-0.392013647473251
-0.313412226659447
-0.387393307298784
-0.211083183476129
-0.288083454998707
-0.2259086022164
-0.331129887235529
-0.330848193840785
-0.231631966800126
-0.285019493322513
-0.293162313309492
-0.322065663202127
-0.406454435672675
-0.245434204252035
-0.0939639438154043
-0.112470458040623
-0.129082110354885
-0.196961466273493
-0.498250164120083
-0.209565706155712
-0.445119897739592
-0.308563250596998
-0.313536012381799
-0.236277546501604
-0.304185773444217
-0.299974161901584
-0.419992957911545
-0.215944808331094
-0.332730952495604
-0.233324743462403
-0.414640432380386
-0.264974286103746
-0.223287698216665
-0.274741926175857
-0.275683418606363
-0.43307635434754
-0.114711702850602
-0.107046626527236
-0.245563123907308
-0.189192936566513
-0.150451612010155
-0.408314198347864
-0.30624089064775
-0.281877108325046
-0.241156443200079
-0.194501143249757
-0.293635792494962
-0.21352164677298
-0.186195610902646
-0.306453890379863
-0.0444654387612007
-0.269036617693199
-0.165738924357797
-0.214404806544618
-0.088915875655106
0.0331664896521192
-0.319165156272495
-0.199201349253065
-0.190860020709036
-0.220476680037568
-0.212954407057327
-0.0704932499193305
-0.139759565799134
-0.310273793164137
-0.210540391894806
-0.210139497689053
-0.127735120264451
-0.259432871500255
-0.237387828025574
-0.289411997784946
-0.111227612742376
-0.12340914368531
-0.160308779174254
-0.192899581942338
-0.144494870387844
-0.0853838919439293
-0.125844696451642
-0.228601522724696
-0.112362550069566
-0.28236395755553
-0.203875400254944
-0.132004153224817
-0.0586979793672699
-0.139850159171766
-0.298373012760306
-0.0895385610580924
-0.129611444383909
-0.152502404888165
-0.00601526184270444
-0.0528388965640776
-0.195126991725198
-0.176547286221446
-0.202289637195042
-0.129530928949291
-0.281879749072226
-0.21921445601321
-0.161091343692164
-0.0936702499906898
-0.18396137012386
0.00589908665801307
-0.153920747719592
-0.0684363740253133
-0.133865365785997
-0.156720388053974
-0.0445756408424846
-0.166865510568341
0.0324041696393932
-0.0512149090411151
-0.167364404721234
-0.219768705657935
-0.0559860319415495
0.0117689440171032
-0.0704656866647123
-0.0171363433871119
-0.121560362759768
-0.038071000793739
-0.0345732731284331
-0.0346622323569818
-0.139831273473772
-0.0329068251743642
-0.173898194436712
0.0157066058032863
-0.109072090645649
-0.0793119360877069
-0.0557543630671302
-0.0793651490269151
-0.134258343976074
-0.131659831587507
-0.0639535899411383
0.0247252711778122
0.0371239706902438
0.00778512660861416
-0.0789807137780887
0.0606104619371606
-0.0481639340993254
-0.143441039079998
0.00488296567467825
-0.0476083552867392
-0.0410273202773712
-0.0855756370919836
-0.0260283165941046
0.0219582148620979
-0.0666516977653252
-0.0555259148760593
0.0658170014595647
-0.0514337957871425
0.0886344686304524
-0.00595292935404082
0.00884341234308068
-0.136286178974255
-0.0756350614537643
0.0592523569465871
-0.0913984462656487
0.0520813905567004
0.11813983286298
-0.0983307937023737
-0.204323199100969
-0.0965066673006144
0.0214116295454766
0.0266542447713278
0.0361532586098878
0.095942820694252
0.106064517805116
-0.0251032526577685
0.0354198678788049
-0.0641450344383118
-0.0143361917145678
0.100223434307242
-0.0302235802833613
-0.034231380132039
0.0440070021966804
0.0534148744115984
0.0342046800617161
0.0711729668432746
0.0315212522679571
-0.135418938242044
0.00607900749571377
-0.050391400445764
0.0270837536159727
0.0277767908731277
0.108839204872671
0.0143897354931509
-0.0765753287789838
0.00451252752853827
0.0259076994246306
0.00134168379243831
0.064735818748591
0.107974230681703
0.00276918929651871
0.136662375206263
-0.0720959453788219
0.0328643037172266
0.131572086291773
0.147109403538433
0.0790417352214466
0.1460114414208
-0.0433698344294209
0.0947476503418347
-0.00354645205102943
0.117417238763703
0.0798488343986216
0.026978815521608
0.0787830999153713
-0.068744632933227
0.0425754364253025
0.00587229846636121
0.187271437079304
-0.0131905235766572
-0.0164006786907973
0.0145251083557718
0.0365826651786089
0.176778621630717
0.157198380375592
0.0969438015254981
0.0692672888363004
0.208920373601712
0.120424905531446
0.134354576230244
0.128125593572765
0.139343055138073
0.133331116581293
0.164966355971265
0.193173070429482
0.150618695391217
0.333722987634149
0.104476030418564
0.131765092606005
-0.0948271186113619
0.0278060948518167
0.232602969938582
0.125048298800452
0.27524776389671
0.170151709538939
0.0348908278972363
0.158949258479442
0.119135175757499
0.145762504612241
0.250889682696953
0.204016593730469
0.0614577450888304
0.0486897415638582
0.133328835246865
0.288043134089599
0.0583885471124485
0.1137528273864
0.106642537743882
0.265497373426097
0.219320967453654
0.305200823405565
0.0831366616151405
0.350053891685671
0.285171766466726
0.116527067042669
0.17033561975444
0.219951763155031
0.21857843432167
0.0930497878229643
0.211005008895718
0.131604283613904
0.229357381062106
0.10557303189004
0.208251949162591
0.0759074977584556
0.325882155893364
0.316476962271264
0.220462414973311
0.290995035963188
0.337637056506653
0.154981274550453
0.289127043871178
0.190969009662665
0.287172428509065
0.335690689578424
0.197190310178546
0.174301281253667
0.0990669716972386
0.299109252845171
0.22290442831905
0.262113403613066
0.223754324512532
0.194754797731113
0.251395092273974
0.141501665970453
0.123032186020885
0.277008937312614
0.259498700697477
0.308291765532286
0.404785418182884
0.280649773251667
0.323695864748383
0.24036834217052
0.270928701064567
0.246154973211176
0.290844241143094
0.306012642829439
0.346403396522264
0.315622259748257
0.383059726961632
0.143174245981132
0.349684727121668
0.355870223343661
0.259721660073955
0.330520188389853
0.235760027696811
0.309855374728393
0.332689229593547
0.290292351848667
0.355281215444473
0.253946308540402
0.278692035100751
0.308240655767934
0.371977821281828
0.370004877510895
0.286947900176162
0.275696218777464
0.358010698707752
0.334960155923192
0.267561220699154
0.308691093144337
0.327391640717456
0.211719686680323
0.334637939245638
0.335224531427355
0.363752241478765
0.444386892418013
0.363518653773005
0.383113387043953
0.296182263509667
0.260058051166306
0.244790740933219
0.411454881909318
0.326081874603407
0.208638919202843
0.364402606875358
0.372132030136555
0.261601059905715
0.389464580421565
0.400931472168785
0.325525280241292
0.244116401735662
0.399736198949848
0.45307666428943
0.335759884653843
0.22113589673134
0.304918800563552
0.311052706295162
0.346358361610325
0.481130263574389
0.514725080995543
0.251474521157731
0.345357589542907
0.200832234355066
0.488272866720958
0.345577757040092
0.295743379604246
0.37248827565318
0.421220607045787
0.3790190732461
0.501336610347393
0.291638779883641
0.521263505032716
0.435770954139354
0.363574144677927
0.474946939998477
0.505484463752022
0.216028925369275
0.411939336409053
0.463039375245312
0.433212601228638
0.445236505898018
0.605971458263959
0.356031800223847
0.426555949637617
0.409608573171645
0.387350816876679
0.481390862412688
0.438103228646062
0.371431764332214
0.385466015578751
0.246667196658801
0.488781138937962
0.418956731921889
0.438934716396892
0.407246154838716
0.401225788028482
0.547886248534224
0.337886940118548
0.317124268823261
0.352424854064636
0.321862617315726
0.441885422508088
0.376217322497253
0.275266937669091
0.451897668609362
0.511124919675982
0.403685503057102
0.535093364606991
0.536322144727703
0.556021439022996
0.496037189394228
0.440397910769155
0.627750724176571
0.383764078774843
0.560914064087768
0.560375516089287
0.464021602436284
0.444979240606505
0.461100322317292
0.549849125715208
0.505015379686009
0.579346489860716
0.468642641990339
0.597539354782765
0.549401015338934
0.533390103426783
0.521079544496571
0.602426373721357
0.648357065901783
0.599017421178584
0.485160151936241
0.4903645683921
0.512518280942215
0.421879782593672
0.628411597590947
0.552069040392797
0.70352995385017
0.597351477736808
0.458531638934509
0.492470014353568
0.648689718605294
0.506748686847435
0.38414835548224
0.594321686863948
0.548620250337348
0.602669629479618
0.492212897814596
0.633072945945873
0.71559659461506
0.508091506985468
0.585907892082145
0.419675732708424
0.507846153696659
0.682055295499146
0.666078128549295
0.652906037719834
0.566237640606735
0.675546828296123
0.607066767330939
0.766408625484638
0.585048531191405
0.469328821835468
0.477193292187437
0.548237994343859
0.448602242137206
0.657521973220689
0.544060139590238
0.432724193363829
0.681138349673414
0.466759199890229
0.600770021781899
0.499074946991894
0.601272227311677
0.609940592055355
0.48074161118682
0.754181682110764
0.575111603557493
0.592375124783448
0.721899698663071
0.594925717305626
0.580653248942596
0.619171538498302
0.568952114274535
0.61921822178157
0.519450823747228
0.593616804014292
0.691567895574137
0.555416098260779
0.656868315089134
0.53907612875045
0.658872062234096
0.645012313331501
0.71278431211191
0.699214919651144
0.771923805263029
0.669632012018015
0.6415734935293
0.728668078377022
0.677565084098758
0.737311675815433
0.630625634486537
0.778309755560674
0.643262115108792
0.692910844974516
0.684679140654839
0.714088850941669
0.849662771266028
0.756918988661935
0.701236178514711
0.629341277458275
0.706864034820606
0.611420890162191
0.651592698042169
0.640615501432702
0.660166688843206
0.721329253414222
0.730518831249354
0.542582575674535
0.705552108096164
0.645002316690007
0.733447181486368
0.820237335554971
0.624672774995327
0.786457873524604
0.738401196636641
0.876803115023004
0.680953788439992
0.727940926832298
0.586656367586515
0.770722913435713
0.67867945690946
0.827514114762851
0.664800170907721
0.719483453934073
0.786430840164093
0.831090988168879
0.697559090380637
0.72152881841429
0.810399012772053
0.702978328472054
0.765046779372679
0.761436707306036
0.736438155938177
0.806939737643843
0.724415989448435
0.826316414157552
0.700488924633475
0.786444631783795
0.636151300080341
0.691773379343318
0.680000770699202
0.789517543128071
0.872959406378228
0.848249863948988
0.668656284976623
0.747776220174565
0.705206126574987
0.859043883654671
0.690967990457155
0.788449820263932
0.77657733639347
0.69422251642207
0.748995253982038
0.709123432720833
0.637088870220379
0.925299101272614
0.662794638858848
0.753661599559052
0.834310023156586
0.727443452750757
0.753015966593809
0.726018685177988
0.789098578349858
0.725743088082561
0.907201160414403
0.896131354156111
0.743473837577835
0.938415600946932
0.858470761519155
0.961151041639182
1.01263999527735
0.819676297862828
0.812437076307221
0.757250981768435
0.835071319745112
0.799980282951846
0.837435568762607
0.814165202057134
0.975642224365921
0.77921593715974
0.781505245049542
0.794960391055584
0.906488194115628
0.8177015682531
0.888548250651944
0.821140134868029
0.920586559980907
0.892557376627038
0.849869995087337
0.801227159387461
0.807269864262063
0.794851740627106
0.838120348725062
0.784033229833495
0.829927915934685
0.920335563023687
0.939742419779439
1.01202518839735
0.78045208415718
1.00518780742037
0.717710155591758
0.970771352747019
0.986366589901791
0.916734036324751
0.986530860403179
1.01848654019993
0.871139787115464
0.859722474993729
0.997762681726601
0.891969091155954
0.916893330011403
1.03253258444654
0.993567044389086
0.92377811910248
0.891542599256895
1.07345612184164
0.961959671221724
0.963643859211921
0.955525404676578
0.949789638259404
0.934197313959576
0.954330358714028
0.884685562881958
0.995131974440158
0.841251362269488
0.90637014351393
0.913627465259709
0.896429030865683
0.863128988181152
0.884069938486316
0.774578075653905
0.825413769066373
0.923675242170789
0.965395604939032
0.926649297281206
1.06248255002593
0.973338021189987
1.06276087794063
0.94984966418109
0.965846736324403
1.02268788160601
1.01952804530547
0.986731181890948
0.906408203967899
0.9432339327902
0.938871684759522
0.958596419122561
0.924046240038806
1.06227525376315
1.08432815224838
0.859536744839537
0.924332657138771
0.983787306606786
0.915589883929747
1.03711468097011
0.946026699683818
0.988469504505122
1.13163015119299
0.937932304353774
1.1242906384308
