-0.908402926792099
-1.08890361994784
-0.982747918850427
-0.899305113518782
-0.948924918596468
-1.02475226670746
-0.990725017195356
-1.06314574096581
-0.978117717605065
-0.894946810093099
-1.053226675665
-1.13287130609495
-1.00727104400537
-0.938843319421483
-0.948503648139871
-0.917296973298558
-0.905061909536929
-1.07655679182575
-1.00366161696717
-0.731520109112992
-1.0738789303574
-1.01044140148469
-0.854004682444272
-0.878633603604571
-0.990446754457542
-1.00971852237494
-0.901522818121616
-0.806349733705556
-1.00067544503147
-1.02237230388465
-0.841705361491135
-0.838594072871677
-0.96320739706906
-0.948745799209802
-0.950985017154953
-1.10578374130245
-0.813861202174742
-1.00162553301568
-0.759228487703864
-0.882344565044573
-0.928756929617335
-0.91950317749967
-0.961618714556477
-0.865404114327751
-0.996008774416111
-0.923867769508269
-0.839626404154734
-0.920401832169278
-1.08079051886041
-0.97850705120618
-0.915250837223369
-0.899249897709749
-0.838907255050196
-0.954662992715379
-0.750865274610884
-0.835586202713315
-0.807259208838263
-0.859152213108547
-0.901841243266203
-0.867593251415715
-0.868376589023273
-0.879194626003308
-0.866597019112653
-0.914496425636134
-0.7699036596276
-0.927660049844375
-0.861918898162701
-0.906332931122782
-0.776400297746518
-0.790964802767028
-0.773055261027885
-0.76262926754605
-0.704940884316026
-0.899538243948604
-0.851906249128521
-0.800452840436466
-0.839317806457725
-0.679255494638267
-0.950373390484976
-0.729473971770241
-0.845906250277564
-0.839734537283758
-0.814822328524597
-0.76892592087435
-0.841055434632555
-0.784784353679183
-0.937514788428072
-0.862076230124981
-0.72602061851903
-0.642662385660036
-0.837377286466143
-0.710983524222086
-0.690363092175076
-0.888394814177237
-0.814551630750343
-0.962813367237529
-0.703732561436448
-0.810389252313377
-0.749749282193148
-0.778811284361847
-0.707146150662582
-0.852935825018953
-0.691505388451988
-0.891277669290586
-0.766287751298579
-0.738315269036067
-0.667220545587291
-0.669944802175097
-0.847850922480221
-0.895220088088016
-0.668096327865402
-0.822388647908385
-0.691154458987349
-0.727502203160425
-0.816056379993184
-0.782424239134079
-0.759103455783079
-0.740272376907361
-0.596414590779404
-0.610545031325654
-0.606405525418944
-0.676553717746084
-0.789937802551816
-0.71757028708281
-0.832570291819593
-0.78963154057057
-0.562527099515946
-0.725127918088539
-0.740048884684672
-0.613499114043652
-0.730526923271692
-0.825652116377283
-0.574691987717187
-0.856281081110966
-0.72160310686597
-0.713581868265536
-0.777297943506099
-0.648773883994322
-0.779770676479431
-0.797272480090462
-0.7888078075959
-0.722166926434509
-0.767669927495357
-0.78259871083381
-0.746955067656875
-0.736293685773131
-0.695467362428174
-0.700959184930567
-0.775743965764266
-0.705526587919888
-0.563525276335639
-0.751878066026607
-0.63849724217627
-0.61629626622067
-0.600258058190643
-0.518058136233864
-0.653912007083315
-0.630088330220968
-0.55479803597371
-0.611993398354953
-0.726150103464332
-0.670539157701242
-0.694491095549684
-0.828801452545563
-0.677689212320791
-0.505646112038973
-0.769042362777571
-0.700443192038319
-0.742701653917661
-0.782067419265344
-0.673766285725735
-0.734786692332022
-0.724084933522053
-0.728773920406506
-0.690655506610154
-0.699120478897283
-0.694478783846201
-0.658238140911621
-0.752906782728824
-0.752121583479977
-0.44387509139069
-0.536961014375677
-0.534403414789529
-0.551452147774358
-0.721821454223035
-0.56473162433187
-0.482504960558617
-0.56451971164471
-0.661702718940682
-0.780347289506473
-0.666200452683393
-0.655504177468968
-0.629653551124296
-0.557782840180951
-0.588210058526874
-0.799403717288792
-0.525478219085145
-0.681126635882137
-0.61028935533435
-0.693542181807241
-0.663841536225553
-0.72409817299231
-0.599248196534796
-0.684198609460786
-0.706081746278593
-0.642107130900711
-0.553926395507136
-0.543865134733325
-0.716290096444631
-0.468283022004565
-0.605135842594867
-0.439423457781069
-0.528321468674709
-0.688698214760193
-0.514756129115591
-0.541332288459027
-0.526920834204434
-0.583368528821533
-0.640038810803736
-0.531809234231917
-0.688102013650861
-0.478237804801441
-0.600427965290242
-0.578584230555076
-0.624334967207487
-0.498389676475736
-0.465623684109217
-0.536984358869231
-0.502402119174535
-0.631251733582632
-0.460088591418834
-0.6095313223685
-0.674990289020668
-0.561572690620897
-0.514613063911375
-0.538907032374156
-0.543080867865657
-0.521493380638221
-0.559523271472666
-0.479180505358031
-0.468570710329
-0.575852618085596
-0.603917815660074
-0.631286826827416
-0.687217701796529
-0.508212668396663
-0.476378577472123
-0.509363745903236
-0.48437551612536
-0.461628989760398
-0.365463628097903
-0.508664541063423
-0.475281141476195
-0.583318797843249
-0.37920857885472
-0.549946284136821
-0.558297425472515
-0.564957253126396
-0.490776847708981
-0.493185478313096
-0.493159833678218
-0.361984822561852
-0.446565274319792
-0.575830237469564
-0.381689373581802
-0.36690331652923
-0.393566830148882
-0.414939590306117
-0.546908042163426
-0.519628777688314
-0.531821737694242
-0.387378453431617
-0.358061215513315
-0.380975051328298
-0.546355692897421
-0.240052488983371
-0.440204170809025
-0.422231998146159
-0.389771309751398
-0.495406504316864
-0.399713258183503
-0.481228082143251
-0.354085352449176
-0.392227702351252
-0.36158985006023
-0.394307447090092
-0.404738994668429
-0.266595953411391
-0.54886515942234
-0.271225388780959
-0.412540118368129
-0.396463313987129
-0.408350688765647
-0.457729481639971
-0.335060749299312
-0.300564609366839
-0.409277795888623
-0.35460416095879
-0.338408288334315
-0.412795238548273
-0.17904620028022
-0.327150207103256
-0.471436452089072
-0.287183550008023
-0.265670782879029
-0.323325850552712
-0.438775554718726
-0.441438870416878
-0.359361386578307
-0.424013741612442
-0.476492317853225
-0.438468937597965
-0.356479387688391
-0.418379991087236
-0.415765016184207
-0.295025171160618
-0.34457303983841
-0.376143887967979
-0.267534839388395
-0.308268049196279
-0.422652722841655
-0.47717690597027
-0.456009795262958
-0.271872085904155
-0.234454938000268
-0.373249961619083
-0.314179443605234
-0.25962594357883
-0.375378482798853
-0.331956031996409
-0.336100628772337
-0.323202636186187
-0.255571378365297
-0.391173753317919
-0.344867516215756
-0.220154891686895
-0.285725990146603
-0.331506734849799
-0.324738825925182
-0.411293214631848
-0.37478717614563
-0.33670915306989
-0.257203387606434
-0.369433741968289
-0.339359178869591
-0.281317519090606
-0.197678673296785
-0.245717137546287
-0.318265839552844
-0.267828816033501
-0.245246385874356
-0.240854297522211
-0.298337945004096
-0.221969423821256
-0.235181496982169
-0.27512641476627
-0.378229067626232
-0.18933554940212
-0.297581385790288
-0.315875569338535
-0.201854872985783
-0.357518114684691
-0.247539312894671
-0.394503705191985
-0.336699482197209
-0.206540748179488
-0.306959559987341
-0.366319007395434
-0.275870003176504
-0.11690506479607
-0.208715936905915
-0.307928931814533
-0.112491550835017
-0.153163366804724
-0.341987786480371
-0.309233406446016
-0.174436572134094
-0.342595657134892
-0.268860931938063
-0.263391541391664
-0.353273504835498
-0.262301465826083
-0.277784184048879
-0.353901751400639
-0.186327198110722
-0.377131310500777
-0.181911179941481
-0.452487784570092
-0.256831059268703
-0.266890782508129
-0.265114334139839
-0.222363896519073
-0.118998360147234
-0.254395081885989
-0.285943924578008
-0.199316430654457
-0.162790987578426
-0.230838162877365
-0.133550241041451
-0.203351138636187
-0.221956790641159
-0.0425193052926816
-0.317545424092357
-0.206125314575976
-0.18528277806061
-0.248003966588172
-0.0516866399004151
-0.212577978002939
-0.272517888982265
-0.199593702467598
-0.184074409092124
-0.344560621534267
-0.199492078862539
-0.224267155397387
-0.226822207161527
-0.118698375947976
-0.219773853707214
-0.185921181195578
-0.12234539672508
-0.192019278432751
-0.157327184954421
-0.134409094653195
-0.173601282529717
-0.229897125973853
-0.230300328370148
-0.134179045568155
-0.0571781801607027
-0.0301584262527134
-0.061416145976962
-0.224190956273471
-0.260401198835782
-0.0650479411821303
-0.195385836237379
-0.224689552304932
-0.118640460556063
0.00623868139692002
-0.29067567215629
-0.187844848190457
-0.165108207792742
-0.169170645734219
-0.15898925032934
-0.33613987716062
0.040609858829542
-0.0729634925798474
-0.105385365098568
-0.0464127043134105
-0.162344217869381
-0.183539904224616
-0.215854172391474
-0.0265023678722273
0.048211695345458
-0.00291892086260973
-0.16677719645805
-0.207196240874046
-0.0246453130931228
-0.074796020737518
-0.0213540110815542
-0.0714334623550027
-0.224320806537269
-0.128733209830618
-0.113265048027534
-0.162691996943317
0.0242438410875286
-0.131755930653978
-0.112272734807116
-0.133967772427088
-0.00234790071514498
-0.0267244708649259
-0.165006768609174
-0.102536815922277
-0.0277761281819329
-0.13968850888921
0.00719924739252949
0.0432445888240377
-0.0831457323268492
-0.0895206274434581
-0.0163722482699641
-0.0528727321592078
-0.200452870114731
-0.00118759530552726
-0.0536607085954543
-0.0897549255710829
0.116471719064234
0.0279199614694588
-0.0946645040515198
0.00446490641079164
0.101638722246777
-0.18411417712493
-0.0181037116468868
-0.0870356436438094
-0.0906147100206574
0.0832605503076561
-0.12324517322123
-0.171170593988385
0.00654106843160312
-0.147168566576712
-0.034567909475075
-0.0426186129216236
-0.160727006314363
-0.0924680138735304
-0.0585502035171209
-0.0790522806959255
-0.00842588773182384
0.043351247303857
0.00884509714602863
-0.0326328527613627
0.114702763275622
-0.0790737731332241
-0.0691328356156764
-0.0139029796256199
0.0773347947440175
0.0040919664366191
-0.102879693204864
-0.00729429815772004
0.0832721672343054
0.105306361231182
0.0300684868596079
0.138374787069401
-0.0199928626268993
0.000593297746069479
-0.0583019045268458
0.0570598763945767
-0.0187793783638305
-0.0541733051423903
0.259124574644742
0.172775725582602
0.12232064133487
-0.00790549595904467
0.0398256339135248
0.165129496277217
0.0606813144285491
0.0139068734339993
-0.0367029768653293
0.0696744312687512
0.234338559207175
0.169885721602226
0.00499056223164925
0.0434254524224205
0.0826973786321795
0.137436384697644
0.0658426658235158
0.030204691255173
0.19217097689956
-0.00810360795182204
-0.0171305341159394
0.0954500359305136
0.0647683485186625
-0.109415538161818
0.0131438029113026
0.213517221183064
0.121373802885797
0.149488759066157
0.101188583533217
0.224306575231245
0.195088679697229
0.148315605602726
0.0526268306208154
-0.000112111415084627
0.135378061989282
0.0634982176471076
0.109838930450347
0.158665613209239
0.133911025259735
0.104251469748684
0.149768791155091
0.071445189293172
0.0801987868935982
0.248331531466704
0.256421151370092
0.210922213920143
0.153504437619689
0.153752221283537
0.211665142519802
0.2998278982079
0.233946329884486
0.273407354161479
0.158598579494066
0.144531015701127
0.142234447406253
0.180115461861191
0.113597544050268
0.176861658000858
0.112154690866868
0.167511578635779
0.0917034935610626
0.214625260363978
0.10487870376596
0.25166887853
0.0266470742246418
0.343902676623515
0.107351675648814
0.239529154303833
0.161796990462206
0.238022535369343
0.237657109276158
0.166697933134524
0.179542515906436
0.318521155400271
0.248304845414966
0.0834148112034498
0.223700890417603
0.163232228467722
0.241101437556471
0.273662450324659
0.277365489140077
0.318814428509227
0.250805607562805
0.120006839684996
0.222245273993855
0.319959625936955
0.231382490455569
0.427952686194163
0.18052497766323
0.168622661491045
0.182760759450798
0.21552459843453
0.114729058870001
0.379743096184287
0.244958347008221
0.264357708781891
0.176650264014052
0.322239688738045
0.231500861402261
0.133999373750609
0.192632146002132
0.340402525493825
0.214517117153564
0.206637163080887
0.172733737306324
0.358642845344547
0.399335872267297
0.330533915738272
0.399031225477193
0.261109707973398
0.206088753596799
0.286550018018528
0.457597363842448
0.163702251078769
0.230629907705179
0.238029951220184
0.240547092136508
0.155520754555542
0.205194949947412
0.260370419840039
0.266146685868235
0.331959671829807
0.211277792624434
0.286748062079409
0.297967870899342
0.230618705952634
0.387799188069736
0.444493885180527
0.247891914414692
0.414643115494689
0.256124007839837
0.412430042470858
0.231188805024807
0.412714091351471
0.311802555621221
0.348856034553389
0.115338057987968
0.451120448172533
0.372882186621092
0.348213434048988
0.339090554015883
0.225941287631891
0.268375686147593
0.28565246510454
0.304293762598307
0.349969727106249
0.196750976025651
0.304569938128272
0.26110479893836
0.352312959108495
0.305009368118286
0.223735324567812
0.349809457173788
0.48963472401137
0.293040210731401
0.379662545616613
0.32886774386876
0.290543272368955
0.387246058813708
0.437789704930462
0.508791569754403
0.252616512022795
0.449941049767245
0.4560331376419
0.38095900484431
0.407960395953863
0.426984290026048
0.445649186580065
0.370371202777248
0.459270610795377
0.492429849969312
0.475824074492736
0.301633676658031
0.434911179258949
0.557656690316107
0.415862482308907
0.376121317257117
0.379781887188653
0.477791260102375
0.642383299551781
0.449733361589348
0.491947834027237
0.338181701047063
0.228033875475219
0.334107105320931
0.360806156308589
0.506021037635796
0.309877842740922
0.443188468784885
0.277712628603043
0.433006932312399
0.433542185650919
0.406088410437305
0.519923382948569
0.458626584008457
0.645678711216546
0.548147333700719
0.489787069357382
0.608844910158445
0.597115447133249
0.410960472334684
0.613497954512223
0.417862107320661
0.433367928403654
0.47950178722724
0.336854038536432
0.442304090557201
0.54076729538151
0.650023304808756
0.718460718771357
0.381097152021629
0.475560956462716
0.417733427377868
0.591452541846052
0.465498968232256
0.48705352945638
0.42299643775673
0.319193930174389
0.448294056972544
0.404776372679396
0.503840937586059
0.565676210460091
0.507957140464657
0.518726831289105
0.432663128387692
0.625260993139465
0.449331825946193
0.461041465493769
0.414068490136331
0.525886905930415
0.442866400764889
0.338968618422873
0.59829651680371
0.548299854533479
0.482606028399124
0.579562158312855
0.535641302055945
0.452623150215721
0.400753020665502
0.527964926830206
0.681333301583565
0.608969507879453
0.470557202383226
0.406798986686889
0.576895828542936
0.501329297470083
0.600352242212247
0.598680582908497
0.484014291035412
0.625619837185776
0.598349471061286
0.566302497541968
0.541388559626644
0.690342879337652
0.499827126969212
0.478884240153572
0.599173480537151
0.63096855080214
0.506085351385831
0.574862884832797
0.565302796182048
0.316138433294825
0.663591011167185
0.473442773466133
0.345047212409724
0.765649696672926
0.63482200516884
0.591802487305448
0.540586878542178
0.471887332248118
0.655646084184262
0.551157624776609
0.659837665251257
0.619591233299228
0.634844703930973
0.639024643556569
0.693721573736104
0.637966551727293
0.614852040550729
0.661809080292128
0.573856621539839
0.676607673485947
0.763081665986447
0.563694835487507
0.489780293407654
0.510525704446579
0.755536775864639
0.660392754483504
0.714920314402101
0.481239893142934
0.638458896825083
0.53276514705466
0.636603393535908
0.544724070200035
0.600745450755026
0.649188968160684
0.718764856613912
0.653981102889077
0.724203290434047
0.658622216680808
0.591654395103433
0.570516877256618
0.533928410364481
0.69805895204221
0.869065199538308
0.700634851687696
0.755323192345613
0.602871452227944
0.757400219795916
0.774434695607017
0.552097942324401
0.690884616041983
0.621244529279242
0.62105842104868
0.62957485330728
0.738382699659116
0.627891049405119
0.647470323168866
0.666424351879027
0.545676236022887
0.614921215705078
0.755693676679754
0.543895326535271
0.8337162548338
0.650002882812865
0.705066176544954
0.586484821561442
0.777985204295627
0.663664543822416
0.71650559826965
0.816805137853404
0.685961147255907
0.795735346687868
0.713740517048406
0.686035388871878
0.777336889778143
0.845456102059739
0.877732719495595
0.595996279432242
0.679735796987714
0.799570211600126
0.866864429032987
0.728470231581146
0.657119183483814
0.65883513013894
0.739755576018372
0.728530082371992
0.649007821008709
0.686292563844264
0.698053124620196
0.824324265447149
0.700345832400071
0.724157589198063
0.825854170511585
0.847083314461087
0.766162195091655
0.737955970958918
0.688801070652812
0.707560205574721
0.625389648324154
0.746179303909488
0.604257796962477
0.766109806861995
0.650543324437244
0.88772758366429
0.905516865029649
0.80639963929749
0.898522166711724
0.775782572405175
0.82615151584485
0.777856232417068
0.709594207503874
0.714016139312448
0.703498756243218
0.735288199098679
0.695839469824036
0.681467470492292
0.662029324679198
0.796518269160779
0.674984606873862
0.771634732037869
0.726468450473446
0.758620151629305
0.734456507196183
0.747777998748591
0.812496564895404
0.859455930363041
0.814251362220532
0.797668561598239
0.719821904127343
0.863237542376275
0.922623485107656
0.973223958494914
0.822138767451925
0.806058181301997
0.875460314831968
0.766238857319646
0.944330261043235
0.799723286562782
0.824320141025427
0.895879982266837
0.964276419958815
1.02026994304193
0.833777427336956
0.803042623226134
0.804510727104895
0.721949821929433
0.784722681414854
0.896207242636928
0.938377245921558
0.911191108411411
0.981868611868693
0.762944088681245
0.908414785948644
0.892585872189066
0.723011131172609
0.763504595130796
0.904833395341116
0.821049638325726
0.893387022308745
0.979599146603548
0.898734581022364
0.937287788992799
0.872643683137843
0.897045032940132
0.887894357032893
0.936870575519098
0.88325781700537
0.970257872305987
0.864835469415547
0.883707359500587
0.960310338742103
0.788826106147548
0.943888427899189
0.916685002375573
0.739004822187305
0.748468716490424
0.909503920411736
0.830289693708453
0.928099621219991
0.807910006195103
0.934215570134181
0.89709085107939
1.00477354249796
0.92035285277565
0.963224941712148
0.917831193664985
0.825056723129011
1.05724879596838
0.964478940229271
0.942300862050005
1.08864122309553
0.898768136923083
0.887412469430856
0.968304552416865
0.984875995513857
1.0038984644018
0.868861516726278
0.959167693016437
0.997424246372758
1.06174480119609
1.02053142628791
1.17395082646962
1.06458001442465
0.963970199207952
1.08414868819297
0.864477524055403
0.946919632134868
0.979221222555265
1.05993547741775
0.961145283826498
1.18275213172038
0.928920005632211
0.996506934966836
1.0396279635188
1.07910527319621
