-0.959842023671255
-0.99593596508333
-0.960441020315296
-1.01802243409266
-1.07793257800466
-1.11133174875254
-0.92597246761872
-0.87744460282502
-1.11632576910463
-0.813232912356852
-0.995845696800498
-1.00898727345647
-1.0581785957728
-1.00240077868912
-0.92770605243356
-0.921681193658574
-0.927300189826653
-1.01492068077013
-0.994778213782444
-0.946068846963327
-0.771656974601
-0.955844168276424
-1.06463935489631
-0.923586893108449
-0.867913053416364
-0.89387356204822
-0.984571388192342
-0.975008374767645
-0.857413218451152
-0.873895097587909
-0.970933154958592
-1.07218319567058
-0.990036108275036
-0.983829978617
-0.873418009059111
-0.830929596104607
-0.936485430433389
-0.756476443655593
-0.930197121302513
-0.866389600547525
-0.772587718033368
-0.843716920071006
-1.04260362180545
-0.977032415593293
-0.89060495635286
-0.867115948730734
-0.96782930374197
-0.903524988597751
-0.935363111752411
-0.786164184671299
-0.962832525729132
-0.98976024632715
-0.938762120325073
-0.901041893343074
-0.905321361183083
-0.879245292578516
-0.829839381216437
-0.842016322880533
-0.947259546094992
-1.03634558061921
-0.841562742672539
-0.988883091814303
-0.795449350026633
-0.773982278618709
-0.782608386869671
-0.796813050079762
-1.01589870031333
-0.842044432388049
-0.819311211449289
-0.792455136913484
-0.853676268968346
-0.902318280423346
-0.984856051367512
-1.16998344103305
-0.85403266440312
-0.832441604465622
-0.894835801859524
-0.985300047525572
-0.766753974781097
-0.816312125532916
-0.794757125672107
-0.853550937392901
-0.94922032260716
-0.874619733239195
-0.65161695296283
-0.791713903722528
-0.91743931244189
-0.831223967266898
-0.878497249024602
-0.925350068271987
-0.891781526074421
-0.748643243276415
-0.892177336655791
-0.727681315879255
-0.808461242212321
-0.755191524907374
-0.84248202769796
-0.716787336557125
-0.762053887057318
-0.755441213958468
-0.673008895989538
-0.749275851467577
-0.926751412829392
-0.861690781516993
-0.880868045107881
-0.620988100492873
-0.740776394503998
-0.749526587520361
-0.82472874768066
-0.645094288836023
-0.598147412460659
-0.700666488467294
-0.762068031830494
-0.961321070509185
-0.882916219135201
-0.889559688525891
-0.774248417513614
-0.745196793882605
-0.871563397815702
-0.749816675623984
-0.66779800035851
-0.903400090858857
-0.688293376383792
-0.817121577668693
-0.785530689450092
-0.703109124571125
-0.822563726191046
-0.619932349455583
-0.78844590461421
-0.768655089936162
-0.765033993839778
-0.759896257029003
-0.861927734064222
-0.679106514976519
-0.651715558251821
-0.728539545440834
-0.740416065149406
-0.723361460301575
-0.763511957895297
-0.763764710731079
-0.783653007763698
-0.662218296413259
-0.733068644272602
-0.698860459562796
-0.655691677206606
-0.597033846698477
-0.728318384038274
-0.676234069121722
-0.759717830214767
-0.596552269391546
-0.720169866500255
-0.784164308489489
-0.553858480950084
-0.7477371199263
-0.610018906004148
-0.654651836049505
-0.857677399941898
-0.617746095888972
-0.709628148947223
-0.583169895882983
-0.637130139420281
-0.673422255632035
-0.559707002021267
-0.715194996909055
-0.595464100069525
-0.685076939827251
-0.709599965242354
-0.619744658526469
-0.728582422466315
-0.617568849578039
-0.713765887485387
-0.670382996069536
-0.594001511113839
-0.704481907476315
-0.575714197846793
-0.550143909482326
-0.627463371439767
-0.729494221401487
-0.769731981931983
-0.684270802297417
-0.664964869701855
-0.540031494831609
-0.546200626944555
-0.555778955771578
-0.641589041246194
-0.589049095916906
-0.692957849249623
-0.524102429213126
-0.588971071521198
-0.769873936102036
-0.545607189269443
-0.599112551477955
-0.624355327849383
-0.622527174308508
-0.44635685550038
-0.766195736972218
-0.586012181434046
-0.595901756827265
-0.742451874558448
-0.5691026298423
-0.51182442928362
-0.665631373390712
-0.448699039879878
-0.683866902360181
-0.537205672690161
-0.640665027114218
-0.420431149409841
-0.598958808578026
-0.618692285491843
-0.630552836452109
-0.582065580068571
-0.734921858076494
-0.541591695995298
-0.541007609498371
-0.600834247533143
-0.536759357810422
-0.599667909752542
-0.533676607566733
-0.572187636016353
-0.593100213652111
-0.743571587035281
-0.647132622200527
-0.576332286288004
-0.49106924159395
-0.597923108839109
-0.617398846039141
-0.509719210097924
-0.547314373780806
-0.615503672866485
-0.615599348086287
-0.517468049856504
-0.545535301787111
-0.603482487591833
-0.628957807811194
-0.557422346184543
-0.551220063901241
-0.495632626266917
-0.626268450840516
-0.401745484311792
-0.473439346259515
-0.509636120440992
-0.520394534260666
-0.566243785996457
-0.538510069855772
-0.57656294038761
-0.568934486252678
-0.502846281985612
-0.598328143502529
-0.54477324500726
-0.467446109474082
-0.447348144125621
-0.525830123558692
-0.432170558448983
-0.430251395950762
-0.417505118297362
-0.447061541190558
-0.495309340431212
-0.427989089875621
-0.498379871116567
-0.598591667791618
-0.435052826105622
-0.535638674948737
-0.514801738202837
-0.540590797384479
-0.384491843374225
-0.263460853382441
-0.394113959146239
-0.423367887976415
-0.5593547663554
-0.456704714495788
-0.630076422266227
-0.466425107450456
-0.454589359397126
-0.414317911274705
-0.408070439918595
-0.400900714248996
-0.610241032704311
-0.445192664236625
-0.397122962982699
-0.369635976099651
-0.500007433174154
-0.346213611529095
-0.484783135098276
-0.625995087807285
-0.330116434808768
-0.506946215079754
-0.440924826050874
-0.445272793985826
-0.382180155024217
-0.436078306812234
-0.430632120057918
-0.265485871233816
-0.443186148940179
-0.377015022896422
-0.430693189443635
-0.276261401211967
-0.263251291230299
-0.445171751645376
-0.322760959039642
-0.254392209944686
-0.422266787617652
-0.325430168991412
-0.350443690075495
-0.253618386477155
-0.330505102952561
-0.298795515169583
-0.477314075146561
-0.447887562258382
-0.288125238805498
-0.497067430569512
-0.328746601012028
-0.404567391250479
-0.433220024380116
-0.38613550508287
-0.353233783003969
-0.3579210500024
-0.387074472844547
-0.405500491412845
-0.325820369484505
-0.434642542563589
-0.261974615027882
-0.421036406881293
-0.386129819499796
-0.455765132323399
-0.269997306267327
-0.443228808422201
-0.485077955095245
-0.262463480024882
-0.382055006630407
-0.24031861736666
-0.364575091031305
-0.455427722933324
-0.266031510940765
-0.512283277051734
-0.327666865912596
-0.162656305981097
-0.313761057170776
-0.384692155247745
-0.246374591180767
-0.33865833479614
-0.129270092272803
-0.388101822605902
-0.232536438020188
-0.311618858888251
-0.42513141330168
-0.233231902955179
-0.301637375781801
-0.289216838712566
-0.337548580432032
-0.337764088453124
-0.0550098660605685
-0.372721181965124
-0.350790528659994
-0.326094987149202
-0.214988880539909
-0.243660598111252
-0.366198899428951
-0.206497023231785
-0.401954095094868
-0.383596169665472
-0.272776710332204
-0.271464057695801
-0.38087574380999
-0.138628991490957
-0.243848497551555
-0.252330459205153
-0.232165503747606
-0.224590868045104
-0.233392122233762
-0.32124222933559
-0.300252816130907
-0.233378376395149
-0.267200333187368
-0.203262332586469
-0.330046968109895
-0.170029068886719
-0.256884537488751
-0.294121686444098
-0.302481514041372
-0.406570766016019
-0.320505123843543
-0.170678163280854
-0.163988115975381
-0.165268248871096
-0.238617599449388
-0.347600592519787
-0.304064411171488
-0.286999680312423
-0.319908731430517
-0.16361919805452
-0.264984523783477
-0.272678502793615
-0.141592562953935
-0.101338247122549
-0.206512093187817
-0.343430967633751
-0.0539428400463227
-0.165708835631813
-0.261141490199725
-0.375709885184165
-0.281746730534152
-0.268329010947541
-0.109069300407178
-0.225680187159047
-0.346491105730729
-0.193416014871608
-0.209237907739705
-0.206791063179735
-0.0808789707109413
-0.190295701806933
-0.228727301822844
-0.145089816822846
-0.207347772325501
-0.141238691088407
-0.262658524886809
-0.305374414400538
-0.0560310272123819
-0.237164563311575
-0.155692898899543
-0.193000680819391
-0.288643514166636
-0.110135814915
-0.207909846589485
-0.220156905701245
-0.0722637281373999
-0.117519736738634
-0.0613876107920992
-0.0992684382097341
-0.279818236992556
-0.112987842344339
-0.306407731669344
-0.0322024181366436
-0.103447717839475
-0.207975834517022
-0.148228250928713
-0.263012622621299
-0.190291338435322
-0.0642821581446212
-0.182550652722886
-0.147348711087315
-0.183778553422439
-0.193937525361297
-0.0522980427961793
-0.0521979932996889
-0.233748051148855
-0.089133884641925
-0.137410243615494
-0.144702917594362
-0.183176386653602
-0.2933347429975
-0.160834833043235
-0.149131399934396
0.00799612162986049
-0.0964683383490667
-0.108925642112741
-0.0713870226278603
-0.145365491766214
0.00375672312730446
0.0925486920218995
-0.0589747278698334
-0.0580693334118586
-0.0469193508387678
-0.213639340682109
-0.0280605388058208
-0.245962642201677
-0.0380902386169055
-0.106785755060302
-0.0903888547146362
-0.0260426951577852
-0.210436126869415
-0.0163407552782941
-0.127799681806541
0.0851877646817798
-0.0867190540772159
-0.0301858436808508
0.0536618700910185
-0.0897144953472035
0.026040038729584
-0.018005997279096
-0.053443056295856
0.0859888355394961
0.0936460465464188
-0.0386454846581058
-0.135985379607323
-0.105888304303528
0.0570422650689661
-0.084966282669545
-0.205161631731274
-0.116734605039965
0.0334796339562385
0.0313690898458579
-0.0760226565060885
-0.0555263559858249
0.0867901152694065
0.0548917630111044
0.092057518754589
-0.0869703955143812
0.00292671027612196
0.0622688363666612
-0.01390961517365
0.0616600247926202
0.0462405506039245
-0.0279017465944355
0.0583599038413411
0.0623567709569841
0.0438516253524795
-0.146283301563985
0.0476907984165248
0.0107254646891007
-0.155298523796708
0.0509798686388457
0.2305629764154
0.062178879166519
-0.0309366714302737
0.105960074637252
0.146872271813837
0.0963225780145848
0.00251688652000433
-0.140501552522205
0.120437743847623
-0.0167625174688009
0.136801050431523
-0.0612884052947185
0.0192768022176307
0.0917803407902208
-0.00890627534537297
0.079653888798553
0.0318678039570098
0.0319700108792747
0.108737890361055
-0.0313272585998943
0.0848432399669786
0.169670730531934
-0.0983569252725834
0.090129844318811
0.178583835368717
0.0335832874193138
0.0198018875095021
0.0857821531811367
0.134284733589468
0.0840631520780839
-0.0692831846639894
0.0440081363791241
0.115551358920222
0.172924308528397
-0.0893586368828885
0.198120455588914
0.0970175456335591
-0.048528329534539
0.125646714063462
0.152100562479859
0.197682375980284
0.146781579910037
0.0463589196184885
0.138685410182234
-0.0124391754579222
0.210769188670687
0.114837704586245
0.103163618988098
0.0498568471272563
0.0866798955628561
0.0115563359590139
0.108865971583049
0.10670484540514
0.101322236776934
-0.0724736949614321
-0.0290694439134668
0.113768493810289
-0.0051745755683176
0.0397934782207063
0.0314199942875825
0.285964999598459
0.256654596233268
0.245104020843448
0.267031747812773
0.11443959028225
0.0553709859381634
0.206682397246491
0.183473684454632
0.0921477230505025
0.0614536958423328
0.254099624485496
0.0415609554245846
0.285958352937633
0.175644027039784
0.24911827853515
0.297364915509782
0.228109554400161
0.12976291426642
0.270083540059317
0.246015309706599
0.186705462330771
0.317710039746928
0.0775310831670719
0.248984190296102
0.0636270542782983
0.109105243922427
0.0831897971240859
0.31457635710797
0.333964473067392
0.30089034184498
0.186981514444786
0.169847848696525
0.2579176180767
0.0806502106082626
0.294087325327454
0.221721957063189
0.290761347548525
0.175649919394935
0.0647461409954898
0.324366146546505
0.176060774595295
0.273861194449844
0.339680406233707
0.0870605122730069
0.256718746603006
0.194224155210402
0.0155747103550552
0.123248729236496
0.442806975620393
0.350246421774158
0.236239939981939
0.180335282046789
0.243090507971467
0.402382608368509
0.311268026361269
0.123352608074916
0.132578583096832
0.158193368344475
0.390978901347108
0.252434289930306
0.363912128158421
0.150203633467307
0.250610266036697
0.221570860089414
0.248285381103617
0.169119631151795
0.339327580922713
0.404972769963718
0.40019216346968
0.157507943470846
0.306153654876331
0.343395863036772
0.393152444485548
0.261451227511112
0.242966302829507
0.337697728922436
0.252205518912923
0.308712301714814
0.231170518583407
0.221735772447752
0.457596044842015
0.387924995998357
0.252004391134395
0.269724171543242
0.346341526752148
0.292299662720624
0.374295809371052
0.2653685454432
0.377299802723277
0.403668917470041
0.398891198987843
0.313663632350155
0.431996283674996
0.453957794298342
0.182956670376478
0.29239749721047
0.373418459120507
0.295110653003047
0.105007439865325
0.323098136771953
0.321202990061588
0.331643746796913
0.22118205124975
0.413403122111483
0.279859776963779
0.330111042572412
0.450633199269547
0.357981773347312
0.172207985454443
0.314502652024499
0.441062898787134
0.332944558558911
0.410695330107782
0.318598447550364
0.3374197620544
0.280925100789091
0.337497963519815
0.329180034070556
0.49717509506835
0.406394194536519
0.398720022837475
0.337118659262781
0.40182205241051
0.27579123880846
0.342319126958654
0.223531744805577
0.286602341260307
0.36198997082709
0.371992800925326
0.301987261618021
0.261169215756964
0.522758983599121
0.320741063059883
0.278582975950432
0.397827139036853
0.280370255487216
0.260135151072275
0.53219891821081
0.496692158147462
0.467727921156807
0.469881272395874
0.388098612688197
0.280015149948229
0.437665133301427
0.501521084490906
0.431431016500565
0.397770267150236
0.457983127989759
0.312078782863523
0.389241274892587
0.534822095409645
0.424009081194476
0.406584017596083
0.376346329954554
0.403547660375252
0.444854172253773
0.502610498037033
0.339310635164203
0.569872868023652
0.506560460149166
0.50780343455348
0.421086404124774
0.52328413657591
0.483125309584592
0.452879569984752
0.455977272041896
0.335373484613983
0.433527818748295
0.500116508002372
0.448416077109924
0.498558752869801
0.550515025486176
0.492203628541165
0.480894666268902
0.508276110048785
0.467479015735943
0.48130033976151
0.496769093986073
0.509585366504071
0.531641921309904
0.629592395868279
0.581066132058829
0.509666316255401
0.512700693436013
0.53599907310785
0.57457056300052
0.533941535529737
0.547350994264387
0.520479413938714
0.606889497210917
0.537887434108935
0.553317387954369
0.524813539149039
0.536741831064316
0.45499221681179
0.51968823876847
0.680985724889737
0.45549364423416
0.498037672028588
0.513534826177083
0.62204081111952
0.594720967639539
0.594647334544779
0.595457868765464
0.636317547455873
0.502834674137384
0.63610064888006
0.57612836751708
0.6443886836793
0.449676944309021
0.575903667437024
0.813531991387156
0.541125495244399
0.613106147531226
0.617074623010683
0.750252444714674
0.519990573450673
0.552091863248894
0.586390149175876
0.535855047425845
0.606864598355497
0.648950642540373
0.572146948710062
0.685558030637714
0.638160679753334
0.664948756639843
0.680670976234208
0.63402315224873
0.459455692342781
0.49627312885732
0.562419128666019
0.578083674837426
0.700232755081859
0.579429617401403
0.682120415113414
0.596048881818837
0.471766006347321
0.719004961107712
0.648654887525194
0.582343590931862
0.588101295969982
0.602408317643441
0.5430498582531
0.43028056140702
0.586911022028388
0.590031044524153
0.489008168681867
0.589087545724677
0.615437704675259
0.574517558582135
0.536838696835246
0.627109364636679
0.701570660797127
0.659599562396543
0.581889514506568
0.489646844731124
0.72294091232948
0.667650753210391
0.524157502249564
0.481631925032091
0.698220896138405
0.481860656604326
0.815084102659939
0.588345390869787
0.721340637195714
0.788579933085959
0.723470174419205
0.641743924481364
0.731418962119965
0.741224371081636
0.731761473613233
0.738763667275043
0.732007699256244
0.615908576536054
0.629028105365775
0.52791820244032
0.670572420621725
0.515064095646377
0.740767640721122
0.68717451032419
0.680048015566127
0.596850504487604
0.549715185526251
0.709275264565568
0.742303806717042
0.718152382635025
0.690077579577635
0.543053972819614
0.691601953753963
0.695724284254228
0.736538472234702
0.780339886056773
0.715640679985803
0.778962762622368
0.785698415762678
0.770449696263618
0.849307709833583
0.675047514554664
0.739953780731101
0.860975649862614
0.777967442703406
0.744226716200529
0.659283596128924
0.675820696075594
0.688432248703787
0.859454139406888
0.800758579385231
0.847588613838439
0.875656363932973
0.757742646284719
0.759634293034393
0.790224726271588
0.6561676430829
0.788541694761699
0.820854209549864
0.779844050704347
0.823179102450405
0.809517454134461
0.677406585903131
0.789130454577299
0.924454777901018
0.617592337085576
0.641692108674198
0.634751118439565
0.893156187018548
0.881147096366717
0.867949436240784
0.787655507441336
0.875164706701638
0.75066858103478
0.746112445620624
0.867693731345184
0.642992980617512
0.610142838107186
0.829502903746253
0.833109630090342
0.831251200789193
0.741115239448885
0.846316924711765
0.898266566158968
0.860410893015158
0.728122476450065
0.748347391635869
0.854696149305309
0.90386876309404
0.868896946938882
0.765107732980312
0.860544549928882
0.903454842456275
0.737652395883957
0.836774913087542
0.70692782908617
0.894807495524515
0.851838837403722
0.973981496205948
0.674767728853887
0.873869645569977
0.833088037735035
0.892754118757012
0.693793651005997
0.944154311068213
0.883985865086898
0.73369189095023
1.12697579611408
0.789778040081888
0.921507827810382
1.00121592276947
0.929117054904755
0.894841817234189
0.895638932122972
0.895074047668189
0.849670374386015
0.918158224937734
0.91896780392005
0.935961482297635
0.789863482379485
0.716672618446379
0.951938890287551
0.745826255444659
1.10079893295978
0.990865508433865
0.840653334150751
0.810700612963928
0.893531983670683
1.04688645071189
0.868201735838107
0.881568347006938
0.936677558346565
0.800076850395065
0.779427973898135
0.976260161042092
0.755615489957383
0.953969788861123
0.973594437027851
1.02214085918616
0.939085489532506
0.957368569664988
0.991456168109012
0.925045859389901
0.822906155281022
0.972130999622787
0.84727632634996
0.986958074859218
0.834903746941238
1.02164012700976
1.11775931669723
1.02107411187607
0.875573311609893
0.753822452387298
0.915519699579666
0.995946075201646
1.01190272117997
1.071961572453
1.04803659505888
0.955650815667348
1.00936798202251
0.86929746217455
1.0219055690115
1.14926120840614
1.00138239312778
1.0033186773851
1.03787326301034
1.09807180553749
1.08810714694983
1.04155617495403
0.973712491016382
1.10269079813822
0.926782919746208
1.05848157793288
