-0.861092307676039
-0.9578013947818
-1.03559666871052
-0.928973552115529
-0.803388259844164
-0.998294862352304
-0.914683319561472
-0.977951570862304
-0.974124395311216
-1.15154198582632
-1.02989916034546
-1.13124351572584
-1.06775830692314
-0.957518730883345
-0.869038731941491
-1.01064021374605
-0.946162745051317
-0.915784826181115
-0.918899953713458
-0.847417098209082
-0.864396437884857
-0.994613588183575
-0.894504350722921
-0.905394787954232
-0.920659315980466
-1.06725022893902
-0.978456110225376
-0.869469927790007
-1.02424796520793
-0.905693641767993
-0.896457894895839
-0.881609028624216
-0.880659379557868
-1.0207258087873
-0.803689096830578
-0.929929148388994
-0.833961218152919
-0.947937844892819
-1.0907222703942
-0.803331290066055
-0.734178923493654
-0.77710734334887
-0.867423237427946
-0.94939286666655
-0.950941454994669
-0.850225310521871
-0.877747084936475
-0.876486940770967
-0.827661373636558
-0.958055651947233
-0.975178285865868
-0.923389465887061
-0.89249957149622
-0.915782748839054
-0.851431941137518
-0.955486432487376
-1.0722168210917
-0.943045651749932
-1.05162893409341
-0.987726257020048
-0.788030569766877
-0.871214365092667
-0.909441577002962
-0.890970209338397
-0.747729079881915
-0.928653545214179
-0.826460754378734
-0.8338877169389
-0.790384774273825
-0.904954271898807
-0.770205547471951
-0.832593690614922
-0.758506906901119
-0.883110258411372
-0.809994002540368
-0.821631993090286
-0.987796414891838
-0.869442295582763
-0.834697530740767
-0.809767474899367
-0.811136244652438
-0.781918818210015
-0.895316610714073
-0.72284290165601
-0.86257250348438
-0.96031442252746
-0.7531476183167
-0.844433000165725
-0.779337727953435
-0.815152108622612
-0.934953744569443
-0.635042665311461
-0.771975603578056
-1.04611064396055
-0.846448781010658
-0.618850397373407
-0.817206749336123
-0.95191428009559
-0.777155950909162
-0.807855873508368
-0.755368316969527
-0.725741726096944
-0.821304262049097
-0.865884015354977
-0.65984749291144
-0.779340539994178
-0.817354562411232
-0.857768906138769
-0.800741448091264
-0.865849491976618
-0.743256010773001
-0.747734208379104
-0.747470912293529
-0.688566525705759
-0.851450704896307
-0.7487013535281
-0.75166558560578
-0.828000727817655
-0.730336248396134
-0.820294267410927
-0.933874444829541
-0.769224024861958
-0.649642287031692
-0.619737872768936
-0.561269440511343
-0.674773656059645
-0.804837607158924
-0.749773039007051
-0.820707621170743
-0.606127135771426
-0.636660448474485
-0.720215903302601
-0.739674936287891
-0.784297995166711
-0.801030974282752
-0.758314576438412
-0.724390663658696
-0.574613131983223
-0.721192584792741
-0.60450100341543
-0.679957005560404
-0.766556549202131
-0.649470184171328
-0.915943881144234
-0.734344205263535
-0.579085332446644
-0.633383578866467
-0.694732332753836
-0.73921097470054
-0.559220266300241
-0.643752025554238
-0.689962624902007
-0.624404859095877
-0.658764254021807
-0.648588430162043
-0.745615235195351
-0.658373243827682
-0.862921441152173
-0.700088225485141
-0.84686045019485
-0.682846218364145
-0.56632756213474
-0.668598194744827
-0.744597386089185
-0.793811951829799
-0.738667065451883
-0.726231458043621
-0.676281772914412
-0.596206574263058
-0.651202906099307
-0.750873390612502
-0.717961082058961
-0.620399642442305
-0.667531327644968
-0.577285585443996
-0.464446140243907
-0.635779255534135
-0.650183371914367
-0.607995623139918
-0.662671024438271
-0.84993461817213
-0.70625034136711
-0.693310367830408
-0.809272747134164
-0.679310872999487
-0.720995476958767
-0.636351338453901
-0.658355037308894
-0.632047934861591
-0.524661426332304
-0.662631419301696
-0.630181860951481
-0.619743435809066
-0.664537884034247
-0.623416339574342
-0.594240038444529
-0.454968294833096
-0.661468154715114
-0.654605012401337
-0.640984016629321
-0.516585974311218
-0.533345176599477
-0.44092392292379
-0.575261437909736
-0.554572575318675
-0.407105888679202
-0.528772869392627
-0.523032900655329
-0.473988731915714
-0.565460405247834
-0.578062090727034
-0.462698164030078
-0.585329356766658
-0.50128757577789
-0.427978531886886
-0.492932658559146
-0.567324881525146
-0.401967354324856
-0.743024377130962
-0.430141746484748
-0.517046664355128
-0.447709085418085
-0.663116322524489
-0.652692787626079
-0.58938667366961
-0.617565871117192
-0.558780022491323
-0.547104896694237
-0.45767892490343
-0.545806048606338
-0.510363994552002
-0.621915179899709
-0.439535577675593
-0.498739125016643
-0.550308229121543
-0.527012563090074
-0.544070208608273
-0.503921499216965
-0.6155143361274
-0.474946554061641
-0.521227228362278
-0.651382282125497
-0.413462768122829
-0.660210063464448
-0.588111828088891
-0.579821373691035
-0.432390403105264
-0.496356727274386
-0.439799808759973
-0.53738211470207
-0.309487191581713
-0.472962473064835
-0.411796186757122
-0.517124985949043
-0.528262492523075
-0.479303367960948
-0.53954539519459
-0.625496049036543
-0.494433418322576
-0.486431414208345
-0.5802364504016
-0.509197370159279
-0.364629297523041
-0.52678248522086
-0.545244991646455
-0.381970520658698
-0.447924972858042
-0.407525850874637
-0.567145258560384
-0.42793277521622
-0.414317457716165
-0.543361251887192
-0.576843300768689
-0.56739405966938
-0.41996250796829
-0.397729433578234
-0.32040510883694
-0.375201891007201
-0.581355019410683
-0.338236270460637
-0.46206995731333
-0.59823246538986
-0.446930220681631
-0.48192186455095
-0.481709792795306
-0.444589866505837
-0.413778791727929
-0.471367474488098
-0.414844542867405
-0.488314706789055
-0.517741267457898
-0.436171921266502
-0.357241919813642
-0.39163684772622
-0.472806709609449
-0.309512602553501
-0.218461286608755
-0.375729817837632
-0.30803789203156
-0.466781439642426
-0.51005783858143
-0.28972283542333
-0.389730140340199
-0.395061088390781
-0.30005568641375
-0.265075779219417
-0.320897880109541
-0.381565167721022
-0.34066279890219
-0.283693589481603
-0.423269764256787
-0.24881296087792
-0.495507245323889
-0.255637729918455
-0.330694895860061
-0.431664753161008
-0.392761749538211
-0.48659413762677
-0.278810727969157
-0.270269844871144
-0.345733523350276
-0.346567917310012
-0.399204964781197
-0.298151163141024
-0.369029545112403
-0.232660009034478
-0.323713438553257
-0.34921652878247
-0.403559542844222
-0.375679182327158
-0.402721033147334
-0.287324037699336
-0.220236304365605
-0.401220876901736
-0.444795994344989
-0.179403766838125
-0.256798022582158
-0.369312123715194
-0.315557291549512
-0.230737398728764
-0.320076708410448
-0.28707122584402
-0.253283766471038
-0.307482836411907
-0.430950809328181
-0.296927537552004
-0.299510790409005
-0.254334204479606
-0.256852029171935
-0.364433431468455
-0.278612911781122
-0.350265363435621
-0.326617917857258
-0.24729693436253
-0.435559678970355
-0.203042375587095
-0.18198413230426
-0.301754135360299
-0.22142354669686
-0.328609896064451
-0.256822623936007
-0.311092516705724
-0.278512295963008
-0.142792330749378
-0.29113998760108
-0.493670042129941
-0.418677498637319
-0.289022938893636
-0.168398964010654
-0.314926077352684
-0.16697623686321
-0.281670101298722
-0.375014960728091
-0.291171728814414
-0.254903689381914
-0.36594896136617
-0.177829785399465
-0.319503139628934
-0.265819882663737
-0.372007040569801
-0.239415034595741
-0.256645486223408
-0.32592782897326
-0.306112711347536
-0.118937050020874
-0.206140342163367
-0.273199882817036
-0.214312537890436
-0.333346113706411
-0.235933676549847
-0.251537955130631
-0.159968734073345
-0.114183285157054
-0.127825882590185
-0.25192297145695
-0.284924205702249
-0.313232819661196
-0.231179379126689
-0.131239933110649
-0.203087926078197
-0.149241244740196
-0.250182454605658
-0.136528947338944
-0.127510078601696
-0.207373296704566
-0.121475657016949
-0.0686557390623265
-0.220485772732584
-0.340062798153601
-0.107394260934179
-0.0873282899958499
-0.121998354878348
-0.225234997034708
-0.319233999570499
-0.0526265491646531
-0.108471045334341
-0.242092085142807
-0.0196256009878609
-0.322419032414238
-0.109238181453569
-0.0407370552642771
-0.20066675145672
-0.131138278442218
-0.0855287813265917
-0.182640658107727
-0.168870111420036
-0.110557460373922
-0.206430988779098
0.0487791581382769
-0.196285874329891
-0.209175845108238
-0.0171868151016127
-0.219201277206856
-0.161067124866992
-0.182364295893944
-0.0591449944486284
-0.0509048212964984
-0.141553760062245
-0.196938117153733
-0.113181573280736
-0.167884494122973
-0.0786159502934695
-0.0885680467596055
0.0138598016687576
0.0202310640064332
-0.246665639466308
-0.0603682937144576
-0.17126631218182
-0.214025785534569
-0.0717814430536812
-0.274065962086263
-0.077903913064435
-0.0586786185861895
-0.155932840987694
-0.149986871052502
-0.0318282538028691
0.00545884719261223
-0.141819354774226
-0.0717517603323089
-0.153783883675268
0.00695530335353792
0.00352170176569783
-0.111263589363258
-0.0355641559519
-0.150814410365857
-0.0801948789366305
-0.0643355679370324
-0.0449566363393459
0.146733305518883
-0.0983370295169059
-0.0707550109769566
-0.0944509762457806
-0.140320981267673
-0.0313275942823477
-0.0130322818923106
-0.124721018078274
-0.0788405551507702
0.0531408762326296
-0.0958173141082357
-0.0187077404538797
-0.121840724078065
-0.0470890437005181
0.0176152164745085
-0.206675694935404
-0.0854141449203706
-0.0798732960283454
-0.00492556867695973
0.0558100875559736
-0.000560084650989595
-0.11668311823265
-0.0529099840615179
0.134328037189187
0.0241394853032639
-0.0688640164937007
-0.000867980331481884
-0.0187933672586955
-0.111427187949272
-0.0319183344852564
-0.117283680787955
-0.0864551815267873
0.0524904887943347
-0.03629034334425
0.0366706044414996
-0.046510218062379
-0.00482916355716286
-0.0226758424174056
0.161410078605804
0.0429164327511333
-0.0757437997942707
0.103771120529994
0.125339030728581
0.114222566256143
0.0560841611166734
-0.0180875063452815
0.214554203971915
0.00722120396853473
0.00126315283520508
0.00977820533072923
0.0861171784899624
0.12941561268834
-0.125229817707481
0.0929331476327102
0.0254924754455056
0.049556846726273
0.0630237247881288
0.0292687631045719
-0.0468256268686738
0.0923983778136477
0.126793552178968
0.0825208862293475
0.0368121638730018
0.140720819893404
0.150990035085217
-0.0428699121345623
-0.0266587222009967
0.0459772083043663
0.281587161987753
0.0910363535070239
-0.0075140333070947
0.0474418987343676
0.116446162528659
0.121861467383657
0.147699508608314
0.0112063414333985
0.0707556473654748
-0.00369467589337575
-0.0356172796684866
-0.042100338816151
0.0256824819792186
0.018577254651942
0.138679616656578
0.127335149093856
0.140793817745545
0.201847388099693
0.209130176839244
0.117072700372261
0.132161414677086
0.17102559609873
0.351909050322119
0.0546483974182488
0.130843048445774
0.195702758908549
0.304249649245917
0.117753809478825
0.283444143763114
0.118657603803442
0.16254034263323
0.281843634664394
0.109467798120766
0.00378312800797181
0.199065086758092
0.263820554872143
0.194539400650975
0.0510729165711616
0.211202131964933
0.126745969985218
0.00347729949613662
0.080004955456416
0.193794720580831
0.107607470627791
0.0578565268940745
0.161922707665194
0.0984408533202343
0.30183744004086
0.121221708317767
0.0387058014642381
0.0808948540799547
0.147423343855253
0.0591118755998659
0.308034400303092
0.0321562672311669
0.173713329265645
0.189071651097447
0.161996639414364
0.262175324994722
0.336511348906437
0.160498924819803
0.13780838644037
0.215330011597595
0.167423636382746
0.314135659025386
0.14574827112795
0.240487645030103
0.194555858770868
0.140673743787034
0.174745633056985
0.195435372001242
0.251214216490756
-0.021748638518844
0.2569754108954
0.215730600104647
0.19363787308828
0.0415496806924238
0.147869361289884
0.156715935723951
0.12196739407875
-0.0450793722966918
0.424240781433845
0.0902758736682513
0.256818607723825
0.288829269576059
0.295424522370935
0.178036629439103
0.240057377250644
0.268585012753933
0.223244100407866
0.258898990128272
0.136765228722193
0.24421522149552
0.26381140811694
0.247772556356992
0.213292666316218
0.306680097233397
0.226013477133884
0.239051461637272
0.122541347158987
0.279441349993008
0.223984108319956
0.271266591994428
0.319466413164609
0.245141778315159
0.309201490864727
0.113917191650862
0.341000674237003
0.359972156939827
0.327811808046718
0.261066990097658
0.283156655532739
0.44695198727442
0.266005044424445
0.291833766581714
0.406954481285855
0.280766260230358
0.305733140201931
0.372229893224158
0.34236137118316
0.357177485072475
0.243349227299317
0.379298813815186
0.189088394837971
0.455117057088123
0.473913991614584
0.422955724059359
0.443332027275618
0.417947776824202
0.400457966207551
0.387456260926737
0.347894359257102
0.356861159274864
0.25464596877278
0.465023965793397
0.279828918022379
0.308085557167726
0.139079596986603
0.294635919383095
0.240344877482912
0.341030692664008
0.355013167549042
0.382399587570463
0.366012489762833
0.379577132698339
0.30660692690563
0.350734079819623
0.402930202701362
0.431158739502254
0.460548687312503
0.0771020922937333
0.225747258887763
0.427808144179593
0.517956373583941
0.446639290699214
0.364097508896566
0.284588309478682
0.263768263986427
0.234916731463562
0.489978878347413
0.348607017655432
0.580507956414856
0.47377635143065
0.311591522167069
0.440638424413165
0.359156440613596
0.383937747301193
0.359507532687065
0.419545376262102
0.231088111637135
0.341628425039386
0.42914949143492
0.446418232988647
0.439971781179668
0.46861469276799
0.383662425697261
0.517879165992546
0.400461890601116
0.379603248720072
0.528739200118129
0.461509904548979
0.562709550184463
0.535386725821919
0.373424079015278
0.573633252880038
0.346761421142189
0.608806795913039
0.491820241897497
0.528685920256902
0.417607027391317
0.442165677446563
0.401543917010733
0.395431604666936
0.590957558490732
0.48927110688315
0.325281011754551
0.370033935728499
0.320772379597153
0.407390281945333
0.454354469276227
0.494976998523182
0.439607724824791
0.51582210776955
0.384892694638343
0.566694597160121
0.466869181798809
0.512261065741376
0.348083120612475
0.397370758591288
0.53830845912227
0.533650393370379
0.433713443909249
0.409330963117485
0.470882193157489
0.528354372949182
0.520234008101678
0.536100113814094
0.385534657137317
0.464835484317886
0.53055101123251
0.556858287441288
0.498785729508892
0.527966434425723
0.635086187228432
0.39055860656525
0.60020846430585
0.554623193676982
0.453426601995625
0.561052030134928
0.714786361199351
0.463535923642442
0.493575092501934
0.395180917440939
0.567291309577225
0.542452010161243
0.636575153741964
0.507241835054922
0.656777474857653
0.50950343526025
0.413955820208431
0.541398602783888
0.520563590037909
0.57547416504021
0.536118568042151
0.558092229578609
0.662469211145133
0.547611591359596
0.527937501726994
0.565352417268616
0.663629150064651
0.600834781382015
0.571676709786418
0.598644468594415
0.566703892819738
0.58077269552136
0.557696526274908
0.536099362568811
0.590732141963794
0.720552786685294
0.545267013653765
0.69379866549383
0.500673099170356
0.573819628150759
0.497980518657547
0.653818252401352
0.62233020685742
0.449789489026589
0.742144455760206
0.784450622691753
0.733310524013355
0.62415079585352
0.567932451939835
0.707801089688344
0.703331211789367
0.496855526611523
0.662854628718189
0.625467571528006
0.698482049311438
0.713118741402895
0.508809966340952
0.67213119311261
0.545451655897085
0.635674016333319
0.726368519399351
0.670381392446542
0.734686527424346
0.549013610286525
0.595145491673186
0.707265144077544
0.527381134740593
0.648055432652522
0.748747264050607
0.668892713399314
0.594474603316801
0.736548515805436
0.772440588110906
0.727852092394803
0.67673463723172
0.730688776654816
0.742757672894446
0.502652901400356
0.808897344512861
0.644060058113901
0.81541511606684
0.642982647835713
0.793026237844619
0.636523326787429
0.652299288161618
0.669302692824651
0.644850549797592
0.681914837568144
0.684397932130475
0.81631868069005
0.693397691225933
0.619019069264002
0.669965133887037
0.757690447295146
0.61013031223693
0.623426135748028
0.886792389876596
0.662879786025419
0.684683480194573
0.750170586428702
0.836548864033307
0.587724911708396
0.614240803559012
0.578663433087395
0.814248932019117
0.600976422277912
0.704836863391717
0.639121043156607
0.724795703840749
0.778186490392801
0.849227416089151
0.627620113532506
0.694686609013769
0.710804735495622
0.863775156215489
0.763577346027316
0.691279280830432
0.764484472004908
0.818036760507942
0.666938864655294
0.678276535677378
0.784907207097853
0.759352472842843
0.763532653366674
0.728894126601461
0.779250946246486
0.842373612540757
0.799482554638696
0.634038955407787
0.679131095058515
0.723478280717948
0.663484636665683
0.725096291101282
0.864004024769011
0.691672227354041
0.957347651190392
0.71733874291056
0.704675359427842
0.864219568327832
0.764550040372811
0.767469268998938
0.827015876569279
0.724386818122876
0.904861649006055
0.835562374655306
0.749979679962708
0.787464295930541
0.875413455525219
0.754030377621109
0.946671330268595
0.789604506953025
0.92595402920754
0.809587144635924
0.780628899262444
0.792844742524788
0.690013009773343
0.788094153906314
0.773027696707693
0.817819116335823
0.747822782758063
0.900272732203726
0.985267940024568
0.88547499042065
0.807660559372274
0.867816120462831
0.837283491318994
0.803527841614288
0.744738825318704
0.772368740890091
1.0421636880458
0.838467087839175
0.728587968848141
0.934619179608593
0.889543572493716
0.915615147369219
0.834037048458252
0.924731341931388
0.883029364752174
0.875440798695987
0.825625748957578
0.739172113020891
0.914745478769614
0.937052205193966
1.00321349212126
0.983518948226199
0.85503462780709
0.822033021016735
1.00508915425899
0.854422771154014
0.876404514432445
0.80779209870192
0.912195086654732
0.692603024948426
0.791948251051957
0.926054404672863
0.837339035466433
0.917309633679285
0.789536925124186
0.928952071465163
0.967673979483897
0.936790018327352
0.943820580308072
1.01121483986657
0.911430137248687
0.80729336414045
0.994253442584482
1.07712172584951
1.01538578176326
0.818246710071877
1.0207736512143
0.982273382982023
0.809969424903731
0.824330422600611
1.0233416854312
0.902119248835321
0.956215015832572
0.991751305442756
1.04592126884057
0.904495039561577
1.12513573514541
0.822516749192155
0.974504868505927
1.00514569420676
0.977421951466236
1.14604273928177
0.877714378082159
0.910002448388943
1.03787587124731
1.00905019642147
0.898079964614879
0.98015144742184
0.938616046507731
0.96244086750178
0.985757724847978
0.874335819621684
0.884616702896254
1.06061077130922
0.954867791395983
0.943631326810409
1.10400008078649
1.01140434806963
