-1.07348692441278
-1.0424388010867
-0.805767756848878
-0.924390404976782
-1.22512245956254
-1.0156247690432
-1.0635678883012
-1.11728112495008
-1.15875953892045
-1.06304029823387
-1.13841322897449
-0.886735416085602
-0.992003127665328
-0.924618687777828
-1.00238666321999
-1.03754436151818
-1.04448905639873
-1.09213732515526
-0.904409010949883
-1.0083133131837
-1.0967850235651
-0.918148366891164
-0.812642570689139
-0.911379033593015
-0.91680150103421
-0.95632133250567
-0.92248098542109
-0.922528736131132
-0.954897223872035
-0.841050835559906
-0.827247368516189
-1.09515544402829
-0.854218240291134
-0.826238494119662
-0.865849865169439
-1.01959904269962
-0.762478214339429
-1.07633495577284
-0.918708127306882
-0.778086017574785
-0.847621900165958
-0.821766212466057
-0.904285958958258
-0.79474398554297
-0.806401797381839
-0.968420517522268
-0.80292696973926
-0.904133404769001
-0.863706392333095
-0.862687276399606
-0.927371781159123
-0.940154733384946
-0.93663136553093
-0.917731511758044
-0.890025836542031
-0.94824713459124
-0.923415117411507
-0.880814023739676
-0.91219224154282
-0.997948564281945
-0.98651363275598
-0.82317504800654
-0.842179943231505
-0.871966619587689
-0.868325043605655
-0.782537746758748
-0.841360953773513
-0.840957985602256
-0.817733644634208
-0.843880125100997
-0.891707087015342
-0.937054969391814
-0.715007374840006
-0.776903386957802
-0.858863266045911
-0.83809358236106
-0.746965731398485
-0.9513888161621
-0.804761108203369
-0.798741915590224
-0.860323626613398
-0.917630865918602
-0.825815929202231
-0.874293894792518
-0.815182583062911
-0.770198145746595
-0.768669378063568
-0.967758843829896
-0.964123361127934
-0.885304850856863
-0.795517915759
-0.894578444345746
-0.886110391709087
-0.77404745055801
-0.906009071272607
-0.88235554796606
-0.794859601757318
-0.936323019422345
-0.752038721469401
-0.761101488820017
-0.666195829462015
-0.975548622152074
-0.579827964362218
-0.810169833303437
-0.822295441318085
-0.752340606372263
-0.613014534999224
-0.764672278911565
-0.675936188245151
-0.599389779279522
-0.820861963068851
-0.688118941306554
-0.730480339562469
-0.729105277235176
-0.835332188930414
-0.680481589467331
-0.768317902030458
-0.726374592735192
-0.80427849819884
-0.684545966825471
-0.691927749863482
-0.724762132899217
-0.748045382630992
-0.825612452601147
-0.58403559116351
-0.864182427918519
-0.824517043506734
-0.723911825578302
-0.742213331856996
-0.888165396567121
-0.77791624277789
-0.721859064679567
-0.782922606897284
-0.619625695987947
-0.635612168231173
-0.629305300187448
-0.766579358460948
-0.69738912557267
-0.631751563967146
-0.644423567134646
-0.685376847833371
-0.614051512031002
-0.817026113375089
-0.752737275928709
-0.808064128450649
-0.653089123989503
-0.525445691196716
-0.623321359202941
-0.670761274896984
-0.669106987686292
-0.634356871199814
-0.733331125285735
-0.692016422921076
-0.6975771518766
-0.640954287085602
-0.709435974966635
-0.773323638050109
-0.714364451940077
-0.674777875081847
-0.735893684692575
-0.695633151721423
-0.85476857860324
-0.725729869990763
-0.649997327936999
-0.610375534442355
-0.592683207714347
-0.537616380718064
-0.669369637851067
-0.62483610224235
-0.706661720415446
-0.753750284700382
-0.759124024737411
-0.653222846285399
-0.77599948739601
-0.756582147548186
-0.510333732207861
-0.637278069675859
-0.659547479968806
-0.708324523505187
-0.684658909103321
-0.627176105042797
-0.723901508664743
-0.675832535916008
-0.655063934786108
-0.521905719212363
-0.604953484934463
-0.709752068523869
-0.67656727773239
-0.58413548530379
-0.723361111314939
-0.769539797883781
-0.611838152441141
-0.589774949638713
-0.583697208189963
-0.670738738943103
-0.630751739173981
-0.671943213388171
-0.308258583927707
-0.648621198049145
-0.669763955305624
-0.518208460292612
-0.577320607271053
-0.634022732270087
-0.526335440475301
-0.682897653616833
-0.635051621350727
-0.74762057489366
-0.649729307263375
-0.613635847895593
-0.51146951968239
-0.590465086045391
-0.52383244607168
-0.422335417020765
-0.539101511261084
-0.531434356738159
-0.541744841407438
-0.716997783097213
-0.623719782429586
-0.485513151366255
-0.583232993169517
-0.524666863068214
-0.525861224116649
-0.582737344540465
-0.4709698735783
-0.62792780047806
-0.631969196282312
-0.591117211801276
-0.503346014311005
-0.521301568076179
-0.610922083979545
-0.516611857759356
-0.50569940444689
-0.556933091261668
-0.574644143259934
-0.569676787954141
-0.437044668392078
-0.450938436520531
-0.543837870442217
-0.553892631059432
-0.606138382595012
-0.464968052683051
-0.400257986189583
-0.547632083482584
-0.308426720851429
-0.554035020825372
-0.575956711660019
-0.528575737486919
-0.582080180945788
-0.315462526425321
-0.551345499187441
-0.430353370374349
-0.499311648856458
-0.518926016398357
-0.488821233055274
-0.349986502181756
-0.444663772473624
-0.500287971052331
-0.379739307560624
-0.563159585845198
-0.451826782652134
-0.44762268412897
-0.448786893087796
-0.572019476918446
-0.421967901611473
-0.527150405208341
-0.545069882232149
-0.537658854522337
-0.49416308656009
-0.475894572588985
-0.604196780740128
-0.506015215739698
-0.466114758349169
-0.476653398630266
-0.433401688411218
-0.480308863523381
-0.674101758374088
-0.586959673142088
-0.211731852127405
-0.538344169771453
-0.354887321817771
-0.431126867990244
-0.501272800640025
-0.462384400014665
-0.374021562959783
-0.371996852626653
-0.423697335188634
-0.520075671936286
-0.466556689049898
-0.362143912608241
-0.369674623756791
-0.466765360816121
-0.300921836810995
-0.385205762231277
-0.504003279813312
-0.444524242116114
-0.492729270616479
-0.491036518992153
-0.260040952622327
-0.410202672094111
-0.382649662285666
-0.423660763283339
-0.417338104985932
-0.440236603861663
-0.383219452984161
-0.477133453404531
-0.55836983350462
-0.488240931382621
-0.348273703620511
-0.367764302623108
-0.38098879051386
-0.415609892834554
-0.276386831245196
-0.45884056076548
-0.298729094225923
-0.255197409650334
-0.538701806143687
-0.295156379433001
-0.396421548591255
-0.345819660383495
-0.281648481254132
-0.36864597517794
-0.497673427424037
-0.328126500039129
-0.332918090580438
-0.218305451796065
-0.295316440793595
-0.376672158579352
-0.376515307809877
-0.405243503990155
-0.587567651595166
-0.186255995471276
-0.244865824572052
-0.183172020708673
-0.253972675279824
-0.379339818024153
-0.396106615945131
-0.185281514094667
-0.422172768721986
-0.288338301520618
-0.299947097533429
-0.36731635974544
-0.366200231049275
-0.325318218399473
-0.391318327732366
-0.214664698734899
-0.29965366510679
-0.210559719863928
-0.332049997028964
-0.34353452043564
-0.216871957417517
-0.279380705366507
-0.314633450549807
-0.328634508577757
-0.422267451481144
-0.243196906475167
-0.108341489002837
-0.125771393004494
-0.131490432310431
-0.207668537987759
-0.498406857102579
-0.239957912265732
-0.435183694083964
-0.286064055901422
-0.334450214827324
-0.230896282552262
-0.298379875562324
-0.297327816809823
-0.400496883362654
-0.216699135416692
-0.336631900772607
-0.255032963421653
-0.409031977829212
-0.27604325698494
-0.204392501551058
-0.28414675016976
-0.259236578891754
-0.416189153487571
-0.127540027487753
-0.113359419764582
-0.222408344848677
-0.194864574537709
-0.160052097439472
-0.39133016998246
-0.312118131548731
-0.312836209193659
-0.2433297637085
-0.181704793911326
-0.262828509822699
-0.226036233340358
-0.194351698800673
-0.334900886872073
-0.0683293700007169
-0.255841981265793
-0.162567618939817
-0.219737939612886
-0.0928219813787559
0.030929248159429
-0.315744290686815
-0.200141298827183
-0.190852817880762
-0.223209177948126
-0.203048322011704
-0.0920885608981353
-0.151844899452601
-0.330938329000881
-0.209745334754946
-0.223519376888624
-0.130993263014568
-0.269059368240373
-0.220698778261502
-0.280510678347478
-0.120991203072731
-0.110731822921407
-0.17360954791537
-0.189679331834645
-0.142921431726063
-0.109205280009924
-0.146977322726255
-0.233310130606706
-0.089833739390693
-0.297555397124056
-0.195599871742417
-0.150640568359195
-0.0540215766891192
-0.168951001480884
-0.299471031525711
-0.105398912766996
-0.130134865708676
-0.176213781938638
0.00519107295380013
-0.0445278138739068
-0.178587030641914
-0.169257289089581
-0.193427747522533
-0.108384802943378
-0.266678137574863
-0.218949540077704
-0.155305564780171
-0.0970020063798734
-0.19089466437747
0.0182206474845312
-0.169830888106087
-0.0621979110605164
-0.123673217060215
-0.166208071220033
-0.0366408825485838
-0.172669508698882
0.0475588011183907
-0.0533736869655601
-0.150053880105025
-0.216583947972721
-0.0468971939518567
0.02744381559498
-0.0616130811197419
-0.0145815126960847
-0.104440434533081
-0.0233098819789172
-0.0282215678331165
-0.0276895461376765
-0.139984915418699
-0.0432045821408435
-0.187296075950036
-0.0234506003751557
-0.107847571755522
-0.0684020339647354
-0.0681962475218959
-0.0870017993913606
-0.141188793623222
-0.138113799284631
-0.058636084689911
0.0182498555352889
0.0424759613729385
-0.0162278020540442
-0.0554941076384514
0.0589617238888135
-0.047516668858118
-0.116371672035368
-0.0129544125837793
-0.0801358428403922
-0.0323002654870964
-0.099013164765871
-0.0145249791580793
0.026265335303505
-0.0725440626136454
-0.0532219929058592
0.0356711293838658
-0.0623405255498898
0.0750736397921832
0.00796784576051775
-0.00999618454414379
-0.145229966612917
-0.0845661947120828
0.033068065246513
-0.0747654714405252
0.0309875525103794
0.105105140682039
-0.0871767401461768
-0.187791946500678
-0.0744157957965912
0.0134520015001126
0.0124525074337481
0.0407878425254746
0.109851210974403
0.0991196710419593
-0.0191015082596645
0.0623057240624931
-0.0492417829810384
0.00634361848335396
0.128406315871289
-0.0239416171117451
-0.0457516898748482
0.0462543624926075
0.0513344302366891
0.0329677865443697
0.0876541424052023
0.0213711326290814
-0.141485076523288
0.00341988810852923
-0.0246113548882115
0.0465162917813678
0.0186511944637234
0.108130148362422
0.0195789785162448
-0.0923428549526282
-0.00649601243507872
0.0260063147543668
0.00688700979784977
0.0713413731231923
0.126838456941135
0.0201440050334375
0.129604772580064
-0.0734036863600845
0.0107933492900078
0.143795939293871
0.148608534707955
0.0562135975498091
0.137784738536685
-0.0462153084988333
0.108207253723196
0.0124752243391352
0.121857060405466
0.0757975931175431
0.0285964603432109
0.0754680289695364
-0.0591294753878876
0.0322441907507702
0.010055472015382
0.196407824404522
0.00720077104668766
-0.0179190965497584
-0.00506117528929336
0.0323436430922935
0.201118814949673
0.170035650644962
0.116136837718046
0.0523909364108687
0.183678798748832
0.112327611062137
0.151252643766389
0.131860249209955
0.126080716864951
0.136270987188303
0.172368019628725
0.185464894168194
0.150608473268753
0.313621996694709
0.0979022763132023
0.119596655773609
-0.0893333247789057
0.0112370194405168
0.239326557740911
0.135702805604115
0.302520449233034
0.168189574948485
0.0440205977978012
0.166601234044536
0.125115659582661
0.12848022886313
0.251772763045814
0.211711078909825
0.0824706149928881
0.0680746702155834
0.128002191515592
0.299808848664714
0.0662917257094134
0.110993762596804
0.138040092132555
0.264517808579644
0.220189251548225
0.290189806468947
0.0621254259634208
0.343249120857422
0.271244744880833
0.120835596559031
0.158417142405026
0.248766644395176
0.181697447120545
0.0912099362779937
0.205313679964246
0.12188264541165
0.190423938472119
0.133193751786713
0.212800870938652
0.0691681334046281
0.309787890753417
0.317195787173356
0.223193975332416
0.284672037819585
0.339535896154274
0.144379941813366
0.297541345751522
0.182823858025033
0.291593956449769
0.335710252857313
0.21060811715116
0.169814357166578
0.101711279877075
0.300301890354468
0.203053389450815
0.249479709944306
0.224811480271077
0.188827056330507
0.2443120088461
0.152104019330266
0.116029528243911
0.287279619258773
0.255653031436351
0.281314270084127
0.385870876456455
0.303152109231336
0.311145972853854
0.248707075738267
0.26136539529318
0.257398933769474
0.299036121746074
0.293354343257273
0.350768311628311
0.320584596011559
0.384242800112927
0.171842657391428
0.35154905775586
0.356313479496303
0.272474768545959
0.331147706546311
0.234134288531467
0.292040004103639
0.334605243231457
0.286857747899296
0.363314458374334
0.246727770533762
0.272422855013785
0.310359264156932
0.354778749862442
0.381636490383086
0.284757088527642
0.279259518783377
0.356310585231971
0.324311828676797
0.270043275337742
0.30487493015824
0.312781947738051
0.227569646241083
0.320920681964663
0.330925132900513
0.355203596580549
0.469856821703484
0.351178259582295
0.373732153163503
0.306203630767479
0.287534710107584
0.240559335307538
0.427177559811924
0.332572890802954
0.222456061921869
0.361254505080725
0.366149219097737
0.266172327282099
0.399054027146172
0.402031870245139
0.327042438163084
0.246754150344426
0.381427180409584
0.466335923991614
0.341909592296025
0.228815319193224
0.307769046768077
0.343708838188128
0.357086805387292
0.48644822227223
0.516188466618806
0.276812844725916
0.364521316487059
0.192293489426214
0.497488778863579
0.366306471815319
0.310195218206201
0.372043832487484
0.412494665380283
0.352953814889974
0.517918133829339
0.312033899287734
0.533427849060255
0.43796773916855
0.358708568151029
0.496033390116377
0.498441889345911
0.209241352038045
0.392188500635825
0.429483417045046
0.442774375034103
0.452287211506147
0.603972976172985
0.348514065552467
0.431196461730225
0.412267160728356
0.378774973729868
0.473622635163514
0.412263172565092
0.357450612942952
0.405006910898704
0.262104433311485
0.485538574784762
0.411081636971054
0.420711810521815
0.399557216452677
0.412704884251742
0.547251588236041
0.335257339437522
0.329987471434748
0.364700493012546
0.335830587684795
0.447135525095362
0.362493040798888
0.288020924491086
0.454983288629321
0.48894492932933
0.400796026015312
0.529694499274171
0.532384764820443
0.562131929498117
0.491524237274086
0.443567352970154
0.630247850954588
0.387713234323146
0.547560930111207
0.561970919479552
0.45650863925351
0.474660784666721
0.452822994926936
0.544688865826562
0.513625775430851
0.577741329597942
0.4535468030078
0.607344271592113
0.553935868749331
0.546383670474765
0.5255318975973
0.606953273227617
0.647159186884972
0.609206774285663
0.496021217101722
0.505783879936568
0.514712744439799
0.402600618450008
0.614132311869514
0.577273124273139
0.717343394440832
0.606746771998987
0.474779614010523
0.499144223430485
0.634057130024635
0.507885605737439
0.399112641562088
0.592839420216426
0.55823993671625
0.597555891973024
0.500010297421606
0.638611705601344
0.713265805570405
0.520877802746483
0.566682470238414
0.436177161607787
0.491284082003063
0.694064444175884
0.66357472663677
0.642957568098745
0.577408083505088
0.681878026556351
0.591438023888314
0.770014250689261
0.563162243246908
0.450710615946578
0.457437281804154
0.543561819500349
0.448192266777386
0.661038287662864
0.552383706881953
0.413542198744798
0.683640235312813
0.434688088928199
0.60063794472958
0.516871775449972
0.593083717605932
0.642631654312588
0.513506531787896
0.749950296079362
0.562431568873476
0.599804199834885
0.713992183260676
0.621448300917028
0.558052301218676
0.597041689164904
0.56598919681952
0.640664588070271
0.529128050454587
0.601182661114401
0.688648198975838
0.5514059193225
0.669497432230452
0.537373392718135
0.691885730884429
0.652187156764891
0.729596550762276
0.718221176068535
0.780399171667503
0.683568705011653
0.656149432848655
0.728872746899404
0.665099840514636
0.710185665786394
0.614756222278223
0.76949837676643
0.640141900873211
0.658240966655223
0.708205826532712
0.723411958123301
0.845263858221944
0.750446055079092
0.698397167064776
0.628398736219019
0.707536054928456
0.598840196345228
0.629315016212193
0.667843693300087
0.686207247390402
0.744392525585941
0.742977583531982
0.546708013834491
0.697828503813783
0.641309804668212
0.733624242661253
0.803872533252283
0.620072262167615
0.793804746887003
0.732600908997656
0.876446801784936
0.697946339107666
0.724763487413332
0.593823886856153
0.75399857218108
0.665518182679245
0.824034036810594
0.627028960165556
0.725172082926106
0.784467949108123
0.813890768715016
0.69636356143234
0.716594378774205
0.821526966371451
0.705771599149685
0.762734936997441
0.747421225668193
0.735586755868188
0.794937199014882
0.721543342400615
0.843361218852445
0.702062808868267
0.768474157061794
0.661473608835203
0.688114481381776
0.696296646565976
0.805895825169111
0.864483298527961
0.839331685359951
0.707606561618157
0.753032054354409
0.716840240303918
0.855283489557619
0.668466946025185
0.783200367251834
0.76415700996896
0.700671384425382
0.729563690027659
0.699371955998892
0.644647440767395
0.910886199983449
0.670945443593567
0.765815920327696
0.839830914478303
0.743549349610885
0.742362303207347
0.706120205130953
0.795096695748922
0.71150720702827
0.924866939631277
0.907548610056514
0.732355503115747
0.91955484018482
0.851081427824886
0.981249750953058
1.02350618258083
0.823093104762296
0.798715239967809
0.741640660018409
0.841117164473477
0.805941137630365
0.850325402960352
0.808750439214132
0.982822459036778
0.746366453469135
0.790553904165026
0.807961801374571
0.889585308942879
0.823667846245883
0.857732341923868
0.815946450639244
0.899751096650429
0.889813936493932
0.832778784751964
0.790387413188511
0.795366064820748
0.814880937592553
0.82182908071275
0.79217446243814
0.820369427874735
0.937917922952867
0.928826606332041
1.01483301930504
0.769128397352389
1.01853096362659
0.727044985802332
0.959190916742007
0.995877512267845
0.924274432537469
0.970919306825864
1.02217919562603
0.870606784404072
0.83456826909821
0.985055908916728
0.898489111084994
0.926490483340648
1.04526519463671
0.997026130896564
0.91459901524006
0.883635192694261
1.08611848022876
0.94196635160907
0.945994247241497
0.970080604296813
0.948591283473943
0.922440625431678
0.943090453591547
0.903033806477346
0.998774216404545
0.850533118763216
0.897169410452734
0.927769699264106
0.914025631668969
0.893391156043941
0.883030370700293
0.76968994565541
0.815487171020133
0.924663127165927
0.971341124664039
0.933740101259164
1.02483801176862
0.971069834744511
1.04297221334687
0.942121557530816
0.946739966414093
0.997788441325439
1.01126810648931
0.987828041704447
0.927159100504946
0.937716553609898
0.944502862185203
0.940774536205418
0.92462166503377
1.0553638128319
1.07615391120796
0.84569542867492
0.927074891311325
0.973747759165421
0.918812225469768
1.04756970997467
0.931499809526013
0.972971175995808
1.12834317999393
0.947943402049388
1.13326417162721
