-1.07000082773161
-1.04132931075739
-0.832114966117077
-0.899566206039259
-1.23485114053779
-0.986722831169036
-1.0342072263957
-1.09307905742932
-1.1580397774461
-1.0544312617256
-1.15239899438176
-0.893529597465707
-0.994895578444084
-0.891753345066755
-0.990788927678699
-1.02567291547263
-1.06591120594877
-1.07733586188774
-0.921202570484041
-1.02901584776086
-1.11459853120073
-0.923242228781387
-0.816018597660973
-0.915219712206612
-0.915530331438257
-0.983012957130899
-0.911091690755328
-0.936914772940092
-0.963579928478017
-0.839531827016523
-0.838670599922933
-1.10720365989252
-0.850165949344813
-0.825814777272612
-0.866920092161956
-1.02085216751686
-0.784961192627392
-1.09058916348289
-0.921958402261962
-0.757642221500536
-0.840304326532299
-0.822330404873215
-0.930240024018423
-0.80337227955459
-0.821547048412572
-0.98072834058436
-0.813204054821816
-0.896017859780075
-0.852067254204556
-0.87237958226969
-0.919739339808108
-0.940624667650166
-0.958286646200518
-0.92259956767074
-0.891585238732368
-0.934109727775452
-0.941570465956819
-0.884350282711763
-0.928085736084601
-1.0183566486724
-0.989184059670371
-0.811722499236162
-0.834227319479616
-0.898712170737928
-0.859514613717187
-0.774822792011345
-0.839689285868669
-0.858978346624531
-0.811765953627933
-0.870663978682548
-0.894912397818781
-0.942520241268128
-0.719380520197096
-0.781567159152812
-0.866140960026945
-0.836700763246497
-0.75601582303259
-0.937344642714513
-0.821379998946996
-0.809070363488304
-0.855946037252787
-0.922222903263658
-0.810899100518212
-0.848611654810294
-0.807168157901056
-0.775209132878789
-0.775527678374501
-0.959511539572626
-0.957208897610358
-0.869394930940707
-0.781368984859223
-0.894917151441245
-0.886038340522042
-0.780552108421802
-0.900507363498356
-0.907835319805752
-0.796128588615927
-0.947096275883653
-0.765725264986456
-0.752379925971661
-0.697296101079036
-0.957620756963264
-0.569621404829736
-0.81419838397082
-0.820054537986554
-0.766750531446325
-0.631027587396432
-0.741521023296194
-0.676064056921663
-0.592504159990641
-0.826377347066297
-0.6882022260673
-0.736620983781195
-0.74823555387117
-0.812506078678373
-0.69786788640985
-0.771382800768357
-0.728413481467867
-0.803987453362178
-0.693037709268384
-0.706961890642812
-0.727327346455611
-0.774897905586077
-0.828153471537378
-0.578420571146876
-0.862643678121477
-0.808377572696029
-0.717673174421315
-0.741115268399035
-0.904309094960716
-0.77888498080506
-0.713670662482075
-0.764069609827087
-0.620407818165498
-0.633602026679737
-0.604151900345221
-0.756349816165376
-0.699079735264432
-0.619357049224922
-0.634459620913936
-0.672961449590939
-0.615897015050162
-0.795492712736488
-0.738666632594124
-0.813317495291399
-0.664831011455133
-0.531053606246409
-0.634032224911716
-0.689862822241331
-0.660499018173783
-0.633968585358402
-0.730084352329613
-0.677731245013686
-0.669521505320669
-0.654099356496319
-0.719011036652426
-0.752429552173459
-0.707597694352666
-0.680184282222969
-0.738546120334997
-0.713456933915421
-0.834675117799975
-0.722137322421362
-0.660383235790003
-0.627269940338018
-0.602692567492844
-0.539351532571657
-0.672337239305524
-0.638002767224326
-0.692603469577939
-0.753382593158019
-0.754235284468956
-0.677000960994782
-0.785216248448549
-0.754424501380626
-0.484011795042254
-0.618110998173363
-0.674534355701179
-0.721866669279239
-0.68293794761286
-0.638267171205381
-0.723288068712607
-0.680141463861695
-0.639944071720114
-0.538921217081981
-0.600423217213258
-0.720372519687002
-0.695517774702745
-0.591561160131417
-0.713859338443094
-0.769110232810588
-0.62267646070058
-0.60445875412611
-0.563782158636472
-0.665307496078003
-0.612468780085701
-0.650923630909661
-0.311446324371666
-0.644792017421517
-0.669651770259898
-0.528772988787775
-0.574494838013123
-0.63685048139846
-0.517021053688372
-0.677009031010702
-0.629243139950171
-0.757083360151501
-0.636019821008806
-0.601422710373744
-0.528365631425325
-0.593710312443715
-0.53912681689492
-0.416888047365648
-0.534055181146014
-0.520216489738933
-0.538021498985227
-0.723912013197515
-0.649049786089276
-0.494145567383483
-0.593386431480003
-0.52326523184409
-0.518527919472627
-0.594902640386926
-0.489713729614955
-0.607756073866611
-0.625725278037765
-0.575308547909266
-0.497293290081498
-0.495364048915451
-0.619252110261063
-0.531574266237913
-0.522500719990641
-0.535802870172789
-0.549868371641542
-0.541166325424421
-0.442928980636664
-0.441576347077667
-0.553004268078724
-0.557077975842535
-0.624170954208636
-0.480189588343073
-0.40495650778344
-0.527860882003649
-0.323751338149614
-0.559612107177587
-0.567118894911771
-0.567393398905211
-0.585606678343644
-0.325254390730576
-0.552893479553144
-0.434145382356243
-0.470266394784988
-0.525030251637786
-0.502499178965908
-0.345238874520879
-0.45119729616891
-0.499914593225432
-0.375558008545382
-0.574594431187079
-0.453486215264154
-0.438851702739509
-0.431556102106832
-0.572756781889897
-0.413021332625623
-0.515334805240809
-0.552816884557206
-0.515449743389497
-0.501153064153655
-0.489062704915977
-0.599389173636818
-0.508579009529824
-0.496630946160537
-0.454433284404239
-0.445305852266332
-0.484161962951018
-0.689359769549337
-0.569594192918911
-0.232765807311616
-0.513085480804107
-0.354365978568338
-0.424893391785629
-0.496703057026202
-0.454188448863272
-0.379069087290569
-0.378700083351315
-0.415225583616881
-0.505584705333956
-0.465328327285214
-0.375379666209016
-0.366051030415407
-0.436121563382949
-0.31176157961423
-0.395604953428679
-0.498042703015401
-0.452297129386048
-0.484989316048442
-0.471023238902447
-0.252559052584924
-0.43021642102574
-0.397191255293813
-0.425104899091892
-0.40191640300624
-0.431447963599453
-0.377640785416668
-0.487834583040851
-0.557896132220322
-0.510256612667389
-0.370062538884599
-0.361200882635779
-0.379423419040439
-0.404623092947296
-0.280168317659627
-0.451765275583209
-0.266939596573916
-0.251400093706946
-0.524885107047883
-0.295357277860105
-0.398159923453278
-0.342097669536003
-0.270377599051249
-0.383227170512443
-0.505380764767811
-0.300160978282419
-0.342746741012996
-0.21785180813732
-0.296280128189203
-0.363587993091632
-0.386159907649168
-0.429088790158124
-0.570741061899453
-0.205239586056808
-0.265064475501215
-0.187526365142936
-0.258184538370712
-0.378324066859904
-0.392510076881461
-0.179000544926954
-0.443315135368719
-0.304205784164158
-0.267657989905599
-0.375873378908791
-0.400189781679151
-0.303748693699009
-0.379428235264491
-0.238371132053656
-0.28685255785378
-0.21474273137063
-0.331441395302182
-0.331532191744564
-0.220039818998278
-0.271885017223638
-0.300493781375758
-0.33296732773453
-0.425965346852598
-0.251586081727526
-0.10334321265746
-0.0835380329386292
-0.128561039297217
-0.178599504587509
-0.50213319926909
-0.199705932076627
-0.44869065325384
-0.31558210067435
-0.308291563764076
-0.243009982681367
-0.286769183505947
-0.287724198303662
-0.419532807091385
-0.236304419836665
-0.331821919124139
-0.232787744871591
-0.402403764705164
-0.268667363761209
-0.189935657330151
-0.281685668903675
-0.283737182763759
-0.441631556625289
-0.11820579026434
-0.110484787826228
-0.227538136728056
-0.189501985389748
-0.157685867744155
-0.389414154011662
-0.286301814655792
-0.302361167701104
-0.253192065215176
-0.184198921589443
-0.273073895322754
-0.228051620163046
-0.186144169665479
-0.317697942025692
-0.0775878847483217
-0.266771702426189
-0.160453312714465
-0.221521643378697
-0.101980137601767
0.044556437220645
-0.312225170855542
-0.202419736071094
-0.17551126685679
-0.212982909340248
-0.206931267743213
-0.0684097131552496
-0.157751498192682
-0.324523057378821
-0.194703444903854
-0.215528670128658
-0.120078662525722
-0.250949707816429
-0.235226605863019
-0.271725352430063
-0.0971303665886363
-0.119138753936122
-0.163831826236766
-0.169431707620046
-0.149960447448813
-0.0943731007577821
-0.139453663973083
-0.229175211704526
-0.0950810496336427
-0.272595357574318
-0.177946286575259
-0.141070055817817
-0.0629040885853776
-0.167724420498292
-0.305974921787364
-0.107072551912325
-0.140522561024875
-0.153345028815386
-0.0129233867297406
-0.0486311327570689
-0.189520827192005
-0.146928392298143
-0.1824286121845
-0.119042791484876
-0.269537801067451
-0.208975082853182
-0.15123229542718
-0.105697541227708
-0.17176222563419
0.0156583750860781
-0.17591649975216
-0.0648520666096955
-0.131200855292025
-0.149843389108415
-0.0412974322507928
-0.175884781138279
0.0419386844752434
-0.050122738309459
-0.17376474520324
-0.23573760060324
-0.0738530852731409
0.0222001073187397
-0.0661378507407585
-0.0179889163131555
-0.101180237395063
-0.0495722851741152
-0.0326598993344718
-0.0339814611837083
-0.163659946408122
-0.0078461019407246
-0.167325924899898
0.0280408417985836
-0.111156433042785
-0.0910671247630896
-0.0692884543669717
-0.0976781706271923
-0.146212559120736
-0.127279147453036
-0.051357507500585
0.0233679779176694
0.0271348679656072
-0.0216675505648304
-0.0707588959385774
0.0525671449586437
-0.0464142548552953
-0.153134832411325
-0.0200994047270809
-0.0646640479222137
-0.0361544734242754
-0.10866902808035
-0.0330629208250461
0.0347593711968676
-0.0726091694690647
-0.0472433536431715
0.0689437379020418
-0.0580006667202644
0.0666100784127376
-0.0147371896957228
0.0131749607540643
-0.151775425958532
-0.0906871191437081
0.0435557360744912
-0.104253897128807
0.0476717295271413
0.11547165663362
-0.0890850767155365
-0.201740978096004
-0.106551581474166
0.0134280932511909
0.037457719720568
0.0342317293812664
0.0969889539222583
0.100110634684604
-0.000411371685353652
0.0446173868335506
-0.0495536029721063
0.0254477742616687
0.129241596807888
-0.0269087475266202
-0.0286804441027519
0.0578498783893072
0.0461882639736033
0.0288609795210372
0.0911644164232836
0.0416830835861248
-0.129477539512854
0.0184337914778592
-0.0410351529963607
0.0454404364124807
0.0233328382922355
0.10510328549509
-0.0221070449804761
-0.0864965499132619
0.0084249526934832
0.0180106938454663
0.00129263142426664
0.0640235372822612
0.109056203967903
0.00863939571971744
0.126824894159281
-0.0592046228449862
0.0126807555447922
0.157354186164007
0.149833547862953
0.0513054832722376
0.137004042964347
-0.0398706620920266
0.113405029874177
0.017247620505967
0.121270644384813
0.0883539809333419
0.0245557240873293
0.0618621758587688
-0.0603985587910195
0.0384926767221888
-0.0157923960459919
0.197056421800853
-0.0177205356072705
-0.0210812879815494
0.0108697387060514
0.00425511450063874
0.190627601783748
0.157821580041534
0.0911809299806707
0.0760897129586367
0.219284272843947
0.11790353122514
0.118287510267119
0.130646514406158
0.115872761322327
0.147997962179834
0.159807369562357
0.198121175894909
0.137468075388714
0.324626295731618
0.0901879879975735
0.110789603894248
-0.0994986603867255
0.0376594383210297
0.240368738443412
0.124336815355718
0.290429468392518
0.172690617040762
0.0381838294717682
0.161654321096063
0.131585355632073
0.132104436750649
0.243019786431414
0.219715784706382
0.0560273034266116
0.0720218632514304
0.127105533970339
0.286990258913066
0.05216086349792
0.0999035127920652
0.113360864684775
0.248308598863988
0.207318062980157
0.293147043346738
0.0582333119165151
0.351624032914246
0.261494307872601
0.133333279062156
0.172184263366707
0.238759543353291
0.212738949142415
0.088036162221564
0.219714227844952
0.121606004483636
0.208965460029636
0.114482001251286
0.19922581830461
0.0720688805414123
0.294617520937752
0.305287186186166
0.222944654914518
0.286376966799623
0.338722545001957
0.142384482055617
0.301324229643819
0.194976205814
0.30208942868415
0.318782331970652
0.187966897584776
0.175434404339182
0.0953873347211698
0.285805117205956
0.226507800703535
0.262945566766014
0.208704791354109
0.195429733945152
0.258641027146864
0.146670333426823
0.132525681847169
0.288621710749496
0.262418609128566
0.286791530934076
0.393197858740164
0.281661381734993
0.304476350917548
0.258066873123726
0.257674131534881
0.23909111700631
0.296861456063176
0.292047071223046
0.351692185995509
0.345911690453348
0.395536664844125
0.159923838508181
0.338170189328436
0.339143981018011
0.289456518537239
0.324702397155431
0.218358675347591
0.294237665573582
0.356680765225952
0.291804014002248
0.357274534662062
0.263732395434919
0.305013748971699
0.305615827552502
0.37075919064918
0.383796830365253
0.279629557032929
0.279601174987647
0.374529151578789
0.330597598810765
0.252298080373559
0.300759711838562
0.32163924437404
0.207886128490284
0.327807098046257
0.338040376443843
0.361891934029937
0.443894238740116
0.381287801816441
0.368891303901756
0.300014641428589
0.27704354911013
0.240260653898608
0.416072899080247
0.335439721103533
0.213773487246692
0.377716450479309
0.370909594336704
0.25387334973163
0.401784647419422
0.419749074754132
0.308461551593147
0.247911441999797
0.391181395896148
0.454884488136531
0.326211632592857
0.225591742545855
0.288631756516339
0.326528052087966
0.350130270625363
0.480175418585169
0.502318891399954
0.265960371701113
0.362297395856681
0.196398082491465
0.491784200810163
0.363899221244926
0.310795246737806
0.375795941415244
0.428449292148754
0.343543282726981
0.53291910063216
0.309038222676764
0.516196339776864
0.424393644582675
0.354773159593735
0.478038242236669
0.501351282430885
0.229766779077252
0.424740674626597
0.46324907263729
0.440912993789458
0.461068435380895
0.627414277008516
0.356858399010307
0.427958858254268
0.413075832024849
0.37513648022507
0.472659169556
0.433815939005765
0.390678606495654
0.378243502100655
0.23775607835654
0.478565783129417
0.41640753519795
0.431066062456638
0.407779270071426
0.423203447268613
0.553974692918554
0.331513564938612
0.322582396293778
0.352598892198619
0.327177911411204
0.465305737988224
0.35055320602296
0.276466598441674
0.464120662154424
0.512451113517774
0.408150113900481
0.535737367395979
0.525764973257525
0.55824503057443
0.511422740557594
0.449583297243931
0.663250872133242
0.388837032896605
0.548680210996683
0.568689693609087
0.462058249161747
0.456498014417511
0.467766956185726
0.557831373347288
0.520507281307529
0.602445917069396
0.47138097291755
0.597308769057028
0.536434087724515
0.531712003940991
0.535416534673258
0.615521188593102
0.626711895620361
0.583630303441314
0.470512365093528
0.49086255541548
0.512926216130886
0.44414866896426
0.619208535403184
0.575698836874993
0.714517809952724
0.5855234084739
0.470888816132933
0.506547923784109
0.647273799490334
0.508407980549385
0.388871252026033
0.605571315551833
0.567186906401281
0.600189825843204
0.486318810678142
0.623607151184623
0.706055466185123
0.519956835890096
0.576237880083955
0.405151728037316
0.487622365177242
0.694887961118658
0.683545576893127
0.663678809433805
0.569647870501066
0.676144459218327
0.614788354110085
0.773901359356855
0.581241975257314
0.438729753721271
0.457801489127295
0.551314410732229
0.453112067035875
0.66252829073946
0.538868701286693
0.425285131464634
0.668523468712836
0.433495393928559
0.603579607123056
0.531250207198659
0.599428098626431
0.611863459327256
0.495985864572561
0.747629610707517
0.580956363277393
0.614031980174863
0.717391679919578
0.622370039465868
0.566090142961797
0.622694818383158
0.58458429198026
0.623407161464428
0.529088780345307
0.608880011664367
0.684160662165531
0.531799176696636
0.661969984020911
0.539254790512119
0.692997353493549
0.679964949625605
0.722126691688593
0.71310616858621
0.777729193005388
0.687530828136142
0.654991319312304
0.725665237497969
0.664629894948051
0.736957379170777
0.619972302895503
0.77034950031958
0.652424019335997
0.688206217035764
0.685374052229051
0.706868072150248
0.846807441001918
0.741076628966102
0.695926919136334
0.645151764064045
0.709076972292664
0.587521405890223
0.64262093922277
0.672546543496016
0.672902857308873
0.740436612839404
0.72760798823292
0.541269612684071
0.707856393991007
0.640255331327137
0.722134335567274
0.819535742815874
0.610209643434857
0.785327094411215
0.731723185469435
0.867654064964456
0.681095452307722
0.70182911849655
0.580074312926683
0.754416213694403
0.677761209722902
0.820450419320043
0.646687303387902
0.736837603942451
0.778945254408648
0.801897551278209
0.686007630139794
0.732545744366516
0.812327935054975
0.685607924218923
0.774868058312997
0.768412096481856
0.741222277601513
0.803625437325103
0.714391995528259
0.825184400764246
0.688270306059327
0.758984986600668
0.641590600299379
0.697569906880318
0.677522827711275
0.797715934860581
0.860691787974788
0.836259113891857
0.683780754982088
0.762661056269281
0.71402535296953
0.860442254706656
0.697400594647996
0.765410642885783
0.779457342751897
0.674235424881408
0.738599859765738
0.685709209167122
0.625561311893463
0.910752380665949
0.662386556546687
0.75317863310154
0.822710769819671
0.721096421751093
0.734245272715264
0.727957494092022
0.789793210776706
0.719170350862164
0.914861372336837
0.896440259729378
0.708832025306941
0.928039781507884
0.855331740249025
0.979680810538069
1.00743123339718
0.819881348386823
0.819252107888504
0.756061027203167
0.819136492976545
0.791188560865111
0.843870549741129
0.792051115805433
0.97808076012852
0.774776334796859
0.786049832407874
0.801442593217089
0.891987180099386
0.832430120236148
0.872131681792602
0.825157317906892
0.913976273737408
0.884792209462666
0.831611965312591
0.781082372241481
0.782114821338763
0.798755143360756
0.829656258151367
0.804178400681663
0.835324665661867
0.918547418545124
0.931799713911069
1.03183403701865
0.798146348721964
1.03576916063989
0.721452195199233
0.96683203711291
0.983312967322733
0.910965134360314
0.979014419637029
1.04175007874191
0.863010196196763
0.8574753784639
0.975824410806454
0.887460814495583
0.922944219142542
1.04215444433663
1.01085155963479
0.899604471322826
0.86555974799041
1.07058966759318
0.940261213714162
0.971717076983858
0.964737460585911
0.955731867823738
0.947300407487754
0.941854504310756
0.866592662503956
1.00476675824344
0.835735380057157
0.900799796798815
0.926336129665959
0.908343633972319
0.900721606036961
0.886795990324267
0.777893953674337
0.81305715633407
0.929669990506908
0.975240400411866
0.918680843665569
1.06477995649798
0.976453560468127
1.03888711222909
0.926389474592799
0.971737749322869
1.02441056690287
1.02469383009518
0.996953308502902
0.901120928024615
0.953941780711055
0.939521475149771
0.959516368607763
0.907902276682932
1.04673477223901
1.06747389118092
0.849605732561815
0.933977868939093
0.986868431121885
0.921751354107065
1.06568691176299
0.932596622027368
0.962640726029386
1.12956707928889
0.941184565173165
1.14706272302869
