-1.02236891084405
-0.892832157591474
-0.963672373101808
-0.934808870681783
-1.01209318210136
-1.08540866827126
-0.973063376351795
-0.814637979970593
-0.914350697577425
-0.972628067460771
-0.990322816167948
-1.04114506930073
-0.992134177052219
-1.07121966176002
-1.07362185413755
-0.99275840762246
-1.0115517267256
-1.16239902524504
-0.980106867262924
-1.00383535804577
-1.00299533430622
-0.940841000322135
-0.835871962379447
-0.948900897524513
-0.840466784219681
-0.939405420530942
-0.887732719162994
-1.063173011111
-0.960428095063426
-0.770622046403132
-0.900190492517977
-0.885852670595192
-1.1543191239202
-0.865107293700254
-1.0748810664801
-1.05341883897869
-0.839228556415065
-1.06985207131129
-0.944011017527057
-0.824153931568791
-0.956240538926347
-0.881632261073099
-0.695077026020952
-0.740882363584606
-1.03745759170536
-0.855203647724781
-0.984921218263894
-1.00750289149716
-1.1032384146489
-0.778554832954584
-1.12279376410696
-0.97057806510751
-0.96898353194561
-0.7071832549974
-0.933710490947431
-0.788589562755793
-1.03142779125349
-0.997470902691165
-0.754957817520091
-0.928589381712573
-0.798433569185504
-0.979739511840907
-0.825545267720653
-0.862649664149022
-0.836770230773061
-0.814486471003131
-0.804077722231504
-0.958904336495001
-0.819903240759104
-0.81501670168185
-0.902045016136696
-0.817160229404698
-0.953129794145357
-0.702872572490242
-0.760176525932199
-0.731199393348273
-0.812853121725025
-0.756406355382502
-0.850740792222715
-0.807006165352082
-0.838416354850336
-0.762509660577763
-0.899588450480809
-0.761378221853587
-0.767695536556564
-0.680573405718409
-0.720890863691471
-0.994209396401077
-0.869926172525354
-1.03901427019998
-0.832513764504204
-0.792365124073412
-0.924738703077324
-0.774693643371133
-0.796401491460562
-0.681857286423054
-0.774341686892179
-0.901848780573165
-0.735578743023413
-0.794549352685582
-0.778478247113154
-0.837375483381055
-0.852694832679477
-0.827434923331624
-0.809627796577657
-0.835525832295355
-0.793129870441427
-0.967687915231547
-0.743057940804909
-0.770069430199617
-0.780654909017173
-0.827510450176013
-0.711576420456147
-0.82309812535552
-0.747109614563416
-0.654094700259505
-0.804433276246371
-0.603784065473075
-0.761358074557148
-0.697533523941413
-0.758846749833929
-0.838147834619606
-0.717108542320303
-0.866905776266149
-0.652730502755125
-0.649629533088579
-0.808474938867856
-0.762559614636448
-0.84744284044855
-0.697921620041953
-0.555539100787172
-0.7537556614964
-0.647380061683271
-0.872773172880587
-0.477254470979053
-0.754138274342244
-0.755246277248182
-0.786571134632179
-0.667880432254914
-0.653138603868244
-0.543932110179886
-0.584858883041585
-0.654750445768701
-0.66802209765804
-0.801205102391355
-0.799849123939002
-0.744156158988805
-0.709979113219212
-0.643952293720369
-0.849995397945887
-0.714947786998067
-0.740592395689502
-0.708329346353493
-0.788441950336741
-0.653598511684856
-0.627251809143091
-0.786737978572334
-0.616232024853255
-0.651693980590285
-0.704752080936038
-0.637084533552471
-0.67994920159664
-0.748434099530743
-0.692694550087356
-0.586579178284213
-0.573525398201916
-0.840081217684067
-0.527570318878455
-0.716970883720485
-0.640032816995359
-0.674392434703065
-0.680367802080269
-0.601138155783285
-0.63386433326018
-0.599030716658517
-0.66625986211513
-0.641099348046232
-0.473572162013887
-0.782778578984297
-0.634093840979693
-0.694564142664383
-0.568837314129126
-0.644557776519703
-0.549225923604714
-0.592023906539025
-0.581991609598501
-0.657598236874536
-0.51913765276773
-0.655076848328406
-0.577386026719466
-0.499125830453371
-0.700056194182413
-0.647247803020772
-0.615781777679338
-0.600194052364019
-0.741290132785866
-0.559671541045633
-0.627759585296193
-0.659615862285832
-0.688210879844816
-0.483756769394407
-0.561903418874111
-0.720446644797674
-0.608333729022841
-0.703690485574897
-0.625187250937531
-0.743611376810717
-0.640173989579515
-0.57212338256121
-0.51230424113705
-0.631215113939074
-0.548891143956492
-0.568519114112096
-0.500741408181173
-0.57383230157201
-0.544115946129499
-0.588837689863402
-0.638996151564937
-0.586447629120786
-0.686886726162168
-0.526067130995296
-0.538827678824884
-0.584357849851309
-0.608584316953627
-0.481482335592234
-0.455375909703958
-0.638763538194181
-0.541265651153561
-0.596721150780394
-0.522945802575843
-0.336500808621081
-0.505452847726237
-0.390496554123523
-0.609322804193525
-0.448878849120714
-0.651313477151634
-0.509963675794754
-0.522437741505818
-0.527661019909404
-0.592616463415768
-0.495982000099458
-0.549876465513648
-0.635518757137327
-0.625991906736383
-0.426580761262492
-0.458717484790618
-0.438963626131093
-0.553580782765085
-0.421370462518103
-0.458701154980995
-0.512675284057673
-0.5103674259625
-0.42094151839427
-0.566714679705253
-0.603240393095667
-0.532449137716858
-0.445626039226051
-0.442188193946257
-0.443100401127184
-0.369253236148106
-0.428038634807379
-0.599376833525345
-0.367766173115252
-0.578845428850731
-0.571248045245614
-0.478023738961981
-0.425317983019932
-0.276616284609611
-0.343509365876801
-0.308126726473791
-0.38921577828399
-0.414110598605994
-0.497646708045963
-0.534009298467875
-0.378651851138976
-0.500102253871452
-0.540042851489251
-0.433235287976525
-0.419158228389881
-0.449408247204488
-0.500951192929035
-0.383607453888568
-0.517215218759132
-0.25430607496816
-0.374615973446678
-0.409727456453963
-0.443309550051261
-0.467468807515429
-0.493708758397223
-0.322045727277348
-0.41126644210841
-0.477041166187335
-0.475254855763264
-0.419355252304351
-0.518088162417417
-0.293072606689515
-0.441340143008468
-0.451544048735087
-0.614152305511149
-0.422574810428375
-0.400485557363543
-0.398697280097552
-0.262095823434014
-0.314623219987927
-0.379539135302634
-0.365775058092744
-0.313886877037987
-0.277008889470649
-0.328116344053717
-0.343470838376306
-0.506527635972345
-0.442803220952459
-0.133953058311791
-0.527528711738014
-0.330380819022139
-0.366919184007636
-0.389019763851703
-0.449208475787214
-0.444486764547367
-0.373830075742734
-0.366385266296279
-0.326687741505855
-0.265238229216883
-0.356520840262221
-0.337631513428221
-0.292181187145406
-0.105587511112338
-0.281800003253984
-0.352185763340935
-0.1501435721184
-0.504778594662846
-0.373302376429349
-0.327883320134879
-0.280016077641044
-0.294213304877406
-0.217171190754584
-0.426783757677182
-0.305903188246524
-0.322285822011334
-0.376718802326502
-0.320045198612911
-0.232808285540573
-0.284208195311475
-0.453355777045257
-0.215815612287413
-0.172512742706318
-0.218991210168726
-0.19848550791686
-0.332582582149338
-0.286199154907376
-0.205040901120379
-0.36823540010168
-0.211602603179782
-0.34602411342332
-0.29053018199602
-0.273873112519716
-0.230094293353302
-0.298357007306569
-0.2425192681471
-0.333080899864253
-0.388064793358918
-0.343783093606291
-0.324919119017683
-0.209081427834618
-0.178101156103402
-0.181894346861287
-0.325517413854926
-0.264495151063099
-0.239613666411115
-0.148303426929085
-0.321686710226309
-0.2393312807285
-0.456054735285613
-0.209839255048241
-0.310837395350129
-0.309805627197319
-0.188226409344728
-0.296418145656366
-0.207816836431277
-0.261687718186998
-0.366520621872767
-0.267089622136003
-0.228705606014283
-0.354981284864816
-0.250102398434514
-0.266515080332864
-0.371217831333408
-0.197350002610658
-0.0799107338531542
-0.243001229270529
-0.174930820224377
-0.278756647007512
-0.0807554671880976
-0.133527978050246
-0.280103271426398
-0.297176297190407
-0.127251268754907
-0.21521490340812
-0.370435765428183
-0.151953521654798
-0.195497343911479
-0.232147285951807
-0.235220625992507
-0.242936450845885
-0.301999565627516
-0.111959471247905
-0.0706744424043011
-0.322200887117916
-0.100172204542662
-0.160096446609614
-0.141475968653244
-0.22672274549618
-0.171886860495829
-0.243162815902355
-0.252282047935244
-0.051181650741322
-0.234011422236874
-0.323472623751126
-0.211453960836077
-0.139160086130661
-0.0408223239857887
-0.207867219315598
-0.190395943539349
-0.194541843101413
-0.259903350197617
-0.177240318419846
-0.223594316304136
-0.187489979328441
-0.126740331197613
-0.078586356730589
-0.144791733161284
-0.134329855573132
-0.22660508122362
-0.103841841131402
-0.0397778514221088
-0.147492726641514
-0.130191142807312
-0.371045323397442
-0.0948964099250627
-0.201220270715782
-0.0395428683589317
-0.177720709621959
0.018121372036218
-0.107167689113379
-0.0921269560250622
-0.127930150824579
-0.119109985072748
-0.158282259846018
-0.0891244053869322
-0.0325503323293288
-0.264326981142106
-0.138696551758176
0.0792661018135765
-0.0644509189953731
-0.0492895835463329
-0.104445603706128
-0.0705057071383522
-0.071755567946046
0.00926858180312855
-0.00445671957611454
-0.062750219572605
-0.131134129128538
-0.0650493090521811
-0.00714878528567122
-0.107576844099928
-0.120069651956729
0.0917464557005593
-0.188594187543434
-0.0144424836157559
-0.0333967657325796
-0.102847281850473
-0.148218781404991
0.033274661539495
0.0713063844425916
-0.0651898890235844
-0.151032634500478
-0.288089115134033
-0.0568370243215927
0.0723601637902951
-0.0041877853104165
-0.00104256218937588
0.0191319899020156
-0.128801116294615
-0.0839282277457484
0.0340992465613269
-0.153695559169046
-0.10557598356709
0.0751979268039511
-0.23888940563363
0.0724075402648861
0.0241513124716801
0.112615302118297
-0.101861613120968
-0.0518818343217631
-0.0570314657500467
0.102017747985201
0.00812696556686797
0.0297428562436794
-0.195243014533808
-0.114015614097348
-0.0558443881545577
-0.10900290998566
0.0330689823497296
0.00999186813226632
0.058659005831622
0.0747285553368655
0.0199589164913118
0.088697628272522
-0.16858031211642
0.000628359106994139
-0.126285334101881
0.0643431826663996
-0.0443665396933534
0.0916676055272255
0.0531064768220658
-0.0306098699464307
-0.0618505960775533
0.108592556145644
0.065026624176005
-0.0405281027687628
0.0560295485479461
0.138681716457399
-0.065069041519603
0.0824641847819814
0.00522639328414726
0.0835439604381277
-0.0776326635480959
-0.106337414986661
0.0728265274565883
0.0941894349624696
-0.0161616075718976
-0.0779457890386449
0.168050207957748
-0.00915616952797511
0.072198025964086
0.0157965399372795
0.244549557942132
0.0914281518184277
0.0230071892982926
0.0258812864054435
0.168159594093368
0.0284595387278444
0.0753785149970795
-0.0498310564200036
0.00788231271186321
0.0826427849921674
0.0919002668420807
0.0792961374958405
0.0921412531085041
0.182503652906398
0.0796525521952767
-0.00244081913433493
-0.0826126542735193
0.0248768865026499
0.127498128508317
0.0748275772943226
-0.0407266697078066
0.172216710762149
0.192785806102123
0.0655290261765051
0.112690062998504
0.0463889670961222
0.192537447247028
0.280934751998986
-0.031490547870862
0.227815487423712
0.171945074063966
-0.0854095919939743
0.145149055720736
0.130338121718158
0.0616626628250165
0.159896169507847
0.226726569120135
0.0764600624189689
0.0425455979990874
0.0803184473830171
0.305172059023402
0.261690261485584
0.158185998392574
0.180564509512348
-0.0347493070696377
0.235072129556637
0.227190624386122
0.0564063065610302
0.0702969292712163
0.0876051179295094
0.169597465057287
0.210581986161181
0.215705501658061
0.0610199763155878
0.125925708138494
0.281443955738556
0.138338030890461
0.239725154559564
0.0719673347060559
0.192461515928879
0.281018146664082
0.259422183935012
0.160704217804359
0.285854287620173
0.122625583746853
0.332859274623045
0.159175558421515
0.328737162010481
0.202267559729558
0.0318350788586182
0.184767139514395
0.277436891841229
0.289283816989093
0.350292564516708
0.181654479422201
0.213162009713222
0.352066723720804
0.33340848293654
0.277249208999708
0.151220811909921
0.0944299544978735
0.285725478969368
0.26939064956266
0.0356252193458508
0.23998436873704
0.250580488945344
0.159275501195878
0.290965121084267
0.189604755431801
0.264046992437273
0.122081545414004
0.266713386452432
0.217742793931376
0.38214329801883
0.411375917853509
0.242940043806041
0.0999629614538931
0.281884477983791
0.241700600518998
0.318799264275164
0.12660668854019
0.425796528809347
0.296256030788544
0.259954974488583
0.15743680458236
0.310328846256494
0.273830032632426
0.268281567231699
0.130897547323636
0.247412058816569
0.274456586863826
0.367321276751657
0.220098476439977
0.321584053843937
0.41410857514075
0.281935086421451
0.421659124680291
0.422260180572643
0.366073794472954
0.371006082722998
0.308125124637425
0.338265704536422
0.404760451036423
0.236767854866366
0.311839804854595
0.304315859155188
0.364283322390201
0.381695504662717
0.542481632797414
0.424558196875541
0.351859413239505
0.321059267681431
0.295462538493038
0.502287240193269
0.318479876437015
0.394989201674389
0.336141946259741
0.438641310997091
0.240713342641674
0.408846889053355
0.233511096326084
0.243593656027757
0.258274936341098
0.285714037936776
0.448544292139646
0.2310421271202
0.355679720752026
0.311432318459443
0.347165597895337
0.479346296250441
0.450033437537714
0.364178533210828
0.391688908486593
0.436814929624402
0.269995776904436
0.381105997390566
0.3156790218232
0.306945364252124
0.430348291102641
0.439614750553548
0.336964240411136
0.483151182861039
0.493237311205305
0.248048903416582
0.41227434595477
0.524921511325825
0.461903655128843
0.419627560669183
0.342653936219802
0.381799495710208
0.374292531823971
0.398899477631738
0.250327625236025
0.445844373729112
0.534816165321249
0.37442069791244
0.461372408779705
0.576141062978261
0.498493932181558
0.466320845843151
0.35312181408561
0.545806361426286
0.347288746310695
0.414109225558615
0.461303417249038
0.335667100633909
0.471398444399132
0.351970236984184
0.461501645429
0.361156806755333
0.541163175510633
0.526463025095029
0.36215167798674
0.44715859481298
0.481663454137472
0.459085369241821
0.489611830450184
0.567178055670857
0.359667967049237
0.463997930401055
0.477281274027249
0.604534364514626
0.295863416865462
0.491934795091643
0.414647184985626
0.634889754565268
0.637409203703118
0.406642104098774
0.686405355533609
0.493715986071477
0.550950104419737
0.585060126550965
0.423029216089235
0.482859086403451
0.447891272214007
0.488705109498822
0.494608180058916
0.461733192584875
0.5331080198306
0.418822096065606
0.520413561105525
0.559599042485294
0.413197615686897
0.545031112099265
0.546338243743253
0.48887784065431
0.541235812622233
0.490498982202858
0.5004306052217
0.507587416013933
0.629573877605059
0.543539494381636
0.642316559521784
0.473637687748505
0.426220169134751
0.554738078522344
0.517320517526714
0.52863764697685
0.51933975445463
0.533818003137805
0.507900025749175
0.533298661851761
0.589418521428045
0.569626841035996
0.547235144230202
0.504415328140215
0.557280642996575
0.463464605603784
0.553984903857658
0.486665956450056
0.553216612994023
0.708975684867817
0.506904492428726
0.629528753344696
0.534073084416359
0.534927295068998
0.59379470670449
0.679050707672159
0.514207487974857
0.505353610202597
0.571976286775143
0.620513727809397
0.503874373309845
0.607195316439031
0.523873707817748
0.664415515164849
0.573463513464774
0.597207769336474
0.571750598764131
0.714588961548807
0.591342990091471
0.540802414809928
0.478352078336652
0.700636084896529
0.646155415763705
0.570019845523589
0.673376549632964
0.779835565217793
0.665973988659698
0.633438659806392
0.66987755132342
0.676446810841752
0.490061469781131
0.585843097334728
0.638120380063805
0.73081290939779
0.588932447476147
0.682211891116817
0.626882792752836
0.512030766773199
0.755172148255426
0.707811686928778
0.73997582064092
0.720028084730377
0.542259169160994
0.592540168311478
0.634020015146033
0.783268883216724
0.58922999589827
0.631699258541641
0.675239592845892
0.845665119502582
0.648125729491622
0.692860741196986
0.705812396187166
0.754186982034383
0.615792175566889
0.784763207329662
0.661341772211331
0.838282476562613
0.663170801630297
0.828845238094783
0.688451885300998
0.610256955050729
0.714490396403242
0.683767306231986
0.816805191938784
0.672906310480948
0.752724094698185
0.970404234002231
0.825063491266657
0.583018600187101
0.679538594636053
0.78864030108224
0.632213226212688
0.624719455272878
0.65480281107844
0.887404514665024
0.756735502824897
0.696496027014288
0.622533049515889
0.827849407165114
0.731677939180375
0.697651375541081
0.701387329661882
0.802782773907917
0.722680179042255
0.71574932138226
0.779933348875585
0.651459782573524
0.812038251293931
0.758101468021843
0.973490553366044
0.708282320463865
0.610246545953756
0.806594400381732
0.753966195738674
0.70866163740562
0.850230396495465
0.88697561372468
0.755171989160032
0.593246293806966
0.860126987671003
0.712373788521392
0.761812222788004
0.726486389392123
0.881293067005022
0.685760228071742
0.823101553032217
0.827217344818829
0.723611934000299
0.841235899900363
0.624713118302483
0.891760855841116
0.872345584107372
0.733007918330367
0.72452920740468
0.797975161279801
0.744968656463838
0.657959678977467
0.807010689446243
0.8518369776031
0.809523289160431
0.858902413685544
0.857623087697378
0.851990550373114
0.865392410857995
0.856093396158928
0.834318201664357
0.679270017349879
0.826001111326819
0.88536005323551
0.88310868266277
0.828450926059491
0.902238674822975
0.971496253874325
0.780116341574689
0.841238613617439
0.850446048086815
1.00371095994589
0.786023123582885
0.852881246806113
0.799946007543046
0.82543622988605
0.848867639109686
0.759843446219085
0.83598493293076
0.852536749195066
0.807782081227187
0.691003865552441
0.767839483876133
0.817391046772854
0.806318142465866
0.784036781430687
1.01722085639051
1.02498068096839
0.90774578256838
0.849176875976782
0.769398745960842
1.0175586647809
0.791213091445759
1.00113136143265
0.931399746496257
0.756365687306025
0.97963968172444
0.877975229328196
0.83036024953171
1.12370058175649
0.735153728353049
0.88084308924431
0.870943242965562
0.914043445038712
0.910184999846656
0.887111970811585
0.978856252658742
1.02042432596013
0.924629526928532
0.786863635670938
0.945531374447554
0.838418809521843
0.754856845881722
0.962024773292203
0.868520119747254
1.05335702680717
1.03731484216106
1.05199042674368
0.969081359962729
0.811460239724511
0.906557430721579
0.920369099894033
1.06431263546602
0.804509616914311
0.927203510346719
0.910741289673442
0.924906360185795
0.855973688490978
0.908980191155393
1.07446264047823
0.986681538746826
0.925819808914537
1.02998180369038
0.984371947461442
0.860305128904413
0.93760570701727
1.03670601523202
0.909421250585399
0.959659550355203
0.928387358178885
1.03557557501196
1.0677588632681
1.0260246017784
0.973317111482041
0.961716305730737
1.21436333645501
