-0.961173356439234
-0.995894031233903
-0.974759711453162
-1.02542861402403
-1.05426232658174
-1.12316034579051
-0.924516228560985
-0.890413479992489
-1.11237127266765
-0.813104780748765
-0.970040318309525
-1.01630189467401
-1.04783459154726
-1.01401392615172
-0.907408656338645
-0.918985423038254
-0.925712728758426
-1.01027246387704
-1.01488793282373
-0.956685974926599
-0.791930565890857
-0.942577746117051
-1.06656018235197
-0.93053504522475
-0.874068812096906
-0.890320575765213
-0.984249502138376
-0.990273061718309
-0.833869233361952
-0.902456147379867
-0.974887255284345
-1.07531059645782
-0.98187821742909
-0.978165398821988
-0.855944380736672
-0.833768308843112
-0.960572183016823
-0.773168814421902
-0.951682909924641
-0.882121510964466
-0.750574476084301
-0.840713871337253
-1.0460900901292
-0.966008808149332
-0.892993085941816
-0.858294895351933
-0.964450033406145
-0.893656750962347
-0.959336877674702
-0.788156753383266
-0.961280124217554
-0.986225612733456
-0.929403977073093
-0.896904921460272
-0.939500675997264
-0.880012591281642
-0.800082326479843
-0.847680410646513
-0.951159790924491
-1.01951100374559
-0.849586411455105
-0.995703679759741
-0.781937054222388
-0.769524869086189
-0.782232737120462
-0.805627508840301
-0.992051122755053
-0.836745620148063
-0.838150999370377
-0.77007971828634
-0.860664116804872
-0.922750401667251
-0.976397992189282
-1.18118301264823
-0.844881910417478
-0.851967574933263
-0.896193546034309
-0.976356148048416
-0.750004365296061
-0.815823891854029
-0.77972961519077
-0.867816704049721
-0.925256513556446
-0.874676897756259
-0.66469185077721
-0.761241179487724
-0.910389629225771
-0.855370225072061
-0.877047072501766
-0.936626499571898
-0.893388509393467
-0.772747028841975
-0.878825206742429
-0.733604143126197
-0.796534545667712
-0.785411843772947
-0.859099995187723
-0.719856296891611
-0.760724374772333
-0.763139571976404
-0.660869408499932
-0.733124131799454
-0.913749384811545
-0.848840939914778
-0.876597923302647
-0.621650603077868
-0.732780902728013
-0.73666482262312
-0.85177467491759
-0.649133137957324
-0.602032780643892
-0.707028078614734
-0.763554746338611
-0.991886052325499
-0.906473395970428
-0.908713106569829
-0.769887302483682
-0.717066089085095
-0.849344234767584
-0.753326533386993
-0.677059461728731
-0.908714515799373
-0.662665813172904
-0.813413320415692
-0.782173139939148
-0.703200057683851
-0.836237791307124
-0.617722481399346
-0.788155837572212
-0.772078697931147
-0.762061036573743
-0.784999822235992
-0.854451949886166
-0.674667452473759
-0.67999303279118
-0.742150170345453
-0.747866900879726
-0.721148650512842
-0.754299995055324
-0.759144620253979
-0.787538636903001
-0.662485521925517
-0.720162090352727
-0.678309084725201
-0.668574680103659
-0.593043030435011
-0.716421587302851
-0.657819393485885
-0.796595185937013
-0.5852912029576
-0.71374022358451
-0.797781105304619
-0.578441233732241
-0.769913347796282
-0.614210125447847
-0.675288275418538
-0.842211736539996
-0.607798243497097
-0.707499092964242
-0.597432620337673
-0.666880216326774
-0.67705952737773
-0.574099343570241
-0.708279694243485
-0.584456713564839
-0.68463430889137
-0.704451934416608
-0.631484762323036
-0.709868963580209
-0.604920779839627
-0.732395973861779
-0.650444938125002
-0.566463024455275
-0.69342563104031
-0.560940780162138
-0.526933367785978
-0.638474534118131
-0.723571522557494
-0.780540337605917
-0.690251544272544
-0.646255751618317
-0.542650454589832
-0.556083789571569
-0.560301849734808
-0.631826472945599
-0.60446917933971
-0.670061077809107
-0.531809079953598
-0.580549561142207
-0.775132854044129
-0.549512913228357
-0.603614544999706
-0.62382928136642
-0.628771532743132
-0.439559767465186
-0.74760754126933
-0.600928388985848
-0.578527825473899
-0.762136244414222
-0.577173632288908
-0.499987383649351
-0.677097290902754
-0.443323439525693
-0.686927243555534
-0.556059752696613
-0.631332667880689
-0.402666425444383
-0.622980194485101
-0.60340391633398
-0.609967273706414
-0.599135332043779
-0.731421868813028
-0.534533595954045
-0.557464277906741
-0.593021777799286
-0.529018011155703
-0.607813814812441
-0.538562626903033
-0.568064987839121
-0.582546182635196
-0.738407897327891
-0.639542167700932
-0.573882018612304
-0.482622909502583
-0.602658734244921
-0.603628766228612
-0.517017988585752
-0.542376160125592
-0.615999147082229
-0.606255387822736
-0.483024730017515
-0.53280169086078
-0.610682373750949
-0.614006721069495
-0.556305185522669
-0.548661997148125
-0.457161839206296
-0.622887648010112
-0.400315954585899
-0.490991504093138
-0.524218886255341
-0.512760652603278
-0.564535766506264
-0.557717409525895
-0.58155789173385
-0.574445297728891
-0.512259187342953
-0.590374843379466
-0.548161645950765
-0.452363485474783
-0.431194457457484
-0.513669046293945
-0.431805289779753
-0.443744621523948
-0.398224861732514
-0.450693454785292
-0.503056439890566
-0.432396238841096
-0.475098370113686
-0.564906661799595
-0.459482580636911
-0.544640329730771
-0.530435621281834
-0.546076718585494
-0.373313936782763
-0.262367154368689
-0.406984910784492
-0.440392279126134
-0.541131177133659
-0.442782527251804
-0.635096417310205
-0.454126514351293
-0.461622717921304
-0.425255228787
-0.409267014925719
-0.409009464537824
-0.617284192698253
-0.462029400395971
-0.405573584277165
-0.351197476082762
-0.482032561014265
-0.351138019095775
-0.496932272003931
-0.641607731472308
-0.33905981727892
-0.506585627118306
-0.457445631820218
-0.424295198267245
-0.418574358241965
-0.439345015049505
-0.45603350844552
-0.265736261307125
-0.461608507975963
-0.356703299878046
-0.438577088001302
-0.284466015965939
-0.270934582124173
-0.419883999373026
-0.314324929435475
-0.26788672066095
-0.405714277451422
-0.334991412732958
-0.336711733315807
-0.271608773016455
-0.319178060456577
-0.317037002065334
-0.461013412454555
-0.439782449397405
-0.32105438546046
-0.489699570155406
-0.34955708152297
-0.41286166147915
-0.415290361497524
-0.374822843570507
-0.350174453165661
-0.374455476626968
-0.396064364580356
-0.400315063967164
-0.326315099300069
-0.441299129594935
-0.265404686467695
-0.425674743685666
-0.38353644640607
-0.459433636429066
-0.296597155115867
-0.462758337546576
-0.484515808493105
-0.273891164994159
-0.380811068673171
-0.253116026034198
-0.366899750422984
-0.448598128395995
-0.255411272399061
-0.509764640403287
-0.334820943800964
-0.21141471390402
-0.28629694005651
-0.401374555937317
-0.253663747827579
-0.316390806994176
-0.105753942648426
-0.38883938604959
-0.233431848384881
-0.325679235991665
-0.416274612600376
-0.217200311409822
-0.301099570919457
-0.287517778679051
-0.337043369016788
-0.356883950426146
-0.0647667530670981
-0.388153481897446
-0.339487718213634
-0.34171150656709
-0.212072537072498
-0.232460270751283
-0.379235640171686
-0.2052241419305
-0.37496932242482
-0.361890243138401
-0.268001796487476
-0.263382520501316
-0.353921264530185
-0.153118132749076
-0.230151057197183
-0.244135389850774
-0.253273594015457
-0.220320812328492
-0.254613208972702
-0.326611865235158
-0.307404419712511
-0.266048317034636
-0.27798581369012
-0.196508296625078
-0.331601295663844
-0.172614593704757
-0.278902550562803
-0.305930529297139
-0.287376110206018
-0.418690955399246
-0.312653547967222
-0.159030769489538
-0.16723280350775
-0.156345790499993
-0.248456376689593
-0.368569778788097
-0.273376533709759
-0.293451262683954
-0.307946992351128
-0.158582569196993
-0.286227540907482
-0.25014642126216
-0.151577558693907
-0.112899198244464
-0.211175839225958
-0.359320372258482
-0.0508175736099145
-0.160074145585855
-0.247672507433069
-0.355419828691666
-0.261631239858365
-0.274138167733919
-0.1125345503344
-0.219709041887673
-0.348338114084494
-0.172613890012167
-0.195947389233401
-0.21441100607204
-0.0619528304829081
-0.159492697350991
-0.24859057492003
-0.162190391768024
-0.169628608368834
-0.145681411889456
-0.260169295237703
-0.323677593273737
-0.0494080033461937
-0.255477766940769
-0.160628658250915
-0.189223354938197
-0.273630455327111
-0.104190320148251
-0.228332894718807
-0.21217771907919
-0.0827853266850051
-0.125551801278685
-0.0649297571906771
-0.11528143949399
-0.285565301107145
-0.122702765538788
-0.286857687666544
-0.0137047852283774
-0.10106226473777
-0.188233411457741
-0.147375365130972
-0.253031474680757
-0.166986871027299
-0.0820407084267449
-0.180206421089576
-0.139191508035527
-0.163734025859015
-0.180182063025473
-0.0403230639524619
-0.0635433320936367
-0.250742114164141
-0.0902501714821498
-0.139078693068853
-0.145782424715538
-0.181275978815384
-0.286095313588892
-0.15981606777343
-0.164313062043538
0.00670814578816465
-0.0799016168978537
-0.0834995868506216
-0.0405083177712877
-0.123956617872895
-0.00906989789293755
0.0636299729918902
-0.067920090038214
-0.0903738359420319
-0.0678090627979901
-0.206743656247092
-0.0103496929294342
-0.242854221866917
-0.0408294018957739
-0.100898228212412
-0.0703758309928992
-0.0371725155269055
-0.204512012098856
-0.000100553158706075
-0.141426058215913
0.0760166669979248
-0.100320701103601
-0.0254178329139647
0.0428938320232342
-0.0869344704737708
0.00614230422628022
0.00752493915298318
-0.0337124143753988
0.0779972509113525
0.112865803324129
-0.0436908419496356
-0.148630594012079
-0.118435610338506
0.0614740935950345
-0.0603716231155912
-0.214923767479999
-0.0952083762894364
0.0386257480320944
0.0481772340478655
-0.11241577777417
-0.0789828934939728
0.0786052222651638
0.0632837161111334
0.0685600759340624
-0.10196743281557
-0.0249558039438528
0.0494125645307673
-0.0101045738165311
0.0688813610191013
0.0712976121395347
-0.0133676274731402
0.0668787369856639
0.0466724389974713
0.0545937954043126
-0.137880131823844
0.0384828892766665
0.013129575631406
-0.171550311655215
0.0822304450232806
0.240513121629848
0.0407366551879077
-0.00870901868946511
0.0819521609326877
0.157664555131234
0.0991498791983071
-0.0069713933194436
-0.12411094236918
0.116736494408908
-0.0140911534551138
0.135846103866445
-0.0511838868668913
0.023221546751562
0.0719885693631227
-0.0133636556504786
0.0935151899409251
0.0412077041078194
0.0685406552934702
0.107056715954478
-0.0280023875885619
0.0880856048504275
0.163111968673218
-0.0873803384174096
0.107613126268464
0.148246921993455
0.0589268569949957
0.00814373563208722
0.0927817826036542
0.141252496463351
0.104209596874034
-0.0757128947646342
0.0561078470034765
0.108623492805356
0.173623201012186
-0.082200698093646
0.179362050790618
0.0955350680277765
-0.0336897176969567
0.117022630314223
0.155060986882547
0.191165685752036
0.149165141350312
0.0542601764237839
0.137860869076221
-0.00546805058547553
0.204680458345507
0.128516041736957
0.10539389833286
0.0605068425915183
0.0914119070908069
0.0133503668128299
0.0955573029192908
0.102363957956936
0.0835499687829879
-0.0630615492248812
-0.0150970795752004
0.125118940228336
-0.00417252166870965
0.0510750668659856
0.0301156880469884
0.26782345254537
0.21953083788176
0.244652613817322
0.255280890625859
0.136300441226047
0.0457580971121169
0.198240596372669
0.179434558737634
0.08976224942233
0.0497956972812863
0.253574801510377
0.0671066159796154
0.299172504634728
0.15263556312899
0.237921873950201
0.279930382488956
0.222307520155847
0.122009657693668
0.272859786202416
0.228793063949484
0.169806650959333
0.331209389550278
0.0917112936701562
0.234151144283624
0.0717731069879211
0.103578261778774
0.0675866402881601
0.315573192669833
0.31751480017887
0.305134583380359
0.173306479040054
0.176721942245804
0.264094973426738
0.0911920701064173
0.293649810472901
0.201689357673994
0.300699583830865
0.169684108679851
0.0799259464403236
0.33468843880383
0.155121734837497
0.252695055171354
0.326819302410767
0.0657098603774673
0.264957731458819
0.198394842174851
0.0221712024014603
0.120067749253291
0.452974728332546
0.370333392839083
0.22265806651634
0.166217976886178
0.245593352100495
0.387421185863223
0.311395163573744
0.102563176916162
0.119291208305903
0.168596278559377
0.391312179472435
0.264002942324005
0.34395007070062
0.165085915634589
0.225078389720437
0.198696128172843
0.276205553399933
0.173900897778354
0.352755864430495
0.395880835972862
0.398741065694918
0.17153767820984
0.288386575903833
0.331954328294672
0.391512904822647
0.244368409374159
0.249264267956338
0.332590181372246
0.250438079049168
0.335166993578388
0.233769765130227
0.218459797524297
0.488459801030632
0.384819726742734
0.240334968161482
0.278488773335572
0.34891000821957
0.296233966808172
0.381481496488794
0.250237859387037
0.379802347865275
0.406394902061526
0.400591727614682
0.302097273283617
0.406147289602453
0.424425501255091
0.207716876081664
0.265942783007055
0.373541649891768
0.302856538814372
0.0839220006438451
0.323526104276221
0.295786398015639
0.315677006540685
0.216397592914365
0.39732757401623
0.296094688903826
0.296065880062715
0.444519389054854
0.357177143193258
0.180026975602707
0.336794160693456
0.426680863872044
0.323445863580898
0.404304900349263
0.307465282194973
0.348474368034021
0.305386019742101
0.311128407154137
0.349646364111022
0.516340089944509
0.38590546469487
0.411054985735073
0.348790844713855
0.401787827308628
0.265878939331871
0.331931140083127
0.228736904209925
0.283549588190717
0.351699408553483
0.359219110699566
0.313615415232855
0.257040430987888
0.523399550596903
0.335114613350947
0.281780493105802
0.397047547014914
0.325148996468637
0.261470584750831
0.545631880060414
0.513908445669887
0.467057540065324
0.488008865644159
0.397929327188462
0.288870535349746
0.432703361923298
0.497942216733785
0.403414967946262
0.43300772983593
0.431879681394676
0.322028371156175
0.387001082915245
0.527463078368121
0.425974895731333
0.383886860817109
0.365830040445262
0.40433202337704
0.442575525766899
0.496519990896841
0.353439363467965
0.56500310186262
0.498721620507182
0.483153447069642
0.432925281077064
0.515894767135933
0.470832745246579
0.446670847113404
0.471036584244216
0.356703678656709
0.426224625388221
0.52037308440406
0.468757520955313
0.495694021270189
0.544966672161515
0.488997053855748
0.463754827606508
0.500520616486811
0.465292049155527
0.474483414619344
0.501791748172185
0.5020410556128
0.527247082748321
0.647119177440407
0.580452318502838
0.511198391526401
0.495249177200041
0.529877519547988
0.557577301633142
0.531175799024906
0.54885634249775
0.550631812449372
0.602511845061033
0.533442509450529
0.551358975726104
0.515394166152906
0.537658567126966
0.446741174291648
0.52472407429615
0.68076423216262
0.463217935057079
0.506797982736677
0.496499729869285
0.625989573250441
0.555803976585151
0.590891932868321
0.600392804341613
0.643170489473887
0.489546592067572
0.604579875778251
0.595811052396869
0.671032726895735
0.438343027325737
0.581972327900088
0.821587994991217
0.522353183274722
0.628349089003712
0.610740816091735
0.753106744603136
0.515784910332732
0.57752866114904
0.595970552557571
0.536591488204304
0.617636328238071
0.641675416841062
0.585459015727403
0.687776268343012
0.621138792459229
0.65932796841179
0.688441130245591
0.648770535991485
0.460241888770276
0.509557077474595
0.551394949536616
0.563760823329223
0.699641549175598
0.588668411714388
0.683344778200549
0.593282215437008
0.471224101947174
0.690388954428492
0.64562305420239
0.564286409557268
0.588819632531206
0.595343071420335
0.533434825208152
0.414772123010343
0.570072847957884
0.592970264238284
0.492727413132366
0.592067144953453
0.625156088341014
0.578793937704081
0.557709955352593
0.652163648477202
0.714306120357524
0.680031553040083
0.581049102009973
0.504876157741399
0.715835034624694
0.672489855108952
0.530296936389743
0.462534463109608
0.709724270000742
0.489765478109119
0.804813187256148
0.624551845548555
0.729117617651755
0.808314524225846
0.724298440600699
0.61720839004719
0.749686388761854
0.732882866009503
0.738102025967349
0.716941289059849
0.733352515397563
0.602639664877395
0.645046607654395
0.552050806817082
0.684488329287264
0.506815104666663
0.73582323796222
0.690875133526921
0.698465613865049
0.584288792167109
0.580367541571317
0.72543320423283
0.747720227804948
0.719137563998738
0.700370350701194
0.570441257161245
0.688818021570381
0.691438147148234
0.732546540235025
0.74934723582685
0.718219356761718
0.783055389863179
0.80404889462012
0.762504222787679
0.855704345114559
0.687489859333312
0.738175182588447
0.866660288106534
0.786835858013258
0.7715562340181
0.665182270754076
0.69871510157654
0.710662133066782
0.859030264769542
0.802659489494764
0.827576193048448
0.86294754199329
0.730584050248619
0.753423190009916
0.795351537204254
0.680053897630547
0.790833203948058
0.806202559512451
0.78077025199811
0.817496441449964
0.804155699052894
0.68824901649894
0.774463658639527
0.939807366425329
0.607316948739616
0.657753953098314
0.640784153195135
0.886058725649199
0.891573578590597
0.868863470908476
0.774431271199828
0.859537790476992
0.748276097874913
0.742508105152061
0.873245422809785
0.645564487808573
0.625867172971317
0.833544852075535
0.829419307424317
0.830322946685042
0.75784532676295
0.851793983194044
0.882770481631553
0.867398325181175
0.726572374079196
0.748352647774893
0.843148378424024
0.921490869120116
0.876101655650491
0.747107108849928
0.845693741273592
0.905223357359135
0.750681292977635
0.825176963502442
0.696139644525309
0.895015578222569
0.833961751223791
0.981644379265021
0.700620805762632
0.872949008406829
0.819385172146641
0.906455751041905
0.672021814340177
0.931690736685149
0.914330428831328
0.741641836070792
1.12738540218149
0.804829649316868
0.951288623149525
1.00628995241849
0.923360525490428
0.896842261119106
0.858872258593488
0.890818072149592
0.832668977635857
0.881512475328728
0.917152160438246
0.943473675677661
0.810251021143244
0.736345059820681
0.940192555573746
0.760830271849966
1.09982967321428
0.975101421155457
0.83866347516074
0.801518983917347
0.901933956021312
1.04236639555756
0.855915653928648
0.872661978328619
0.947859918403455
0.818984479415364
0.799544285219859
0.968323195768493
0.760297120446971
0.93664449039816
0.952657396786062
1.01841885305728
0.959685605672272
0.946967739675028
0.982894416518033
0.937249484295303
0.819543948683159
0.977579739156972
0.817040698413414
0.988131801477986
0.825268862962188
1.00792675004323
1.10396615126638
1.03795902120438
0.863754824897954
0.791275773709636
0.931960158228499
1.00342165204052
1.00000197162969
1.06915145930491
1.01435986730391
0.928722179692965
0.98450896956153
0.860081605042239
1.04052168341782
1.11615707444269
0.986201047034213
1.00405185856224
1.02413716520204
1.08094358577201
1.09705104813202
1.03580050561419
0.974568873026585
1.10380395053643
0.936332978731134
1.06566795549631
