-0.894448035955874
-1.07720730956873
-1.00651241106387
-0.908817348879509
-0.951603952310466
-1.0248881474996
-0.981279693540713
-1.06245367204392
-0.971004404390964
-0.885525655295315
-1.05070889125227
-1.1574308102269
-0.983192163037319
-0.941359140418402
-0.940954574378143
-0.926147824122163
-0.900832189022736
-1.07282396954048
-0.991822044223643
-0.741726946602613
-1.0895558371358
-0.993439976748307
-0.856947827388665
-0.889479655334621
-0.98000788561912
-1.01958046893529
-0.915240071737525
-0.805407552761915
-0.989118994746263
-1.005344900536
-0.833716762905714
-0.82687504717201
-0.938533001909523
-0.933037809366703
-0.959855343047545
-1.09775443618306
-0.800999538899763
-0.976681036131313
-0.773154245178271
-0.903297497858117
-0.915069156456078
-0.923959039093644
-0.940196674055399
-0.858870496214594
-0.99777805887767
-0.923293698494317
-0.834040046485797
-0.917691337928346
-1.06229287519546
-0.981716526949237
-0.898546111670402
-0.907073056013689
-0.837734634732099
-0.938874621025869
-0.788092488270414
-0.834420000018392
-0.804310783517661
-0.881769442007918
-0.918151323576253
-0.860671849205986
-0.863209815976006
-0.88151940996358
-0.858391923596587
-0.924819186472153
-0.775754903735982
-0.933129032081004
-0.876044445798966
-0.888787993379725
-0.790761888650947
-0.780893586616145
-0.76187432200388
-0.726362899571444
-0.700247983392202
-0.906258856456676
-0.870171007581416
-0.833130209788814
-0.87135792925444
-0.709476127214768
-0.940178886784476
-0.738962269128217
-0.862719101735331
-0.848300787982242
-0.817869750833044
-0.753704078098261
-0.855806004771963
-0.790955172688386
-0.93794639506368
-0.840495937706089
-0.750722452758557
-0.649967025619247
-0.843262638797687
-0.721388619302238
-0.696146509583949
-0.883723180577171
-0.796015600754737
-0.976818044825608
-0.726814403306524
-0.790763386810736
-0.743857115735358
-0.776534509761744
-0.705967296061715
-0.84363386172672
-0.683219924519898
-0.886005437684955
-0.784092597573275
-0.709591483107386
-0.683239107115662
-0.643934970343444
-0.859130731215374
-0.883897553947389
-0.661470339554219
-0.821030990382798
-0.670173073171175
-0.726739035045059
-0.826037110641414
-0.791082973029383
-0.739892524613311
-0.733753998954468
-0.582549962710056
-0.596395730585622
-0.608886690746778
-0.67039184381519
-0.76552084825173
-0.715509499870844
-0.845218624648098
-0.796342601211204
-0.544592664965277
-0.723906306122676
-0.74345179779376
-0.608166951890602
-0.740859626879685
-0.833246377512296
-0.565538245020537
-0.8760091590331
-0.698364629943659
-0.712278300000122
-0.774107312192391
-0.656782007421614
-0.78607052976757
-0.818601918768753
-0.777378686581393
-0.73062562866385
-0.759478579080006
-0.754777281716376
-0.746334171750255
-0.736643796457759
-0.720788466184327
-0.706128512701419
-0.774471235107246
-0.716623755341794
-0.569593819685771
-0.767002185541839
-0.663707739099014
-0.649292996130869
-0.586684580279444
-0.528826177761322
-0.676803209924925
-0.646643912207246
-0.545319145808965
-0.611044270587849
-0.737915846456693
-0.669076266765553
-0.700563254431595
-0.794312716242704
-0.675312500697824
-0.505706996286144
-0.749023124600333
-0.712651210582395
-0.719089447274224
-0.736963603844586
-0.657897843242035
-0.708681459510583
-0.712740334533804
-0.727368577259538
-0.706344242127411
-0.701949011415052
-0.715060711865518
-0.667028669878617
-0.751330770962446
-0.767303557824728
-0.440659148205391
-0.520558512482592
-0.504903322628359
-0.534053752368775
-0.711217631186788
-0.601210169004026
-0.496395514450192
-0.566826787233403
-0.660017250312956
-0.780701170524432
-0.653268861346905
-0.666698094385477
-0.629708511127152
-0.558271946306414
-0.595264748701332
-0.81329302008597
-0.519860993518432
-0.663604466038033
-0.577149280408674
-0.680997099529499
-0.64103334296865
-0.735734233771969
-0.596042384191281
-0.676399937741555
-0.694024844748028
-0.654532970468817
-0.581208964863048
-0.542399791290255
-0.709205431313967
-0.479078593428416
-0.61325243127381
-0.433785304018971
-0.537324837681523
-0.701522358649155
-0.526440620860905
-0.526346023385152
-0.512608986939617
-0.605220807930281
-0.636652070401787
-0.512418463298381
-0.683458309038455
-0.503860428186096
-0.583306175749816
-0.588453874806366
-0.625483341942572
-0.497283907446826
-0.486828409747578
-0.544900227040832
-0.515736687298629
-0.619586884523094
-0.468112071625643
-0.609919511440417
-0.680869571127211
-0.545933040182741
-0.499904362439666
-0.513384155291591
-0.541713964596103
-0.510357515087718
-0.572301923362594
-0.452764161242113
-0.472149415376166
-0.576672933491553
-0.602221145153098
-0.628389767729333
-0.702642287403213
-0.508587429828087
-0.474832695717191
-0.495675624718533
-0.491056362270424
-0.459537131998612
-0.361517316182518
-0.516977160490745
-0.491001850770504
-0.579364238748437
-0.405690578089489
-0.541475421786501
-0.575104715201086
-0.578031752841944
-0.47494146192675
-0.500268324040562
-0.515954076254912
-0.364286699438846
-0.457891449465431
-0.585696273068172
-0.388265998879122
-0.376246165891868
-0.365951424440364
-0.407517317733524
-0.533734835931482
-0.535404985260053
-0.543491886972887
-0.388369816483547
-0.380160627406908
-0.396490907666363
-0.541614427237804
-0.246567482227185
-0.449246471584168
-0.437694486792324
-0.409527801298752
-0.47818594856648
-0.388091114061802
-0.479863603393263
-0.387058572050398
-0.384450696230454
-0.355450228279804
-0.38057975006567
-0.389380996944209
-0.287671140821917
-0.537909666834026
-0.28244792534901
-0.414723382472472
-0.389472118220334
-0.404344896928218
-0.45164351304632
-0.308241589692189
-0.321081035615681
-0.423018805434258
-0.374037851863229
-0.359074976662986
-0.400986853731636
-0.161444705258245
-0.326389061172605
-0.464654140778657
-0.251821995216868
-0.28923270124587
-0.329249978638025
-0.425880314912216
-0.433502648882152
-0.359854843788974
-0.415694818885186
-0.47941130974341
-0.419006088628829
-0.355438774168374
-0.426218075908924
-0.402071563932104
-0.288181536044958
-0.327043740884895
-0.382492680657117
-0.297656835282128
-0.301440726849693
-0.415923565794134
-0.494657442923887
-0.443396202642609
-0.25461879384521
-0.217853087723129
-0.374522640208083
-0.299602980381117
-0.247771983323846
-0.365655574749465
-0.332504917976615
-0.321537608622615
-0.315964956844679
-0.253330657751379
-0.369343837024941
-0.393114682663343
-0.21675724228523
-0.291917953481435
-0.344730823720725
-0.325764747261758
-0.397150384618078
-0.370937648489294
-0.357072813912771
-0.241326906869461
-0.367714722138295
-0.336179970453851
-0.297771155875653
-0.222829075545949
-0.244867517283368
-0.317046834913766
-0.277040805645454
-0.249331939215667
-0.224651898827899
-0.314187357322631
-0.229642869751659
-0.254030117640602
-0.268000893751384
-0.3719964669293
-0.182406551707962
-0.302018598372122
-0.325075842074875
-0.2219333867852
-0.342118921177106
-0.245424705586392
-0.396007092518147
-0.309384254530145
-0.208244760162711
-0.3234161147147
-0.351672237427929
-0.286350542869195
-0.124628295374562
-0.222413599893532
-0.306431683447038
-0.11166586226531
-0.143380507321714
-0.325527534918555
-0.308162841282111
-0.167752452419459
-0.350164118171113
-0.291362620291548
-0.280668847710164
-0.356441161625048
-0.290487920027561
-0.276995441523257
-0.348337071930845
-0.178445838493652
-0.374968054758802
-0.181568321316839
-0.454328173997583
-0.258637501302058
-0.271796496512775
-0.239487253997563
-0.184924879286646
-0.13299635598318
-0.270399368863062
-0.316246774087873
-0.185943856256926
-0.163389462525678
-0.219961755994964
-0.15503658582739
-0.216001956953077
-0.209091418828177
-0.0676793322670827
-0.314512460126335
-0.223255157062036
-0.164378473866457
-0.242896898557483
-0.0653347916988584
-0.223382327500123
-0.276211848551238
-0.202647268675919
-0.199090661223354
-0.347183661381753
-0.199043900015964
-0.229938160997349
-0.245822069635644
-0.130303445005998
-0.196200798448881
-0.184697216427021
-0.110576779825594
-0.209788036722311
-0.166057728292059
-0.12782078440544
-0.140660731545636
-0.24105893212995
-0.240825058627412
-0.136302587230583
-0.0586047959243121
-0.0534206123442016
-0.0833468214029802
-0.231153455476618
-0.261176210234836
-0.0526426340304945
-0.175491935478338
-0.238042534897527
-0.101572872015752
0.0110542146649649
-0.305863888022813
-0.210858240602214
-0.155069808665877
-0.178801706697537
-0.178911540854791
-0.329872256749364
0.0558191705598586
-0.0825122564415326
-0.102764441025644
-0.0423845963298157
-0.16485711774157
-0.197295516034657
-0.236599633233619
-0.0524180625628455
0.0397839885137883
-0.0350950474128557
-0.148379955422423
-0.210721117464699
-0.0330258545869882
-0.0868795285261396
-0.0376954392909827
-0.0813391245944594
-0.22909567350991
-0.120454971579429
-0.101085912432804
-0.154139272695455
-0.00798336649806568
-0.11131406158125
-0.112257262563814
-0.138054453265012
-0.0177001151847191
-0.0115573554789064
-0.139043869062994
-0.0834330492701448
-0.0283616023558078
-0.144761158943966
-0.0131392358905882
0.0233769894689489
-0.114946991480028
-0.0940806778381849
-0.0181355576246231
-0.048426362207719
-0.211458283736162
0.00357982801702698
-0.0616278819724791
-0.0988322917810594
0.130011588603083
0.0268066349981808
-0.0866665158212597
0.0138061118615539
0.123975481370422
-0.177027562760141
-0.00310222694264164
-0.0865366124938046
-0.0706558342377091
0.0476070672120745
-0.14952190716382
-0.166353979982633
0.0214775260194871
-0.11610894683808
-0.0498206782057332
-0.0384703355320452
-0.156930928734117
-0.0946022800783332
-0.0501479103651999
-0.0527426965302117
-0.0266194671566974
0.0692239505841127
0.0377430309187166
-0.0257120416412985
0.107807260514218
-0.088725268524383
-0.0631156556804356
-0.0149203792054766
0.0665591333841136
0.004768445671574
-0.100596339109453
-0.0115066953320916
0.0921283417453652
0.114711863068664
0.023061620506051
0.117488167339478
-0.0132927481735803
0.00544269266280115
-0.0719177569381867
0.05233234755445
0.00215019122017061
-0.0655829861721625
0.279284422700848
0.158146436312725
0.120663521147963
-0.0164418217180974
0.0402778417272595
0.178715430657569
0.0446960985430899
0.0141741878816234
-0.0361343523413958
0.074673664309631
0.233342782992149
0.173026247157599
0.00159661183280282
0.0811322247232164
0.0632076862449852
0.129031184485007
0.063613361268475
0.031370494404009
0.192030568957654
0.0189558763227082
0.0169933512004807
0.108717615038213
0.0722111456680068
-0.108320340467221
0.0138949462803133
0.202590883416833
0.133243702464065
0.171321537646685
0.0902524482987483
0.212555009178845
0.214164315657697
0.121246562914793
0.0508645179175702
-0.0129136135534723
0.144697768143032
0.0477417306816081
0.10621094449569
0.165763288372048
0.145926774345593
0.0971525107089061
0.13544638017361
0.0613707427531381
0.103914048299858
0.231664023582339
0.223945101107151
0.196378268988397
0.162142717048243
0.142661119340436
0.221035059612565
0.313901208917871
0.23924309374045
0.279591755603323
0.155856394822891
0.161086623185227
0.127963171436785
0.169432813438134
0.11454293958684
0.174411246932547
0.119528323599025
0.158091380803186
0.10136246856374
0.215839341911908
0.104221198198033
0.239889988986279
0.0205025001963116
0.334395641481074
0.111650103417209
0.280864864383023
0.147758610347267
0.246850509290832
0.254677958770066
0.159505404456224
0.170954646636716
0.310456830345357
0.243871518599849
0.0706146920627737
0.231773890184803
0.137487876804254
0.233745957687478
0.304232406069808
0.273426749704581
0.32254173674096
0.280940518386156
0.14198487305476
0.221150376674438
0.30863537307785
0.218124199470263
0.449051999643458
0.185110774122338
0.16177819830761
0.187882911649248
0.202175914723674
0.109540676331055
0.360051989810934
0.247208543594431
0.265936212437522
0.17253621531415
0.307737896320375
0.281540080615651
0.153900540104395
0.185942676196102
0.358379872099395
0.204671543447091
0.217870132732299
0.158271250839446
0.369391886659017
0.400738960537222
0.320706633898841
0.384272009308463
0.266969319722616
0.198548059536099
0.300166820712206
0.466179271975691
0.18907223422918
0.222131426736842
0.2394842017141
0.264496951337965
0.153175726591738
0.232651637375659
0.257312560394598
0.285492551635897
0.365739693783788
0.200357788772787
0.271110524788179
0.299923864778021
0.247983446664156
0.373559850880072
0.434158440512818
0.259785099975568
0.404397116091613
0.25523305673834
0.395657146053214
0.23092467239724
0.410291691941764
0.315867081415946
0.325406735164907
0.120542454965057
0.451777091451495
0.3579908273144
0.339346449012067
0.340214217017069
0.225875083445786
0.270036066491559
0.28289463960254
0.30382459106743
0.367098799065928
0.184607868413538
0.286401231079845
0.260404639828245
0.348821179911705
0.29081233987675
0.245729543533527
0.354946544388637
0.468319670268485
0.28333578787767
0.365870011980871
0.326395168138662
0.307617735526567
0.405018483241951
0.429125907587364
0.519202448756093
0.262725546653071
0.438498792414163
0.431701795874961
0.380922000863467
0.399839915999345
0.431982414635684
0.45705834490081
0.363972906925176
0.457025342293435
0.491001041219686
0.46056171637539
0.314552338364015
0.44132321175696
0.552719791128899
0.429934702154363
0.378066285525021
0.390917421802511
0.461636360899141
0.635572386951173
0.416391372144868
0.479805630142582
0.322393700864653
0.199048214692754
0.351719073768936
0.36829373826805
0.486468158331234
0.333268044978827
0.438394118533659
0.242224029874476
0.431756280403263
0.417086769021808
0.430926931434194
0.519589913833098
0.474345267671072
0.643328479648663
0.573654833666085
0.492977203622813
0.615773763081205
0.616703107796936
0.430414963366237
0.598218872608881
0.423955778020617
0.426647212406886
0.461016019494641
0.35313218621153
0.435315544387675
0.560057779956233
0.670142069534885
0.704189675517627
0.374421890606728
0.461397552755829
0.384619311368833
0.589758922870596
0.465573108623523
0.497093371801608
0.435603025735274
0.341658668505616
0.439077187445191
0.442045200431662
0.506408251938224
0.568673795975421
0.537714572083187
0.494944959619369
0.42508966423893
0.623357683502222
0.440487595411543
0.4732318435903
0.414532411269202
0.517103262052556
0.452972706285399
0.3373548332933
0.580654017532224
0.539858888558469
0.508242657728249
0.558699525366228
0.541278242690926
0.43761254729133
0.398428054599138
0.529155285717666
0.689047643359735
0.620213422763971
0.448406535543202
0.421508772233311
0.596472837464427
0.490846970408705
0.619240610575633
0.566986518460066
0.506472256419866
0.594830072948514
0.595491760558666
0.565306475464978
0.565757380821725
0.690988404753257
0.476957159389261
0.474631984764425
0.584605502015976
0.636282719829173
0.5103193858429
0.571952141352285
0.572447927641883
0.344319092899993
0.666736529790421
0.49562076447773
0.35413694184496
0.771836014863506
0.656381106112123
0.604817664626757
0.509012965904243
0.499672325630758
0.651401967131725
0.57786416249938
0.666355246698852
0.625754168298366
0.600077369660773
0.635944170799361
0.693689408158891
0.614687859084141
0.609121627407705
0.609072421073682
0.565098130248715
0.664120361509096
0.738429257312671
0.55129851003778
0.498700107358145
0.513483753350897
0.764423982388192
0.67311328487321
0.720255292344182
0.487631382411446
0.64194942221859
0.551465255562684
0.628102400512381
0.521331947690834
0.596625486335991
0.637778383870075
0.741334735154767
0.625943119303575
0.723463381245759
0.639556561676991
0.626330471225542
0.567864157752826
0.555091407455708
0.70263677881018
0.881066509487316
0.706169321004822
0.763364505173146
0.602180883714788
0.751933764142395
0.77893698157715
0.574876659052396
0.6813085208958
0.611369746400746
0.60848137550986
0.641923938226132
0.743011964918966
0.625065735624763
0.631943126410165
0.650204307518682
0.529016669061381
0.619349174959258
0.732703329043303
0.560979721271395
0.83060027054443
0.643362714088393
0.702218710646844
0.578505569462962
0.774255807788942
0.666369431018966
0.731771015259803
0.82825439464167
0.698508883353388
0.79683844505439
0.712925574536989
0.674392678925934
0.763532520310136
0.823377541849809
0.870835627985789
0.598519725201904
0.685815683417264
0.78891578862469
0.854302794868157
0.731906969191637
0.644517745567773
0.665455622582752
0.753003341139875
0.69088341687178
0.651714843468657
0.67984028635622
0.733222327740834
0.823660644400922
0.693659841598942
0.730917893919805
0.84459964315238
0.853803802927693
0.739833960188668
0.739863768113301
0.677715494515416
0.696192826018413
0.605385330238663
0.741102163386288
0.613657796621999
0.780156914580253
0.679802921009042
0.883479282970405
0.900409113524652
0.814436746219163
0.886900100860888
0.768352288634961
0.844297783858213
0.779986082174527
0.695897837121812
0.697304047074332
0.724723008337234
0.723382185346788
0.699759849413501
0.672390236110375
0.642017115827514
0.80548190328564
0.691254808570928
0.788257640285825
0.721439241955687
0.740811249512899
0.743290277973206
0.724378711576854
0.816637114463874
0.865609483245492
0.805366045277282
0.797995669306566
0.729100713603883
0.874251637534793
0.926568567200923
0.981868700505728
0.798975097112079
0.842665974012757
0.879975805625446
0.760027186673788
0.922909658335744
0.779958871598259
0.869404923498593
0.899241589528604
0.960273053091896
1.02293781808156
0.82680439999061
0.830471746645657
0.804635560234318
0.727767939021412
0.781437184761041
0.904936088148663
0.937350824272915
0.91513420769597
0.992106327359482
0.778998265548401
0.926745845094314
0.90671558277451
0.737651507655327
0.752273998599464
0.897970645072809
0.830750374150877
0.897313175387558
0.949114276323707
0.890723732940791
0.939780503808204
0.874491496466702
0.8679340035021
0.908737887294274
0.955046086673251
0.875982204261877
0.969347755403314
0.853352509803954
0.888233868234955
0.967384916850223
0.779000505368654
0.938444884381374
0.89441175337123
0.731919538568412
0.729467569740012
0.912740480553387
0.833970976891169
0.895333798179415
0.809762791982187
0.931583963783023
0.920365723562509
0.98702131041112
0.930304800792376
0.955826707298261
0.914798544583767
0.812625992687455
1.07526659362548
0.979578451791524
0.943179044512773
1.06632113540427
0.914488326992305
0.889656834761384
0.982539335555551
0.993002176846197
1.02284094671714
0.858666622477239
0.987006940397283
1.01348297111607
1.05889243746175
1.03511750049516
1.17895641736949
1.06770751273404
0.941208123464585
1.09063719765284
0.880746531442882
0.95885118569249
0.978222130521868
1.06108066490211
0.95145767626001
1.17769634965494
0.947260577959997
0.982592672487891
1.02212645781353
1.08533217933224
