-0.890775129732368
-1.09872850992227
-0.985496641053678
-0.904269848426303
-0.958897703897162
-1.02889225151532
-0.976610205082133
-1.05961550189386
-0.97546305013509
-0.891992020781197
-1.03656609463695
-1.11758884823487
-0.999885609387768
-0.955673627669078
-0.945674616730616
-0.921684385276947
-0.927029890187982
-1.04565006661856
-1.00067269994617
-0.729284376880261
-1.07850189249403
-1.01690850160979
-0.844552946665587
-0.890019079307011
-1.00160040224363
-1.00181380554953
-0.899557845795113
-0.800216055079403
-0.991206717315475
-0.987921369039918
-0.838165180734669
-0.826908597470776
-0.953691038524957
-0.928893653535303
-0.949209914706616
-1.10226362999674
-0.785212065715421
-1.00406284302473
-0.782940488156938
-0.887965369490497
-0.923326509521503
-0.934826304106442
-0.969749041328186
-0.865880796436374
-0.993764279255729
-0.93739878451855
-0.842375079401897
-0.898836598335481
-1.07687719371235
-0.98449628896105
-0.906034284093089
-0.898032609221928
-0.832111167908403
-0.939529290351685
-0.758820998220926
-0.848937320519283
-0.816053876565319
-0.874759732217502
-0.921629159252429
-0.86119785214955
-0.863615545321211
-0.888934723190969
-0.858848051697274
-0.904058350299176
-0.783081372094229
-0.953251366728972
-0.851127925083019
-0.895095870631952
-0.789005939018311
-0.783608652659232
-0.765662293703087
-0.760269360564452
-0.684557234326875
-0.899884622241018
-0.852194459534497
-0.80649367942856
-0.85874233776062
-0.711982838192007
-0.954662272983907
-0.746345228162363
-0.892971659855034
-0.837968281716506
-0.827953747488797
-0.775968912085105
-0.841157982426826
-0.797136448115176
-0.923368759183084
-0.86814551262905
-0.734122928249627
-0.647764813640327
-0.834031115363942
-0.729331189547504
-0.710090769908088
-0.901031143945203
-0.796104903778829
-0.965702964622379
-0.72734732459483
-0.812467705417118
-0.713603036358894
-0.767409845727986
-0.701558783240395
-0.841092632608176
-0.692701320329451
-0.876484175220493
-0.745160211088589
-0.721124136682056
-0.667220364753831
-0.669275091668907
-0.861022039414819
-0.894831614982013
-0.67754838719047
-0.813850338070089
-0.662359934363845
-0.728830869933467
-0.833336921528267
-0.792685007528058
-0.742553068283253
-0.740101335690638
-0.600913126154644
-0.619724129885576
-0.58309392756544
-0.684615709967236
-0.774483071165217
-0.735489511883722
-0.83115813216941
-0.798988834742979
-0.549280795036858
-0.754727519158935
-0.742064039127202
-0.627976078365138
-0.726718440345402
-0.835641231325419
-0.553604531705109
-0.869365504322235
-0.732220609945965
-0.681644724296085
-0.780543667410836
-0.6574557725782
-0.813354402300326
-0.813288763251196
-0.787039294482415
-0.731303985830425
-0.76558196703741
-0.758688101811646
-0.750660727960077
-0.735362292912476
-0.71760029495122
-0.698471184037088
-0.764843104064297
-0.709963859907754
-0.571126180876049
-0.752509950213485
-0.630487782216437
-0.614744274993401
-0.597531256929792
-0.510212312312086
-0.672702145779169
-0.640001291276457
-0.573745081985823
-0.614330462960963
-0.704285108760933
-0.669389583817988
-0.722927823367426
-0.823616209836275
-0.68107354246822
-0.513371932445117
-0.746568882054984
-0.689195704116229
-0.738890182476683
-0.759319147144075
-0.654362997987362
-0.712963285932578
-0.719476464553386
-0.716076236114843
-0.722976786074049
-0.707907429279239
-0.697141352271086
-0.648723732528139
-0.760766534066439
-0.752627043069396
-0.436882186561424
-0.515199635896901
-0.525604722323177
-0.526859596028494
-0.708825346805358
-0.604445155200145
-0.488126929486502
-0.562884763515915
-0.651653448271922
-0.772489773070978
-0.661323966658915
-0.669215200916149
-0.638273671023533
-0.558105687431509
-0.594457210436259
-0.813637697807644
-0.539482723517547
-0.669907154584439
-0.57420130551718
-0.680350020229728
-0.633050818919411
-0.713682814355432
-0.620420393968965
-0.679071264089063
-0.704433093679728
-0.652067799094336
-0.556555278807757
-0.525515569752719
-0.723157425687315
-0.474317553996344
-0.621157562058688
-0.438695372137975
-0.513988693743626
-0.701937359806897
-0.518729299093462
-0.536422630639311
-0.515669204794015
-0.603525338175068
-0.643655506606625
-0.525548195914852
-0.703143867308851
-0.495532970727109
-0.579534582542149
-0.594294846887456
-0.634766185064098
-0.490563887558787
-0.489864511693928
-0.550624710550685
-0.497922159950258
-0.635178175828103
-0.458430141501467
-0.622600274400093
-0.697549766994102
-0.570081884589559
-0.516812487182158
-0.523210093658496
-0.556480873379399
-0.531386234454204
-0.569391990817047
-0.489293454552757
-0.495621409805514
-0.58404885936558
-0.594665647421432
-0.657256492224669
-0.705761206249336
-0.502205199392809
-0.48038151842274
-0.497442202116253
-0.487015549735166
-0.445544016963224
-0.358809004266145
-0.512900146661701
-0.467571853386849
-0.59212482577149
-0.391606126261209
-0.547342987270197
-0.561186519908152
-0.584087047369779
-0.457982170481035
-0.515550160674973
-0.518354002689675
-0.374971237919636
-0.462187789779716
-0.605643328386254
-0.379955059515651
-0.368714686267087
-0.387724916466002
-0.406086696548985
-0.558450012627884
-0.509462723013903
-0.523111355413006
-0.380055320183326
-0.36561715760423
-0.382263286179603
-0.538304069370338
-0.24385329330333
-0.438067841404565
-0.425664574498379
-0.410656183270687
-0.475449159452731
-0.381801609714032
-0.451396865474779
-0.353104807661487
-0.407546443478021
-0.344042494913797
-0.387017286187472
-0.373022767070278
-0.287181457394685
-0.539617002796179
-0.28004058176213
-0.427918637175899
-0.391870196060489
-0.393418725190961
-0.450719477550783
-0.315590185341326
-0.314013736509294
-0.421561326923815
-0.345828219728723
-0.350282038877129
-0.402346893577812
-0.180826227684766
-0.327932814643775
-0.463160166301361
-0.266393351378374
-0.258642561457282
-0.328279743326308
-0.418247886917861
-0.446576593581739
-0.363230153905056
-0.395005548421682
-0.484090845908841
-0.442615422932877
-0.375062429578653
-0.425575544132473
-0.420779023179632
-0.295962959425267
-0.348185927407262
-0.386045383934632
-0.275678731664699
-0.288718017979584
-0.423340194141418
-0.44918300303857
-0.440783806121818
-0.264362349161603
-0.238243534459455
-0.370295777270231
-0.302680141017581
-0.2597370695227
-0.35768434969806
-0.330622345194826
-0.341473992228676
-0.313501358837965
-0.260951462177899
-0.360659666939179
-0.352637953524902
-0.204130991176018
-0.253218102596221
-0.352706954964575
-0.328026198551718
-0.388200988571177
-0.379418329302432
-0.345968975261681
-0.264750491577037
-0.371610537019231
-0.327123375883732
-0.289862156771865
-0.197123833915112
-0.242601501764898
-0.310153294725289
-0.256692178596198
-0.238761939957593
-0.232216970872978
-0.310667405682934
-0.212538800198073
-0.245036135932366
-0.256727360350567
-0.388516278250472
-0.184658205304219
-0.311835340563611
-0.327388988698434
-0.218166774590512
-0.367588022049444
-0.262313019784399
-0.403118741875846
-0.335426357479953
-0.212689443561915
-0.322605022557567
-0.387872206358467
-0.291006433379779
-0.110833179650759
-0.192664262728503
-0.293107289615562
-0.114776612220597
-0.145076917083115
-0.3431817107363
-0.305679232768259
-0.19758347240272
-0.345725714035775
-0.293653966184032
-0.266672196921542
-0.365075133094185
-0.263505515523598
-0.285169631297919
-0.34062011178917
-0.19029388079348
-0.353305291658227
-0.17988740821596
-0.446295730586234
-0.274906356486998
-0.275667024192913
-0.246127856405433
-0.214429468292696
-0.132342028048838
-0.257718024885199
-0.308581033762115
-0.202237407350152
-0.166760831408199
-0.226777893885374
-0.135500097597372
-0.209394880532914
-0.203280320442587
-0.0319108062369885
-0.285485974721157
-0.201907520224391
-0.173864715043659
-0.224667058609009
-0.0741599908607538
-0.229359284585781
-0.260441542325282
-0.201828031358869
-0.210970339489086
-0.358454754630795
-0.188606909742327
-0.239412516748893
-0.235880709389123
-0.117576801336674
-0.219182569604806
-0.161918882477041
-0.12155087647785
-0.193550180088632
-0.171409663738239
-0.132555766656889
-0.164352607828984
-0.220143681724244
-0.251843125282789
-0.143284314539825
-0.0593529185361001
-0.0333723556918186
-0.100389241840975
-0.265186789862427
-0.248574749226972
-0.0525639200479441
-0.172724312715675
-0.242573057100964
-0.116385007582588
0.0113389519010898
-0.290617094154461
-0.200556034659598
-0.153370242343214
-0.188480528956944
-0.185248060569698
-0.335840545422139
0.0449256893804065
-0.0787085612016556
-0.102553120022655
-0.06775736345127
-0.164044000591416
-0.179652882163724
-0.240020194279242
-0.0622736544267437
0.0269215783459021
-0.0302372816797935
-0.150209280468402
-0.210000306537748
-0.0372966979180998
-0.0805336103823713
-0.0352902345330798
-0.0685945126765315
-0.227745684172065
-0.127089370354129
-0.105017514364476
-0.161906767548971
0.00823065905584709
-0.13476952036253
-0.125325837072167
-0.131448897747875
-0.0226877486579204
0.000316926695617561
-0.153130242322579
-0.0916076446179537
-0.0108851562933217
-0.140865560061512
-0.00145191556812711
0.0429180939138948
-0.100166060837621
-0.0984665414756842
-0.00997435486811216
-0.0361319396573998
-0.213254578352633
0.00880519308430513
-0.069678226980162
-0.104958319656528
0.104562333746752
0.0222135079277471
-0.10839469860477
-0.000913749858041459
0.132244789621163
-0.181503709983675
-0.0145728517048483
-0.0877603906792013
-0.063692964746559
0.0632647277965913
-0.135543756192975
-0.196186507127749
0.0240171913700882
-0.143980737023547
-0.0510595211918656
-0.0385504990402036
-0.16212478051586
-0.0785793320997545
-0.0350953555834797
-0.0635994122596403
-0.0192649738428294
0.0525370673214115
0.00943692249203411
-0.033674407121737
0.140933397337057
-0.0966113798157784
-0.0566509310500539
-0.0180766437767369
0.0846845829475579
0.000366620423509734
-0.0909312515623395
0.00477811664308488
0.091687282310965
0.118909054220516
0.0407235135790568
0.109222693555033
-0.00241714508777141
-0.00193158954212408
-0.0581023749443415
0.0616828175569242
-0.0111682936808792
-0.0623961901889004
0.282003615295286
0.146828046124997
0.136447527481237
-0.0196767225124904
0.0385741810988904
0.172217324415513
0.0697468152116017
0.0139657760545834
-0.0289566409386955
0.0483109857456805
0.220690089685463
0.18570267973234
-0.00225615483076431
0.0604581951656426
0.0790086517370585
0.134369669912885
0.0758594843139789
0.0456457313332263
0.17951546085996
-0.0101039971612569
0.00237742487052448
0.0817722558976903
0.0827712703624857
-0.113167198449037
0.00836493039166109
0.211723108500762
0.139245876783138
0.155976295322858
0.0997164612922819
0.210309268050866
0.206020313522235
0.138311700261671
0.0440214154300388
-0.00701719163280231
0.129805947686315
0.0400095026662698
0.100313686143078
0.156108104442595
0.138793361088594
0.115931830285988
0.145079187531086
0.0654167108449023
0.0766686639325961
0.228838466612721
0.227065954246655
0.188786423737352
0.158394115494188
0.133218959804912
0.2309084378014
0.335004172324358
0.24368565348855
0.265496439236676
0.158980143855718
0.173038983048591
0.149045577494997
0.17036629233659
0.12843411826566
0.152939415244984
0.128217542639867
0.168731268508432
0.100455183485195
0.191714304049897
0.0751765240933549
0.235485508764422
0.033320556265233
0.345609278867571
0.0884693759035933
0.256019700020327
0.14757700133072
0.235136938051926
0.254320767162039
0.155988595664717
0.182448298725859
0.309301015832826
0.248191544539495
0.0877629632826188
0.247490064622262
0.152878614090811
0.244239338891807
0.288042141667093
0.282443400737838
0.310349006329206
0.24627241323554
0.144266108160322
0.218350989065844
0.333838251739979
0.21431025809915
0.44168565304678
0.203217338216384
0.195858991145148
0.160621357708744
0.219701204649921
0.142197613728484
0.376590863314609
0.246643785287098
0.255495223099198
0.184467223738623
0.304803042430276
0.227784683875944
0.154886501395118
0.191561095546643
0.332982503207141
0.204826751651415
0.234134956177903
0.166978519840513
0.392756511532277
0.408574298771971
0.324470367829113
0.379506207800062
0.246628874787466
0.215383288117626
0.300448381970627
0.467299435412467
0.181096567250489
0.227556892662574
0.238538891645625
0.244032463695389
0.165762227955177
0.237536082202343
0.246710834772894
0.26331441035842
0.365862921072082
0.19850780277545
0.270551256499225
0.308495081190692
0.238029437059871
0.373837531376408
0.441903514560798
0.266199890214827
0.402773467630496
0.261442905090069
0.402602477856749
0.238721956940902
0.418251937373644
0.328395493170732
0.335898197318315
0.119308493663558
0.450655587145267
0.337807770140247
0.331423962835084
0.336653158728076
0.220900490050423
0.28225479309218
0.293630176436177
0.300487757434673
0.353074371555081
0.196950553753964
0.314505000768306
0.260005672306415
0.359226853536711
0.324336157644885
0.2306006561077
0.338720917613723
0.467961807504726
0.293290803133398
0.363567717879004
0.321137447554351
0.308643222938989
0.405498540923964
0.43251281064609
0.516286227717871
0.271100815771571
0.439436331742826
0.465306546357286
0.382960411518535
0.400232566905487
0.416140644987697
0.460038949469748
0.36508664410162
0.448248460840607
0.478386081208706
0.454005663790913
0.290246058359214
0.442234459475641
0.529511022907718
0.431929615822127
0.368664751227489
0.396665017237627
0.44361738348802
0.637497288179895
0.46372259450694
0.481486959740529
0.337110119389621
0.226898156143735
0.348766004565437
0.35698998564544
0.48484635297331
0.332432179437145
0.426719256639448
0.273068139354277
0.420758967384378
0.436697074971278
0.413267868294825
0.529814306556847
0.480961427379585
0.643214752786539
0.563891294357446
0.485890886255522
0.609313614468679
0.587595319571254
0.415990308200227
0.610331352674691
0.427349822484306
0.431212342808196
0.454790420880455
0.33598869010472
0.445602889961065
0.525318625957613
0.662120903875585
0.705336327506017
0.379583293171641
0.479238557831284
0.401080056272462
0.595812726135395
0.457704058709749
0.501240565988584
0.436491633528926
0.328421829263649
0.450269037128063
0.438501798538502
0.503231367346695
0.564582020962121
0.540599356838443
0.476370950290983
0.43730953463703
0.632196800499761
0.444328559728511
0.439003689326004
0.431809113647218
0.525982470194557
0.464863150389708
0.352203056974769
0.585756658781484
0.549116845168962
0.484696102768776
0.571063631858108
0.547589371658418
0.458448391045078
0.41544995667006
0.510023669556956
0.696287065456155
0.631110329553048
0.466251882319613
0.402230052717698
0.569930195436557
0.4841492381245
0.603090338121867
0.573064747784638
0.502054971638055
0.617724592698482
0.616144491805534
0.569481390903009
0.555717579129691
0.672709365764903
0.515631384358333
0.48605748256232
0.602811847396409
0.654170845314111
0.49578627515746
0.578201492570615
0.577472679447608
0.328070889373454
0.664154273030353
0.477548546441824
0.330695097093649
0.768440020733705
0.635186528259661
0.596515283879085
0.534541594904007
0.467172470401583
0.641798638282021
0.544816709318207
0.660577674342658
0.628167097038815
0.622700070299391
0.614716934917383
0.673590320109276
0.621523086157353
0.610591907394496
0.659978348788103
0.587507765157088
0.669618936422183
0.762861658909802
0.574382590241235
0.477994797413761
0.509209106884866
0.747079016596101
0.673774485711432
0.729284101640937
0.484400423945155
0.640331758933808
0.556662523084738
0.634812274723062
0.535799780911816
0.59082766447067
0.652188295342116
0.753303362463067
0.633499121070319
0.725070498188217
0.648205873615546
0.626419070069967
0.564890894918106
0.539188592338013
0.703371271631865
0.855305821373881
0.681388057991506
0.757818174774799
0.616004500278066
0.75114323991068
0.786616127481089
0.552240996053802
0.673681784021292
0.613508180185861
0.620498535390328
0.645450599038703
0.745378178504628
0.632573489508075
0.647184150091791
0.654161580474746
0.543366846488194
0.642428198102979
0.742024449013886
0.572824786043411
0.835077691028152
0.660207426659355
0.689666111744461
0.577643926750635
0.787658161538084
0.663159081249304
0.729110094306031
0.81364509481242
0.688471716910005
0.802251527918673
0.687641707096094
0.676065343863748
0.785314800668783
0.822044855788672
0.879584232870532
0.631633324207308
0.670581990171878
0.805067662351713
0.866941403105112
0.722615101980296
0.648710834950943
0.639898815621616
0.737783931665641
0.718089458997423
0.648045672264618
0.679136894845585
0.714967992912386
0.819614941626144
0.707928779190206
0.729222065105721
0.829926414320752
0.861182979091436
0.759521498834442
0.760979947146669
0.688950732889586
0.705432220887543
0.620070593353879
0.726901126173332
0.595917711304818
0.739635380947849
0.655023827459615
0.884811192973674
0.912613619383053
0.801159517574776
0.889223240290799
0.755957557258775
0.822679265308631
0.778774049643897
0.712782422202073
0.701334210381931
0.702396259115482
0.724699900408001
0.682465437228903
0.659784765796315
0.64975972919191
0.799007946344212
0.687419760688756
0.789888610963481
0.7495771475141
0.759553316701731
0.729917722788162
0.726712529261363
0.823668093124731
0.855660219433469
0.803007401685666
0.809953836546501
0.714000479520882
0.865081542386101
0.922587405235481
0.976488688607838
0.818517914193424
0.827377687180479
0.890333485757446
0.748065072540713
0.93998776317214
0.801445776747554
0.854851838955897
0.892787674873086
0.951168231236587
1.03341518502744
0.83861573757792
0.812400959085435
0.801854225254866
0.746959822582565
0.77803109743456
0.902362613596797
0.9483102638741
0.919096935302185
0.97356470120377
0.765569257986943
0.932793523311003
0.884345259861487
0.716514476279577
0.781047487384045
0.912272442842671
0.819270406256022
0.879399123655069
0.97748263830947
0.896571260585981
0.932886350781151
0.863826305111205
0.865236293995461
0.90138126621435
0.925182170306595
0.873250110584821
0.978805081448206
0.847946763993661
0.902141837754219
0.97021319501369
0.766339629260196
0.959619147473814
0.914252793360551
0.73085557189926
0.712811053852269
0.917666323886403
0.860642440458027
0.900987351891981
0.820385398238361
0.916234785912216
0.902763305732424
0.999632509204311
0.907154746619393
0.949248459580477
0.922683609726492
0.817332901417956
1.07510677284488
0.97673559701484
0.932891926514497
1.08573482836542
0.876238998236138
0.8918272521309
0.967606089349414
0.971513615307931
1.02317133989462
0.83126299697261
0.97121522291743
0.990696364742027
1.06200761893541
1.02125242725272
1.17388922056474
1.05583300592834
0.943948241884527
1.0437577704694
0.88843460693231
0.955364284449982
0.98167614158388
1.06338733277963
0.962808783748744
1.18995413973295
0.921988044589781
0.974753845084451
1.02555749525694
1.08717173087715
