-1.01258382701441
-0.892764339308484
-0.964918748001087
-0.93101918434276
-1.01142201901505
-1.08940420902579
-0.959690179401396
-0.818811863996526
-0.903045222235483
-0.95230411345853
-0.999131306985779
-1.01159444974276
-0.979097757484001
-1.06922082457654
-1.08126489938288
-0.956125324804201
-1.00389123909804
-1.17048383745627
-0.971800381225735
-0.997248316846491
-0.990096832287577
-0.957622782456319
-0.848938576328151
-0.94984223154833
-0.838397492380979
-0.919901228528472
-0.896093807094712
-1.03944858367567
-0.950377754651072
-0.755943074131511
-0.903490336285491
-0.871197353844965
-1.1700978858425
-0.861652283366778
-1.07540261042727
-1.05025557564984
-0.841555602530127
-1.07928564482858
-0.932721115419922
-0.803046952536232
-0.953776056956871
-0.887415575233207
-0.701266355893584
-0.727871604538874
-1.03984404269547
-0.856267874327293
-0.973727836968371
-0.997653307271867
-1.07510475377801
-0.766308012670949
-1.13199042660523
-0.986260506078262
-0.94421283483765
-0.706548739748312
-0.932217506209924
-0.782561435838815
-1.02677411636052
-1.00424383296122
-0.760287846282131
-0.937013362105868
-0.788218875326266
-0.966203862485187
-0.852936647339283
-0.84179388109945
-0.846466437318447
-0.793841087833086
-0.827699744664778
-0.947552836530223
-0.816960154471956
-0.808073956213376
-0.896697736886205
-0.825084453974279
-0.943511562731047
-0.676704399933651
-0.765166687170119
-0.726595490593827
-0.832245308592956
-0.73982940361804
-0.828230108440177
-0.814152643221868
-0.849722663760717
-0.776292390452193
-0.890331417076803
-0.769573693392243
-0.784964216068155
-0.671995113827249
-0.739226922908427
-0.992167783168707
-0.856270259799642
-1.00498945782331
-0.837445548641452
-0.793400700049113
-0.941756536397622
-0.801710989644985
-0.805948657934365
-0.659009071270714
-0.776707465641312
-0.895897575751275
-0.739482108505979
-0.818980326814115
-0.783325561058693
-0.838191633411938
-0.839739247361786
-0.823218461957514
-0.811922850110736
-0.828331412005975
-0.780386561256221
-0.97059106014592
-0.751130745506855
-0.759410043787129
-0.774823397078001
-0.820476989105835
-0.704487191097064
-0.827261028940053
-0.753503927920969
-0.652839752819467
-0.791001119893113
-0.623259663707782
-0.765422281072117
-0.675397728114853
-0.76117020558511
-0.818314767822541
-0.722933802936224
-0.850963151547595
-0.65696310798991
-0.638046688949918
-0.801063827042933
-0.762626742076966
-0.857672073064941
-0.668483929585392
-0.556051013811598
-0.759030673873531
-0.657081452865484
-0.863860099792187
-0.480765483898008
-0.73807785537664
-0.742689249736064
-0.797477562590154
-0.666025880912212
-0.657912732622916
-0.543603818377203
-0.573145706149519
-0.661973673653034
-0.62635629960678
-0.804788916660145
-0.787602011872786
-0.752819524958414
-0.711158960479305
-0.660463400452782
-0.815289130626754
-0.69909463271006
-0.748644762826417
-0.70230919143767
-0.779892568154096
-0.663470165573034
-0.6071420009485
-0.757485355144477
-0.595341358850003
-0.651938857024471
-0.709938085396756
-0.641887044606638
-0.665266609430443
-0.752697916928068
-0.706577812590292
-0.564993093303335
-0.584630091569842
-0.848632964065321
-0.526608972661091
-0.716140017788278
-0.640754185375569
-0.685706855310124
-0.676467947252344
-0.599544435190544
-0.631502876782326
-0.58699791007915
-0.65407904780183
-0.649001098056101
-0.473675373019923
-0.800681758845663
-0.641682664542698
-0.661979916725618
-0.567467611431635
-0.655291733250538
-0.540996740192325
-0.594137850237385
-0.572429411643327
-0.658686861544879
-0.526611779645438
-0.655002236986261
-0.579441559831713
-0.509032477368877
-0.688828823605091
-0.658069601634084
-0.616711485312979
-0.594926749960846
-0.739269180091383
-0.553699386265211
-0.61553747688694
-0.657151518058824
-0.691972685212038
-0.472669685904549
-0.546626780568238
-0.695713866429483
-0.610783353579646
-0.688476735817483
-0.611499027995626
-0.77353834378581
-0.653879580877
-0.5604818532095
-0.51417248611045
-0.640989290287559
-0.546116458701639
-0.585389727667639
-0.543237530030067
-0.603456968809831
-0.552318300150809
-0.58654046115072
-0.623642498368687
-0.601380988595897
-0.688173700436086
-0.540896177393854
-0.573255760362456
-0.577481916644616
-0.604264587241272
-0.474576932440342
-0.454279868723963
-0.653307967561621
-0.540700705238182
-0.583373870501534
-0.502827415421958
-0.342265046523543
-0.528420900993576
-0.399267434146123
-0.61921745495817
-0.454880260506452
-0.655652537450263
-0.504042953273157
-0.514358654734835
-0.524443408148853
-0.588925663681262
-0.479700551461367
-0.551982446848292
-0.649943900827779
-0.610472678281299
-0.432355402559525
-0.442473718483921
-0.40900766187237
-0.562403534947614
-0.425982328583849
-0.488672879830787
-0.511784167377264
-0.522527290705119
-0.417113922630218
-0.584433091599337
-0.632738766451112
-0.537600426904389
-0.445003696604206
-0.450302701110649
-0.474991603797329
-0.374220891514532
-0.436533437547204
-0.610897603289816
-0.365608914740893
-0.58930844374002
-0.591933740191199
-0.476546279431527
-0.403185928962017
-0.253418907466635
-0.345774170679553
-0.288925724443362
-0.383592105335091
-0.412444719950917
-0.50292174827211
-0.529015013184413
-0.380516479610522
-0.505931833981115
-0.525559300005021
-0.41687386923476
-0.454356076647575
-0.464517764147
-0.49722833672284
-0.382577696727189
-0.521802192671054
-0.278554947248561
-0.384122638556475
-0.391850480010443
-0.462991059512829
-0.458874365397425
-0.474100601644353
-0.308528043792877
-0.421538644623942
-0.464405680859128
-0.474457922944851
-0.426076385292413
-0.516146401422568
-0.30194104777979
-0.445767308377341
-0.46610748027075
-0.585635527374384
-0.434946003234536
-0.431825689725635
-0.413485781157975
-0.272542497901625
-0.330145458023127
-0.390165645861588
-0.362753282743204
-0.311312616248883
-0.268059518478164
-0.354359867314758
-0.30103272385095
-0.517493236169282
-0.448029366866722
-0.137085506088979
-0.53728899210848
-0.313394228696579
-0.356175620514197
-0.397994084799259
-0.445567829846184
-0.434630800804224
-0.350586606976068
-0.356039671835821
-0.336580434260528
-0.248120212321762
-0.355408885182994
-0.331593051655558
-0.290743890636938
-0.0959140574312959
-0.287251082829311
-0.363694239282979
-0.148971179811984
-0.491728397480416
-0.404366090467047
-0.28791870932896
-0.277214451360857
-0.30607030343196
-0.208835311992703
-0.417145144052368
-0.301939989773775
-0.340472383909071
-0.349386394314906
-0.313438107654281
-0.206304000250198
-0.258340274126401
-0.436666629317578
-0.21326695901885
-0.192893083800513
-0.224951606890449
-0.228087397344881
-0.346954484846378
-0.291631688434775
-0.174401381305776
-0.386561872230676
-0.235263624363017
-0.322072699390859
-0.294701041863917
-0.260408728333963
-0.227159588965557
-0.29275906599911
-0.245477517449064
-0.339149433659988
-0.386575477989273
-0.331400530334779
-0.331532964987825
-0.196165891417776
-0.172399758472643
-0.20925005544849
-0.343244529921993
-0.271743442085593
-0.242148633760969
-0.16867401182694
-0.307816585141718
-0.232845052760058
-0.442159598578889
-0.20374518045308
-0.324308618565867
-0.315335594084906
-0.209234652088671
-0.30363281487865
-0.222967805272826
-0.24647212949122
-0.36361841195195
-0.273970245940507
-0.245602143045406
-0.347434471539554
-0.248473355756272
-0.273845422213122
-0.363912969070398
-0.216869837947368
-0.066875758076247
-0.226077421990168
-0.176285411407813
-0.305481870925643
-0.0818471886783638
-0.14456650376232
-0.291552611838919
-0.311093139571244
-0.120367839494279
-0.23144805820323
-0.378149793412328
-0.140149087653726
-0.207797019542868
-0.218394584934363
-0.225784439697703
-0.26116743178084
-0.315381759200045
-0.136991467908814
-0.0742630700399717
-0.313758740838217
-0.122588996314415
-0.161388058309325
-0.125858335715377
-0.22279498217326
-0.167713987423738
-0.240662173218741
-0.257501948085717
-0.0690624201179968
-0.226197779702693
-0.328514725525566
-0.197652817280454
-0.161498595721938
-0.0392034507878423
-0.240376993565611
-0.185732057745179
-0.178154414588678
-0.249282979012439
-0.163258721261432
-0.209960840953248
-0.175842223484305
-0.102690581348481
-0.0717903282903308
-0.134679330464137
-0.109368776169037
-0.204694006692302
-0.0903872427588245
-0.057717235839136
-0.13730605736916
-0.119996936919238
-0.380309158058364
-0.114762778312104
-0.188126155344742
-0.0578266843056416
-0.161798375597232
0.0231885165434793
-0.102873068435312
-0.0579255191739432
-0.135290401281298
-0.109417517361071
-0.15817317836788
-0.0814122703685615
-0.0501403899774743
-0.264806388234184
-0.130893946148983
0.0570155494667391
-0.0414409930422575
-0.0369775535777908
-0.109160357833258
-0.0845930027702526
-0.0571211832228582
0.0335643127822526
-0.00824966596944683
-0.0644369991364018
-0.124044014119256
-0.0562808048564308
-0.0033337086241758
-0.0888876438613623
-0.107545804890534
0.066636702573955
-0.168708047269733
-0.0145986647611098
-0.0189853310324131
-0.0757387553267522
-0.149253022201662
0.0202256953581013
0.0352811040533373
-0.0703158226710449
-0.176647354168559
-0.296851929430729
-0.0715849316793989
0.0682772835477517
0.0182103385100589
0.00383709522884563
0.0239921044949563
-0.113396002009877
-0.08800089967594
0.0463428845715926
-0.155771299483698
-0.112520929374206
0.0958638229211111
-0.250650780318915
0.0659689601707653
0.021903582264338
0.124620230765268
-0.0781723764533718
-0.0635107959495766
-0.0700884404353805
0.066439896624616
0.00310707939306041
0.0398318727401113
-0.174408297111845
-0.111454951646921
-0.048677357844851
-0.0921593860215008
0.0243460529494907
0.0031328647229092
0.056867357887151
0.0559313834715374
0.00919692415830974
0.0819226880401614
-0.180987782108208
0.0289464398604785
-0.140781460722736
0.0551983324229311
-0.0590810021070207
0.0875354458279888
0.0518433669398296
-0.0256730516072741
-0.0620188933465066
0.0996414471679685
0.0466099460314524
-0.0329935235704173
0.0490635374265862
0.161664758417889
-0.0751279646839423
0.0915415810654539
0.0196230622685847
0.0718693265826175
-0.0742849626436294
-0.102484977543291
0.0750958277995523
0.0859276008258154
-0.00773489688010689
-0.0655624153333687
0.149127707009276
-0.0110896893912444
0.0892361895133209
0.0204051374891501
0.24109111706885
0.0767027900629847
0.0466978430512944
0.0307969695438036
0.1542298466092
0.0383336513211999
0.0604928881468458
-0.0387329734745077
0.01636936158047
0.0766640762278602
0.0992507380259962
0.0603323458200322
0.0864414095133857
0.185383168952091
0.0797584282479622
-0.0138768557019562
-0.0790901549958512
0.0278791726468787
0.143095826401164
0.0846640324205606
-0.0441129050537011
0.164617677582623
0.190822730985387
0.0483916974630574
0.105868915776168
0.0698958680288659
0.180842920788228
0.271279172553562
-0.0360455057652522
0.212160142026913
0.177619186080128
-0.0976842073519336
0.156852116376791
0.133391580586541
0.0896137559900936
0.155228101401124
0.225488744027722
0.0840170521001593
0.0273296107232382
0.0904321160053342
0.330975115114909
0.253214162796817
0.170118302159422
0.195904502889803
-0.0277307985264047
0.261588649485896
0.222283843351621
0.0519880634377702
0.0883555433571934
0.0735151520939386
0.166714820607797
0.210505574707404
0.234336446963187
0.0671115144152714
0.11633834359646
0.279008638398128
0.124891159425862
0.223133237895747
0.0672764998788761
0.188139127320111
0.290101365785851
0.26189993860484
0.149399621751282
0.261744604630268
0.139988628781972
0.325167336133505
0.147390488488343
0.341993546435346
0.210441314954215
0.0206581838759378
0.176465899189634
0.282563755595233
0.2837486371084
0.339654609833887
0.186390873604455
0.202946062793885
0.352982442645082
0.325749712847518
0.306530282323394
0.153103636308217
0.109317926900061
0.272343889483056
0.268037298180393
0.0175306870027742
0.253656832283675
0.255206468214002
0.19069105558426
0.278797284841934
0.191929390487946
0.282096738060998
0.139141240210549
0.277687603351322
0.196854531666996
0.394796531646991
0.414841678969922
0.264014792346944
0.101508039366532
0.258995754907527
0.260052372876646
0.351179287098591
0.142427524715296
0.428334825464039
0.2844345818714
0.23939295932692
0.158879078445134
0.302513240479603
0.276951708784305
0.272156032136476
0.155226824956592
0.232741771217975
0.28157118708002
0.367373243216761
0.251601639973039
0.329577758968472
0.396533667534719
0.278430112012806
0.420759555845423
0.45731007802681
0.321636646721032
0.35573350265655
0.288362439557061
0.355073689073473
0.407001018382736
0.261101277609236
0.291729669288206
0.305875775191989
0.358948738268155
0.382213294280709
0.523186578199436
0.423481399241842
0.351856867756654
0.334485568561621
0.293699444717916
0.481542649805018
0.302820338354289
0.389395998701724
0.354037012322291
0.430719270983948
0.232639355790481
0.405087028390791
0.228065519273049
0.262636713081487
0.251749140659143
0.291140594822986
0.422579788250321
0.213104390242385
0.348059226897286
0.310935697672341
0.371041599029084
0.464621023918638
0.438476412457443
0.343560449311669
0.407372939602203
0.426710001537001
0.299277627813695
0.376575109025991
0.321791431513342
0.328492399318079
0.420980582079914
0.42857515802976
0.359106224482573
0.487177008789451
0.49359892218429
0.26138239457608
0.425014027284182
0.531884000616569
0.450437726930199
0.423706854207755
0.350320043994705
0.3777256266438
0.384562969959035
0.394418352556294
0.238090522534315
0.428427719559961
0.576001663517926
0.363897212605725
0.437991700177429
0.579697379600244
0.494269086936118
0.478072512983355
0.359075047725756
0.542323611295272
0.333045845426993
0.402439823755101
0.469564842057402
0.322149988006304
0.476022460890708
0.346382877957747
0.433190610979746
0.341949354594369
0.559274561464598
0.504635503719028
0.350265947990475
0.425588761448306
0.506327887470671
0.482576292845921
0.485158011884584
0.555124506753886
0.363150784753302
0.43534218289369
0.463718150112333
0.583576485712481
0.300318053425026
0.481010974753114
0.411383869506918
0.61926213683825
0.63220918892317
0.419453482967514
0.698436823173085
0.503565473907246
0.553016886259114
0.577607043042415
0.419823421009769
0.460155418482669
0.45414795867529
0.491373523780109
0.482127368878777
0.461918051544117
0.513941485182547
0.405193926183629
0.525482110678397
0.549343453998945
0.399231141724287
0.537384165654062
0.540198865113022
0.508920837787856
0.553862554368253
0.475350830595341
0.49930461880354
0.502904824287748
0.624192799615545
0.5476960609467
0.619416766847473
0.475940833643653
0.432527303549904
0.539245247301542
0.526543938019685
0.524623648720067
0.518927382017579
0.538625528919614
0.505774092097005
0.511765416641335
0.570219518435618
0.572397168821007
0.532422736115754
0.486519774039697
0.568438192845253
0.445731681559692
0.543985793370364
0.485973689630058
0.552647882675373
0.688859890833584
0.513893201404842
0.629473056760095
0.537890253130573
0.527934979609216
0.584685895967686
0.682584736106884
0.509496564322023
0.495826844805032
0.566736556369643
0.615786168857364
0.481667871801438
0.598451958839653
0.524143055613698
0.677674935405609
0.560302803111822
0.589537874364806
0.585356053493117
0.70289789892724
0.597029644913377
0.539646888639474
0.459145460483975
0.698350406619819
0.634420539571199
0.596010999855977
0.675565362485084
0.775100539238611
0.687061182412503
0.612584042895538
0.660860215367616
0.683335584211834
0.490475456087363
0.558780506974398
0.618803668107592
0.712707685272755
0.58079397055838
0.695367784585018
0.636877453267219
0.511609107417383
0.75547503784224
0.698822530814674
0.725473718653787
0.710052201898082
0.564541443548725
0.57131295133103
0.641255248879639
0.78275625183541
0.588603064008497
0.627482917455653
0.672377772976044
0.852823993095548
0.652551340104589
0.694422790170905
0.702338115825815
0.74445099689848
0.620066230664084
0.785676114436468
0.680446361023795
0.863049519275793
0.660328382774605
0.834320517494308
0.697101258870536
0.58392651062049
0.733683242006051
0.66824640446266
0.819541181916335
0.668054408766689
0.764318547340948
0.963694554415236
0.804177322569375
0.596217187076931
0.694269488796137
0.788611634347374
0.625152117394572
0.622489852009729
0.642356593404403
0.891820751772948
0.765620933499317
0.708852805568949
0.627132463056631
0.81572625026097
0.745216444829975
0.698198548726314
0.720919089940938
0.772549805930523
0.723690142883135
0.711731899478741
0.816438718552377
0.633653710807008
0.821606385648563
0.775652993351359
0.978948621230659
0.701924591435983
0.639375063242237
0.809288328665228
0.757808043976164
0.70378920635821
0.830074835289875
0.894582318212652
0.757622275434289
0.593382633425915
0.869615816043717
0.719005266880919
0.754229027379665
0.703010173065818
0.889836877830871
0.689512847365754
0.828410666125166
0.816925256467141
0.719256992248156
0.828361256741913
0.650932359638634
0.889101488551226
0.87365523049228
0.742488284707221
0.751382923318144
0.775257603184274
0.746283788776679
0.664459743391098
0.804770225805291
0.865987501890853
0.810616957259378
0.85276994092243
0.844352788877472
0.849632282575578
0.852980021139957
0.874866165202885
0.835022621359745
0.673404990777073
0.798802747154548
0.872904973601903
0.921393267327519
0.827751604280363
0.895183728122276
0.937209216528848
0.811102331855112
0.8397332424513
0.866563028048363
1.01225187987067
0.778817676911403
0.828610731046564
0.787465203203818
0.813646022678414
0.85193969056098
0.741255290196744
0.822237304522396
0.840128452281627
0.799909752092596
0.696369329624554
0.748433199060214
0.820248698713612
0.811763684720232
0.785116820630497
1.02160576363479
1.03485296345147
0.9200974698078
0.858304320347616
0.768738494624104
1.01847549484148
0.800475152093555
1.01117680738212
0.941175856664141
0.775690489454918
0.962823778570743
0.873498089873091
0.814437320902019
1.12282662141679
0.722469133959159
0.872616814741639
0.896857769186205
0.919889667500889
0.890156472555544
0.875390257148302
0.973672360577358
0.989264062940015
0.909538863883173
0.779073538342118
0.941977258920251
0.823617555019408
0.774881840880797
0.983292901411302
0.865383762072225
1.07211570775745
1.02752891984551
1.03944902705806
0.949266805349843
0.81509207473764
0.913494691323
0.930131256080017
1.05838412793166
0.792702186589978
0.909178316460674
0.940387740176729
0.922820258434997
0.86014388846036
0.905012153696116
1.06613777159891
0.97181758404239
0.914050682700898
1.03086015823255
1.01538002067699
0.85357741271781
0.938744286559713
1.03038415813987
0.908887146141721
0.967942358157893
0.909020181062191
1.04352424921663
1.06789266987236
1.03565317645054
0.961659649932711
0.940257494931447
1.22856345870774
