-1.07040510902949
-1.03547646443883
-0.836741368483133
-0.937462567871228
-1.23557741918581
-1.01847376958625
-1.03135291217298
-1.11130316868639
-1.17322599004783
-1.04435781181465
-1.16289919161188
-0.889781917433028
-1.00617015738791
-0.89504764124108
-0.972448265598729
-1.04495005275784
-1.05641931097621
-1.0662425000786
-0.923282796237137
-1.02226881951044
-1.10387761988561
-0.919711681863893
-0.815718561792785
-0.906691604864787
-0.924426244679395
-0.965828127788521
-0.917062185462013
-0.933945954874063
-0.963522731378284
-0.83830817363458
-0.855934297256544
-1.1075879034811
-0.846031455669617
-0.835824154520405
-0.86504350261122
-1.01562647584696
-0.772870553245333
-1.10192418000982
-0.922041342017262
-0.74897940448364
-0.837565381585542
-0.814584778455238
-0.914607845488563
-0.799762941186728
-0.81100375190523
-0.966421221248669
-0.818542007716309
-0.877503708010581
-0.863732229889438
-0.870847466209187
-0.911092167867692
-0.937268081990414
-0.946003866888218
-0.906933683175419
-0.898066705289678
-0.9464101754194
-0.912252086450645
-0.873445360767599
-0.922615498720455
-0.992739595174383
-1.02337975959322
-0.819791653011269
-0.821356811009431
-0.905263045556184
-0.88351914619264
-0.780715117326164
-0.834124492604779
-0.849970980154767
-0.821480615146703
-0.871054874442009
-0.875550031876968
-0.946047021143464
-0.713467280716687
-0.768927477681834
-0.841108439964996
-0.831420687244711
-0.763130463385754
-0.957296979239858
-0.808235101431659
-0.806608724805732
-0.859268878441387
-0.938666455809841
-0.820907761157737
-0.869395816012308
-0.809068224033775
-0.774462451422787
-0.768754318614891
-0.974418162028995
-0.939334758511674
-0.887057605825181
-0.792925472037928
-0.891374974880949
-0.888946984151025
-0.766712650086229
-0.901190123585436
-0.903886720012262
-0.792870942128357
-0.957355108720349
-0.763905522606546
-0.766074913978213
-0.688559058931369
-0.963730062535785
-0.574391808973172
-0.800140811922196
-0.798573721214944
-0.771285805665838
-0.622795925766683
-0.746799634340844
-0.678171274969621
-0.605647057526773
-0.830463249389869
-0.697195396691297
-0.727340255575621
-0.725691028802198
-0.82714018690822
-0.705029524352902
-0.793696264736575
-0.746485876416029
-0.801987451256285
-0.695045779048152
-0.709665853468039
-0.719187401813646
-0.742962337337026
-0.840474332547087
-0.584529013900342
-0.857337414272231
-0.798576960674504
-0.712224221466144
-0.741588549039725
-0.894505495223468
-0.743636940350665
-0.729284075485931
-0.777924190420997
-0.637013642731896
-0.644669404406187
-0.614561465263812
-0.781335532869157
-0.704656277632358
-0.603719041895796
-0.640826749625644
-0.691025800420325
-0.62081831306977
-0.82859682994074
-0.762623671924079
-0.825317593255311
-0.665676029448723
-0.527264808305309
-0.6373036606892
-0.708373041456046
-0.648935368652829
-0.617894634527914
-0.724060552997204
-0.68862830609846
-0.703726221372756
-0.655840243652212
-0.743404960982659
-0.778044908117834
-0.713663829190515
-0.668496350730566
-0.742936937729404
-0.699450341583173
-0.850990316805894
-0.723435823831091
-0.662381298966401
-0.623390069429124
-0.612538799321409
-0.534467995235599
-0.671234444680316
-0.633796889676638
-0.700072799568375
-0.738361416037139
-0.756972443377234
-0.679781771760313
-0.790797263283041
-0.75248686690435
-0.513934547611299
-0.622049862315448
-0.646528782518688
-0.715165051226464
-0.664340737232336
-0.616170290275099
-0.716615471043988
-0.680649839078338
-0.645019542313846
-0.510315464922066
-0.604651310953648
-0.713496864525727
-0.700611482534094
-0.591931485653519
-0.728085191845639
-0.773455969272121
-0.610608158013113
-0.58606127821652
-0.576821273423808
-0.664574470563852
-0.618139619600151
-0.648255891737251
-0.301266484932335
-0.628346089393295
-0.656779686571479
-0.525986287815318
-0.554695021812564
-0.628228005085685
-0.514918803728579
-0.666677185438368
-0.619706131328689
-0.763387667646117
-0.666567631575072
-0.596472606860213
-0.530030035895936
-0.603062488937272
-0.507557132840715
-0.416738783484089
-0.531492684757146
-0.534874869075907
-0.540302400715183
-0.71164334756379
-0.640775856579018
-0.508040307611807
-0.597743539597287
-0.52048998739699
-0.515967410966875
-0.606109966625209
-0.489416413883171
-0.61455382702924
-0.623026650623835
-0.580548731410569
-0.494502322440132
-0.511316277624538
-0.613485874710323
-0.513552827326481
-0.524405652854593
-0.514474394031757
-0.582783493207366
-0.554946074236674
-0.443050802231614
-0.441067802112833
-0.536060082596036
-0.560704471073712
-0.61042877407032
-0.469083184960664
-0.384515576961117
-0.575597825781335
-0.299432502827517
-0.551586225255387
-0.572204562602339
-0.548123245022485
-0.569645206717516
-0.299567711306353
-0.558057244449426
-0.436506837473117
-0.488823967931031
-0.527814911925268
-0.48498233326278
-0.359388880020032
-0.446335312172428
-0.490142676698915
-0.387902068414746
-0.563671418705141
-0.438042416932171
-0.451010809315602
-0.450931670378071
-0.574501976840393
-0.43554823048925
-0.529650491148435
-0.546503005382569
-0.536709539816472
-0.495843758357769
-0.481564125476589
-0.602087149319366
-0.497985877541306
-0.464999434895387
-0.458296928400716
-0.429318293853056
-0.464082404451076
-0.649880927370809
-0.577158219021551
-0.238808051322417
-0.528776284174048
-0.364803980533902
-0.433473734649714
-0.51264896610324
-0.470583025015629
-0.368354757018919
-0.372091107436305
-0.415875227272386
-0.510417216354519
-0.475784983899393
-0.380436273670622
-0.368531274895141
-0.467341341032655
-0.288840549187547
-0.408917903767486
-0.523635657152434
-0.441385580296863
-0.492305294344748
-0.469432056710488
-0.255900714962855
-0.411343176767788
-0.388381161288535
-0.414715781769846
-0.417877578591492
-0.445263380143806
-0.38092536022545
-0.496454021539402
-0.547898190992591
-0.505025691410429
-0.350128146114018
-0.368545146531322
-0.371278107249296
-0.407661017122347
-0.269647920794395
-0.447070854343197
-0.296615354585112
-0.229685554087736
-0.531903319642827
-0.281559067227309
-0.387923606388136
-0.338587729853411
-0.274005349835179
-0.373209208252529
-0.507448804884908
-0.312304022786032
-0.342195834755028
-0.221713517790323
-0.275328204416695
-0.355820797275163
-0.383376757802599
-0.402598389983224
-0.578690368390254
-0.188921756808562
-0.243639843170944
-0.189389376188166
-0.260868665316435
-0.373712103642015
-0.387465486704506
-0.199998548919188
-0.441781486758637
-0.296523727690228
-0.284838482455037
-0.364735144458918
-0.409242219732187
-0.310967045959698
-0.40955579189054
-0.239271684209712
-0.283975393727296
-0.207737068994817
-0.338440778509832
-0.342755470785262
-0.221972178014607
-0.291846502749157
-0.307120117816189
-0.336226475650809
-0.427514381434436
-0.241075591829494
-0.107909366995711
-0.102153288719035
-0.127996321017516
-0.189415713154678
-0.498943496299129
-0.19322358217095
-0.437196868565925
-0.308370472181935
-0.317091763325147
-0.245559673473569
-0.289462617353603
-0.281961643890849
-0.417187356662915
-0.218385766872092
-0.333307487896611
-0.199257348004767
-0.414859649496647
-0.273575560883611
-0.209334998445021
-0.260196109209989
-0.281744290025344
-0.414523609416727
-0.134065562423673
-0.103272959674477
-0.242487537788612
-0.203229382947022
-0.15114409495201
-0.40165890458005
-0.324167855739064
-0.266933510439959
-0.232877683620742
-0.183566994329014
-0.267758647954864
-0.213080752398898
-0.205381333853918
-0.307869347134495
-0.0736026379676396
-0.254099447415521
-0.161851407800679
-0.221982963960658
-0.0982122600929101
0.037580905095526
-0.320271499947689
-0.1997704353327
-0.193352442582385
-0.226619849737043
-0.229133779120426
-0.0646265857504311
-0.15420680752539
-0.327336056591965
-0.198140754269467
-0.231973676600897
-0.128838360534362
-0.262584843953803
-0.221294241147629
-0.246591093630374
-0.127333628086895
-0.120470352911971
-0.170239230827466
-0.186268492358949
-0.154511493516069
-0.100544207424559
-0.14798172258376
-0.250619580846204
-0.110462605346959
-0.297865927572447
-0.198910556134617
-0.131112835747825
-0.0611382234752451
-0.15831146691601
-0.314305392094355
-0.0757276960604792
-0.135677867108035
-0.150851455736203
0.00511597849629079
-0.0361145022682475
-0.176882826341146
-0.154865300562244
-0.197316245139527
-0.120036635851659
-0.258250662863874
-0.218713789375529
-0.164623564094906
-0.097086071332894
-0.174334891059765
-0.00557832752115418
-0.172891587472752
-0.0464919701542497
-0.130050606608059
-0.161937410710549
-0.0462199800676742
-0.149608121356715
0.0310606204047379
-0.0511053747118203
-0.175017784986292
-0.250914466059569
-0.0769609272905788
0.0329175491318314
-0.0723074907510293
-0.00879025426137089
-0.109258001762322
-0.0344276898465986
-0.0330876198584167
-0.0271729134563298
-0.138188757062712
-0.0365288056350267
-0.177525911132789
-0.00792911666930178
-0.0937850726598541
-0.0745989488693454
-0.0731026031132874
-0.0963498007731116
-0.137817736645533
-0.134281867315816
-0.0830846325512689
0.0310858711190514
0.00708729926900087
-0.0191669349952481
-0.0885064102736009
0.0667885672391196
-0.0415604764798895
-0.139138928877026
0.00604519729768575
-0.0627446176935933
-0.0331259466485994
-0.0805729197988889
-0.0368926851720361
0.0395948633231221
-0.079037520147321
-0.0675260329576998
0.0732829189803635
-0.0603081260717533
0.0773500612321897
-0.00808790128213267
-0.00848880364293186
-0.164221261207287
-0.0737358270390779
0.0479000872400976
-0.0797700488863782
0.022002688767432
0.121139258733259
-0.0654867500883146
-0.207400958928527
-0.102621522064153
0.023382461276295
0.0368430298181372
0.0598689497747059
0.104983807573343
0.115871560232223
-0.0330086053029681
0.0283801971980408
-0.0463577099000773
0.00469568131352136
0.125677575062213
-0.0242172551464303
-0.0454138904954034
0.0448391367875509
0.0390366855122584
0.0184232732013285
0.0943957897283202
0.0283913529164009
-0.120485624077873
-0.0097622124778455
-0.0506760873519907
0.0573585009207034
0.0293330149529535
0.110646912026181
0.00216778288715803
-0.0997503407629382
-0.0140440358643973
0.0161447333379762
0.0271759051179663
0.0738916899529618
0.0797777240830887
0.0127811840058959
0.127169714488985
-0.0735365273938353
0.0321011680606125
0.133045517070877
0.145808603302989
0.0720057730340147
0.13422721457319
-0.0443430108884247
0.112421916315588
-0.0205608082926614
0.131014740315757
0.07226105871224
0.0443223987409966
0.0783118668928339
-0.0430020071268607
0.0473564705807776
-0.00932005451847905
0.184679395177639
-0.0191017521925233
-0.0163678531393545
0.0181099134853502
0.0283241939582873
0.16506597935303
0.17361516032957
0.118013717392166
0.0583206691166305
0.202479958766438
0.101061834761988
0.137794748030131
0.118857207459084
0.109167908002206
0.113680211320394
0.153372643082282
0.186409705321783
0.131675986112073
0.317194409219886
0.110385448293644
0.119398545340241
-0.0840118338857353
0.0497411964800561
0.255012652359666
0.121273007922956
0.294931377082475
0.151805720047612
0.0467793021165977
0.177216189500467
0.121118202338674
0.136738689094254
0.249151627349986
0.214806833578626
0.0754315236016844
0.0508828462662163
0.0991213972212009
0.263518886229074
0.0715686591482995
0.0971575527129824
0.114354510402749
0.25903420611267
0.208573552688426
0.294205456400237
0.0722203830691682
0.336239718702102
0.278426504082038
0.114730844124943
0.181974923481074
0.240151806942467
0.196633926662395
0.0828877397494757
0.223591145148637
0.127846594638832
0.206599886364403
0.10507701185457
0.205009385357156
0.0782703886168517
0.313901508049912
0.32755638204378
0.220318462026099
0.283607719305874
0.338707354504385
0.138943944326702
0.283976631886506
0.187533795391653
0.294369098257955
0.332906756475219
0.197551328837764
0.151083911411938
0.0897875732907198
0.30728984810211
0.221522660404057
0.249286578924497
0.207595142317606
0.184645609769031
0.246486736156956
0.125656521459435
0.119683499013836
0.283831805437664
0.262871410165382
0.300897642289743
0.411719825608746
0.289965979194033
0.297429712518482
0.245284442546057
0.279856364554755
0.246416330252683
0.310507585824883
0.306816122260295
0.356026478053849
0.313078937653074
0.403370411898867
0.16229628220154
0.354661935180284
0.360611750572365
0.269776815636623
0.333509557158697
0.227993726589335
0.304776974357447
0.345125771127052
0.285347661286875
0.351739015757112
0.254333561792467
0.293692615301999
0.312720720648828
0.383442199437286
0.372226591113999
0.28281615226612
0.278478273498077
0.369716609311321
0.325334719235512
0.265889982585463
0.298352005152382
0.333481968055577
0.211938230753055
0.329306111015913
0.345170299835552
0.357731821736275
0.455136277925386
0.374171119449001
0.38106713911001
0.292894097320624
0.272349042326172
0.252251339893149
0.408813076392869
0.324876604166781
0.220404284891687
0.358745295633389
0.364833100337206
0.252316762537082
0.396474549331914
0.417972386023433
0.335550293850553
0.223620379736699
0.392170046918866
0.443131492809
0.349612403619535
0.221664945619544
0.311267600504423
0.321107527833391
0.324186768941663
0.472922699975881
0.519028155838704
0.262404955674342
0.351523855252325
0.188279218827288
0.501064906257099
0.353115749271827
0.297990430680645
0.391715444611175
0.420638564960671
0.36246876673489
0.535248804486213
0.312271982729922
0.547976682827984
0.421907141527003
0.364317083774418
0.482858030432229
0.506796205424717
0.218495311609003
0.397514546872176
0.425541553448417
0.444528104278914
0.434046527200501
0.603567274208473
0.342491716662706
0.432741308179806
0.436211535114442
0.368073855129887
0.466440237043915
0.411218045650043
0.376078943018376
0.389390704677541
0.248689582169113
0.497267337126124
0.421187319767136
0.424361106939145
0.399031943023525
0.392185487694406
0.551447761249097
0.340217147753739
0.315109710531855
0.34462345003608
0.308086882179138
0.453107111953225
0.36095583850234
0.282341422054182
0.455342687701176
0.507538391665531
0.385872326644142
0.543379665742586
0.526145248933576
0.536371331257982
0.498379989138976
0.458904270673958
0.64037598643309
0.383634129323473
0.550532911588469
0.554167992910085
0.463769031104135
0.46202043387738
0.478906805920632
0.569903107267234
0.487495339527342
0.579971176447646
0.46826538188182
0.60383284003177
0.565374002000919
0.545024589642414
0.513983987579399
0.608954604201942
0.635511480197538
0.603976928473602
0.485238327458216
0.486034575017124
0.516708282714334
0.44755971924544
0.6271805883214
0.567461409297052
0.702433367082137
0.569633305974456
0.467233833683
0.502019552104113
0.659016928947899
0.515889832123237
0.394849368994266
0.607732924898096
0.537056787254527
0.57999812816519
0.475597567300399
0.623985119605023
0.713882690172997
0.504498733570079
0.582796435910465
0.400520195414279
0.482378599493666
0.678545233825704
0.664556732941889
0.6491518921713
0.572355753141284
0.685902385115979
0.590693175160845
0.778360514685407
0.576653189632512
0.466260782795963
0.48193533050263
0.553615326815325
0.45088047536066
0.663435401397747
0.545097763576544
0.417394607129249
0.672489863491395
0.440117278062908
0.587484131795587
0.506805659619709
0.601524370231464
0.627276268007839
0.504035409663408
0.739257553999534
0.567167519040016
0.606741838047745
0.704335781137513
0.63597257585842
0.565334195036494
0.614687932273102
0.571752610873111
0.642223317947896
0.54565490164595
0.591582665572178
0.709284071780364
0.545745059153668
0.67493914582819
0.548585436623079
0.694759070569562
0.649158661821483
0.732906196475387
0.688568280872604
0.781867869888571
0.708829438118183
0.633056321958477
0.71207785161829
0.670430990870059
0.734376852787795
0.628185498139235
0.779687913116305
0.649909691191723
0.700964602802578
0.704138427213789
0.720249194326066
0.857181801622555
0.747732747486839
0.684872197708093
0.641797799434226
0.699652042657048
0.5763455214605
0.647209351273209
0.658777662365396
0.668853156518825
0.737400422925443
0.714344499844901
0.546037736273802
0.717432815907786
0.651932477770115
0.723791021071589
0.795844603067525
0.606964432809761
0.778815271257116
0.740218868748491
0.870941563817078
0.684983299025618
0.719218797231334
0.592775134369498
0.750216729882835
0.673853774089455
0.822661237347268
0.644330809815559
0.715392729394535
0.79970588945034
0.805024276132569
0.691926236711031
0.732086507928103
0.789981269172587
0.685800941403121
0.77297284733107
0.741420617912178
0.756977435766982
0.799328457935792
0.710717942256105
0.839353769900002
0.700088729286709
0.750812864507246
0.649686249607426
0.698507909005326
0.69336767442667
0.784809317225109
0.876066988486502
0.851138713664521
0.698225497448862
0.742677904145435
0.723129706069987
0.844372757105459
0.693803711699533
0.762250649678506
0.810504168658062
0.673089337172175
0.740484782705538
0.690568337314247
0.641656614326927
0.921274072672773
0.682926753525823
0.747770262696146
0.822884371895782
0.71760426776665
0.74246245410243
0.715677206566347
0.761818550073251
0.719577682892851
0.930408076150884
0.924995663169856
0.72249613146188
0.917264491443078
0.866907114848515
0.980048616367119
1.01041848847456
0.824224859507896
0.821386100563393
0.762662662158674
0.863203506838649
0.803667605190683
0.837150156896641
0.81339750127538
0.993225379342208
0.763078097561283
0.780237109099616
0.816968414585426
0.89724195797943
0.813714981009539
0.885726537020236
0.811967005820053
0.913757777697247
0.88282534844896
0.835952078132899
0.802992694616409
0.803558618028699
0.815053841212996
0.8320299472543
0.808618547893027
0.838965116637385
0.921490483547037
0.927020691663012
1.02416385782432
0.765872172670186
1.02186651585992
0.708582442476676
0.946944479546483
1.00125373771115
0.896884440513259
0.976391957786033
1.0282660839105
0.863093778640086
0.841125476286131
0.990413396161393
0.89010860150724
0.940687402757126
1.03818698801218
0.998835884706618
0.929758188138167
0.893037400967907
1.09623355921081
0.929918273465038
0.960240227785995
0.963771416852292
0.947115522772819
0.945038207485303
0.950502532646375
0.895539002657939
1.00559013292175
0.849017458048343
0.904941680561534
0.894912753244056
0.91005822009142
0.871936050244448
0.905601286680685
0.781117470942006
0.808347284267193
0.942095162878006
0.964709390795124
0.939514675261884
1.06229275244745
0.984377045016445
1.05405819926705
0.937191533069784
0.994167289773818
1.0249047455534
1.0264442086307
1.01250422342396
0.89923965928528
0.933126341496287
0.944257586108823
0.948197345132733
0.918147060125496
1.05575938988544
1.08865038428992
0.856673972130001
0.939955269033688
0.984298794508558
0.917043475720428
1.05938329689987
0.940196803869057
0.998106967480548
1.13225603663696
0.9340674561814
1.12854254906956
