-1.01849715960524
-0.893702149241261
-0.967595141340039
-0.92539206626794
-1.0267588102138
-1.07510540044595
-0.977547478512606
-0.815952713567931
-0.915362491963715
-0.974605151845964
-0.991617397743595
-1.02486136437554
-0.979911881526463
-1.06700640766919
-1.04496273736329
-0.969277990219316
-0.987471297752603
-1.16463763331865
-0.986765324696411
-0.987018227558745
-0.962913434989251
-0.956113230948742
-0.8550969150553
-0.945276087881909
-0.835799450749219
-0.955142221856636
-0.89026513265442
-1.03902427961531
-0.952491349367932
-0.746762457145293
-0.914536876568069
-0.852701689527025
-1.15668149547426
-0.857637986906158
-1.11061205906365
-1.05959659849755
-0.839047526871234
-1.08816435281199
-0.945884063067436
-0.824726380942306
-0.952760628450881
-0.870086053176111
-0.693774774240656
-0.737026123340506
-1.0155088010082
-0.838692014987424
-0.982355883221781
-0.986748061034375
-1.06532584892743
-0.775808081545564
-1.11737686687148
-0.98973251761958
-0.95445414303451
-0.729110952314751
-0.941111615028175
-0.776586624432878
-1.01775115460662
-1.00246022030943
-0.752285116459754
-0.937407966870499
-0.780061525785919
-0.984387812533864
-0.837691650901065
-0.857876423201709
-0.835544911037286
-0.822939180046181
-0.798276388131196
-0.943720748868242
-0.837955792479148
-0.796085113621625
-0.919754773474358
-0.830818230952034
-0.950146382387118
-0.683320438728431
-0.751589876736178
-0.728114837901113
-0.847137729909267
-0.759841868704221
-0.847454752391607
-0.809939748078285
-0.851082627156731
-0.745810702460113
-0.898562150990297
-0.749385171334381
-0.781310625019226
-0.695743299498573
-0.753126476466682
-0.998141070522713
-0.852446182035697
-1.00176364516568
-0.829609638768728
-0.807474582674439
-0.956845232455768
-0.782791725527547
-0.791422218781208
-0.671641680864322
-0.802054026720762
-0.90345049637074
-0.709388014772948
-0.798565607171149
-0.789107971542078
-0.851939718702088
-0.847476654737677
-0.810047339420251
-0.811989858841274
-0.849028542827754
-0.798688838417487
-0.954894190331829
-0.762748078058517
-0.753418930209485
-0.77527982747665
-0.815647209385689
-0.714214082625634
-0.821978776823931
-0.738544156034781
-0.656252808955126
-0.80657946255309
-0.624276413525292
-0.755157048450691
-0.684786507379605
-0.754907910150565
-0.826797332613973
-0.726414250225356
-0.867649687493181
-0.657230255177732
-0.641313787834186
-0.790422998373164
-0.758063799076513
-0.84869645422872
-0.678573459406185
-0.552868941484165
-0.758799774163791
-0.688574480749201
-0.879379978802183
-0.502783019405592
-0.75737580860633
-0.752458946402493
-0.780612014587294
-0.663706881791302
-0.658308564433292
-0.575964898204591
-0.577935000827663
-0.678511354619357
-0.661245600545945
-0.816816580084036
-0.796868841234161
-0.74427558448135
-0.696637329357691
-0.652963680112287
-0.8441713971773
-0.703461449631225
-0.743992954421966
-0.707363960057824
-0.776386702092398
-0.657581346438834
-0.620238147921073
-0.782839636149865
-0.619100453843107
-0.654690360567522
-0.701357338706296
-0.632182973461513
-0.695283485521573
-0.757601977208505
-0.717474232994137
-0.587858962453106
-0.5849052267274
-0.885896352502944
-0.557372970509673
-0.716571387012172
-0.635317924953428
-0.681071534727002
-0.675340289104943
-0.610670844672691
-0.641512818042208
-0.589092078037513
-0.666726288062151
-0.66275381245795
-0.49269317059869
-0.792316249538005
-0.64805649048012
-0.694028948093134
-0.596380561616545
-0.655981682720869
-0.550490833577004
-0.601293848462042
-0.570396642661325
-0.667390148899689
-0.532320805886252
-0.644523333255456
-0.584838598769597
-0.500807578601222
-0.69761202402359
-0.664410180964384
-0.625908610639355
-0.592852412760913
-0.738225941187812
-0.565211997290761
-0.633020356417836
-0.671043598771738
-0.697162418796368
-0.467116510067265
-0.576920419693501
-0.701262015580543
-0.601029013277246
-0.694166752073908
-0.637692062850594
-0.743257119193902
-0.659153114784809
-0.575011851238815
-0.510658394878217
-0.631234241840907
-0.546394321530352
-0.587985000169479
-0.534447526717624
-0.573959495682654
-0.554020627278936
-0.565011513369448
-0.621564992771515
-0.601129771578283
-0.677385474942351
-0.556911398548216
-0.581949603416141
-0.600652912821645
-0.595371939584774
-0.454243269196798
-0.468012802157525
-0.633437019617458
-0.547183764962987
-0.581084277308405
-0.541044571742902
-0.362625907194779
-0.517781904305023
-0.381068566321502
-0.611918772829364
-0.431106966014703
-0.650657431060388
-0.511590184423221
-0.512986949197425
-0.512049555160698
-0.605156694000454
-0.493307925691517
-0.535305958262385
-0.623586770729103
-0.62649449302335
-0.420259878720872
-0.447819708882931
-0.428151160625379
-0.550088975678191
-0.428635863439393
-0.477643922994161
-0.524665470405658
-0.518071835031169
-0.402743607563616
-0.573428950117023
-0.597278944896226
-0.53241488632143
-0.470476881802659
-0.433759112325592
-0.448779090908367
-0.368449766902894
-0.429579008940597
-0.617437653867997
-0.372003610493926
-0.566199294318923
-0.574261311304243
-0.466206366126419
-0.411805049709823
-0.287790352750285
-0.341499135558445
-0.299601685620623
-0.396210772922181
-0.409156417592666
-0.48661949496099
-0.535122563921915
-0.380419810243318
-0.481607569567295
-0.533318245525425
-0.441591235752672
-0.435103776524587
-0.442011665364536
-0.488877059136916
-0.363820178140501
-0.522439135080616
-0.276108226075541
-0.370054515703424
-0.371958193588508
-0.443127012775336
-0.480462714876357
-0.49798170949002
-0.307824858517798
-0.414333925537606
-0.474705142292136
-0.469427036240287
-0.404879764202915
-0.502031819717431
-0.302393152305722
-0.42719933957181
-0.46105452209176
-0.614172296666175
-0.41009631810236
-0.41635856202897
-0.374415509231279
-0.276076146287758
-0.323279908226339
-0.373772194040102
-0.359684583173081
-0.32054719322088
-0.281174711671662
-0.356366803281135
-0.321840338406027
-0.517792334494277
-0.435196945620047
-0.151655569056994
-0.515563417298573
-0.344547589443242
-0.349538130667458
-0.39943064594385
-0.455368289328407
-0.419500335642888
-0.365959762346591
-0.362326396061323
-0.334608255359905
-0.249100655505638
-0.361491008391715
-0.329849650980288
-0.293226041095022
-0.105015258989844
-0.292810678929738
-0.341346196520956
-0.163199442150623
-0.513941133273787
-0.401524842343532
-0.324351092550978
-0.28088369063228
-0.273390658462294
-0.229436492362617
-0.420219464665523
-0.299447258728165
-0.343569253201693
-0.388115795548105
-0.301608373898885
-0.21527080900661
-0.269308483578973
-0.452742446154962
-0.216182611578398
-0.179151737408506
-0.213186161236196
-0.218467927880519
-0.345007701612542
-0.286004438446216
-0.193102790431207
-0.372168716803348
-0.220567339805587
-0.334959951063087
-0.29547132672922
-0.295588750975209
-0.236376708389613
-0.295315476434229
-0.226548541517325
-0.339379282784168
-0.367350699343481
-0.334570901619404
-0.310995771792731
-0.20391883340727
-0.187494966810491
-0.196194779352491
-0.341613012878931
-0.252493632528728
-0.225456246680096
-0.14498966904347
-0.309602662396305
-0.227219064106528
-0.442398207927703
-0.201023231393275
-0.300251577193392
-0.311026689893989
-0.190437939008983
-0.284805543592271
-0.218002834161771
-0.260758695906758
-0.352511506148081
-0.269097025203689
-0.247707986312589
-0.345904912048528
-0.259721619895134
-0.249986698352069
-0.365405049876527
-0.203508368839642
-0.0766645569936184
-0.227580923602751
-0.170408480820657
-0.290547759403584
-0.0847697773270795
-0.132880949056358
-0.298457886635436
-0.325880323463668
-0.144714867707957
-0.223002081072651
-0.368474779815515
-0.157857862059566
-0.210507113736261
-0.220803671004923
-0.227216746032809
-0.244710558216188
-0.306864599986898
-0.120498085004338
-0.0641514846564301
-0.303347937924351
-0.111760672492265
-0.146494072280518
-0.126860817817595
-0.220212623598748
-0.16696464872672
-0.233963842784305
-0.247577939123588
-0.048060204947129
-0.219622967976582
-0.336340253371532
-0.216735140816375
-0.163585953667588
-0.043568915040644
-0.221460022344163
-0.182149670791258
-0.211659267091726
-0.25851719061323
-0.179914197800457
-0.228131504743955
-0.169987718342486
-0.124300455936488
-0.0673490761102113
-0.13630397040163
-0.132685552112757
-0.221932952671323
-0.108801223296918
-0.0496242669619908
-0.149659566594799
-0.120355704701494
-0.378883862147997
-0.10851636742397
-0.209834431127618
-0.0669402960746224
-0.156580530290177
-0.00259499269342872
-0.111222053172815
-0.0834375305507994
-0.12566660947391
-0.0940199940595039
-0.158676672070243
-0.0806527820724883
-0.0335228871370999
-0.268149297356406
-0.143158091782726
0.0874171418149472
-0.0534086326112073
-0.0371211006434952
-0.098946294718494
-0.0672118712365569
-0.0551282569337017
0.0142791247826905
-0.00410424646185133
-0.068402178659336
-0.110082644474575
-0.0421478002156649
-0.00916578173879556
-0.0996332756439644
-0.107197418612477
0.064809073257982
-0.188029151215927
-0.00455240472858684
-0.00898054322014443
-0.0863173480791131
-0.140369435696044
0.00708617301250049
0.0455900338590014
-0.067460494315642
-0.162564128591831
-0.287563682822727
-0.0726013869813411
0.0590595481761141
0.0132423344645431
-0.0138495906299165
0.0426835349745709
-0.109886146480028
-0.0959771304141288
0.0439738252461886
-0.16108124576349
-0.111735267899318
0.0945820720914542
-0.243950283669246
0.0542341497377077
0.0212644989532026
0.128202858505666
-0.11344115591053
-0.0437990868961781
-0.0686625324961019
0.0859710537831993
0.0154157068157666
0.0292652052681389
-0.180445827730315
-0.125614261850248
-0.039057143413096
-0.0951898612642604
0.0269380262903525
0.0119288276123757
0.0523616483211751
0.0723914942012899
0.0163931003163003
0.0708011838484842
-0.176342836617875
0.0132386761735647
-0.127013722683722
0.0621417694122358
-0.0619025192468537
0.0898023923335086
0.0563230115927392
-0.0123231537898653
-0.0642394318571562
0.101343125668202
0.0459815683805282
-0.0269055109193635
0.041980227479882
0.159528578801599
-0.0579406099689837
0.0610767839173886
-0.00758103659322345
0.0586168531842832
-0.0874843519731004
-0.103540648424911
0.0557353398394169
0.109133528922799
-0.0314927312205142
-0.0910142921610771
0.15046649675655
-0.0119176656037079
0.0759859959147055
0.0290638529596126
0.277337519057731
0.0770548400774284
0.0285486406411024
0.0489623319603755
0.166781288894923
0.0360562404511104
0.0614691927989257
-0.0352188549245547
-0.00690460156211876
0.0556978806021321
0.10202476316651
0.0705987595487529
0.0952566819144878
0.207069499898968
0.0715414283218925
0.00496994255334411
-0.104065110051245
0.0182055889533214
0.146905361730986
0.0597810127248967
-0.0467531495813326
0.165886607854304
0.18935470071126
0.054833622229409
0.105253579019741
0.0818322487605628
0.18572553160303
0.270498167744683
-0.0177040399115071
0.228067550304377
0.155185886256923
-0.0847853627450393
0.138801541799212
0.133570291475724
0.0672463510225556
0.15704096444084
0.233868872946372
0.0941640434460369
0.030064855787274
0.0737794721823647
0.334681388194809
0.262596777340722
0.162063113185956
0.177653673690627
-0.047508152641322
0.254933347701698
0.225320255389423
0.0667452805708087
0.0648102381765319
0.0761938942725024
0.168779691302531
0.186929661595613
0.217285315696
0.0623605735231399
0.112869582107848
0.288423340215348
0.130037403934188
0.230276437795353
0.074532806033144
0.202584331454449
0.277137326995511
0.257139457528435
0.141729936394654
0.277660197520623
0.130077340279081
0.339683726662206
0.154543560883074
0.33190083834057
0.208269954470638
0.0199183467733207
0.155123386089731
0.273904065630893
0.260121740255223
0.36538504817124
0.193935853342657
0.193161959540623
0.353633644106185
0.318727771124967
0.276868959516797
0.153302097930174
0.0883627127625915
0.280692425806508
0.27128808740792
0.0170721937167187
0.239387015759901
0.263980494207209
0.180646298655747
0.305319525386299
0.173122921580758
0.293188141937569
0.127421812156846
0.264219297115478
0.201098100785347
0.381715697349366
0.430998068058418
0.251181191539638
0.105488809906509
0.265134721150389
0.237118224648114
0.323025251897025
0.118953468073833
0.416382890956605
0.280154855756504
0.233418842396808
0.135368816829718
0.291412931235908
0.274245557640322
0.262035340542658
0.161953865491471
0.24717706441642
0.280109863703935
0.34784292430109
0.229192960135667
0.315561227824608
0.410791911187444
0.277577701400304
0.421369459230858
0.448013289771491
0.32743216827252
0.35744115180928
0.328583335984608
0.354721914242961
0.416417555276858
0.236807819783013
0.32013659920153
0.313519845236989
0.353479021232527
0.393019546143862
0.558807051152289
0.433934870546341
0.334610183847305
0.336521013947602
0.283806422126069
0.479493261179876
0.328879562679638
0.388059855034117
0.322872461651537
0.473879423131566
0.235772833564717
0.394438924806622
0.206760652586774
0.252190951122825
0.245409741027308
0.275780926727964
0.442495455975669
0.219833068002628
0.342203522636669
0.307204027166505
0.358701273302408
0.499396921516032
0.444103939094609
0.329783252507912
0.402562780801114
0.426499814823207
0.311518096725735
0.380717109262325
0.317143986962368
0.327104898075292
0.414850819046574
0.430476138513036
0.356769252692576
0.482870780238327
0.484163558769259
0.261100651218726
0.436129320388991
0.518562097295892
0.474866714080015
0.409134213183822
0.353472141529985
0.382789343866314
0.385862669174065
0.384033033859242
0.236366339498528
0.429718511505648
0.549975614837832
0.359057381037336
0.449549216307525
0.595123002369105
0.505971741591908
0.462883117368666
0.321646811110048
0.533428646698652
0.324764030092736
0.417392203157876
0.476744092659714
0.324904046212596
0.467783095997592
0.37004277487709
0.455536349166576
0.372815198198293
0.572457471261271
0.511588162290475
0.358153013127787
0.438101654467314
0.50517845195922
0.453525500417671
0.497609715892868
0.547524401591408
0.373988421797853
0.457560822193605
0.469296955717111
0.604679792425696
0.287971016727589
0.481492532425207
0.409450567200225
0.629632017803758
0.625115657287975
0.402141277497179
0.695163729236007
0.492084040928796
0.547115616384676
0.564159610750333
0.429820398903526
0.475853906110333
0.457856153711579
0.498124410841668
0.484417548089938
0.44909134466973
0.52494367599801
0.41965706174653
0.530943540061304
0.562617527342135
0.404295483852301
0.537304932801816
0.558156722931021
0.509737579835931
0.545982253383837
0.497266982668165
0.490887189134347
0.498908643266667
0.609954637912658
0.561622820442345
0.634543818741558
0.480653740218302
0.434235688367721
0.52924962476326
0.527321688481028
0.525599837653908
0.525870564173084
0.542392206224854
0.510933294783183
0.517179768287617
0.601951320742223
0.573038643116818
0.548887923267692
0.492714668263411
0.587373346156513
0.46745604482829
0.564093331883919
0.498289589156906
0.545487315827176
0.6956498580222
0.517499423485856
0.621211076216824
0.550150220388132
0.531161082207263
0.584569571140999
0.670971592878833
0.498877359109355
0.493935864787298
0.599542913770903
0.624453641960511
0.510706336217481
0.602322772422969
0.513943943043941
0.666176224044734
0.582166903304319
0.608858019415818
0.600741213883385
0.712808648095063
0.57566981329909
0.552883705024552
0.494869158179287
0.71077295177261
0.655781236097397
0.595371135828363
0.669097472314526
0.798504898433729
0.661729215285107
0.616508930846178
0.682633676421197
0.669575643257038
0.511573997036528
0.586023804083409
0.61537983324943
0.722945692881011
0.60857450011592
0.712119889419604
0.64361229468925
0.520750273093181
0.739822876405974
0.707413842873069
0.726002069509204
0.706002732603719
0.562701711734356
0.577257649042153
0.64080171415688
0.800951170257609
0.596027637107885
0.629805324743572
0.685585577024056
0.852935958437133
0.644988298456592
0.70947519152706
0.717769689874734
0.753055691048099
0.622631146538813
0.783116651518106
0.653888649572937
0.831090403203045
0.638036964974846
0.82979522994402
0.695565905693497
0.587764639856742
0.722665913268288
0.669905227188796
0.816812533701713
0.678919483037959
0.757168250537982
0.980124388139668
0.811778343926677
0.579552705228468
0.704682233789615
0.809255024976048
0.638462129086813
0.598799108812003
0.645809565761447
0.896618046757038
0.727951010863534
0.715600252395193
0.64128064425465
0.83434327292688
0.73128044133597
0.698440122149189
0.714713839917042
0.779627261300949
0.71149567352592
0.708793246988106
0.79264477002909
0.651303335808674
0.826792756785855
0.740163620585654
0.963745460481133
0.693974538704848
0.625032467237964
0.797149035754399
0.754591389849552
0.699679681373213
0.844169001189024
0.887326746084204
0.76558900056261
0.583066657360285
0.878898108546378
0.721732404602891
0.76341276414799
0.731283560094651
0.916059708070163
0.70859037373022
0.799551772727654
0.819440795907563
0.738949622156153
0.826053597936918
0.634974857231932
0.913494365160557
0.88360380671577
0.734917726385192
0.728097646708293
0.796216335660501
0.749977565930079
0.658472544221574
0.80048809977644
0.866379132678755
0.800442161537702
0.842583663167062
0.866243904193115
0.885585404649997
0.861893842316825
0.885024296449805
0.837655864531713
0.70866358679599
0.823436277255986
0.881529826437308
0.902350463803309
0.822458406656618
0.899004677328067
0.949413372359035
0.795155702593863
0.832323784802667
0.872632244413177
1.01249723995024
0.775679737502569
0.846687292744764
0.778585217967161
0.822332839195045
0.858035649432052
0.759615826679827
0.825516975920899
0.858022352138306
0.819263757330169
0.717195874983267
0.779005327863673
0.797689806015707
0.807702939321438
0.780674989392382
1.01588100566039
1.01636327518185
0.929630225350982
0.85751807824707
0.751990034650303
1.03508628653208
0.788640853711186
1.00588058619445
0.940442679593511
0.73757757458602
0.965474053316928
0.885645673737819
0.822479789544573
1.12717402575967
0.733245896951429
0.872866467639191
0.881331588246518
0.91981659681457
0.896098777644161
0.893373534657699
0.942815735337444
1.0156064057974
0.932371891989724
0.782285360027478
0.931183772303833
0.824832221000725
0.77373697345968
0.954220992689992
0.879181348517493
1.05811073812084
1.04588471601814
1.03231555205012
0.978979883964504
0.811499292193971
0.911999677551329
0.933966375876221
1.07756517429283
0.772573471177957
0.90522955983427
0.931741944295696
0.894227651718591
0.859776180613127
0.893948905137694
1.05557463004309
0.986839766281587
0.950414015549481
1.04625955255379
1.00648925314682
0.845643892239768
0.959771229573234
1.03319835006833
0.906750428038152
0.942444780550182
0.928149417967686
1.03924423553651
1.07543624822503
1.03341626190548
0.962126574783546
0.943637482133864
1.20851245020367
