-1.01698549500055
-0.904540482466921
-0.970817087892755
-0.913657994579409
-0.998373221096296
-1.09519293654604
-0.968798620477883
-0.809995302081865
-0.923368767153815
-0.934923555568544
-0.999284175099921
-1.03668244595695
-0.985653586074588
-1.05941459174149
-1.07549223942057
-0.977907807402653
-0.995133872876421
-1.17572419821428
-0.995547722332699
-1.00432203371766
-0.995208287455594
-0.950642234656183
-0.843392879316276
-0.94580622715939
-0.824240507169385
-0.936156911767865
-0.895248172131219
-1.04162259936592
-0.948515728277302
-0.741339772769342
-0.912040456651763
-0.854522540769832
-1.17258489203453
-0.870887495005004
-1.08720849765261
-1.04982374956856
-0.836424140176483
-1.07973232956987
-0.938147886269884
-0.80928628825542
-0.96791161882067
-0.885810730579027
-0.685148126615088
-0.737078836847627
-1.04934273684318
-0.852572080435
-0.991012420614516
-0.992550018330212
-1.07998897407794
-0.781440777453579
-1.12270074184506
-0.964214591617639
-0.955177831653488
-0.722227086714109
-0.940918454915792
-0.795440580572451
-1.01814396880031
-1.01512760273806
-0.750635782241712
-0.938072623794808
-0.771416251348305
-0.977352410393386
-0.851542490541911
-0.860667853125406
-0.854294063576925
-0.804167004589406
-0.82215090628063
-0.952949476634442
-0.833197178019906
-0.794275373631062
-0.911415630387792
-0.825874446835017
-0.961424149078591
-0.687291252399616
-0.741111327354042
-0.73042144181563
-0.849419632633568
-0.756086991661129
-0.827588390089918
-0.827277043287858
-0.848869050328172
-0.776508958699234
-0.881621624808653
-0.749054919205283
-0.778408570959549
-0.680104750869812
-0.745729687747252
-1.0017489240117
-0.830904369342046
-1.00555406062922
-0.824873478733058
-0.807680042102722
-0.952074265338615
-0.769856338976432
-0.818468038136239
-0.686108996291116
-0.772725928319023
-0.882520654186675
-0.753163689401828
-0.826381714253049
-0.795170222816306
-0.849135324269149
-0.859936918608032
-0.827585109549112
-0.812575704982219
-0.837635548554016
-0.790335041521415
-0.967100611390688
-0.751624649810201
-0.762433728004064
-0.778041456171791
-0.810626043154654
-0.71701845719115
-0.813967410564379
-0.741510988704377
-0.651076959949108
-0.787465618354074
-0.605149837902198
-0.768931404168076
-0.666672074627457
-0.76426543087463
-0.826110980640406
-0.727404641096541
-0.864071167525222
-0.656355536596561
-0.647932218405821
-0.78944397723251
-0.757194941634852
-0.846569011609008
-0.680976281492593
-0.553578908006465
-0.756829160237074
-0.67040091487796
-0.883156827697409
-0.491442089373139
-0.745743345985296
-0.750107511318097
-0.799633080396727
-0.638901109103116
-0.645428616978098
-0.563351458708963
-0.584260077032575
-0.641450853285679
-0.652043602021876
-0.806803987481179
-0.790329876651373
-0.747418082081727
-0.723658769844531
-0.649346030802226
-0.848009258220015
-0.707410245599154
-0.746357175174928
-0.696495477269647
-0.800315490398465
-0.657124671970323
-0.621466968226221
-0.758145842005508
-0.600493539829863
-0.659446952739381
-0.694698612603971
-0.657011508833837
-0.650214885949578
-0.722871244385472
-0.702528534801172
-0.583397563975806
-0.591885495484536
-0.852000258122768
-0.535423139909453
-0.727248053203775
-0.641275346796559
-0.681474293964033
-0.663391234660137
-0.584748611353471
-0.641513781755334
-0.575820458220749
-0.664686695229226
-0.654538910537277
-0.471509476011995
-0.781834823802533
-0.650583102996595
-0.670106789933858
-0.599955564587005
-0.642540813994477
-0.526375853267885
-0.591719926625468
-0.579518374035987
-0.648839217466731
-0.524990356466438
-0.670720981179951
-0.579611575252805
-0.501470421304346
-0.705739589911239
-0.659220522867137
-0.617206334547311
-0.607358908254256
-0.736934933055543
-0.576137952008144
-0.613986360275278
-0.65712385178514
-0.704347942994754
-0.486020161733978
-0.572234657657102
-0.711739128184189
-0.616685311950763
-0.703639601438488
-0.62534747020907
-0.771982985294543
-0.636703934929993
-0.570495740462269
-0.512962487561562
-0.639411877556461
-0.561490920016552
-0.575183480055485
-0.518277965197435
-0.601161099291991
-0.559213629995503
-0.57801998769772
-0.64046827522346
-0.597104622486517
-0.670262693412578
-0.526790640969761
-0.574281628715953
-0.599242867361326
-0.593933885661261
-0.463437638256425
-0.480262290063262
-0.637526352457737
-0.54220419034973
-0.591033886830321
-0.53064124584061
-0.34935965807379
-0.51714220413664
-0.387967062326006
-0.609090027210301
-0.450279927980837
-0.667397645699116
-0.509656401080301
-0.504286330043844
-0.53631960812404
-0.599621980100509
-0.496245316228576
-0.542405407837357
-0.626293072892602
-0.610328706319418
-0.420365631059129
-0.457535454520016
-0.437753530391808
-0.562494495358057
-0.431265647454404
-0.464195718435705
-0.508382255258859
-0.500620201880907
-0.422219197954864
-0.575737822431536
-0.618167929822004
-0.554265190626866
-0.437084801072771
-0.442061861643257
-0.441543300058363
-0.371825629415299
-0.434202239089643
-0.586506091108898
-0.366817834831035
-0.571358448126662
-0.567821401238772
-0.464850470052603
-0.41287883667206
-0.281350966015456
-0.343404083366866
-0.295008589073199
-0.388754358692939
-0.442886322269615
-0.484688543160189
-0.533702336717603
-0.371011172184073
-0.487492051982041
-0.519420342149808
-0.429779507793823
-0.439026812992673
-0.457886624510265
-0.483707791041635
-0.388150445997211
-0.544241695601571
-0.258749082454583
-0.381402317605581
-0.391913055939186
-0.446662722435802
-0.460801901898779
-0.499850182665751
-0.329615699848562
-0.406569794799397
-0.464547120222448
-0.457404576007595
-0.403836370567127
-0.514048981872619
-0.292407527120036
-0.421783171018852
-0.443303374319864
-0.603026704292037
-0.403701488368294
-0.436632618707311
-0.388356869639172
-0.265396602661031
-0.300992328928281
-0.395065196629033
-0.361954674239674
-0.320406226258593
-0.282329696878952
-0.355193106354038
-0.314676644815839
-0.51221165133982
-0.433111713404738
-0.138371709060253
-0.51957168141066
-0.314527213975726
-0.363097440832427
-0.393266492098783
-0.418197618360921
-0.430873108192089
-0.38187576274848
-0.351345857229226
-0.34889614713022
-0.255472921830694
-0.345544523504005
-0.351583582521968
-0.290129430775024
-0.1032788498549
-0.289011923544973
-0.365395309716192
-0.14963494879984
-0.509925879759054
-0.409202436113826
-0.302633174302273
-0.285065044710554
-0.289910335505125
-0.219766760929793
-0.417919251221831
-0.304805213056616
-0.34562155834839
-0.34415307142008
-0.295741144459424
-0.232770879228771
-0.289995168749084
-0.432125117926842
-0.225272815937308
-0.192169810167367
-0.227928401341053
-0.18685713303114
-0.330975610561596
-0.289868154153664
-0.19265470401714
-0.382315713240192
-0.204050068466642
-0.341111058927337
-0.312322664853047
-0.28454571852154
-0.250967472606494
-0.297071320266816
-0.23676779214635
-0.335031983202509
-0.40851866115507
-0.340600107261453
-0.341039416534624
-0.18777552528842
-0.195543159358659
-0.187027005535931
-0.352335041113363
-0.270398266790904
-0.224803141249929
-0.153032071511355
-0.304739656087331
-0.233620581037006
-0.448406799968991
-0.190347272256411
-0.308361503513279
-0.307286359393973
-0.205792528471196
-0.284312324585827
-0.226487325163005
-0.25959617405189
-0.346319876462226
-0.268645607954058
-0.259270392631855
-0.348294010559003
-0.271903309992242
-0.268014209765541
-0.387918298522188
-0.19997620696859
-0.081699185160489
-0.227668423143246
-0.162522863365945
-0.297316093870984
-0.0747309801379216
-0.153107625439835
-0.291439779798805
-0.322115393624422
-0.125716534285308
-0.230272644401645
-0.397659522345744
-0.141921423742076
-0.189223880858651
-0.216904007191747
-0.215180118537607
-0.259120415835187
-0.298332485029855
-0.116577245584484
-0.0558713891402805
-0.311762231735147
-0.131076288367712
-0.151996109174016
-0.13099205946912
-0.232686001306292
-0.172701263233483
-0.246297062231732
-0.251335393875605
-0.0586232718798232
-0.21382516000368
-0.31848110685098
-0.196212164518616
-0.14554390449868
-0.0363832008678904
-0.224182297983733
-0.205298496830386
-0.182457529296682
-0.26611700184371
-0.185364304901595
-0.209624957540546
-0.189770574334918
-0.136744552939185
-0.0749798880383632
-0.144321314929945
-0.12842756807227
-0.240701994732414
-0.0903304745476213
-0.0469483331330593
-0.156198890889821
-0.119670803855876
-0.362783738340363
-0.0785637851621847
-0.175434097341492
-0.039687008658601
-0.151631771309173
0.0356926422536794
-0.10855454102826
-0.0418640797495642
-0.135651541236658
-0.113826492920424
-0.167717048122239
-0.0892897970042118
-0.0430309627317507
-0.260137252928779
-0.15594253074819
0.0850273571678164
-0.0642924466254525
-0.0200465488517105
-0.0999353150208661
-0.0714371604928181
-0.0491000964765471
0.00942339944650933
0.0171621334083774
-0.0723710245984112
-0.105931539427114
-0.0402653651636172
-2.94286000486565e-05
-0.0896900848453904
-0.122165089437976
0.0692493381200628
-0.16121573375537
-0.0273777363781905
-0.0134508854208882
-0.0798363247068466
-0.138150121810288
0.0167736389612363
0.0490830124323215
-0.0633128322035642
-0.167702013507271
-0.304888774410758
-0.0550264373101575
0.0532970397494112
0.0224482879231948
-0.0182011579192639
0.0335633103481691
-0.12908260171232
-0.078210485775719
0.0469273591113201
-0.13891412836044
-0.119457459138071
0.0894487522219207
-0.24686326677115
0.0614866894086019
0.0155312991833196
0.113157730094632
-0.0870138908873861
-0.0692622471483612
-0.0705512139434867
0.0723009254922369
0.00084547351509645
0.0347470300921243
-0.205625692375905
-0.103314055250053
-0.0435210759367615
-0.0912898362150449
0.0410812784893837
0.0205220071467175
0.0742208901170357
0.0664854831104278
-0.0131518899387264
0.0942199093296577
-0.193205703909401
0.0390326795873961
-0.129532935555458
0.0703721717316087
-0.0614041598358287
0.0747312559700433
0.027188271114972
-0.0348663544484128
-0.0712668143398486
0.106846220676368
0.0317780266241838
-0.0366487166257065
0.0439496585335159
0.153690395189416
-0.0805150122161024
0.0604316054077008
-0.00843840887457685
0.0750689088481363
-0.0612585807698273
-0.101550269358109
0.0755221457779753
0.0807386880172684
-0.0281211288771243
-0.0591639479206016
0.156476376862964
-0.0185647637869219
0.0905562904414613
0.0170527091280335
0.267085059707838
0.0670667937139932
0.0457736869104708
0.0336458595171025
0.165013517044789
0.033168742641992
0.0459363149410468
-0.0328699995263807
0.0208975946361491
0.0500156759477739
0.0740831450704323
0.0822640090267604
0.0760536327826102
0.209851701601226
0.0860507874324245
-0.0087302899393963
-0.0751567413639757
0.0238527396765726
0.145656440562674
0.0635379360193898
-0.0367575177553578
0.17632765494288
0.204777692601742
0.0555768853544252
0.0993104269577549
0.058989422157355
0.190685893733624
0.270011682370524
-0.0274039820953641
0.232688780450507
0.175053382768776
-0.100390310486128
0.147648374682897
0.136041667809223
0.0762593205754333
0.145491457627564
0.216448986302969
0.0775005133805585
0.0400125027143305
0.0949154772756149
0.326138600553519
0.262893219447856
0.152847683052004
0.183860269015524
-0.0348969622051295
0.243687593717305
0.22091351300635
0.070760776074463
0.0885416190894473
0.0665264554644079
0.177877239270575
0.197655745583972
0.215013488890563
0.0515133752379158
0.125329464605508
0.293880350889287
0.134500467471559
0.231342249447878
0.0741061211308023
0.209708135266798
0.287015121968531
0.258351924346675
0.172479528629704
0.287074175548232
0.113673772990903
0.333604025188103
0.18556174255662
0.338458652258445
0.190564048599374
0.0150970579238916
0.174972993456502
0.300812439782571
0.27464322243774
0.37051535100252
0.182847722040889
0.191766882227384
0.355360084025737
0.32861405266175
0.288536929931078
0.159542396417427
0.0992576420390691
0.276857325083978
0.267827517051277
0.0104376660451914
0.243810979017606
0.256891631507369
0.180383593732223
0.298452280880925
0.175508402716687
0.285791077575351
0.108429841793926
0.283529815252427
0.191548186237472
0.387271357688306
0.404011374500448
0.245279524534796
0.104014195311231
0.261809902007121
0.258091315129813
0.338292191982674
0.110896598475431
0.401782404458641
0.277724677899978
0.24296680975173
0.159512411649282
0.31851159877605
0.271223450620626
0.283318295286011
0.145953345492879
0.244545444404116
0.269304063516026
0.351353769679117
0.236042725194671
0.317658873141405
0.379066702142069
0.272954420861074
0.414796181046637
0.449314226588998
0.335558920164744
0.363313582808752
0.307892488379727
0.349562370128941
0.40355474651423
0.247311215185342
0.317052399504799
0.309469321772298
0.353647925432323
0.381391268171937
0.551932613739526
0.412923336990937
0.333255325770661
0.327351618533971
0.292167189477687
0.485333004463184
0.314737714089194
0.401470640510546
0.324921319013137
0.465949477610419
0.221382779594807
0.402725855857597
0.218952481184332
0.243200644180184
0.256854872648566
0.27666089087365
0.422510052194667
0.233023354020481
0.335605501702738
0.305025663185361
0.355286078252476
0.47214525825875
0.439137746647425
0.346909411205177
0.381162731130525
0.408332815115633
0.285753720932782
0.362509873647027
0.31211563856024
0.313429680508727
0.423953066957465
0.437749209324978
0.346053451816222
0.493504797513384
0.490800469027485
0.244441630098494
0.443575085605462
0.524962909436233
0.463516463280409
0.405228873577684
0.360291422967012
0.396177386697351
0.387812197183052
0.40710691070396
0.253260661308221
0.413024924987674
0.546802376863177
0.350930476074319
0.460193052759162
0.586228523976339
0.507733603257795
0.449626405842991
0.351416620941455
0.542446329112026
0.34941868885986
0.41738678746341
0.468425548749918
0.324667805786794
0.485167649924835
0.363644120764999
0.443435633532443
0.369873537844242
0.561519473656083
0.521483449822517
0.366579825889361
0.452331001614999
0.489633827824086
0.462993474036086
0.49184128119497
0.548724810892747
0.393295041288738
0.456742035964148
0.475919675163553
0.592506420588436
0.290504803853322
0.483871288849858
0.419652676085698
0.627350162648449
0.606883776114281
0.403122686649142
0.711583638748753
0.481518775352829
0.549123450540939
0.587448612277978
0.425212560326152
0.467096924618933
0.451406052542272
0.484232745097816
0.500972995333689
0.460244817090238
0.542895979341666
0.417575080126915
0.544755926340544
0.567546765983864
0.41161219883856
0.531613963573681
0.570223345726697
0.492638550160313
0.541649092464091
0.477472503148112
0.496876463504915
0.510228138599168
0.611065028238747
0.564626301566676
0.639927880923505
0.483101224408225
0.4325113950051
0.529738237839792
0.547418931117158
0.526571049081
0.507021645015981
0.547315596223402
0.512028111313496
0.514993904563829
0.609092927467328
0.564443301267365
0.530942695886635
0.485388216708396
0.572983756531874
0.473670810001781
0.566925236084992
0.492607592529561
0.552926492677072
0.701009484412778
0.522626527185354
0.63098845839417
0.534622631664217
0.533122373033459
0.584862425647574
0.687202936278267
0.497160154725088
0.499309911184634
0.59266022528724
0.64030351938191
0.491961407474133
0.59378105163401
0.527718926182524
0.671486809910437
0.599363726001777
0.60267295992064
0.57818905514233
0.717064107580374
0.578128649434738
0.53202815246856
0.483914145128958
0.708843376676093
0.669604080675772
0.578124611287165
0.671719798186055
0.782138528685526
0.665876054396192
0.618467531464935
0.659656512143625
0.658906038710104
0.515357360777631
0.566262371420486
0.608773907564402
0.709023605058881
0.583089170642125
0.712128614622218
0.625002420199155
0.511183316529044
0.757323148596389
0.709739534165209
0.714117539706986
0.72594030007545
0.56906734744932
0.587791812079372
0.633537371158719
0.795528859277082
0.576669479042891
0.638916329070233
0.683393439244563
0.864229476952234
0.673142028306866
0.711666452163719
0.71685260137009
0.747598639272428
0.636049393260523
0.777652619223685
0.659261696553619
0.828191950523077
0.657891889008783
0.830529245455254
0.673399473693501
0.610298631970755
0.718050560913156
0.669752370865447
0.810995904682479
0.664127854280832
0.763856080286667
0.990753203543813
0.834241289193332
0.584076162275931
0.682776602323555
0.780492066932412
0.643595863328325
0.629690655489474
0.654921293204724
0.897398808908949
0.745146355367102
0.720275001211488
0.611563838907567
0.806911404234924
0.738670070114739
0.689219035802381
0.721281867615905
0.79484671019227
0.716161561363379
0.711480641427058
0.796642117539711
0.638286560610172
0.828716622018214
0.75512018952854
0.963474883653589
0.727558165374541
0.632022267290754
0.791279494141106
0.733121670992526
0.705352600395873
0.858683794717086
0.884059566678944
0.759519297646183
0.572319323307467
0.861189787826407
0.720008605565612
0.767530515736664
0.741500403595189
0.873762315017188
0.705018994969204
0.816850103284381
0.821751547855732
0.730061456998015
0.823837052466314
0.637051453076225
0.885005909186093
0.871241576847191
0.723534457312675
0.750986936571167
0.791356934351309
0.735766876025869
0.661054575572486
0.805118599572239
0.861137644993566
0.795206644986825
0.845128752770209
0.870757727333824
0.876143692865067
0.847669519917902
0.876135942501668
0.812108157054511
0.693325326709518
0.791657042656851
0.887001474112926
0.892253893251322
0.823136269765722
0.892406951449258
0.957751944466253
0.80167366178781
0.841070172869615
0.874139371036073
0.996488213935117
0.799071128575975
0.83599070435123
0.815924712279146
0.837954706828062
0.848691717004025
0.747977853584687
0.829609739269878
0.854474481061949
0.818474935237348
0.703964004735479
0.773190751444787
0.824387278470547
0.806210751878455
0.801621026404454
1.01560121800921
1.02468427346774
0.924230946252448
0.847770398135196
0.77476200198472
1.01990690616868
0.812512206340608
0.98495345626033
0.951446592506746
0.762157556689005
0.961064034198058
0.869799629632446
0.821563878231615
1.13007244157627
0.735041981940623
0.875327597081088
0.886761437136755
0.932360277448876
0.917677682480004
0.867734120168329
0.962302938436277
1.03393255088246
0.921153094101656
0.78568997372893
0.929967454744778
0.846985142483907
0.77198754142941
0.985449483265094
0.858126630888911
1.08408236214903
1.0299750144631
1.03587112025328
0.96888433317973
0.803955021577861
0.901935412005817
0.933954108324236
1.0626576908686
0.761888273987084
0.896645429588571
0.922659128789119
0.899450314944447
0.890191908240259
0.899275749941225
1.06639304956256
0.991401981448429
0.918519471272962
1.03604952707771
0.989399261905365
0.859088426879059
0.938072309469965
1.0260863350683
0.895640096258686
0.964238190598916
0.916979712787517
1.0384654129389
1.0768226256804
1.03091696330499
0.965148691820307
0.94123243897109
1.22316503651487
