-1.06698192003651
-1.04506925994543
-0.838153914858377
-0.928687682032024
-1.24338342316105
-1.00689716086126
-1.05360687152897
-1.11289141851056
-1.16382976412881
-1.03684586141217
-1.15563119533525
-0.874590312159709
-0.99666538213208
-0.881888138995186
-0.99362063654441
-1.02907778485089
-1.0607715417817
-1.10683861230746
-0.910680338096105
-1.02692745600411
-1.10424239536628
-0.929152899323867
-0.801797908218714
-0.915667260009758
-0.915492675025053
-0.963465954853005
-0.915297960546624
-0.955402232522849
-0.959124034762405
-0.829645278306326
-0.845631012115375
-1.11327555991611
-0.846914305311508
-0.819981329703799
-0.866375155447403
-1.01399339428243
-0.781156166380563
-1.08663258170423
-0.903459644199435
-0.74699076051046
-0.839476681109713
-0.83134517372429
-0.905580743173974
-0.793254973114432
-0.819584463409089
-0.970925034656861
-0.816964525012889
-0.886868291812252
-0.856748514955185
-0.858166278460922
-0.918787609219705
-0.937995564062384
-0.944398413698639
-0.935869491600214
-0.870559454429504
-0.940917695747061
-0.898959940968538
-0.884207106021554
-0.928997177272193
-1.00556461513586
-0.993464224974543
-0.823559724721818
-0.822058608466717
-0.887978471440084
-0.884033971125073
-0.788668687487078
-0.832587691514619
-0.841119554412687
-0.818558936260081
-0.842401435034356
-0.907212602893343
-0.93065790855035
-0.718783562258712
-0.76597824793651
-0.861911180655575
-0.850297627382225
-0.762910656141545
-0.943812035498669
-0.83597843492939
-0.814090755285994
-0.846509487872497
-0.908119590570977
-0.811109218387283
-0.859717258485527
-0.797882331868598
-0.763977324770017
-0.782241377167646
-0.95388952638017
-0.951148192928259
-0.881024258819465
-0.787366615320502
-0.884482837559264
-0.890490894873926
-0.772359585107521
-0.901596291834038
-0.887436193400456
-0.799292592772696
-0.928882145841391
-0.75939513880438
-0.749148905385499
-0.674314887752207
-0.966334075831178
-0.568904284987239
-0.79817619304937
-0.820537378439788
-0.761900997273461
-0.636560168581661
-0.735859280348707
-0.686917312734965
-0.580728197283612
-0.816690813479774
-0.702199508331628
-0.732503734270499
-0.743156008005586
-0.82336437375556
-0.674477332048192
-0.762444623178335
-0.729053864474695
-0.796768392948252
-0.682404261592731
-0.707992804965179
-0.722523569717246
-0.773908975897427
-0.851494323048174
-0.571307161412782
-0.859344148589806
-0.79566905460525
-0.731659278530598
-0.759773989040592
-0.896806029639811
-0.769875558760881
-0.711174127223139
-0.774075660780479
-0.632713842076583
-0.638983897418449
-0.622650426536203
-0.74675360696689
-0.719947316360127
-0.616665325116589
-0.641182068085782
-0.666351450398463
-0.602288342743039
-0.807741858730201
-0.753946491986247
-0.800093726950237
-0.642879714824419
-0.525087826521612
-0.635003374633617
-0.703329301631772
-0.660800288423082
-0.61801475773616
-0.717853957296505
-0.68018331575338
-0.703372366674848
-0.659043887927957
-0.717766268921445
-0.76620003938881
-0.715643550974778
-0.680288598663136
-0.737434379101348
-0.695449613088719
-0.833636155104694
-0.70287583985477
-0.652552987216364
-0.626772357670532
-0.590831809891884
-0.521478697079471
-0.673265966204378
-0.641785207051113
-0.707930202218269
-0.741353839081609
-0.776320029483898
-0.685910648363664
-0.771435639997017
-0.754122574342653
-0.494373306757942
-0.622319732095407
-0.659646867038588
-0.710300291941042
-0.663953245490148
-0.622927127670362
-0.714153126693084
-0.673311800505826
-0.622219220615732
-0.516298222255971
-0.61184006348367
-0.721675219624923
-0.697400465665942
-0.582611082221451
-0.716981728323727
-0.759975229998429
-0.624763460118368
-0.579230946045944
-0.581714368532817
-0.662474080144194
-0.630623940035879
-0.652548982323138
-0.318503352621104
-0.642667744891724
-0.661880699392796
-0.528384896086398
-0.582237050143406
-0.654981923786272
-0.517238006323975
-0.690017590528056
-0.630162327795588
-0.767983862910357
-0.66962280118307
-0.600184503291016
-0.527650036091558
-0.591439315852209
-0.508604716196723
-0.399177973140839
-0.505626550734044
-0.521324060934621
-0.547201303009758
-0.717292778291491
-0.633351298491367
-0.49882334015199
-0.589617059532475
-0.509324666568959
-0.541565246771669
-0.602017206044866
-0.483709787063229
-0.616750070355176
-0.63147164853777
-0.591697584423696
-0.489365014656184
-0.512729802791295
-0.594622183454041
-0.521087440291612
-0.511983895871651
-0.517184047991229
-0.557775221714114
-0.533445817783575
-0.431890431796704
-0.439208861154292
-0.532881609151727
-0.565516055257516
-0.624662634340151
-0.484072425463829
-0.409048502842763
-0.537269379718816
-0.309726802277318
-0.549663411375279
-0.580517957202789
-0.532543509347314
-0.580979893044835
-0.332936443758363
-0.546111198507484
-0.438664087374878
-0.492631569426763
-0.517276439466795
-0.488321668703142
-0.371727367957691
-0.45480018984619
-0.501719210105112
-0.372647080200003
-0.585715490183395
-0.446238915142052
-0.407686182612244
-0.433452341839908
-0.554165287046856
-0.431863529075579
-0.534029370956684
-0.538929552959509
-0.536502259128049
-0.480758998757691
-0.46583357328117
-0.582415987491866
-0.509227348341521
-0.464615946785236
-0.461413101772927
-0.443488693647038
-0.473756853291483
-0.66773296246347
-0.572599410127031
-0.217865762257935
-0.537766546807151
-0.347764865659272
-0.421499423118325
-0.516581192270204
-0.457009914099139
-0.369473252305133
-0.362991200913759
-0.421220230432699
-0.532358785472678
-0.462722112227969
-0.36542459567999
-0.349993288021775
-0.433559476212014
-0.288876736491931
-0.403052553287348
-0.502419169667377
-0.455138453097704
-0.478670009789994
-0.496421999424206
-0.271537146221703
-0.41938341187534
-0.376235481078105
-0.417087571304406
-0.398033393542315
-0.433220395089129
-0.384933049294165
-0.508488465818211
-0.547679465391322
-0.489613300298492
-0.365117111172487
-0.385597543934931
-0.393821815316075
-0.425612397568878
-0.283269698823145
-0.468104958381177
-0.301558648427281
-0.276215940501287
-0.545403946361202
-0.29658797474261
-0.395226856274133
-0.321866511361914
-0.275061354802862
-0.372058778790159
-0.48971371973976
-0.304836898250902
-0.342188356120156
-0.213340900745434
-0.288560215480673
-0.372062394823045
-0.381654133067119
-0.409930038806322
-0.577836520291427
-0.195007689459501
-0.25739752114955
-0.155603736693534
-0.240496769702846
-0.370086999780752
-0.38686262536559
-0.184096758333572
-0.438628347666891
-0.303908407898869
-0.28651346521678
-0.383342096757982
-0.396931545794072
-0.321683503520536
-0.377389361315422
-0.217422552121393
-0.274600759939449
-0.205638106207847
-0.338742408009501
-0.336032931567102
-0.228919866073362
-0.28495060460473
-0.305460102414156
-0.32430407869379
-0.409749125445868
-0.230963448507062
-0.112684012469649
-0.107053371483398
-0.138137369776006
-0.211888489009501
-0.490446244422351
-0.212983561076206
-0.432630229909071
-0.297879021160892
-0.326486874119012
-0.240702000240003
-0.288602332495617
-0.290699174236631
-0.418427319482538
-0.220683919279102
-0.326662037267388
-0.223703454429809
-0.425272879949403
-0.280900548347525
-0.240472841201051
-0.305885009253646
-0.276981767151368
-0.42577150493386
-0.109088404659715
-0.102800186598917
-0.216907321104285
-0.185984970149918
-0.161341948662434
-0.386302499218654
-0.313167531688539
-0.286860163802134
-0.220608564226364
-0.184261012922678
-0.273928688338653
-0.222193798102498
-0.179001149532144
-0.312868499643413
-0.0355806201887257
-0.274553730360998
-0.184554660960648
-0.210981222367169
-0.0863826836512565
0.0353655390732783
-0.324944911633506
-0.205155490599986
-0.172230528479973
-0.219723757508676
-0.216617445028042
-0.0669801688811986
-0.158677190371156
-0.329510717047323
-0.202123272881663
-0.237731675319505
-0.129587555810083
-0.266750371720541
-0.228263916634986
-0.260184328205169
-0.106319573088962
-0.112220520422899
-0.182052688257343
-0.183236038993294
-0.163169178675116
-0.0889196576916512
-0.159318810332194
-0.210487097317601
-0.0992369744574274
-0.296328053965443
-0.179818493923366
-0.146543819990262
-0.0507262694028962
-0.116624210884508
-0.314202432517215
-0.0993049279553186
-0.138878414406856
-0.164283483340985
-0.0151617329385758
-0.0621357351348006
-0.178809501949873
-0.15954093352442
-0.204455238856851
-0.123739508876898
-0.268027473867593
-0.201551533606407
-0.171248979875004
-0.103252358175627
-0.17863897757137
0.00383603839876482
-0.180825901710114
-0.0561356548767297
-0.122980516740711
-0.160076082007692
-0.0539550068629304
-0.1569873489464
0.0417463146201479
-0.027153200946888
-0.149531545299568
-0.225363220889908
-0.0767995852788692
0.0215554606937645
-0.067750113962779
-0.00697322379838167
-0.114849432453681
-0.0522479521692145
-0.0291809613094951
-0.0240230490869958
-0.116874483729291
-0.0351181272394561
-0.171611817890734
-0.0109491104887823
-0.0894571302984417
-0.0883445031293877
-0.071285061965533
-0.0847444337897853
-0.143457878583311
-0.122672905236169
-0.056412600797667
0.0306871947014651
0.0205059611524488
-0.0106545177464059
-0.0497256693154224
0.0676064424348469
-0.0284332262751775
-0.132012269318289
-0.0153876205858181
-0.0751200251488432
-0.0315301901590825
-0.091681519267115
-0.0386816098756702
0.0335877819547679
-0.0762872827058716
-0.0539174602444959
0.0494680801271791
-0.0552959009466758
0.0841326212587337
-0.00497656751628934
0.00272721472012711
-0.137205031323471
-0.103983470048519
0.018659408132693
-0.0841808146829995
0.0367472390257431
0.116158707970692
-0.0812565261690549
-0.209343458089858
-0.0930334733339639
0.00422568358862188
0.0523764061913322
0.0365067816322237
0.0944888215218246
0.103741636870118
-0.0256131831577262
0.0221018591394573
-0.0527030909652238
-0.00133246264713926
0.10348845964965
-0.0393144800563198
-0.0541115941220352
0.06054687906916
0.0407386762757956
0.0360563954613758
0.0847634498362041
0.0498716774606545
-0.142021024509017
-0.00362141197357455
-0.0318299726788747
0.0625230579968623
0.0244369901315396
0.0995211327037664
-0.00502230097984865
-0.0646783195133129
-0.00738368355961747
0.00956012661343814
0.00407142734425395
0.0843055104637091
0.10865651278132
-0.000887214608176617
0.129042373002797
-0.0613182144837322
0.0266220920174636
0.147667442955932
0.16049103722258
0.0837355395198794
0.134879766775491
-0.0450490090852197
0.113290569305403
0.000380602961659105
0.139104621004006
0.074353567657891
0.0363237358187004
0.0916532235953495
-0.0651498258824176
0.0440309256369538
-0.0118492153456962
0.182536010765849
-0.0153126449004755
-0.016935197242457
-0.00176013683437523
0.0219824672684053
0.173396578641522
0.169166129575616
0.115238679336395
0.0683231569454233
0.211056226744543
0.0897442554531929
0.129911614435856
0.122060767616614
0.119669686504304
0.139753173932743
0.176070294554204
0.185875277577465
0.151264428164983
0.313037843566996
0.0972165393962276
0.15916249594894
-0.0626584917106764
0.0260178354506251
0.247250369231779
0.12555019591016
0.292036939542237
0.158376688023143
0.0311244977454039
0.153234742430107
0.10992230942429
0.139810820529242
0.233582042011236
0.20789289765822
0.0660792265086159
0.0623290899368672
0.129026084544457
0.281888954435051
0.0635132766098692
0.101111462086719
0.132187702926586
0.253342945106477
0.223297874101026
0.285569257678027
0.0796007238257084
0.353526470997345
0.281703662247733
0.0993962949228642
0.178011027153102
0.221923479012843
0.193958538264194
0.0975807730362118
0.214733937806483
0.122133936420254
0.206095060358947
0.112848203259114
0.191365623826194
0.0812137677010275
0.306755641076275
0.334926521217525
0.230354405154966
0.300514361582874
0.34191094992173
0.148611648753168
0.281905107967989
0.212080800957042
0.306421298727931
0.333854472812317
0.210215537101354
0.174258559973257
0.092723341367113
0.305148158685663
0.222484952990207
0.27799126863554
0.212617953958009
0.198559297414629
0.259574740735325
0.153783992926018
0.112997174629107
0.294191746905043
0.273951406374552
0.299794401660172
0.405685947198773
0.269343961561866
0.319263323195974
0.233557240633933
0.256931136363192
0.247703776764484
0.303172319012419
0.305219025773414
0.358534948507693
0.314618328702649
0.387099194712864
0.151394280369105
0.320911698476961
0.337681516957655
0.270269188685358
0.31898066373305
0.217771642950443
0.306492310537622
0.325447034690091
0.282638721360526
0.349468588425973
0.251165043362453
0.278729814344552
0.309319850513896
0.3708035116371
0.396754713908005
0.2822678138301
0.253091684120788
0.353036965729637
0.323523877486653
0.264587136353395
0.301396542393751
0.352476619266355
0.198486467892864
0.329499918071538
0.334914043679495
0.376351336221601
0.449298008852272
0.349438598371891
0.371869101739759
0.28804585841213
0.276135657495716
0.245610555792616
0.411989917025609
0.326323778356678
0.204535893127333
0.349782105794198
0.364958336325531
0.259889057512571
0.404738411487992
0.407066991659451
0.335556469661789
0.268477560240857
0.392247319189336
0.457178496265298
0.330379695069346
0.228536632037044
0.311760292289901
0.344142830719936
0.334807872087935
0.479591281439254
0.519021580334629
0.263090543924057
0.377914057453936
0.209618900804104
0.497188273049138
0.360684745000599
0.301221018616949
0.397693262638355
0.409316314721275
0.365451113900272
0.526684189633486
0.307777611927751
0.505552951544167
0.430924373657531
0.368247485901124
0.480100645552973
0.502466403735892
0.214804417438468
0.39364018635663
0.449398151127058
0.443473994288775
0.435935553174485
0.61028558157309
0.363062220035628
0.419129349864203
0.426839483441343
0.37574621917443
0.454174304261842
0.42553455452758
0.361320573402031
0.390955409904022
0.243230916754719
0.483676995528055
0.405212235317777
0.404849704460271
0.415353348331213
0.386463935479535
0.554798053352352
0.344430564765219
0.323444356785496
0.371382368069555
0.334256639961861
0.448202887287644
0.359374747918983
0.271596945259509
0.445347288673188
0.499362509309928
0.383281520286863
0.532617517199504
0.512996847403802
0.543784746626035
0.494767750770584
0.451255853526627
0.64124207920299
0.360385202510588
0.563246216235378
0.550530250144781
0.44420645407311
0.45944289329168
0.454589155967064
0.572018701736453
0.46782490642496
0.597470762308715
0.455900732613708
0.584313982579119
0.544187357612054
0.550413721631517
0.508333528272839
0.606230301950944
0.647820692342146
0.591856028568202
0.479512978174792
0.503923755831648
0.524330745800935
0.417983802720337
0.62740696322037
0.600007096767694
0.707398570742921
0.585001437503762
0.486423133384109
0.487626181521687
0.642878456997941
0.510880834442146
0.395850993207045
0.590804672171016
0.544423867597745
0.60075863852099
0.489217588909338
0.617558340523999
0.714198027673604
0.511067561681481
0.57689435895202
0.429091330415706
0.496673542121346
0.704580965595956
0.66078065092874
0.668149140127965
0.578285479212951
0.674400194128452
0.591949690946843
0.75957718648656
0.577027849805407
0.446326313912611
0.463059188771576
0.553577984032626
0.457240136148202
0.669733857333343
0.543919034561325
0.430740223113131
0.673891454928328
0.45550593303957
0.597100859988182
0.503620992439435
0.594136269896904
0.613409670164528
0.484863615571071
0.754166392877468
0.560068809809444
0.621254544914695
0.718886768832143
0.615157068834334
0.571254743581419
0.608712967602968
0.564745679021963
0.652515819099605
0.541297911046364
0.604711543591167
0.706900377115785
0.546463076273736
0.675641964341848
0.542423714991551
0.688978156343516
0.650626001136849
0.723907196135617
0.709801377180355
0.76583744919629
0.680242103675366
0.659435231637301
0.73251563490786
0.683821990615216
0.744788845347887
0.652385135043083
0.775138781052616
0.642829549837173
0.703258619557302
0.700244820477733
0.696602411956152
0.856536318109836
0.759402228358846
0.700701382183467
0.611998349085816
0.699121101662252
0.607671313328353
0.655468916384636
0.673701999115549
0.656842698189407
0.723539652414426
0.721583132845751
0.562364079978476
0.708577959548853
0.63762870328809
0.738702534307885
0.810047731554931
0.611118663171405
0.811158892191357
0.73259991131372
0.874191820997198
0.676791402493031
0.717774855985867
0.580395906502111
0.737418950397206
0.684393304617747
0.829067441299784
0.665858773196281
0.730934220763613
0.784580012172291
0.797814157879555
0.684477686028919
0.73494115118705
0.830938820150234
0.687625801009041
0.772207026100916
0.75400027852438
0.714243164793858
0.819825752692608
0.713730194216119
0.839716079290687
0.721486912861626
0.776103437340721
0.637099449338646
0.67756527354339
0.693133074390143
0.808608226058628
0.847173593466392
0.855356711013238
0.699136385883251
0.75950567826603
0.714300984251966
0.85422438171598
0.684897586467283
0.780319042613741
0.77287589733419
0.693823129210503
0.743896458315489
0.706653024932882
0.619992803782706
0.915248678911031
0.650292200261662
0.753933060720066
0.832816708007151
0.720909170438777
0.741043146166121
0.708222469451053
0.780198002969849
0.721462399970519
0.911329936984797
0.907920954104522
0.728490687352197
0.925273719721116
0.880064720355661
0.963254380613568
1.02531857556413
0.807993999908686
0.784497060978568
0.767250717828691
0.845080050769749
0.824702403037838
0.839579295590946
0.807445151708127
0.98958736512859
0.784585937047414
0.797299558642136
0.795169558175512
0.903096935836773
0.828702867124816
0.868297641945941
0.817439231501511
0.920618538196398
0.877896926034103
0.833228492520304
0.804019904416123
0.791291730591651
0.797978090537441
0.828142634715335
0.80023303382941
0.830995146741503
0.917068367213633
0.939345030367203
1.01312339574461
0.787677634803747
1.02565121077001
0.724087383567848
0.972327376270494
0.983837774683771
0.923236194166739
0.995132670426063
1.02222723336611
0.886356280759145
0.858947473426242
0.993844037498922
0.892992754774049
0.916023502000483
1.04739259208469
0.97631876366805
0.915582651973058
0.875215284396315
1.11918139033585
0.930720920552218
0.977992704956206
0.941016179911561
0.93498514859503
0.927025919227547
0.952588536822125
0.890058316974958
1.00137981717738
0.85419245144156
0.915816795557801
0.937519613724156
0.922862591245259
0.888097187128294
0.877164419142974
0.776810230397421
0.818464387785623
0.917936997339544
0.992598506957828
0.946273744713688
1.05362228521129
0.954214501412867
1.03477425902393
0.937782947052471
0.97095273664059
1.00473205487133
1.01425195309268
0.995851273017421
0.909544757351317
0.939722434468216
0.948967301802194
0.962693625162652
0.900696402684241
1.04534600790352
1.09787499065789
0.856707274184138
0.925327576233008
0.974295982038319
0.926483602805071
1.06030811846251
0.934316763571687
0.966638492059125
1.12113346236835
0.945877241753548
1.15233085241545
