-1.03388357102793
-0.905204908505716
-0.97417860488339
-0.940327437814485
-1.01709369505949
-1.09384450742576
-0.988299865733945
-0.815910094961009
-0.904169876547003
-0.960295677670693
-0.976824804447956
-1.05118807805776
-0.996342652295872
-1.04570434641179
-1.06138645107575
-0.985133661464571
-0.993453220987275
-1.16746080449238
-0.99178780225271
-1.0011298402751
-0.988676625750762
-0.944964826328286
-0.857803523755612
-0.948860559526776
-0.829516445260837
-0.94381558417905
-0.87488407411828
-1.04859453241622
-0.947483254684162
-0.774494201868456
-0.887481472256447
-0.857116526263078
-1.16514183956712
-0.863892391956729
-1.07079956331508
-1.04691218001182
-0.837940571522588
-1.06059358213304
-0.940208330337674
-0.812542078137942
-0.967346848835066
-0.875770905998897
-0.698506375282148
-0.746096032367984
-1.03741814716184
-0.850978014447559
-0.977623654337646
-0.993968943992007
-1.07329305152605
-0.7846461920203
-1.12453324153245
-0.984755066820923
-0.954598702643631
-0.728870938464458
-0.921264043037443
-0.803907261104109
-1.02736887828765
-0.989237110804396
-0.771856199696144
-0.922030561511133
-0.805889706266205
-0.976890804444553
-0.857327739280541
-0.852657763599568
-0.862284557282144
-0.824992306002363
-0.807685334815228
-0.950211711304203
-0.825248335916685
-0.807453112599607
-0.917723723985355
-0.820479754463141
-0.938503891877046
-0.689600487724207
-0.760020238153973
-0.712183270547973
-0.828889715684782
-0.741780391824254
-0.834947996097271
-0.81013751063647
-0.840017529195045
-0.771520716643367
-0.895606136440325
-0.747301430512799
-0.765253837165643
-0.671184314014286
-0.747852536925123
-0.983438590738891
-0.855340009079793
-1.00230213175967
-0.834423147354896
-0.784835662287693
-0.931748921312033
-0.786765692824055
-0.808997189915964
-0.67270144592307
-0.77901164618853
-0.905223648273716
-0.713911773915931
-0.806361860206455
-0.784781399003325
-0.862118182795251
-0.852371482244139
-0.829424897057654
-0.819268843297374
-0.828997660578681
-0.81150668436648
-0.972198556069847
-0.773194103879132
-0.774589542359856
-0.783777877920964
-0.844678044188782
-0.720686335440697
-0.814362446767963
-0.747077892037552
-0.658614929492034
-0.777127563350463
-0.621024249026479
-0.758132326952106
-0.678875448486451
-0.756168116550936
-0.82730502349883
-0.722864406966423
-0.862121605643255
-0.658000348587637
-0.656316682269033
-0.787715509554077
-0.766773451786192
-0.838771431860986
-0.679230980160914
-0.554055012418337
-0.766036959855333
-0.656368359740055
-0.871274192706268
-0.489029697815258
-0.729545658791305
-0.739775491138993
-0.794112840852828
-0.671635610765155
-0.645335100126475
-0.557567978864889
-0.589789846025389
-0.651099449938931
-0.662887863301621
-0.82180485554321
-0.79965906605249
-0.76273886555753
-0.718794315783714
-0.661962885158631
-0.839792536885634
-0.69782196981303
-0.741147576198777
-0.681934225858106
-0.781536391589348
-0.643948683340997
-0.627184772130083
-0.776303043089451
-0.617877312562417
-0.658766213754701
-0.692366160202288
-0.623188432258066
-0.662888809380771
-0.753870809149849
-0.711592396289226
-0.586383634245014
-0.585410077964142
-0.84160669509138
-0.519780604413292
-0.725839454106567
-0.631316857740569
-0.684202361070481
-0.675277837502649
-0.595080027879849
-0.64417573494328
-0.577882242657654
-0.669477163989306
-0.633684693456582
-0.485652500657858
-0.783296989529127
-0.621106858115616
-0.678870159959129
-0.602794949027457
-0.645218323350794
-0.548390212294645
-0.592902484551057
-0.563939236221804
-0.658930861906717
-0.515543262651394
-0.646197004809307
-0.573736228345678
-0.508549966148796
-0.716356782139397
-0.660439469241191
-0.61796546379604
-0.602794179935281
-0.738364456781203
-0.572796525478269
-0.61719059152778
-0.654588805458215
-0.706465176036124
-0.472932488126301
-0.54354440749947
-0.725631083402879
-0.591723037617723
-0.700887527922447
-0.630806724737615
-0.745589814260602
-0.63829887988752
-0.582331725516898
-0.503492842590346
-0.647662990606975
-0.548238061085628
-0.565162810634937
-0.523578213852128
-0.593576290539291
-0.544466967792994
-0.561012550387698
-0.63719828904592
-0.603675431340349
-0.68147259817622
-0.521775972478416
-0.557136587843023
-0.566783401326925
-0.588035618467562
-0.458243941114152
-0.452559576530569
-0.655969709065162
-0.535520073461245
-0.581153438775794
-0.518727887895137
-0.350025901435849
-0.515953277207533
-0.385193174873552
-0.60961006469758
-0.439772039116105
-0.664392138041833
-0.527766843119974
-0.513894790418423
-0.53142719442813
-0.597654915235276
-0.485985205057379
-0.540220876708685
-0.637617410620093
-0.630220157338948
-0.427815636780395
-0.456232584850653
-0.429380205194894
-0.562383180420058
-0.413764169679067
-0.475529024890198
-0.514351091653643
-0.50260756609327
-0.424329064444728
-0.58035396200292
-0.629221504278511
-0.524180611799897
-0.465738669202869
-0.425553106299302
-0.453197780405172
-0.358254782743773
-0.430399970412436
-0.620297514461948
-0.371836292618631
-0.584385017940264
-0.573879302289887
-0.468370739438578
-0.410860563380536
-0.264576508776612
-0.349729993273668
-0.300119543576082
-0.393787143066519
-0.421768632629952
-0.494193905885194
-0.542784971142007
-0.381682334362432
-0.500403678633291
-0.527047456221313
-0.433611880319998
-0.424569215379254
-0.453957977990286
-0.493458308931
-0.375467135948356
-0.52821149799441
-0.275113468790693
-0.361863919471488
-0.377244109036588
-0.466993159849374
-0.471204364396502
-0.495899685705836
-0.325794284538507
-0.407476155633018
-0.482054722547957
-0.455453173944624
-0.397645983768919
-0.494561767756897
-0.305733816528864
-0.440755032410922
-0.431620857851656
-0.608806319261609
-0.418068575972827
-0.439696965579119
-0.409729522639417
-0.276399460289198
-0.317596938463384
-0.345387414541638
-0.358431858887786
-0.322519498666146
-0.298583488822158
-0.32970833284069
-0.353648332956906
-0.513306843119559
-0.45717563423845
-0.142017767550483
-0.500958704387667
-0.334211929322556
-0.349575359769672
-0.396760788006151
-0.434248255964016
-0.435085715649331
-0.369994535036417
-0.366727857125758
-0.316833695874544
-0.248000508192978
-0.369217928861198
-0.340379211070408
-0.302241639666107
-0.119926578008285
-0.292174739702679
-0.348051685450294
-0.167201693156462
-0.491959502713594
-0.399744186937895
-0.30519821799611
-0.288608283961724
-0.284100095881218
-0.223471708265658
-0.418734978495473
-0.314599237325757
-0.340942079706215
-0.376665697203748
-0.3125373124186
-0.20635486278856
-0.26394032991292
-0.441300707353364
-0.230619365303757
-0.19609943864561
-0.229177977345846
-0.209926277409906
-0.345256717961458
-0.282038819076046
-0.189354910598959
-0.371065015762535
-0.21707716722982
-0.340772627537347
-0.284816116884294
-0.268585331196658
-0.211427496207195
-0.297288815834719
-0.233202809946554
-0.321136434552268
-0.375314313361484
-0.322654844620112
-0.330140937913261
-0.221299827924847
-0.207181750078364
-0.189035831933819
-0.34364879654204
-0.269897923452244
-0.227264463395687
-0.149084632034722
-0.328783401316496
-0.22185571033306
-0.453007446959216
-0.191752683491288
-0.326720689890023
-0.314215482952949
-0.190104593118602
-0.277023863612169
-0.215361392472032
-0.245564752034919
-0.365493766545547
-0.262566282814327
-0.220504150523547
-0.350034993594388
-0.265701507577476
-0.251416928619768
-0.390054994950983
-0.203345916574765
-0.0840153405640831
-0.226760613947366
-0.186064736828341
-0.291846800318688
-0.0972941121769263
-0.14263733258559
-0.290722409920187
-0.332690324011571
-0.115022308984263
-0.224712736735765
-0.370946173897147
-0.152436480192435
-0.194973136270656
-0.212164849459789
-0.24162155824288
-0.230309412807169
-0.316215027913286
-0.140529982005669
-0.0788502937122969
-0.318362863850663
-0.100119178658834
-0.128306026994536
-0.125699737785587
-0.230949983428812
-0.182059133705967
-0.240414898376062
-0.246447718282313
-0.0596802567371463
-0.24416066400317
-0.312549195816156
-0.203503325103332
-0.176831162913988
-0.0362937833782062
-0.225325503381028
-0.19644691661978
-0.188378158038734
-0.266861354633216
-0.172300110830409
-0.21568456808319
-0.176607847566233
-0.118756797763527
-0.0668454675087308
-0.138649204416917
-0.150854156581622
-0.225647894271313
-0.111066473862903
-0.0588268806932103
-0.131590275350503
-0.118945876548326
-0.381975268576367
-0.104036171123478
-0.189296564490639
-0.0406488193761384
-0.149231789898187
0.0153788155516317
-0.10172839350248
-0.0667948299010458
-0.148642635680373
-0.110236381398468
-0.151862389447997
-0.100764589438498
-0.0480315530853265
-0.245531435724995
-0.14288946953358
0.0851298203781118
-0.0674581805475789
-0.0453810856210001
-0.105431138468284
-0.0813820655843425
-0.0726817840890746
0.0247118554182098
-0.00524307624786649
-0.0579560573534744
-0.109771566346675
-0.0523888306893627
0.0120366977061991
-0.0984651100978847
-0.0934174610638834
0.07708977394022
-0.172566777642148
-0.0255785724545977
-0.0161620604957024
-0.0973501372820148
-0.147819189232239
0.020466219839031
0.0366874025724633
-0.0522585324097493
-0.164744919733636
-0.295134621661642
-0.0781965207008996
0.062780384591085
0.0301758853721148
0.00504095807486658
0.0206146163236067
-0.126885453171734
-0.0741240895646744
0.0581394512269317
-0.149737168390268
-0.105067719032698
0.0903498277604934
-0.243186937335227
0.060633912348669
0.0157503971981758
0.121742376560635
-0.10441622768926
-0.0528586024043418
-0.0713091419286302
0.0834160428999712
0.00311054828509437
0.0398222226242515
-0.185432679048009
-0.131544836747285
-0.0431126246716772
-0.0774924201633958
0.0146817010897595
0.00277750607635129
0.0598055322177886
0.0712617170155882
0.0171554344140413
0.0910195161041496
-0.16704320761993
0.0327297041160843
-0.119744747641677
0.0549108951311957
-0.0776863675028957
0.0874028429534618
0.0480661501383987
-0.0385604851960093
-0.069885983164518
0.110412372893934
0.0254926821140024
-0.0352087583685358
0.0411645963347377
0.155309585678901
-0.0411103807723403
0.0801421021961404
-0.0151146471584945
0.0584420890944458
-0.0883093874564136
-0.125057239651312
0.0735114859362955
0.123851931590033
-0.047124382646191
-0.0679983745797188
0.168705925391296
-0.00534396177414856
0.0758764152759138
0.0335486914427486
0.266909438060666
0.0937671694180236
0.0399409215815071
0.0273936781938852
0.169842806720455
0.0535753088391503
0.0526870688208165
-0.0230513566249622
0.00559057941709836
0.0580815026216433
0.0888935428023676
0.0857060746148025
0.0740470248028417
0.200126939106684
0.0722769188557928
-0.0130392818176163
-0.0681567446535001
0.0607792458717148
0.146178648566545
0.0765771554524927
-0.0478717811986134
0.173097822582106
0.180913454323884
0.0444181311013478
0.110025330708367
0.0850475717706369
0.188248998766337
0.273119702083112
-0.025240409357288
0.233865889392632
0.177519004622584
-0.100696917153156
0.148106524423205
0.159781062672456
0.0721596428737464
0.160345002733047
0.218058963540436
0.08143866181582
0.0341581963454763
0.0681478241538
0.334579006307295
0.263495730323328
0.149757410627062
0.174426783797093
-0.0395027884384804
0.247739482937445
0.223079755718345
0.0662352695824294
0.0849894575137293
0.0899365282695029
0.167007249649046
0.191847648869455
0.215697285049301
0.0776163713608909
0.134936199686979
0.283671778216338
0.122455226043236
0.223872487834204
0.0745412815607664
0.203333006022015
0.280180301934228
0.24497378793036
0.160067514782942
0.2805928071682
0.114649001404594
0.32949235737757
0.164139623058708
0.327960967871686
0.208992105405813
0.0231802143197694
0.156316242551066
0.286524307140376
0.26057038070338
0.343614411261094
0.186566081805707
0.198039560567708
0.392141436176388
0.302257082475331
0.292606406769491
0.176573576017794
0.0888007076131176
0.276631365898321
0.265375747023052
0.0208125677315274
0.237322469488558
0.255106067012939
0.188780806020537
0.29890299635311
0.17496250540908
0.302233765043371
0.122725785732462
0.275218977960375
0.208339635258778
0.378674257318153
0.392929071423639
0.240308008590344
0.114547783408346
0.270123852935766
0.257124306076827
0.322517392322768
0.124681860441846
0.416896495484039
0.276280388385383
0.219456585672643
0.142089089302945
0.306765513558847
0.255844911215606
0.276753306451867
0.172150567829946
0.251667779148526
0.266675239555599
0.377728860447863
0.223077082778319
0.328949758347969
0.417018117188798
0.25530309784659
0.394667113057625
0.44797874689996
0.325391799014754
0.353916905423128
0.307170458366357
0.345403782885467
0.402819752952285
0.255370609543966
0.30136630313951
0.300042752796754
0.360090095173169
0.399645034164412
0.53824056578259
0.423771560511834
0.337422425821062
0.338981413071715
0.292547070039804
0.495339190911775
0.312863019076379
0.402542183137921
0.327350733668889
0.445454738842696
0.23828930378006
0.400083703622221
0.230513888777271
0.226424527303938
0.258257121748882
0.292787370168588
0.432579958034671
0.223426265347645
0.36218004365333
0.291173955839219
0.352347520944018
0.490000246311974
0.442376075042183
0.326385819514093
0.392690896580698
0.423429382690004
0.299829518552346
0.382398587694994
0.331547549328928
0.313968490072826
0.419386113299165
0.419378778887492
0.360029133403812
0.493832174830229
0.486941805435999
0.248123275239781
0.435094331016266
0.512641922138628
0.448336578737391
0.414213471472769
0.357997185343723
0.39051048214594
0.370566024471777
0.399643469519073
0.258533060685312
0.455525231466832
0.569497947173948
0.360009288988356
0.462306247877855
0.592507246714193
0.502277811579546
0.471326451703671
0.365586567011008
0.533890829650771
0.341801558036005
0.408608913556571
0.448979854298402
0.306850472743727
0.474309031873522
0.357747881404643
0.449923209984029
0.343884469858504
0.55889888606939
0.513430841907768
0.361068897514401
0.431855131526881
0.511533485065889
0.472131344200841
0.49003796142522
0.536697371801356
0.387115699832467
0.436965900183577
0.480401289779287
0.567025294160626
0.28220234078
0.470282901409623
0.422063573177311
0.615083394117881
0.632290080916966
0.41146126002739
0.721109002504547
0.484703734981654
0.521149732916691
0.57230130365252
0.426439875257083
0.489264412370507
0.451632360408952
0.477976613860882
0.500288718631679
0.464787577232049
0.532984947897274
0.405119230302829
0.502746833373744
0.540620017215963
0.369585084082523
0.538265339286025
0.563044304534757
0.50724849120615
0.536716100299442
0.489118335350712
0.486323481741275
0.496406398098639
0.631994699938049
0.544765462752035
0.631363285846134
0.466407514742554
0.428934431564771
0.554686977355365
0.523751686091611
0.525856832600797
0.536352673330988
0.546605979695745
0.520560222279385
0.533701486785619
0.598433778101997
0.560861024635381
0.559093952220749
0.482559503424494
0.578449010070518
0.43813561219818
0.551630763194539
0.485173350506539
0.540273106161528
0.682230026178545
0.522310463372477
0.621645644602993
0.536666736737107
0.532000010520904
0.596881037770655
0.675547138183846
0.503287018902658
0.509222290623975
0.572716625410187
0.640540138731864
0.491820827123159
0.597934757068164
0.515952923898812
0.667759111754031
0.581891661191459
0.597888894819959
0.593639502171431
0.721500435522812
0.606154983650826
0.543287431793414
0.470337334352609
0.685272206137791
0.649719984859099
0.577102282892892
0.666376894440066
0.794320617702691
0.662696280541108
0.636499908529093
0.664153979193759
0.677785013490283
0.523761135151658
0.58171278526092
0.621958908606876
0.726385166419422
0.572963769930011
0.701090351110261
0.623752553457032
0.518323185545065
0.74869191028133
0.705402527062028
0.731323133218934
0.706855154008471
0.556633578308712
0.576204578805524
0.634054820027954
0.79144343268051
0.583728444558981
0.650033030684065
0.682606107524816
0.849882770414567
0.637602011153834
0.682877158636968
0.733573018735387
0.747831462733343
0.61949491880392
0.79680643282568
0.678947674923356
0.843906170176875
0.660263157962991
0.823040687066971
0.706678487743635
0.607375464322522
0.713890078841403
0.660295084175153
0.804352379708695
0.67020333275597
0.759244676803109
0.992766326687771
0.821351903669641
0.594531949567203
0.688268545357782
0.779504995544681
0.65213577020242
0.643322862615136
0.654020919110493
0.886880785231352
0.750351246701464
0.698057474524297
0.615719386896296
0.833210376060623
0.750458654578448
0.702202317717922
0.726877343658809
0.789989113805203
0.72795838166849
0.70086767726888
0.79641984052781
0.63935112566724
0.827379532000371
0.752991877553795
0.977370682247927
0.697904775266502
0.617152687023169
0.806127680180807
0.762670721712924
0.709743757866032
0.831452239424203
0.891998158207775
0.763511207042318
0.579189653133244
0.879745285795703
0.725132017425265
0.78114310379159
0.725601682978192
0.881268863462592
0.714315158583868
0.836064494453934
0.835006940226518
0.730639243633816
0.819428740390385
0.649407964239943
0.891404116325045
0.897395599870314
0.726249185909597
0.721250752420443
0.786534905810403
0.752397951118322
0.649858732141505
0.801277736191597
0.834659592132515
0.778417937420167
0.820531006746307
0.855672656381791
0.853706530125795
0.868363004886072
0.872331525826559
0.831027310593911
0.687546143485187
0.803225015905425
0.886691238859402
0.87030238622499
0.814576350814285
0.913242267009023
0.955200691485514
0.78422664777174
0.846113959644641
0.883861238836754
1.00784943318701
0.798068963543003
0.834950170781847
0.798613020473059
0.818649535251173
0.865206744661319
0.732157657298269
0.805777041063722
0.870551215871188
0.819801872141398
0.703514335872626
0.755891652542025
0.82203989603322
0.801717888258219
0.814089716696958
1.02384986691901
1.02746629922381
0.927518282764977
0.844408994047372
0.758358159151295
1.01113120920132
0.792473500316273
1.01000210376281
0.933465799128521
0.770776292320774
0.960600971490402
0.888246397138045
0.8147571494148
1.1131896005414
0.726185000966542
0.880977988809109
0.87527702835871
0.921831417516909
0.9160015185686
0.896703971092686
0.974058448832891
0.981942956955129
0.925728194837579
0.792767722734606
0.929198409924079
0.850999098582713
0.766193376620846
0.98402171598447
0.863515079344351
1.07141896481434
1.01841936038047
1.06228236964471
0.977915495979409
0.817728149770586
0.898574743617915
0.944811511628769
1.07524425500916
0.791536805161765
0.893702780315979
0.910962712623027
0.908414560366561
0.869560943475331
0.893869102324444
1.07111170280492
0.977406133700397
0.928025678714235
1.03199554899829
0.9981499481223
0.869618367375705
0.946076202583255
1.02306227277592
0.882074340213418
0.919667578519458
0.905189316040723
1.03817235950155
1.07682882363621
1.01699764505155
0.964973049144501
0.938250665508899
1.21687346975618
