-0.892028233112276
-1.08620635730096
-0.973754591035111
-0.91170939933863
-0.929717909067438
-1.00841197206356
-0.979812352312391
-1.06589500017454
-0.971279026139835
-0.895535597170297
-1.05813178682195
-1.12935063032461
-1.01061217351104
-0.955787556459338
-0.944763453130501
-0.905098816333323
-0.896220631640602
-1.07290837985651
-0.98860745075306
-0.735569719657561
-1.0848554311003
-0.990800221536214
-0.831884899558538
-0.877367002088073
-0.992825614040368
-1.01869274588097
-0.90551667963229
-0.807436987623013
-0.975465026612297
-0.993183626659195
-0.832870252255769
-0.827275437010461
-0.940603878823583
-0.927859135331085
-0.94524925908107
-1.10444843117625
-0.803034457975459
-0.993647864896517
-0.795330238577669
-0.892964735499982
-0.928885632118019
-0.909216994953748
-0.957528352240984
-0.849760478352152
-1.00182349463917
-0.943621710773901
-0.833998272856605
-0.917977753691949
-1.05748252280861
-0.965464453907674
-0.904982125100567
-0.911867748048381
-0.840522297730517
-0.953754171081297
-0.762938160578191
-0.859515973179635
-0.805963220695174
-0.866220140921247
-0.927831811398359
-0.866556897545011
-0.868116023802849
-0.849449804925001
-0.878402329117248
-0.896274461209211
-0.76684912293743
-0.949790387965231
-0.869816207919466
-0.907102327707121
-0.79841588939353
-0.790821710711971
-0.780052923650415
-0.752338000079734
-0.676045254306899
-0.907709742265813
-0.852086811599203
-0.806796310420133
-0.861675906978409
-0.690873303917656
-0.941442286437508
-0.748609702820036
-0.884776169280155
-0.820869360569122
-0.811377131710782
-0.754231992458081
-0.858949427371877
-0.773890192737647
-0.940796153599022
-0.868738324550161
-0.741160701488054
-0.63354897349292
-0.849321678961354
-0.733559890636573
-0.694865968923508
-0.890313420367384
-0.801211257273547
-0.991981087245625
-0.707036082223109
-0.822069272856667
-0.726897152227904
-0.774109944294458
-0.713791255953687
-0.838840293499343
-0.688008511160311
-0.889439097511833
-0.7798981861603
-0.727123100942409
-0.656662213678129
-0.640524544257808
-0.836392860964589
-0.920816054456731
-0.666466700671949
-0.814330625845093
-0.666018435253576
-0.743984348113868
-0.832910660995303
-0.781622022141448
-0.743476333071013
-0.738728687778648
-0.583150632261741
-0.609595471200151
-0.598299359777974
-0.680485723611618
-0.763141655424453
-0.719684524326708
-0.865956235581074
-0.785175599206953
-0.561523083227463
-0.73490801811326
-0.747332127512221
-0.621399426829184
-0.713862827393246
-0.829806190997358
-0.567127288112787
-0.867261159048855
-0.735138188031746
-0.707712560471899
-0.781429033164782
-0.652766959709872
-0.804593124044701
-0.823884233325281
-0.781648483813314
-0.737190190756246
-0.785327698460397
-0.754428888179566
-0.751275885228568
-0.727121788704506
-0.723530334965828
-0.711147343311023
-0.766127105435836
-0.69929049212027
-0.585679456212878
-0.754630072392398
-0.636464592567854
-0.632137255820989
-0.590442860800575
-0.51524615386898
-0.649171234785315
-0.632132452214974
-0.546917365723264
-0.624326976912147
-0.724043678002085
-0.675873709692336
-0.704370928281972
-0.785621216631957
-0.678228427696365
-0.509435467140785
-0.752810432117542
-0.709556097659543
-0.719846395283953
-0.760821772356989
-0.675768703619476
-0.718167158046888
-0.722623543473947
-0.725335679968853
-0.725115544508317
-0.705414394600915
-0.690412717912983
-0.655905340229357
-0.768055845705666
-0.759781813990613
-0.438545714068735
-0.531253504444133
-0.509857948108599
-0.537671251452935
-0.705669654276046
-0.570278472203868
-0.48870306691143
-0.562165814897525
-0.657407334489629
-0.785036863347292
-0.655420213737469
-0.682946659846459
-0.634195986102815
-0.570793788997825
-0.610497923041981
-0.812012354213884
-0.52305309955656
-0.677639361265027
-0.588850366852273
-0.688857000981919
-0.646157570189834
-0.745211281350681
-0.609295811521748
-0.674562099770393
-0.71031109109274
-0.642485091057245
-0.553372685238479
-0.527371342713646
-0.719001200960721
-0.476839878602357
-0.610687414812682
-0.420271501588182
-0.52655345874336
-0.67983747023506
-0.512533430692063
-0.552949235408599
-0.524390196583927
-0.615793434185457
-0.634639245755687
-0.522596238874511
-0.663472558577193
-0.505488752971365
-0.58622107424712
-0.605212795819247
-0.634679749485706
-0.49172638500736
-0.490288377271011
-0.544905378509155
-0.516226650570486
-0.627683998355209
-0.481583070992218
-0.611927308331913
-0.678239058796233
-0.554825385689216
-0.504556517242395
-0.518213746857426
-0.527894006064398
-0.5359497879917
-0.556085606982241
-0.482037128015953
-0.472325121686422
-0.573905011055508
-0.596243752337843
-0.640333435568302
-0.722283381025946
-0.516528671962661
-0.502383551698063
-0.496162621708031
-0.48550222707126
-0.457389421027023
-0.352469367551661
-0.524696269340572
-0.475181593336154
-0.581198595532163
-0.367512187911356
-0.547344167383108
-0.56262340273063
-0.556539710572907
-0.469364957219379
-0.514115258960474
-0.507209618641044
-0.364658617933161
-0.452637462572548
-0.585295173771241
-0.389611831142625
-0.360619875506777
-0.374709362493998
-0.413543698962437
-0.534244694196144
-0.516922179502851
-0.517561224295715
-0.373178014063975
-0.360912165304535
-0.390027688959387
-0.534753517552206
-0.230863373781682
-0.462975548593334
-0.4245994808744
-0.401594520963904
-0.469870891835436
-0.396034644547294
-0.474309452240676
-0.353926149898817
-0.391907015542556
-0.336295691694549
-0.39285897939197
-0.389633438481557
-0.29546107822878
-0.550565978941062
-0.282679812210083
-0.433343698673271
-0.370564530732516
-0.388139957845722
-0.471171152186889
-0.296988285155724
-0.318128041080147
-0.41839405670115
-0.357175262639821
-0.34267331468871
-0.414747920864459
-0.188427134482379
-0.336201361955019
-0.469150598649451
-0.282680730530232
-0.281393419015978
-0.316869844396549
-0.41250069627857
-0.430465991541112
-0.373301688850005
-0.417278584257181
-0.468189207653329
-0.446014369396853
-0.346821457422401
-0.443057329605139
-0.406569634366935
-0.2738051144575
-0.325058098771136
-0.383767857376151
-0.272508621593836
-0.302387934054485
-0.402843599520836
-0.480229178019682
-0.451658941640671
-0.24537018222066
-0.203415310692891
-0.375269799026642
-0.29386291392062
-0.276512602996867
-0.342390506039638
-0.330451717951418
-0.328185834035461
-0.338388941457541
-0.24559030563728
-0.376946458014472
-0.357577942602882
-0.221021079973812
-0.283703913057208
-0.344348368089046
-0.319133788398592
-0.387971005956738
-0.374356106290984
-0.335649646017872
-0.252373499027839
-0.367846876574064
-0.337484159480367
-0.29295930479483
-0.193768675829623
-0.220266003971001
-0.335028160140155
-0.255621386230967
-0.255818771566417
-0.227206295786814
-0.318138650062726
-0.209678147630618
-0.224300478500081
-0.260163882057609
-0.404900551699496
-0.185872724109414
-0.30389034169995
-0.327080082052263
-0.209031161887852
-0.356577206618066
-0.254606444957193
-0.405045374366821
-0.318467302722614
-0.21395244898596
-0.308190058076585
-0.379848381190998
-0.29895412367211
-0.118330548044202
-0.212311366345499
-0.301722482148647
-0.107923731736653
-0.136909514307734
-0.333583368895784
-0.324460475400058
-0.179440256794705
-0.342721486135948
-0.267658663884751
-0.287050779899421
-0.364230743751411
-0.256967120621892
-0.294133400731652
-0.329517010073618
-0.192611900680079
-0.379939389422927
-0.175827961491786
-0.472032827149312
-0.261941377311311
-0.269840228280664
-0.221217148441492
-0.209792725762444
-0.131644942914779
-0.275983453350385
-0.314424868361594
-0.164861949731379
-0.172214201640834
-0.224362271314855
-0.141547402583541
-0.22098987800934
-0.209275311594042
-0.0503322840941732
-0.29467480579084
-0.187729960991837
-0.180947142847395
-0.234406168425323
-0.0520450726388809
-0.217881604958798
-0.251433084713394
-0.195608793770059
-0.215180669269079
-0.365279097087034
-0.203466042859967
-0.230651320361069
-0.232539729030556
-0.124612531464018
-0.197230652413087
-0.174777020898919
-0.108586251357194
-0.17921235984554
-0.161517999675391
-0.12667575381188
-0.18434201210651
-0.230029009906286
-0.23915491148381
-0.121250536509027
-0.0728045702014065
-0.0543728028901817
-0.0742805613725906
-0.250008334890458
-0.280864981808392
-0.0612841901044632
-0.197397590453091
-0.245392674883764
-0.111463767075035
0.0174417089077521
-0.290515594652357
-0.214088642240601
-0.175996857430063
-0.181460362169077
-0.183010009243838
-0.34217616830358
0.0213954379987137
-0.0586599555811528
-0.10101638719742
-0.0400909825761428
-0.169560696782228
-0.184722232158203
-0.226062268633868
-0.0428178165060366
0.0446650401543924
-0.0369973830719545
-0.140700279153038
-0.218600996050964
-0.0269357876568031
-0.0814970127236962
-0.0102830036616689
-0.0785106027377124
-0.239837749022243
-0.105980321403945
-0.114901477455264
-0.159194501496595
-0.0189580955981652
-0.13195445816732
-0.110626584554654
-0.132128146398396
-0.00403640846831211
-0.0125340938966127
-0.13694572491255
-0.114989921553009
-0.01943205370631
-0.149556054335248
0.000328204871530791
0.0496932597982541
-0.092463324214182
-0.0910951579688889
-0.0139864135476256
-0.061029916663703
-0.200082865746273
0.00561596864628209
-0.053241122730816
-0.0952832727465438
0.118485301156158
0.0381790016917293
-0.098533613884647
-0.00770156517540138
0.132533932249704
-0.162277780231188
-0.0136875277891329
-0.0631357857276867
-0.0683009230819858
0.0575911169191244
-0.144847195360854
-0.181873468005777
0.00247036475446749
-0.131951130023078
-0.0312478028014964
-0.0395640763261258
-0.161975021752042
-0.0855653084131501
-0.0524739657049681
-0.0684039265519993
0.00240766441022406
0.0543124588579176
0.0282296477421044
-0.0255745454197531
0.111932060713764
-0.104926568402354
-0.0692601315340069
-0.00214318649246742
0.0737567496104617
-0.00205875587971849
-0.0890904532058191
-0.00968657662725412
0.109195224697397
0.111572556909806
0.0495123022495186
0.116540901264021
-0.00828608045501581
0.00970094251102241
-0.05145984721971
0.0644479437483593
-0.0376916842730532
-0.0825166470634001
0.266139662663989
0.176127502762918
0.138518600391071
-0.0138488270533182
0.0321945778912253
0.16447724955368
0.0557419103176522
0.00271073052274591
-0.0138377542009333
0.06729676853981
0.244843824438764
0.175122245118314
-0.00666542013276373
0.0628154265547288
0.0673800251586413
0.150222206376056
0.0628738340058263
0.0687952113114731
0.204096836682668
-0.0197571245353816
-0.0149341669635404
0.0823641372170361
0.0867368645740718
-0.121517256836717
0.0211199822502771
0.216835401005326
0.114173736505386
0.1682305062837
0.112025472309254
0.208361365815647
0.222344931201933
0.149227091893161
0.0527262535311522
0.00509619412273483
0.143344990565941
0.0621094299571191
0.0992821768986036
0.17324002527353
0.128159639745458
0.105315132277332
0.15141616256016
0.0667384660415647
0.090999448531633
0.195323631678906
0.239377556222205
0.20822930986697
0.143505536281701
0.149757311950589
0.219480751371261
0.324825963098716
0.234434695326615
0.256997642627597
0.171116039288833
0.149156255458755
0.152555068963141
0.173327686886237
0.118886453913389
0.16790151552846
0.0984472962820108
0.161030311560304
0.0889321241596638
0.211312731622881
0.0966371189153945
0.247370341517803
0.0126946041415509
0.361589156387915
0.0752720547723073
0.259278931466691
0.146174018617856
0.243019265027631
0.254089715424409
0.167584753221198
0.170620665847751
0.307713262970294
0.232240882834802
0.0972622467372399
0.218716776942182
0.145651810334882
0.262354481763036
0.299421586554521
0.273286242115183
0.308121165120733
0.270838164442931
0.143367020885297
0.227822219230522
0.291718514377239
0.216688921158693
0.430820118781998
0.199572833999883
0.1878101483424
0.197475775725892
0.194521025484756
0.144208910436155
0.380433102311893
0.220157688257398
0.253323152942252
0.159681426556567
0.315006136550076
0.252691203817593
0.141442338417245
0.187180501525878
0.356956645241796
0.223233293677611
0.212436028179983
0.156744213446789
0.37368911856793
0.395622175828362
0.328349437753467
0.383470682150715
0.250528365099639
0.195608236432412
0.304682705250102
0.453948031277542
0.154782486290889
0.211821639989044
0.24891791897598
0.263235394068893
0.14708679618257
0.229641253228455
0.258013435829666
0.263995710433153
0.358878999218225
0.221004612758812
0.24587457145457
0.29324555219746
0.250529834295538
0.390050336186417
0.443060155515365
0.244102325946683
0.411656057927986
0.265726139210481
0.415645295319171
0.248889561868046
0.41038475306059
0.306568163961171
0.317974369658937
0.119080291298112
0.447061432205693
0.336213818777152
0.363976169643948
0.36328458203158
0.243869549894285
0.269517740095544
0.303127634215048
0.303640054585959
0.359534957260497
0.187912535219428
0.307340321749458
0.262768547836607
0.341331482855743
0.285770132105254
0.22234965123573
0.333983469844956
0.467400056142266
0.296518308208888
0.371745387907335
0.331622034307946
0.293846595051695
0.388195377998429
0.451379931502843
0.508019506553977
0.256194932711079
0.425240792263008
0.446217554423897
0.365454532307015
0.397454549566115
0.39473615897993
0.463725567375537
0.353061643426775
0.461290436646771
0.480700474618869
0.480028967195926
0.316111268584779
0.445651027581998
0.545436261111107
0.422088664770269
0.365005605447908
0.382206259914214
0.460914419373676
0.640646371773819
0.446133160305304
0.491088256391876
0.343695866521254
0.224825902370399
0.348365913651845
0.355186099945721
0.492161225997926
0.328123425374485
0.435127160848624
0.250413832361919
0.426813522137026
0.418762929662767
0.406795500790291
0.53918012906921
0.479926078452827
0.641382831936124
0.545740459965316
0.482998920275019
0.606240441538534
0.589854782156983
0.426473378463141
0.594513121259648
0.433071225390307
0.417747680523476
0.455833776885224
0.354557088364217
0.431599836929232
0.560820839793818
0.658970848025711
0.732276274084888
0.392212657903772
0.479824196064823
0.401161042561086
0.592100300741257
0.473412479602349
0.494377064772861
0.441013462809169
0.344020071242385
0.460779944956987
0.418002941499395
0.501435567969916
0.550133133964138
0.547419334180832
0.496764800872624
0.445078345114678
0.608711352058772
0.44601088579931
0.463564156584372
0.390940443572636
0.531143526518369
0.438340591323555
0.323798678156325
0.556787664371809
0.534380635387396
0.489761910158407
0.588964539025194
0.542792693670221
0.44978206361773
0.4018925499611
0.514020085251242
0.675256134752562
0.607193629431402
0.460235254896131
0.424942936114028
0.576587507539464
0.492332100489802
0.608509249400107
0.583703882382098
0.49990799941033
0.603455349817791
0.616933250474436
0.578886971940422
0.544123121105404
0.715430821861048
0.485913213005516
0.475156564693466
0.593546029328491
0.643822070884284
0.51307939227159
0.585780060736469
0.569131057263769
0.339722533835657
0.652803731132359
0.479918783247859
0.348863647225678
0.755072299141231
0.656779751802498
0.597029814937352
0.514373027920916
0.475709920918321
0.63341665354133
0.556963884287136
0.655734213253303
0.636055340779982
0.61034774453121
0.618798086030389
0.687669827617932
0.637651595579817
0.581625219808972
0.631373614966572
0.561617400576421
0.660699231179437
0.742901540840668
0.546199982302082
0.494073275295064
0.518327785716158
0.744218760270845
0.676794783699114
0.709908131648972
0.519481668579649
0.63407676464896
0.524601133363122
0.620064971180837
0.549765179028436
0.59035505054981
0.636493257864026
0.733090599363616
0.646410672444407
0.741334404002498
0.629040523679894
0.622333443263551
0.578171449677333
0.533861975221847
0.717974274554305
0.852791873012157
0.692660320021294
0.74548548328163
0.61122631115328
0.749814578414797
0.785484793242905
0.556887671253264
0.690429776958155
0.606182980816536
0.624446683926139
0.632003523338474
0.748503508308294
0.618559417476103
0.648887305895841
0.656365878000262
0.549196414548527
0.629828874390059
0.730803648649603
0.53697872281433
0.837568010642105
0.645816360914957
0.714423134444522
0.566299681660968
0.787651746600762
0.665284352740177
0.7260044709644
0.824999941407732
0.68926750596499
0.783807125441195
0.705775980683864
0.676901978200083
0.786383478948755
0.851682475081958
0.884551899585929
0.606227118016251
0.678014488602428
0.808028056100476
0.867634652948991
0.72656573145141
0.648669632217313
0.671101615356307
0.74701464954519
0.718349604993828
0.657154118383784
0.669663512187478
0.704418181971015
0.817611147527683
0.698802039331659
0.720796676016307
0.838837024192058
0.85244539199411
0.746766483402683
0.742345010815321
0.696024484429181
0.712564952221622
0.59996037226878
0.718098963886202
0.598818430320165
0.777826740882546
0.653998539778265
0.873323590099154
0.912710103356333
0.785952402232334
0.892059859285993
0.768605437481248
0.826886015214245
0.768018902646964
0.716004998545316
0.699872554609318
0.721095174973945
0.715793994912692
0.690380010210346
0.681454375084255
0.656554998842474
0.80753546795536
0.665785922406815
0.778163117562109
0.732631315680496
0.757986257627477
0.74013569135364
0.722655842977781
0.814883141788039
0.851201884178238
0.833802987950747
0.804210481487024
0.730198898051462
0.860811754276051
0.911735552586453
0.977654743777339
0.816382757793569
0.805018318240994
0.884004238346857
0.753466520410817
0.918142074204172
0.795469854230276
0.83570468804092
0.892677444224229
0.968197786166234
1.02176050175727
0.829911051797479
0.811047736809369
0.816432660466056
0.734261740306131
0.778200898310515
0.90286774566683
0.937595400988358
0.887904494082076
0.969842346435782
0.762839015952535
0.928996146071419
0.901251647492312
0.700448559672509
0.762560422910403
0.897829734914091
0.815426696826047
0.910412779936317
0.97402619874752
0.904804670417809
0.959097646389061
0.885419857265367
0.887090023361898
0.894261673957225
0.92553399298973
0.859162522674982
0.97152410343918
0.876771994053909
0.89711315106428
0.964519727207718
0.762467536015798
0.937000866796955
0.918663695283121
0.731747970551663
0.728370603683965
0.899197594966739
0.835594658333748
0.896019551557685
0.817708118452691
0.92855036869764
0.925394786157593
0.991668370034233
0.919966416218143
0.942457669032315
0.918363010349038
0.832128470978917
1.06564430952533
0.964659555673451
0.932748390205434
1.0887163725924
0.898090087594978
0.885584727061758
0.966545877483819
1.00079312444611
1.01087923514563
0.839680360658608
0.972085909900063
1.01567820565421
1.07422382605359
1.03998854540552
1.15848122729702
1.06559822132236
0.944291235370575
1.05971567854066
0.881108141214384
0.96294771869405
0.977291391669325
1.08149189372765
0.974117286324602
1.18824506705004
0.920238229563858
0.984072561871155
1.02227444579693
1.09098448483114
