-0.906988404515732
-1.08818385480195
-0.983927337739974
-0.903560765617204
-0.945540816369815
-1.00351373724965
-0.992849059420192
-1.04496397150082
-0.975319909956383
-0.880096729558634
-1.04914905659215
-1.12179795029902
-1.00034480420928
-0.947686509032367
-0.944208668606943
-0.933683715525172
-0.923471421929344
-1.06319662318255
-0.978031668915256
-0.723981249098608
-1.06412271495651
-1.00749721345681
-0.839083575010328
-0.874206627347866
-0.994164860827177
-1.0035432521084
-0.895920998050122
-0.789777116178809
-0.991217887272157
-1.00753617775094
-0.863864945564103
-0.835260642535357
-0.96100056310161
-0.939696608779823
-0.954380035046077
-1.09857239219486
-0.810589050456305
-1.01032746733667
-0.782433984928887
-0.890845689161981
-0.916637892840078
-0.939410305145149
-0.953928853399476
-0.856572670630658
-0.989565542547473
-0.951661572830361
-0.837573268308458
-0.922006746830232
-1.05269641911747
-0.976443642206136
-0.916789319423207
-0.915750290404344
-0.83289617106898
-0.942417843688439
-0.765496576871685
-0.864777005003506
-0.805309376045709
-0.878615883640532
-0.90767164175381
-0.86001585880739
-0.856277966985044
-0.874810253977782
-0.888347450517929
-0.918807110041065
-0.770455731770194
-0.955319415748153
-0.877088849164157
-0.881498513248692
-0.772339622724555
-0.765947094848071
-0.732092666458562
-0.754959801402358
-0.69842774095128
-0.896890663900244
-0.857959124605612
-0.814979834787793
-0.870934027914565
-0.68983561579314
-0.935962002523215
-0.731024526172807
-0.877107299086802
-0.827429253622616
-0.844022009191586
-0.758419395907893
-0.848733587742338
-0.779105923152979
-0.955183771702431
-0.860715460431154
-0.742857722882143
-0.653312938251794
-0.852468377793202
-0.700891698339333
-0.732028638617319
-0.883697543088609
-0.803457971074631
-0.979367735444626
-0.705215237781203
-0.793462468077776
-0.730523443250019
-0.769394453062852
-0.720463218794177
-0.84740447016712
-0.708117831630968
-0.88288470287212
-0.779821344179401
-0.733181828220793
-0.647580958203174
-0.663318483005346
-0.837923217800308
-0.916428065517655
-0.661904574113758
-0.81106217117865
-0.682568102855103
-0.751681855568162
-0.831917150404442
-0.787901326783124
-0.758466375914614
-0.740241459585078
-0.60959845597592
-0.619655412016967
-0.587043089834688
-0.682897503891981
-0.772690137051233
-0.730863200539189
-0.844289969804856
-0.784047145025304
-0.570887085188198
-0.743447306650581
-0.735167896197938
-0.619283368496407
-0.73438161014535
-0.836375738173256
-0.579408594562504
-0.850490258434999
-0.709616505654804
-0.708458248755236
-0.759470942233764
-0.6639073279362
-0.784565104458248
-0.813769720348307
-0.789150844914805
-0.743864550165567
-0.772470046505311
-0.749256145232553
-0.738505199047751
-0.706023036169802
-0.725493718967628
-0.688192510114805
-0.793684892205137
-0.692485464949172
-0.572751690240333
-0.750790378131101
-0.643937471160009
-0.611036154378694
-0.577075736837896
-0.510550636100517
-0.625357152439047
-0.650130389344271
-0.566636793920945
-0.617445254141491
-0.723889716336778
-0.669717077780619
-0.702443408686565
-0.792157139533202
-0.684353134215455
-0.534180673287053
-0.754163644226964
-0.692593046014164
-0.735982651535498
-0.779902019676817
-0.676707233262426
-0.70261115554841
-0.710253846053576
-0.740202954653456
-0.713251574855049
-0.69584816636202
-0.677148975069494
-0.639453453278716
-0.732233421064029
-0.75081798483316
-0.444265454320733
-0.525875457206647
-0.511932114089231
-0.538530907157371
-0.705613926128279
-0.572911788067362
-0.490827163074403
-0.556066126119934
-0.637699501448115
-0.774282477578176
-0.66771967145529
-0.67450284220164
-0.636103287798602
-0.550119162080672
-0.600527124704708
-0.795942868775422
-0.537333473657369
-0.660974097796345
-0.581390171700437
-0.689508259585414
-0.646242509639033
-0.741533932236882
-0.588013803718274
-0.690221418628378
-0.698752595015486
-0.633638410683282
-0.555242950969183
-0.54500438591234
-0.711177094844463
-0.470069714378125
-0.624474520459568
-0.406610443690456
-0.533986158752813
-0.695264865236127
-0.513909614721405
-0.521498168134976
-0.514708417884731
-0.616206725040213
-0.619245629804847
-0.518365413760867
-0.689194317747608
-0.51059930646224
-0.583704374112582
-0.580821024580955
-0.640632059214041
-0.512185044964035
-0.512703039437914
-0.542728304369525
-0.523885991819423
-0.636933055765836
-0.482803528743742
-0.60466273115552
-0.674195846494126
-0.568200944427031
-0.512282400615909
-0.517636466892343
-0.5286814636192
-0.531012720148096
-0.558781278811547
-0.488560303817305
-0.458037088929843
-0.568110647907147
-0.59112456896763
-0.646389326682386
-0.715672051412657
-0.504573434800103
-0.485965592578796
-0.503172294772639
-0.463661510639895
-0.462324539064746
-0.381236547273201
-0.508695171350233
-0.491068886509792
-0.594132854971391
-0.394793574516437
-0.557720461310493
-0.54995629088091
-0.570641926098488
-0.473118985582742
-0.506076074417873
-0.502979233040437
-0.355942785335102
-0.461061511168715
-0.574202230478086
-0.395671100743933
-0.355498383247287
-0.37816785236811
-0.411418637668077
-0.537484963796807
-0.511718527941381
-0.526557845193046
-0.370590431601983
-0.375475911846955
-0.374336053885568
-0.554643518687616
-0.23457988754966
-0.471801494804568
-0.431926350219123
-0.412572523222486
-0.49044012759056
-0.396116190943953
-0.46658848286455
-0.365488685865957
-0.409852660260225
-0.348839328100636
-0.405655925399805
-0.371332455183858
-0.283806034527865
-0.542941985275073
-0.270783099068266
-0.422941566878875
-0.384843159683298
-0.412556019998615
-0.453962275727132
-0.294675037610701
-0.299640962097658
-0.433458393765278
-0.378987175739088
-0.347673531107763
-0.416208060197749
-0.160194328781969
-0.329455598109839
-0.475711456214373
-0.282419887570893
-0.276627772582067
-0.319840088302127
-0.427556685803131
-0.449718286536976
-0.358067416341833
-0.42340631898123
-0.47622451681424
-0.425376704254967
-0.372359916036091
-0.438011205137725
-0.397569409952509
-0.282348014665356
-0.321769988423251
-0.373857123371962
-0.281697742708131
-0.290260840535084
-0.397205737100786
-0.458082602505568
-0.456916177025866
-0.280156854886046
-0.249545335378599
-0.387951879779773
-0.304244035948538
-0.257485737205787
-0.386242612287482
-0.333854831228823
-0.352778657591557
-0.311761258700273
-0.243868174763733
-0.371427335484677
-0.347498617312413
-0.206746276789258
-0.303137457769641
-0.363069240630499
-0.320657765471795
-0.397467726024567
-0.366617994744032
-0.347779697259462
-0.249750425277955
-0.352260390070185
-0.349178231778552
-0.289216399812215
-0.202249349495422
-0.212702113183089
-0.322607249321255
-0.250709335943915
-0.244540996896039
-0.238817509438237
-0.314303698329384
-0.214222987938036
-0.244778033563455
-0.268415316206051
-0.407487703309875
-0.189322114553095
-0.316335445183084
-0.308999375429435
-0.210181289994376
-0.377298583619891
-0.262568367770275
-0.391618872845167
-0.33806478229329
-0.213504717289591
-0.296431085512938
-0.374988307041544
-0.289603242394381
-0.120647092428466
-0.204450047989063
-0.296952927228524
-0.108893988429111
-0.155042598695891
-0.346641569472368
-0.302826242751594
-0.164310486522669
-0.320364013750052
-0.284897602457437
-0.260326757193181
-0.36600403698744
-0.270380813721988
-0.288003766355331
-0.333407119049601
-0.186901320516504
-0.377423989514369
-0.162715826498739
-0.459063663770177
-0.248397475028005
-0.257268376339118
-0.229284658138269
-0.213690073582697
-0.125133732041907
-0.266201306842726
-0.307888550245658
-0.200277707019394
-0.161239825697765
-0.214420552303829
-0.130392737156605
-0.218012005764474
-0.211781394991283
-0.0607173521460599
-0.291166195256166
-0.209691240617396
-0.168861408701384
-0.219765850802276
-0.0567353815211764
-0.20725755900084
-0.266723086337579
-0.200044757398321
-0.205380242286308
-0.357731209382893
-0.22088097253667
-0.228013602419039
-0.242373154880591
-0.117539382857817
-0.214179888345344
-0.172436935585875
-0.126214865127347
-0.198872755294616
-0.175247249503628
-0.14222419735045
-0.1534370241611
-0.25251680766731
-0.23727011574108
-0.130967801992755
-0.0703626171548899
-0.0441282084085805
-0.0890104242723691
-0.234335344302672
-0.267830458602671
-0.059303042756268
-0.213167153222618
-0.246400020460847
-0.120851112159107
0.00685016755649082
-0.291773826124359
-0.224304689412661
-0.163107837237168
-0.185876538931715
-0.17026317075195
-0.330306522283745
0.043969204565289
-0.0854685913226681
-0.0870302467132119
-0.0550180650028192
-0.16008939851078
-0.168727888251993
-0.231241152759233
-0.0445802024789218
0.017295269005903
-0.0380684139708602
-0.144861323897536
-0.224139063433404
-0.0271048083033373
-0.077523463733191
-0.0328319016233014
-0.0627110203732273
-0.231430721725037
-0.12297724310831
-0.127269500457097
-0.167971168558087
-0.0011095675037856
-0.142214575753035
-0.104112587567422
-0.127309154475461
-0.0147414091791937
-0.0105827522596887
-0.137803940043204
-0.102571956350006
-0.0251133938803607
-0.147452773307312
-0.00742530576425189
0.0312847763768307
-0.0950932063633302
-0.105986704239602
-0.0122218070690937
-0.0562449698497619
-0.203159447690126
-0.00534261628676406
-0.0619827125445533
-0.0973528228376431
0.133659210100716
0.01844503968222
-0.0843924767004021
-0.00187881039637874
0.121242263477418
-0.171548398038548
-0.0283215092046478
-0.0528423674846092
-0.0816509685483837
0.0533849634134905
-0.139718700680243
-0.181254275432172
0.00636294779270223
-0.154653574266509
-0.0346342040785253
-0.0449404334224536
-0.141868892679096
-0.0814212333201287
-0.0483053598944312
-0.0494978168240651
0.0170993315780156
0.0635724924480996
0.0319804467982068
-0.0262268132538788
0.118444993855679
-0.0843272416326708
-0.0644196495813269
-0.0212644979127724
0.0646533262985468
-0.000454590891749143
-0.075911005208024
-0.00727386437601694
0.0935956625000147
0.103544836954024
0.0262908975816334
0.122125781283751
-0.00787009569288877
0.00939769629225481
-0.0685082876134932
0.0895956279134976
0.00231345698807719
-0.0714647221282236
0.272707983377957
0.16480234931524
0.121638202075413
-0.00484656650381955
0.0247213893961305
0.202300650024211
0.0544667355189768
0.00230330805183589
-0.0304837594066771
0.0519483292275815
0.226226611182823
0.173623413423651
0.0178450604408471
0.047334111777628
0.0822273489978766
0.123086491707078
0.0686487597793844
0.0649285332011524
0.196617934091922
-0.0113575745309852
-0.0150710281283449
0.0930503210717643
0.0790512169840783
-0.101650506471575
0.0118295080251362
0.203563072577137
0.119491230410373
0.160986360412223
0.119209144359004
0.214468034113873
0.214264878692919
0.124404611147986
0.0722721753499164
-0.00562095859128459
0.144635001364422
0.0654213406613193
0.0983529969628655
0.149733640918811
0.141956334384497
0.0993467670179864
0.163496071914913
0.0587443850795791
0.0889571571298532
0.229553735911671
0.232019316798392
0.211416280515061
0.144420843602227
0.13962574247304
0.222602846676493
0.313192402877971
0.249317495240293
0.255628946906878
0.184897695331379
0.156204712346173
0.142583611789601
0.187745791158036
0.137324006491169
0.164833330502804
0.134234858079013
0.168804642708616
0.112171533071371
0.198178791209516
0.0837799204368367
0.252406384511202
0.0249394163224361
0.344154418841364
0.101512929753023
0.258862728240359
0.143566707434949
0.237500793407073
0.263451365208435
0.149488298297739
0.156648813170235
0.305078106209898
0.242156574580838
0.0960311537623429
0.212015349076401
0.139221940815011
0.247339768583428
0.305153026450898
0.278102492803243
0.313948020349905
0.261524387510398
0.151817942596007
0.250313236557443
0.294200400627033
0.236213918365953
0.429546561468172
0.183676021388149
0.174195698926142
0.183637165297459
0.23409355247118
0.133682204142614
0.373726923352624
0.247927146119689
0.269190143428468
0.166152097935754
0.321314846103496
0.250489070595297
0.132711516299193
0.170309226053143
0.342341867233835
0.211141709499293
0.208034884342475
0.165161165820928
0.37494047179835
0.381111292349673
0.337996330897867
0.382562642560135
0.256806040832939
0.202768933723099
0.323572725771789
0.46757563528918
0.161786684368078
0.223320418171531
0.230778740238349
0.248282244209671
0.150900084541942
0.234816612632057
0.258580957483676
0.279001149568723
0.355776823677593
0.211267446620401
0.265827187158465
0.29167635610975
0.266815355413916
0.370609586482872
0.432991624234841
0.251233350301122
0.418239375192084
0.260618005234027
0.388750439888892
0.241109645295928
0.413128187457126
0.326915715133442
0.340683876466028
0.121216074327687
0.460161888989216
0.366745666740693
0.359352687766442
0.330807353353232
0.222857821773336
0.259315256232074
0.297063204008437
0.299236057378756
0.362983256501302
0.188396263361599
0.293611511823222
0.264031162254946
0.356249199359795
0.298116773237879
0.219580342005933
0.322557609976563
0.467088042300551
0.29660714961711
0.390019671177012
0.317487911292905
0.309549356890851
0.406723352789765
0.430021917016393
0.485364943023909
0.266672444380619
0.438913341001841
0.421072268646672
0.386135627572003
0.390323550299068
0.427506925310419
0.450272868784222
0.374071745587644
0.440597011939549
0.480075164313829
0.472560998607693
0.31694454464379
0.445587639602217
0.548655467774562
0.404487087800804
0.358884735474872
0.402446224623471
0.464080179347539
0.646857027586744
0.440276726203469
0.478558711048221
0.328701356322699
0.220538036739687
0.347332356891679
0.345199286548649
0.50652160479245
0.326395516461953
0.430664041675652
0.252446596015301
0.404638413059693
0.435733159034689
0.420657190877625
0.550306501917121
0.47191399075044
0.637839223935583
0.554506753959263
0.492627102473874
0.61511908471958
0.588922901066625
0.411742361144353
0.592730571240337
0.425105622046614
0.433587946339303
0.480360202346965
0.346008046754493
0.426873046197075
0.548736805815206
0.654260500009774
0.709684388751176
0.380042453162231
0.489447750102229
0.397383956913456
0.59161097541989
0.48561634603317
0.491554561307766
0.420524141126358
0.333181848469931
0.433996353568727
0.427534216204521
0.496167061032569
0.55242131228755
0.545760393467128
0.501721593766574
0.439822879360108
0.633360625477674
0.444723198473248
0.464679864465682
0.399402851118757
0.525999427170198
0.468696808278085
0.335387691931035
0.578212574261988
0.548046531470572
0.504930927681136
0.547392776011882
0.5333281138673
0.456522504077983
0.409994005043317
0.521255322955842
0.666206624388951
0.603156886636704
0.465417134811868
0.415658801912647
0.584624239066734
0.499520835340919
0.609921160354792
0.58718161744771
0.493003099618673
0.619494190834532
0.604776992749483
0.561989015656549
0.545499440925866
0.662115430871123
0.483422303810751
0.496044662745972
0.586324411273034
0.636901265486202
0.488330269824767
0.575694907858397
0.581834453383106
0.321481443059332
0.653622823919609
0.490529068766256
0.33979737363009
0.763227501521418
0.65262586669476
0.578688535516491
0.519400748147476
0.486764096328227
0.633038970226159
0.553379789595891
0.661206248708582
0.621182426718516
0.621093974364562
0.622830079315121
0.680128444536112
0.622428350749086
0.604858851497199
0.638964692389355
0.590434266962278
0.646851925192321
0.769155507119564
0.55529437656844
0.491856428662545
0.498337766444169
0.74288376378803
0.668790577824716
0.725503036256737
0.498552865540362
0.640793520313622
0.560548406682713
0.632480777811492
0.52659834813048
0.58313418897461
0.64525555463128
0.748370522411038
0.617395444157098
0.741642352532605
0.624225952759158
0.610568310690705
0.582152006432055
0.541820072602263
0.72072362867012
0.848047390038343
0.674719532263324
0.723240131541064
0.621905317010123
0.741438602398863
0.792932710951726
0.561459139859465
0.698856723567675
0.612512803940683
0.612217048541553
0.646005470425642
0.753984711193378
0.620485072163209
0.639544105867165
0.642958714303995
0.522620934729761
0.628658918997029
0.745195153769407
0.54768986778191
0.820745069035946
0.644047757474078
0.704702592473781
0.577388542706923
0.783826465631174
0.672438322894738
0.727620671773501
0.825723572893176
0.703615874630211
0.793693132479251
0.71460804899093
0.688857205390043
0.757408033621903
0.825875447987282
0.877882806694464
0.617574001797704
0.677337914066333
0.811773209780279
0.880193356906027
0.716014771297242
0.665458190003516
0.670718324915434
0.748277759759524
0.701188948933026
0.650502835455752
0.68357672123571
0.712313936909837
0.828040279572067
0.697666237070174
0.721541938211556
0.809691859227973
0.860692252289132
0.755259358866847
0.743177748778794
0.690566061251359
0.715143190779721
0.607279139975944
0.731509512134202
0.618797075406068
0.750563895130269
0.660652033601452
0.880024948529939
0.918454772810158
0.786805928571482
0.90588445497666
0.775765513845893
0.815248282655397
0.760575605422588
0.730130011882277
0.698243236438763
0.722871922939348
0.700705847660786
0.67903798315626
0.666431640600612
0.648156685057713
0.806955467457154
0.687953527838155
0.787904158025566
0.732505189067131
0.768342240520685
0.736677263185797
0.757149954727552
0.826503029236404
0.855873958745541
0.823765439779119
0.784373811570164
0.732513941131591
0.865243563676637
0.929361768136807
0.992862421618666
0.811265593053983
0.809793646885708
0.88391122480692
0.77200129203936
0.938221994175065
0.772414527736776
0.835998885002495
0.899623852237423
0.961497767159559
1.02244419947834
0.840445693785417
0.83041929302418
0.803877278404746
0.724400660758988
0.7606859683694
0.91317006736636
0.932430377232219
0.89701450807215
0.963499862247323
0.772126328482636
0.898922000250011
0.910056732751924
0.726588702182926
0.775931683969193
0.900653915500997
0.837100671443666
0.880613115124894
0.966814713182838
0.894192603660967
0.942036654995689
0.887678701156332
0.881743558824304
0.880067827824693
0.934102023904746
0.871588321071432
0.957306979606505
0.861105813480488
0.882308847477533
0.947389229957354
0.785295456970797
0.951028001014315
0.907500831263754
0.720157768699033
0.730123755827599
0.910289538972856
0.82863187398351
0.916263014069659
0.815168262967598
0.944542428128964
0.905420084121825
0.995939624254199
0.922315591278489
0.928039614728059
0.89673389379203
0.827548595696387
1.08165103078845
0.968442112131904
0.930212887304181
1.08478971806274
0.879564341286734
0.930255989452992
0.982462072498078
0.998046505710821
1.00173495394109
0.837190575694497
0.975315910038787
1.02907119375358
1.07088589104665
1.01572460590695
1.15761255782727
1.0633019376144
0.940788320681071
1.07233172759672
0.869851156399784
0.96018825309887
0.98743321860424
1.06764973256875
0.943707633454969
1.17735152717236
0.943021531228405
0.973545001217885
1.03042439264064
1.09222162225937
