-1.07054574444219
-1.03084947694695
-0.831728169463476
-0.936857222837723
-1.21931443626369
-1.03778351260351
-1.03391032854406
-1.10550155368986
-1.16888441600378
-1.05690834714782
-1.15525946998931
-0.886410579448165
-0.989773425143836
-0.903747387422966
-0.993840999599088
-1.03622849202705
-1.0610191553863
-1.0900563609844
-0.933074148524566
-1.01815423044215
-1.11461181115539
-0.93456177268319
-0.829295179185151
-0.919190976760469
-0.902691149759107
-0.964887438800187
-0.91359470363703
-0.938900275406806
-0.944900886879388
-0.839915706544125
-0.822919709428921
-1.10166916757234
-0.848303126649855
-0.826679365321423
-0.860139017566458
-1.01099143456888
-0.773935900007581
-1.06963100050958
-0.914725469835677
-0.754682528738291
-0.836028835714951
-0.816195994443291
-0.932093063445263
-0.811602180628611
-0.812591766032696
-0.970872123246468
-0.804873954765528
-0.882683220649244
-0.882255151118401
-0.845542577820798
-0.908261494176657
-0.938587118912674
-0.948884488585968
-0.9113529596485
-0.878768603746483
-0.926244161383173
-0.924152993593801
-0.878504580227403
-0.926983893684212
-1.0196173851117
-0.987426155019038
-0.824999519907156
-0.82409662176476
-0.878966698085203
-0.871275380912233
-0.782989542419717
-0.825422372310505
-0.834897175919671
-0.834635959836432
-0.870084024407218
-0.874699205373819
-0.942608292027737
-0.720835811161734
-0.762093691170911
-0.855536341983326
-0.846862486685498
-0.74437954535745
-0.955466944646516
-0.821470534865688
-0.779411727137666
-0.853362965095754
-0.92557887942074
-0.799341246275014
-0.849681956334054
-0.809731634925382
-0.79862373321041
-0.79836379543531
-0.950031774869804
-0.949505276699012
-0.882158916236987
-0.80527614541426
-0.880297270252452
-0.895385580373399
-0.750041732973844
-0.908620446286538
-0.891908157172879
-0.776818047494387
-0.940419589485955
-0.748525229636179
-0.751751092293073
-0.682596176523029
-0.969335522364387
-0.569894637846709
-0.81195481842381
-0.817949224906513
-0.752967952577599
-0.633744278441783
-0.753989636906498
-0.671429036974697
-0.581917497888135
-0.828759128463365
-0.674384659015958
-0.752716325086476
-0.739433499545875
-0.825439687427986
-0.709306776640475
-0.773686002648582
-0.732056574193622
-0.799376122240395
-0.692927122080532
-0.716001400699342
-0.719681852092358
-0.76421542929652
-0.852543765504616
-0.576708319393259
-0.876922114020292
-0.801089782593858
-0.713625546167069
-0.73237049962922
-0.895498218203039
-0.782154982695183
-0.721634899121591
-0.783942727195879
-0.606105348450929
-0.632907102952586
-0.617477104625496
-0.751979187179594
-0.714523837543153
-0.614732504644911
-0.656472120033248
-0.682054790272396
-0.638289661437021
-0.818049664500538
-0.752513421389988
-0.813401728089212
-0.670533728289966
-0.527345903867033
-0.628117869002298
-0.685847839024123
-0.651933234446064
-0.618326550991771
-0.712596825099332
-0.699117192399687
-0.68375634964566
-0.64163390407222
-0.735505264093568
-0.780384828082924
-0.714118989929739
-0.66497587537459
-0.734795309835841
-0.694306593580069
-0.827805389810857
-0.712344894544085
-0.669490239769704
-0.618299151999592
-0.591382796285717
-0.536703534328763
-0.657920205106999
-0.622454901060991
-0.697423430657057
-0.741202102327308
-0.769920390461334
-0.678624338320444
-0.782817014697567
-0.762212563502297
-0.509108608565272
-0.619111438930181
-0.660074778341869
-0.698590288511828
-0.692488253250564
-0.632496608651763
-0.71834846063527
-0.671928828481479
-0.633959721346561
-0.531498083300994
-0.598539228043286
-0.705174764772781
-0.68439487786632
-0.575505502192396
-0.721527093175261
-0.758063536455603
-0.640394678973692
-0.584075648693906
-0.574000347664944
-0.682099921934765
-0.629311544490919
-0.653885365484626
-0.299536374897126
-0.660237556660061
-0.650830639324651
-0.510623891406343
-0.556608224132153
-0.640831462151475
-0.531060617577557
-0.683364796243183
-0.609556914229283
-0.768757912269768
-0.657590161776728
-0.615418369049072
-0.534534844984322
-0.598263436240201
-0.541991475023127
-0.429879826982423
-0.504203848008791
-0.507354693184691
-0.532668243786255
-0.723793940537053
-0.630612771938222
-0.514247129412686
-0.585343377224598
-0.498650224474179
-0.522259907923947
-0.601714051467731
-0.505820396800578
-0.620524452142581
-0.609399448737963
-0.593519061949312
-0.484668407077838
-0.512348804488681
-0.604290312446493
-0.506838167267459
-0.503992453289207
-0.536384625210448
-0.567551527401934
-0.540376594717221
-0.43235379598496
-0.456332955968486
-0.542066380938621
-0.54701376784364
-0.606324479977947
-0.477659942077275
-0.391310233299172
-0.532967242520886
-0.312798166458365
-0.533938085488325
-0.562974459718589
-0.54680949178099
-0.564537109765161
-0.329207099159816
-0.55174789403489
-0.456983568882166
-0.486745501190312
-0.511447548228681
-0.464848928879079
-0.352219449621945
-0.449925802233059
-0.470329899660816
-0.384463404189171
-0.585119975668497
-0.452196330141949
-0.439012952995624
-0.451302262540763
-0.554128908243615
-0.432044136928237
-0.526785738124357
-0.550263275547249
-0.513342209777479
-0.494076994377063
-0.482472321098712
-0.589663469360023
-0.505153496657476
-0.482368012287785
-0.454356342177429
-0.440570835291801
-0.46085701743799
-0.651569718755044
-0.589039620955232
-0.234169017029616
-0.531892758243256
-0.347891362503096
-0.44004682680186
-0.508877415931023
-0.477808579729829
-0.368858636764775
-0.379742863581895
-0.41699183935123
-0.548774445306258
-0.474022523839038
-0.379499504371606
-0.365001216835761
-0.457631462308216
-0.305036122750427
-0.389493558217755
-0.504541175534996
-0.464595595741061
-0.480770443826224
-0.491676092168789
-0.247402849459047
-0.412997327250202
-0.397826286416485
-0.407001559155708
-0.412306046483154
-0.408932568916395
-0.390067819474571
-0.488809543615248
-0.54725277613183
-0.511133633525534
-0.342785752637255
-0.374173467756057
-0.390904119822181
-0.399559626883368
-0.288786066060493
-0.449403878254538
-0.305695249928785
-0.242909689171342
-0.53793187390248
-0.295605356115314
-0.408938363604482
-0.346405527897446
-0.273178931870099
-0.386942116156414
-0.514061544713702
-0.309003760289065
-0.346114614548788
-0.236667081100506
-0.285678686046985
-0.36429450016551
-0.392534889569883
-0.411668097913879
-0.571614840606001
-0.170872615791401
-0.249670423178202
-0.176779886085662
-0.258725742107149
-0.387463819936918
-0.385026337863608
-0.185380406371158
-0.43818483409819
-0.2900400308599
-0.294015477247043
-0.366231448001231
-0.402981233216781
-0.308796677147639
-0.40658426619845
-0.222735833599446
-0.294388261960311
-0.214910529784826
-0.326244045986147
-0.36073584114376
-0.217824022053774
-0.264899604074654
-0.297384346625742
-0.333269904917268
-0.420446459803636
-0.249115059200455
-0.0918885461416898
-0.109027483208711
-0.135687965096989
-0.198690769729334
-0.488628490230602
-0.227140047805952
-0.432281570610378
-0.309262751385198
-0.318601701014121
-0.224673888996695
-0.282382404852563
-0.284096852666635
-0.423787975023355
-0.231021410870958
-0.325050784649023
-0.234615455210143
-0.411274309917804
-0.291201345150705
-0.212837406621646
-0.287578688544476
-0.268337536868306
-0.407500061599385
-0.134084229638418
-0.106969037511566
-0.242494031180559
-0.169656415991411
-0.152420908216298
-0.403032364982896
-0.294068812592939
-0.295578342034157
-0.25096948236234
-0.188849110581724
-0.284506919911737
-0.202716799280266
-0.183705464612009
-0.319505667025796
-0.0533954031082644
-0.255386728543704
-0.169971544982699
-0.235830188317876
-0.0916632960784652
0.018197864294271
-0.338301524807825
-0.201196148650246
-0.192918765615809
-0.217136405668931
-0.223025461330299
-0.0731563924379927
-0.160438340405302
-0.343217335168006
-0.206055920754166
-0.232657217147032
-0.127438239259878
-0.272533528957961
-0.226019526135381
-0.267315173661973
-0.118192660517464
-0.0897314612275709
-0.153283020471289
-0.191975213133237
-0.148656898789166
-0.0806197195745674
-0.151786035916403
-0.231564513689671
-0.117366530890259
-0.281681787106788
-0.207896775941389
-0.135537689444628
-0.0859377934428883
-0.152382441483449
-0.302664906454519
-0.0924043719280914
-0.130062848307994
-0.169352335072734
-0.0180616922547571
-0.0363199115372896
-0.173057411018037
-0.146396483092332
-0.201408906102178
-0.117863333553811
-0.260202310676891
-0.202438140095422
-0.165840204358289
-0.089197028865985
-0.18618935624947
0.00219717187467817
-0.15264706562404
-0.064346382603947
-0.123498519599503
-0.138402147117215
-0.0387468744529163
-0.16730501488745
0.0378854803630586
-0.0535095808300703
-0.149510788745183
-0.224444689247999
-0.0698789810216975
0.0216893528910821
-0.0643365579043143
0.00255126581749239
-0.0961237086424277
-0.0348273770064976
-0.0371512724412752
-0.0117046779387578
-0.164673408323054
-0.0529527427409799
-0.178024251885332
-0.0249081709601573
-0.118127688590906
-0.0947525548851916
-0.0715243081303052
-0.0952978710694732
-0.137418762328712
-0.116559064105683
-0.0507899122864661
0.0260672875318607
0.0034037193310465
-0.000121161360649329
-0.0695030162310337
0.0447271178964042
-0.0380557130380024
-0.135706257888512
0.00787422530576949
-0.0417452292151059
-0.0350722214428161
-0.0879913625677639
-0.0303628326089909
0.0315919171176029
-0.0742478770698599
-0.0389520902163342
0.050206171751546
-0.0595886022540617
0.0857821762010564
0.00182768409284093
-0.0126978145834116
-0.152113041988606
-0.0590616243604743
0.0375312761135244
-0.0658453002418008
0.0417084528061328
0.115243336769256
-0.0846200834943989
-0.211139712264056
-0.0866112810437366
0.0180735701254867
0.0401354483409716
0.0455947380024187
0.108936119667966
0.115146168995152
-0.0141642915826125
0.0323677259801358
-0.0396722874152923
0.0116434996027206
0.127010506652103
-0.0341202769294656
-0.0458967774468617
0.0418629816060881
0.0682165448553213
0.0154296268949927
0.104279111089584
0.0292836741006614
-0.129140692366335
-0.00226626535220419
-0.0485437317976879
0.0510577323514906
0.0494624668026822
0.110669661088966
0.00981580395659322
-0.0745126477269815
0.00299936540080139
0.021571024214743
0.00925753288905132
0.0622804143410281
0.10952136780366
-0.00364986326401342
0.11410883096736
-0.0487969315253998
0.0264046717015732
0.124698211358274
0.156301703780704
0.0696282114150161
0.14260752173973
-0.0347668387096657
0.115992813025628
0.0104880780397278
0.126622144077057
0.0774015934805029
0.0339959407746652
0.0893612599355217
-0.0671747814326356
0.0445986353130307
0.0200019486217981
0.185203113487035
-0.0187034310753864
-0.0190252007591638
0.0110205793013741
0.0301867574185036
0.186231314624921
0.144895096485233
0.101582658372506
0.0563468567191041
0.205590305235695
0.110250353406058
0.131850085768862
0.152827311539401
0.133525096507378
0.153710610927645
0.165224428092894
0.194460336445892
0.154556107333444
0.321378195630642
0.0976554707267154
0.111253326705797
-0.0780177518851888
0.0342613203190152
0.245267855884871
0.140131602790109
0.295819358277145
0.169501276284198
0.0505008171891038
0.180831170961716
0.129991323532479
0.111277197802924
0.245556919556987
0.212815865824269
0.0678047315212161
0.0631245610586431
0.124047033887416
0.28188565420158
0.0784514924042679
0.108951285861918
0.124143463238288
0.274536935167688
0.209323128198014
0.297508109324092
0.0727060010571362
0.350127832114999
0.279821626793252
0.108671342027245
0.17290798246087
0.243882283667707
0.202216749821054
0.115008575680965
0.228064830683636
0.132597476965724
0.187439057306781
0.125080532092581
0.207661184682204
0.0881028205328464
0.306453080348251
0.321544614044078
0.227973698523457
0.302517294037477
0.341940099089458
0.159291318032965
0.291909259579927
0.19487630196811
0.281716314152725
0.327728667975979
0.206986635548731
0.172591856024329
0.0978318548775921
0.283183336334939
0.216387030089505
0.248329373945641
0.202618480370802
0.191828641847091
0.250970425320972
0.151245613451418
0.13648504037149
0.297156478685685
0.281090575709257
0.294652383501366
0.405439432936908
0.275961007854501
0.316271495199762
0.238638744930289
0.256843065833306
0.247559182690452
0.289387044050688
0.296507776840201
0.362274044510064
0.283109493778254
0.405131495318651
0.149067596628152
0.346410373364375
0.329633289836982
0.269795126666809
0.324717563078013
0.233203170740253
0.29908308363739
0.336289204793127
0.278036535508724
0.352505404173987
0.252753147407738
0.287430105292921
0.319236005957697
0.36897511803232
0.367376433319127
0.281394648706324
0.283959571138958
0.360171600664282
0.332681874924693
0.268971091973814
0.303934011535039
0.333472857513177
0.195320341638363
0.323994849981037
0.343258660707355
0.36047990538926
0.450205497886978
0.352433580259278
0.379072123373964
0.284601475885245
0.281277980767509
0.251155082365851
0.416069288014204
0.333424161261023
0.229297654912192
0.367166094720815
0.367701960111612
0.264436636455289
0.398660822363123
0.42080230520419
0.323708249164827
0.239418669016152
0.381361982267474
0.453304062259761
0.313339830393715
0.226647915742887
0.303039080588139
0.330602957087811
0.341014629269582
0.473459516749996
0.507181563635619
0.272790241933986
0.37095428946972
0.192910393900066
0.484372016198354
0.357878038548783
0.303480328964609
0.389421002403287
0.43227461084587
0.352375466478509
0.534948334446473
0.285984642988789
0.523034167647983
0.400971667240619
0.368675431094315
0.473321677061378
0.492801100246319
0.21601757469723
0.403335603242663
0.450294364241657
0.447134898339648
0.441933279673657
0.604793159175805
0.35137068596792
0.433459719598987
0.42356780780222
0.396625767993574
0.467290291228616
0.414682819449924
0.360555943297812
0.381784189814047
0.251640889879236
0.492683108047549
0.412377253850258
0.437663056676798
0.403277303467054
0.392101660819249
0.574572001745678
0.35019730739764
0.317674018443455
0.365111557314808
0.312755833102382
0.44184571212531
0.375302704940299
0.275704452103188
0.451687575780912
0.491630572956541
0.401266848645866
0.53735379242612
0.529225441875559
0.561885264474866
0.505617207243274
0.45686796042886
0.627181724345966
0.376633359579768
0.552290995782648
0.564858714309286
0.459292894208189
0.446716655337159
0.439963788220335
0.550052139032926
0.518739183268568
0.589262713014916
0.472152854885697
0.599268419367827
0.563972855981405
0.552189386704911
0.514292700623486
0.598705128178712
0.641118340791437
0.613990120969906
0.466441798710789
0.510992084802798
0.511376681367253
0.413758768854845
0.611698451441808
0.568976718760947
0.72176722339099
0.612376730620004
0.465752011427183
0.478517676507131
0.637889174020562
0.515538419464333
0.389015788337663
0.60404559713903
0.556701652537311
0.596384719196355
0.474276425716844
0.62652650950414
0.728339912495363
0.519543551403657
0.583027998687355
0.42952222896318
0.5045575184303
0.681378389760193
0.674263688623296
0.67357064336284
0.577840354008175
0.679620748267804
0.568069414087326
0.760700490953399
0.58796478807468
0.44574809233269
0.476376582944465
0.559710003354073
0.446994831079808
0.67179260026214
0.559074390132594
0.421433648754628
0.68644202582388
0.447039893091811
0.60194696222445
0.504608777769402
0.592717689092511
0.616286894568954
0.511075272388153
0.753993234402269
0.57359121226068
0.621350194744503
0.707281191959106
0.61318561263202
0.560114449385528
0.620391799107305
0.587004278964847
0.643217050774992
0.514419697051305
0.597727133735821
0.700806837192022
0.529537636490531
0.670127662200568
0.53075439535557
0.679016467928393
0.661290031261088
0.729959017760618
0.693796169425462
0.770357669729927
0.666827760368252
0.661399149388011
0.743719762183199
0.674869736557115
0.728653050694435
0.618313132140852
0.782951029016773
0.658721696804262
0.693819315603072
0.694216275748992
0.731368805088498
0.849688700791679
0.750052632222276
0.690228797092886
0.613828052198106
0.711763235273481
0.604399789892933
0.662408855671355
0.660633392985046
0.665999380299913
0.739348974164478
0.725453420114776
0.556099100433062
0.684729181117422
0.646440850702594
0.734798460565841
0.790990370633096
0.621277509188011
0.801424209373968
0.753701404222034
0.875842779173811
0.701132963905047
0.739019294534357
0.605959922464175
0.734584644334053
0.64663640691162
0.825154596511893
0.658334479121589
0.740963486177834
0.782153160376161
0.799546153597374
0.685611332405921
0.713779193336473
0.836949836018208
0.706911614005067
0.763215538781628
0.750531272355576
0.738290021031122
0.797537291086556
0.700530923552671
0.840970818417859
0.699975486858548
0.784811293711372
0.642442240404607
0.696870133382505
0.673030221554005
0.80184613953028
0.861818469750374
0.826514813315626
0.712533954888952
0.760606941054381
0.699468854019791
0.871030097232463
0.673238489578947
0.772377564162815
0.782664240992446
0.671595436306934
0.763573302995496
0.699558966892554
0.634987699480622
0.932742851185244
0.684071518344321
0.763083813783624
0.847862941840432
0.753997358556937
0.736336709569002
0.712981966239961
0.785075344808418
0.72138746421018
0.906607050830707
0.908101070010079
0.723946518751317
0.935980096972295
0.868328021507674
0.968792130567986
1.01731110482529
0.815833154534076
0.806565343347453
0.748867820508328
0.844154258770359
0.797674344422814
0.841572012487289
0.798281372099202
0.991709027514994
0.774248527322036
0.766220643639388
0.810976865769371
0.896061393380841
0.80668926348463
0.885614002607991
0.825977888857166
0.912510334299273
0.905502690831954
0.837162755929517
0.807626184840234
0.783206978652166
0.817741758230195
0.82830668967771
0.809295011401613
0.824352920344537
0.936416370222661
0.921430430655988
1.01465134372395
0.773065074782176
1.01501336754696
0.720700355317707
0.959704992780919
0.991665355450853
0.919865934717371
0.983136608377139
1.02667009343151
0.868486168849179
0.838777719061475
0.975247208351963
0.871379517284867
0.926405807561658
1.05413707262492
1.00072271263539
0.93769844223875
0.882212658588839
1.09254932860508
0.935514361919319
0.961745371615915
0.969554821130853
0.936719937991327
0.944338525695712
0.933522941860613
0.865946847274135
0.999871786135179
0.859307016445018
0.926725738659625
0.939526901446047
0.901498007142688
0.883647711872429
0.882254934366172
0.772767151730366
0.819052538287504
0.920003651338822
0.983977073197775
0.945220028812638
1.0346510678306
0.964679043275631
1.05026952684734
0.952173499418423
0.986844121372151
0.992486414403314
0.998305983832097
0.988966979975559
0.903708649712917
0.944441910568052
0.955494489447192
0.947786782109997
0.921522886539927
1.0419293395796
1.07783492960418
0.854983090092241
0.935218842089708
0.99860785296653
0.921141606508493
1.04585126025163
0.935324665158978
0.97436017075239
1.14196539191871
0.947617217423263
1.14469784912839
