-0.855815368102776
-0.951364268571609
-1.0460630305446
-0.937460629247197
-0.803993907516214
-1.019053357943
-0.918027216820771
-0.987605369185675
-0.942934431457767
-1.15616872629045
-1.01866780461681
-1.13791977565161
-1.06284461723661
-0.973940541267784
-0.876143032883867
-1.00027616722699
-0.93410639478133
-0.913326562305248
-0.932532201793817
-0.838178571515943
-0.848978460103298
-0.961318991106027
-0.91294249728763
-0.910026776745276
-0.928137421746914
-1.06957425970502
-0.98767412150912
-0.858795154416002
-1.02962681512798
-0.909743133496732
-0.8777288460943
-0.881969070377643
-0.882365335251695
-1.01107981188267
-0.798274756964983
-0.920622557276208
-0.836164303115653
-0.937490712860361
-1.10108165373355
-0.808034555682318
-0.742279195390254
-0.792342437637054
-0.893305235466941
-0.934478275771223
-0.947251359543586
-0.840686294413565
-0.864240461506734
-0.90318352413708
-0.833762870150813
-0.945016401174783
-0.977777903884036
-0.91508219321044
-0.899741097210807
-0.904059945186084
-0.854598120357823
-0.942320815952072
-1.06794989018068
-0.953244632410156
-1.06046062194724
-1.00161516615286
-0.781915618651878
-0.871698038396682
-0.892758542937917
-0.886480351028541
-0.744995136175105
-0.932804654564169
-0.806806152262327
-0.858078783534072
-0.775350426576421
-0.9071547896459
-0.766902125910241
-0.84226384037319
-0.767684715800948
-0.875402179204652
-0.811245933121603
-0.814642769886284
-0.983949331401892
-0.871356345072855
-0.818984017631398
-0.817314134031223
-0.798483763633461
-0.782234293327849
-0.905535002849821
-0.718176191121942
-0.863068337248297
-0.940365885091316
-0.734490573928245
-0.869833367267966
-0.754274477681182
-0.815918518406403
-0.899403780589127
-0.647345085705644
-0.76822189798829
-1.04547749903407
-0.847082077197812
-0.619785654955848
-0.806714840129415
-0.955702716209341
-0.763604563725179
-0.779001502053066
-0.753421390861256
-0.721161921176256
-0.840680234295522
-0.875505427509416
-0.636107513160966
-0.776808198926537
-0.820769446902309
-0.844501730959606
-0.800421619903524
-0.888963098527064
-0.779332269614166
-0.749611748139988
-0.735561380408128
-0.687232039551363
-0.847537913649955
-0.737425965722217
-0.758780553761033
-0.838104609078537
-0.7320197623796
-0.834142407971716
-0.935331707554199
-0.774164429869295
-0.648948780611606
-0.615470873958428
-0.564799910402918
-0.660521492403224
-0.791089468076992
-0.746133809889447
-0.843613199885033
-0.621108867062313
-0.645620286087631
-0.732719823718882
-0.759543796393684
-0.771615686693507
-0.787945501144952
-0.772043117887688
-0.72379733762632
-0.572912046639451
-0.724531400193851
-0.608755091014486
-0.690685909889341
-0.785757070869012
-0.669272755622921
-0.885807671776569
-0.723714576038331
-0.596900461489344
-0.610510696734159
-0.690026459075568
-0.736821890123828
-0.549114328780019
-0.635383284321429
-0.693666287157937
-0.622361631907263
-0.6604506924746
-0.658775541678952
-0.744787170903848
-0.672724293236313
-0.880140554322984
-0.674614973502909
-0.842421556435722
-0.680996999290583
-0.570202258749906
-0.660633854194004
-0.750122192725329
-0.776150141510496
-0.75473505930425
-0.728494991163118
-0.685740614408893
-0.598394141676418
-0.636582202276656
-0.750979592464163
-0.714112853671853
-0.621389204415115
-0.669226868858871
-0.557268161215422
-0.47838878565519
-0.643275716307965
-0.642216168341125
-0.590499314693985
-0.664836871992501
-0.828353341183255
-0.698191364872318
-0.68330999039633
-0.819652337683526
-0.698403592557698
-0.727792813857691
-0.652094892712704
-0.662239902621844
-0.627855613533503
-0.524675825205978
-0.666420185342423
-0.644788061607692
-0.626475884407996
-0.68450326384544
-0.608134243301107
-0.603275273856513
-0.426155566008439
-0.689777665972537
-0.668788478129566
-0.657150991966055
-0.521563148484833
-0.552344264359209
-0.445315287141822
-0.591863659877677
-0.571904546567219
-0.388257349264216
-0.518969917730958
-0.493220775464115
-0.48994557556896
-0.563359902707256
-0.572887324375777
-0.479378605499883
-0.607368189630338
-0.50398344102255
-0.429396003878419
-0.522326417243962
-0.59312384668372
-0.431246763653169
-0.738017325322551
-0.445083159207144
-0.509545080410352
-0.431217911913732
-0.649275198052858
-0.647994177766675
-0.579770330331761
-0.610206627745345
-0.568049146214992
-0.514996377083994
-0.483954052954166
-0.528014781290296
-0.521516498864428
-0.60434357993214
-0.446072044126448
-0.481123772195349
-0.556589350873539
-0.517771807912978
-0.558243472652628
-0.512734019293793
-0.62320985469851
-0.460633199806338
-0.516805943084227
-0.664164687728509
-0.419327854553203
-0.650153806491906
-0.596977136691962
-0.571480795930697
-0.454534934672849
-0.502558619778518
-0.438050632180775
-0.551423176935933
-0.307881657369648
-0.459870447319042
-0.416986263700459
-0.500642780558236
-0.513975438405691
-0.489660884887665
-0.53791631149206
-0.636424272539447
-0.505266678937701
-0.481323507177314
-0.547263690756177
-0.528787041953344
-0.361956186899176
-0.511995740062216
-0.521852498575439
-0.346276507385436
-0.45225991290742
-0.403939627145188
-0.546403336266513
-0.429191089913807
-0.382692398865136
-0.531499942372281
-0.573317545491325
-0.594204653334344
-0.410647499907153
-0.390629377037732
-0.325661189610058
-0.373833470165197
-0.616846166904986
-0.34773463441971
-0.48297543951443
-0.595613443809445
-0.430459236984818
-0.472612991711974
-0.488935075754333
-0.422233998128081
-0.430480923689037
-0.475523054736123
-0.432163792364934
-0.451298205525571
-0.53111415206677
-0.429238645216853
-0.345183475071144
-0.38347765799289
-0.467977629977446
-0.303331160501882
-0.228117413483983
-0.362750774051501
-0.330042568881047
-0.463651415890435
-0.520876958360418
-0.305365404360963
-0.388972158384005
-0.387077819055554
-0.321760313009229
-0.267519632591052
-0.315047581209187
-0.37327594243772
-0.340555199635412
-0.263376509843658
-0.414247181927605
-0.247395227154717
-0.491418287677921
-0.258164082541584
-0.336224340432137
-0.41606892599753
-0.379228157107448
-0.504828833407904
-0.286226400923636
-0.281223312168513
-0.366484076673765
-0.358066306372372
-0.395917419887079
-0.292033301917118
-0.381810134850367
-0.221937179883775
-0.324233350672059
-0.340033513437764
-0.39770048955127
-0.388654729325764
-0.37842937428196
-0.290988730167787
-0.204217311490888
-0.397101248855172
-0.442312165667658
-0.202523603558103
-0.257402433096423
-0.360707803119421
-0.301399369418836
-0.249353523048958
-0.34305859377155
-0.282003126217022
-0.23526329289839
-0.309018898051251
-0.421029064106983
-0.292433266959138
-0.299074557940896
-0.254685890353735
-0.257849800918729
-0.355015049504128
-0.300935531019684
-0.365306448875759
-0.34351272166668
-0.214694754651942
-0.436991997580598
-0.193064524338013
-0.187071560470099
-0.307138164636267
-0.223331650885418
-0.339870458748473
-0.25820541353119
-0.359276425154048
-0.247906968038462
-0.147234945011447
-0.287555621722542
-0.502053959390282
-0.428435134766346
-0.25889134619719
-0.159284262306905
-0.312659833680478
-0.164436693050877
-0.287142016542573
-0.364910565863984
-0.280801530561794
-0.25922677821446
-0.358176225167185
-0.188434070447815
-0.326741385062017
-0.274212903909709
-0.353548839560349
-0.224768788471666
-0.2641027717464
-0.333903807867514
-0.316010872328483
-0.103055561609952
-0.220251996481147
-0.272068852540846
-0.212755829335028
-0.323099479993871
-0.249607180803771
-0.254401066379648
-0.165184039765489
-0.118287100478347
-0.133776595928603
-0.258958825746701
-0.284608987549468
-0.326952537116839
-0.243583042042912
-0.134546880458671
-0.193229174982079
-0.149226367194345
-0.274109196345746
-0.158666340011988
-0.115861321566492
-0.220389226917714
-0.109267877792342
-0.0926382211475192
-0.202223535106152
-0.327495551564377
-0.106140501352312
-0.0984782495745517
-0.105253751392846
-0.225408405505961
-0.33171088339608
-0.081702398228756
-0.141240346814683
-0.233792965466937
-0.0242029305487237
-0.331117264985437
-0.108610887339672
-0.0357360068480751
-0.194601812413202
-0.148134156576904
-0.076752936840719
-0.22013593924741
-0.139757133448934
-0.111795583952976
-0.200268272061327
0.0356689957122678
-0.220491253736723
-0.221153906694801
-0.0191968725345424
-0.197199138336468
-0.174107705942375
-0.169330127462505
-0.0869815167141091
-0.0418756955761548
-0.143273516720598
-0.19488807401574
-0.115528272131392
-0.184636033013391
-0.0951263711045022
-0.0852212304095533
0.0118202198072379
0.0469186758270771
-0.230504815674775
-0.0422176940193239
-0.189154156268147
-0.208149651538141
-0.073914851574259
-0.288697451987255
-0.043151884614652
-0.0426536592199413
-0.152658020740532
-0.174965489763954
-0.0371298490754656
-0.00482615205414012
-0.12618718112376
-0.0799870237472879
-0.123070041083028
0.0362880013665825
-0.00135662780246118
-0.115069223182205
-0.0387324016564606
-0.157638673648544
-0.0623990134487173
-0.0856841478148533
-0.0746436118029167
0.147151679325583
-0.0876026817893244
-0.0821609640218993
-0.0879522956206153
-0.116262760377313
-0.00870182351616523
-0.0226109729853563
-0.126695100601834
-0.0758415933759838
0.0350850730518077
-0.122205286351043
-0.0110928284244748
-0.135324726789395
-0.057021243358794
0.00903424395941978
-0.209974301327283
-0.0980790399276065
-0.0794027849243739
0.0216759685612923
0.044570250772434
-0.0103087620915949
-0.0974083691945039
-0.0322102620161598
0.140129219890325
0.0323422567232593
-0.0911062061359034
0.000427177894635331
-0.0314269685263108
-0.104359085950303
-0.040128467474736
-0.139330453468374
-0.0794378872413881
0.0520916833048447
-0.0355500961794748
0.0500924038454246
-0.0414997543350495
-0.00949278128670072
-0.00931954923296892
0.164542359583158
0.0434112633859551
-0.0768796033668752
0.106426572172531
0.132979302819675
0.105191509673787
0.0550314935720259
0.00114858842162548
0.21495399785765
0.00485036599807794
0.0072744974867578
0.0126588095268271
0.0934522351418557
0.118086356056118
-0.106820455401766
0.0824314277092707
0.029660587675021
0.0377229824792184
0.0433776561097678
0.0353186065335385
-0.0400878294355853
0.0753901251276456
0.113912620258566
0.114097750218866
0.0275838812974277
0.152920505371548
0.141648746446594
-0.048603164135913
-0.0266799746135897
0.0487899110731173
0.277114424523003
0.0679157877560834
0.00175779927025266
0.0420281332547363
0.123587772287826
0.127672699601142
0.121986384752451
0.0296986789517219
0.0817478251959849
-0.00576412264962965
-0.0387400520153251
-0.0499154597897913
0.0344414711751983
0.0124869733675021
0.119436160237978
0.141126741744101
0.138233795502984
0.189032203974869
0.200899629351216
0.111106983112343
0.10642841253164
0.172136099656072
0.351110314066037
0.0504554922033639
0.149155817869729
0.173210464397968
0.300432174986117
0.0990751943496816
0.275094323375817
0.103895950579521
0.183320395658274
0.271402638262382
0.101210787134596
0.00818746149911632
0.209266521044432
0.262449301291196
0.203319454600337
0.0864955348399073
0.207495600896691
0.127642259679894
-0.00162426682662288
0.0756010258736217
0.187247162408095
0.0773408931600197
0.0601539760188799
0.180718885448307
0.10497446706501
0.288098751271942
0.102502207063006
0.0560258767109567
0.0897801419032461
0.140338285795545
0.0747134874597927
0.3314887903123
0.0522609096343095
0.182704716717185
0.187782644058576
0.170516251492483
0.256300975047004
0.330379325744581
0.17321402124309
0.141595379175679
0.200121650985518
0.151024828664538
0.331264773009396
0.165410462580885
0.263707365304521
0.200771056912801
0.123993626482465
0.186172980792109
0.222422294462413
0.250254924681177
-0.00918202873617139
0.282898718500981
0.215280041607085
0.191516579411364
0.0565789175708536
0.165712653439416
0.167294636307295
0.122414442466343
-0.0396204305207732
0.414012158403753
0.0727061525867276
0.270375021107011
0.291091126168881
0.290126710338788
0.182343170360887
0.229305654351902
0.266778626650464
0.221448754891777
0.256070712503848
0.140094478370234
0.278969406308981
0.26944894146631
0.237901098018528
0.206734811450319
0.285491643078951
0.259253108132034
0.246643990275991
0.130555278405483
0.271284804626201
0.223560044132249
0.259799504004876
0.335155174988108
0.23658694727483
0.289017169181694
0.105235478140795
0.347144751318424
0.3675143519742
0.330290743121194
0.252918091611041
0.289045341475149
0.425397659301087
0.273048888007008
0.268810588363444
0.426511583767391
0.253799933960985
0.299129355023405
0.378580022760217
0.343080228417631
0.374230546223652
0.252047169483676
0.398524716166277
0.189726082472176
0.442215804926926
0.48116747902072
0.408571590579128
0.426682343108361
0.412722829319542
0.419440467616146
0.373435404999797
0.319435438986526
0.364195741287708
0.283654709387733
0.472903227105944
0.296228092098476
0.303966495733174
0.151532724562543
0.302022194487055
0.262890125083131
0.329116353885059
0.361370146312193
0.366268032182837
0.36105220789956
0.350852664584906
0.30040645216852
0.35757573651583
0.386458979677633
0.434085626971568
0.473667991544952
0.0959353602307208
0.246195247943835
0.414668395651971
0.52145215749889
0.454114673273294
0.369966099744174
0.292389621641245
0.261745240461648
0.199610911178055
0.483756680234262
0.359154694530816
0.564607103605064
0.502498880305675
0.313657574059539
0.449042588173926
0.382996380489136
0.395483697603768
0.369468252209272
0.449416206957591
0.235429725888521
0.333799588148724
0.443363830840525
0.462968263361067
0.452422262836366
0.46180743586093
0.396860564310783
0.520548819190475
0.391292988064498
0.373860164282002
0.511789721708665
0.4710600020568
0.589916629105309
0.536124424457317
0.365313317761206
0.57694051781729
0.344146602916467
0.611065529924405
0.511813711795838
0.516768156377342
0.416608735456279
0.43883591969177
0.404999835291696
0.394606702637129
0.582362359645246
0.480378440038423
0.328589508449617
0.365573001334427
0.30696853993424
0.394364781170092
0.472223285355056
0.503644315084402
0.441383984453333
0.520245318122621
0.359203621619908
0.547095389415417
0.46737303202039
0.529738364003016
0.35073247150995
0.381803965352368
0.536486124504871
0.519620293669346
0.407778785195671
0.390620861805508
0.455200385460569
0.536210456374496
0.532697913495252
0.537290404608818
0.38330576452998
0.460342553884165
0.518279336253032
0.578289397818375
0.504722720220453
0.53735865143953
0.634082657225258
0.395514314078887
0.608460496676
0.554740411103394
0.449499432273835
0.558670240587884
0.69664570267578
0.457065529391164
0.502250408101736
0.422118930535952
0.556283762443409
0.554741733280721
0.649071577909974
0.497178174201517
0.65716928945011
0.549578950034657
0.410599566970603
0.542213350300589
0.538203517045457
0.585148255466178
0.546303992681951
0.567065698380616
0.662923799886588
0.53717471049954
0.547964541490674
0.542007743877647
0.669515343824987
0.62186465757022
0.582176787813667
0.597283712135868
0.577979442226429
0.576652478806489
0.549467730341129
0.516456344813176
0.582178676410458
0.715099780400826
0.546437829768709
0.674523289716434
0.495828355728456
0.570590950359296
0.498569705116724
0.662365931080382
0.624468584091814
0.438158180438319
0.747817982670363
0.773369314387841
0.761246555457904
0.630693921710094
0.576217296231911
0.701759037873124
0.698439845144417
0.500405315186937
0.664274466946158
0.614678272375936
0.699284551267187
0.693227954803096
0.535281008905595
0.692764829695682
0.546628701819294
0.621996364060978
0.735131296173358
0.649776665927738
0.717498153201662
0.538660377483013
0.590899784838485
0.701887048242157
0.532630320243171
0.629883214192764
0.740080874953574
0.668620871286634
0.618620544529525
0.759286572242409
0.767645265905128
0.741729001663497
0.668286349297416
0.724994304096849
0.753841450870119
0.515301584690969
0.811084949272188
0.630938493318713
0.822518581936846
0.656703708571653
0.795001922933353
0.636734304178846
0.651395816803196
0.666726077533569
0.635731548063994
0.669244414808758
0.671429235505319
0.803258851232465
0.707434554710661
0.626566640492806
0.668307949674372
0.781454032285363
0.620790526044137
0.593157678012063
0.87021640479053
0.661896927639199
0.67190788596113
0.783312953272856
0.843020465345178
0.591517349265727
0.620053396341415
0.56732480044094
0.868388370614712
0.584933352795443
0.725744580598497
0.637878821950285
0.741649013785637
0.783856445856364
0.838239611858317
0.63762494666606
0.672551502508737
0.730686580228866
0.861720639601389
0.755773991005291
0.685881900605543
0.766762792590146
0.80820606141433
0.681009155945899
0.657598045378823
0.806688584709968
0.746832352549618
0.742478240751856
0.741567408395909
0.792485415117724
0.828832677540818
0.804593735287505
0.638263982398718
0.672017731650983
0.728899489806294
0.687149049308438
0.741963357502842
0.845728072334346
0.695152018233364
0.938377854901909
0.723843405139544
0.680426684519982
0.839117565207566
0.741458845177774
0.770203544394837
0.837020912796087
0.725649779489057
0.902704809006126
0.850052361207885
0.732574257182521
0.800177870033675
0.856806179273921
0.74475344766767
0.936926393719707
0.798844905391875
0.938096847285289
0.810669204974734
0.783407477676246
0.790214294072172
0.688599779523396
0.792361936505839
0.783283159574823
0.818305431651773
0.759922360165518
0.913216656055828
0.983455074860776
0.910072230790454
0.81254597205846
0.871279506118778
0.820389416161613
0.808274146044477
0.764770128569902
0.780567282391717
1.0384768314178
0.836660746985926
0.721923130492336
0.936971288430925
0.89564372332175
0.913829708121294
0.835720144772754
0.917645177914486
0.896003489691441
0.86326532050403
0.831583921904657
0.710339797229731
0.920654044562409
0.942402216619001
1.01356742341032
0.969062287952536
0.87460704363857
0.822868274706217
1.01072492532727
0.848888697666371
0.879531873506438
0.80248118253076
0.917070311517582
0.70416912049167
0.782177580793475
0.928190791054173
0.825638499503894
0.898834026358984
0.780576226205248
0.932180497305824
0.974905831751622
0.953197677593499
0.949286017987609
1.03630190570718
0.914243318132667
0.808439094169872
0.964847898153936
1.06677864277098
1.04004924281051
0.82911165746699
1.02493933970009
0.966000452502735
0.826040998658523
0.794114666577279
1.04101328827192
0.945234952643602
0.954096991403269
0.985972209108219
1.04360673659946
0.900478915015829
1.10113251341021
0.82683185537808
0.980904411924825
1.01136010043295
0.969233897888677
1.13089500277117
0.841484877086089
0.918660567392135
1.05097173362624
1.0281561172394
0.904357695893157
0.986403499484767
0.94891075594221
0.952954211213177
1.01290044642432
0.889947440598405
0.890561829995698
1.04624444150934
0.949466204159937
0.935732741481395
1.08654246029725
0.999001495969058
