-0.895350203628378
-1.08280342034531
-0.963271706128385
-0.919369483487721
-0.962682647160432
-1.01887445100388
-0.993392186448205
-1.06221474997013
-0.971671516879882
-0.883445324231043
-1.04407605208974
-1.1364088080151
-1.00855937685153
-0.94138517056995
-0.938137409211697
-0.919552643650055
-0.89387944809162
-1.0672226410056
-0.976234830778623
-0.746261932295733
-1.0902054664623
-1.01051606882853
-0.867960353886844
-0.895127522277839
-0.989034350110238
-0.995837810630065
-0.887809220955115
-0.799622871776543
-0.974319551343773
-1.01447889532522
-0.828701761089158
-0.845281152900324
-0.962791845911313
-0.903986028062961
-0.965472013695155
-1.09692678047059
-0.783924493541913
-1.00094084980974
-0.795596442595032
-0.887408043283872
-0.899031745277858
-0.926247937124439
-0.958249246643835
-0.851236109130255
-0.99794921448216
-0.946240531835686
-0.846118030775764
-0.919954103765828
-1.07707154902053
-0.985539680519241
-0.892268957556401
-0.892983373019647
-0.825681172671853
-0.930283514527132
-0.747799898157712
-0.839291268534907
-0.803488125727321
-0.871630758394299
-0.904096822170821
-0.851801490472324
-0.892053228119446
-0.872869275543257
-0.864379686576938
-0.912050941318401
-0.797490131028304
-0.94093548419807
-0.853181055039268
-0.897298291732364
-0.786024704108435
-0.7869335453727
-0.766243133797142
-0.74827649039633
-0.678483880139613
-0.915263571853151
-0.856826124958992
-0.811788404878706
-0.851696545411792
-0.703901930836337
-0.942609772291149
-0.716827621240846
-0.890774350297908
-0.824776684698605
-0.823319938189185
-0.770713152516697
-0.840205544358364
-0.783469720505612
-0.930444315796707
-0.838198964742055
-0.743802424134462
-0.638306215243176
-0.848146452057745
-0.719690565818705
-0.708351883698078
-0.888043595096659
-0.805132519263485
-0.984622132728323
-0.718558180547253
-0.798521573309297
-0.719294100101537
-0.778384331059658
-0.693462029869118
-0.855715801532132
-0.697953821626475
-0.898850031768947
-0.76805898982871
-0.717142352696615
-0.663109813843885
-0.666611750433768
-0.850742779501299
-0.926537450794795
-0.660134137846453
-0.828041477042955
-0.674704453582375
-0.74705588645249
-0.82575192533374
-0.79930499411301
-0.76385988903758
-0.737771370331903
-0.59543135086034
-0.613654930885336
-0.57346352159572
-0.661879796655241
-0.760591606756917
-0.744982015521082
-0.848105490675725
-0.787139347818219
-0.555841643964449
-0.735132821869066
-0.743429017638339
-0.61390852324283
-0.715117349761702
-0.826260252906304
-0.560138088990702
-0.839716550256594
-0.702854858906462
-0.689515430132455
-0.764042277041226
-0.650238266415339
-0.7752913443742
-0.802952119367867
-0.783527950160401
-0.721635475351948
-0.776516438394586
-0.770989900467612
-0.741226009737484
-0.734058233249715
-0.730631226419333
-0.723502452581777
-0.774946433521393
-0.711668038807666
-0.584987691710825
-0.755556384878851
-0.639336509756783
-0.621791247531736
-0.584849559883688
-0.529264918343708
-0.682906677822853
-0.643911234240204
-0.552285571680892
-0.609730869260401
-0.716650876770268
-0.665530036357579
-0.697767159857681
-0.818402412386576
-0.663263781610493
-0.494308374775134
-0.764792286184141
-0.68633777760317
-0.739974833872976
-0.764113406634617
-0.674137749431781
-0.693927075596905
-0.706977948618062
-0.726646298322528
-0.703836811021264
-0.686327244294872
-0.692933385669447
-0.657168767741323
-0.748501473609209
-0.740243661298013
-0.444235728187963
-0.558317262310801
-0.548187845815447
-0.53119812667815
-0.725229279099373
-0.592371132193446
-0.490354788586116
-0.571008985918236
-0.643144087809272
-0.77593616720273
-0.666644019795603
-0.67300914516572
-0.630651255748213
-0.56113405063218
-0.58855388465123
-0.808800136919341
-0.523267159942532
-0.676444254744167
-0.58736786591366
-0.678065620987005
-0.626199278876914
-0.709682341642359
-0.593424669594982
-0.665915254767586
-0.70819590550575
-0.652730382812754
-0.56793999847886
-0.555540606513611
-0.69741427436009
-0.477327962167501
-0.610066307812901
-0.436187176250776
-0.53003855202574
-0.689750085253806
-0.527472868684889
-0.537306674641956
-0.521459846936847
-0.612450734697224
-0.628361328507809
-0.533358649670606
-0.705852602699455
-0.495446942037625
-0.595377417670971
-0.591438504729715
-0.642012352500781
-0.500770656760704
-0.479140890927263
-0.541382616177382
-0.517134593326102
-0.635116586222176
-0.46541937319113
-0.612822156493976
-0.683871017461051
-0.557406684754513
-0.503983768829431
-0.5264279376182
-0.522481971682377
-0.535938110813615
-0.564277684600624
-0.465309415063776
-0.466620345932424
-0.571313134327722
-0.592607457295961
-0.63601903488089
-0.694932469556046
-0.504779801312847
-0.464998192261501
-0.503590860453057
-0.480640482642957
-0.457971059317076
-0.376688535151701
-0.527619988846111
-0.466689346151433
-0.589334771153145
-0.386808118827712
-0.5449976474939
-0.556322168807249
-0.559049839485572
-0.455082384964668
-0.509957822250945
-0.489068670798784
-0.373226129550453
-0.464314328173163
-0.580724438091789
-0.400490051375114
-0.363687038146766
-0.352699115984402
-0.417849364949741
-0.551519549534621
-0.493958628074323
-0.527479516987187
-0.380421361816827
-0.379480562273073
-0.397300078388004
-0.553322186027695
-0.239815657462785
-0.469334387740395
-0.440246029200317
-0.408922667709416
-0.466072942636481
-0.373835769444443
-0.467120779850568
-0.36578821437866
-0.404723244759902
-0.353773415355087
-0.38361772300313
-0.391814266859625
-0.280263594564369
-0.552165559955144
-0.281998126628675
-0.426242375485886
-0.380144312627027
-0.386787532005287
-0.462840431397125
-0.306576680085072
-0.313566384214589
-0.428159016306173
-0.369088891656415
-0.353722388174389
-0.398312964128032
-0.168707874891483
-0.326790042287612
-0.452778169864608
-0.277507448045284
-0.264145556849952
-0.321774047623118
-0.422934602309398
-0.429583395747622
-0.371327482825747
-0.411788013670186
-0.475567106032833
-0.433570110742409
-0.368901671701398
-0.433666433671419
-0.414149686688948
-0.300188092505567
-0.318592077629826
-0.378968795163513
-0.271453951969309
-0.295916139857885
-0.412986152285881
-0.468789628668118
-0.449801596387977
-0.249185623284061
-0.242296187574339
-0.384490257137869
-0.322155327944891
-0.274183060766878
-0.354896722143592
-0.336042135674931
-0.349154262756668
-0.321532705329764
-0.244456849743951
-0.370191312035887
-0.360722127217252
-0.216059075363786
-0.277380181100654
-0.344282439236964
-0.318616917102704
-0.388036664382846
-0.365248463732608
-0.336993779467236
-0.246013742431885
-0.356700837817107
-0.356790193441799
-0.302556149429656
-0.20833067180118
-0.236180210295537
-0.335428795171606
-0.296697054764841
-0.258435216504185
-0.23493499131149
-0.316241488824687
-0.217076366644915
-0.246566582408662
-0.272721700447209
-0.398176219743308
-0.187652205187944
-0.315333494398603
-0.316752066147181
-0.216312398164997
-0.356361063792353
-0.258894676464969
-0.400860199326614
-0.337791662181102
-0.19842743734283
-0.315699402731756
-0.368944720543825
-0.29881588343106
-0.126586047440048
-0.218936625279436
-0.296805093562066
-0.130340834274216
-0.139465484578836
-0.324061305943564
-0.304396493857859
-0.147987981024045
-0.345840302237116
-0.295193835067525
-0.276392789682867
-0.355814029785757
-0.264017004990712
-0.275193661824058
-0.357647507805943
-0.1870421337349
-0.385259955471919
-0.186691707051393
-0.466213621637809
-0.24327166316175
-0.251733599234813
-0.238470962632326
-0.21043361920063
-0.128486705421705
-0.246663796194274
-0.318863810257128
-0.190282982362188
-0.170351321167133
-0.217228858083586
-0.150294205823085
-0.206601281795012
-0.208469594255054
-0.0426344769569577
-0.31131611593558
-0.212199062192719
-0.181214828873876
-0.212365268770768
-0.0619959633884173
-0.209453287581777
-0.290141064817001
-0.189352213226124
-0.194708325952334
-0.377409601457698
-0.204450951054878
-0.22504799435798
-0.254096311835224
-0.140638749254355
-0.216332139842988
-0.170418334249008
-0.132633662262719
-0.190259398900582
-0.176302351068792
-0.108240790962528
-0.17722595146276
-0.229128654276331
-0.220023397944083
-0.126518619132462
-0.0535765525879022
-0.0456438861858403
-0.0629123077735658
-0.259837729327574
-0.257999515255055
-0.0628815123868929
-0.187985325907964
-0.249009548771306
-0.119485256561009
0.0163696212922206
-0.292103380948287
-0.196333199165202
-0.170482859531168
-0.169504173983612
-0.163303971173629
-0.349649308779379
0.0398417175194448
-0.0935922897648531
-0.108058723710148
-0.0502841558062619
-0.147913931834674
-0.17338850918265
-0.235672829600985
-0.0397030819389648
0.0183753691865665
-0.0119525742079363
-0.148628927283531
-0.19653840859761
-0.0345918832640872
-0.0796938485156558
-0.00971344778468334
-0.0987672880350344
-0.204652637349606
-0.114112500677243
-0.120056893249696
-0.144973311511904
1.16800197728755e-06
-0.148441589427173
-0.101955066042609
-0.132572134487407
-0.0110314557461434
-0.0217016692720273
-0.157773688536716
-0.0974135855837544
-0.0327356132720077
-0.151563968186862
0.00133487284565678
0.0378278071335331
-0.0849523143919619
-0.101218395666841
-0.00586102592572736
-0.0484747975611678
-0.205079417492
0.0105745395098237
-0.060002325938981
-0.0921460646512459
0.107435831163957
0.0109038654331599
-0.113012012126377
-0.00100774026639837
0.0962620535664368
-0.1779308219736
0.00716634849206818
-0.0768491947603468
-0.061544129303504
0.0657660014292664
-0.137128231935216
-0.154898555011561
-0.00167693152398009
-0.137064504280053
-0.040609948380971
-0.0390061945466583
-0.17192282358427
-0.0832832107284113
-0.0535497111875421
-0.0835166701053578
-0.0133794794467208
0.0649097013855626
0.0251475859582692
-0.0343939979372839
0.116314704856297
-0.100024696610647
-0.0601002152245103
-0.00655781232509819
0.0664384793107105
0.00359788188000592
-0.0904847620038489
-0.0209708148572643
0.0880030678377478
0.112741518752034
0.0393077900412005
0.125010627240862
-0.00999378489233687
0.0146795876677282
-0.0558586354595468
0.0580705002094918
-0.0259869527265624
-0.0392116041893036
0.262211563054133
0.162195998107925
0.123099074954935
-0.00791045232910542
0.0327302493613795
0.148291770671369
0.0545324567810065
0.0281897681844384
-0.0166540570428886
0.057381485505183
0.211134083496042
0.191716182702962
-0.00879481012846145
0.0726740510386369
0.0632193309077971
0.135005486859596
0.0603291294473352
0.0421108215213291
0.198668361655697
-0.00727184747969329
-0.0148067937760679
0.10029178356358
0.0865371292298128
-0.110796173426709
0.009534539510125
0.207669291166038
0.116241085244834
0.158315991725811
0.0859830758184517
0.196170492485823
0.193131534876087
0.0994682530137826
0.0692502225469216
-0.00672980099772758
0.166218095294599
0.049518837963169
0.129403038706735
0.149859537753209
0.127514502904388
0.123511787153012
0.175782330486901
0.0497528082326901
0.0940934089539995
0.23706315713422
0.242952817653828
0.195421045986408
0.157165788840977
0.137244840452918
0.204966966975162
0.331828066057398
0.228552466782535
0.259681831240198
0.158587396952799
0.175048951089501
0.144472125641884
0.166831867398022
0.112096349444383
0.167629568948148
0.116113018209308
0.166115745107455
0.090690985477915
0.211393521928468
0.0968314987177654
0.236713376892913
0.0491541347509468
0.347553449700722
0.105028849663436
0.266613859810905
0.160863834057906
0.217591881358126
0.256573795489869
0.160560025375325
0.193261017050842
0.299807947860809
0.252246394119681
0.0923744270000356
0.250582534611869
0.160137355627544
0.257557575988154
0.284792964555749
0.269642217480967
0.315598883672321
0.260102957933495
0.126883399661435
0.2345636932957
0.319771558742405
0.199818032493143
0.423809199381129
0.170223916193532
0.191773886276515
0.190798756692443
0.230438175932381
0.133537788961371
0.381206883018917
0.249835809262291
0.252973017185011
0.194311170031594
0.318244936261627
0.245791997013805
0.152610474262762
0.178848754174353
0.357657034299263
0.207833530789291
0.222352678860731
0.142494201438388
0.37767458649419
0.399914789673534
0.322049503815467
0.378736522542352
0.265111967384984
0.210521193688765
0.298196484361706
0.456034041596914
0.184886462155112
0.22798765954178
0.227902217677711
0.266298140126194
0.168569624671594
0.242007635848373
0.253292628358593
0.259549006735261
0.356820447433498
0.221418777219423
0.287490410626206
0.295255491442146
0.249096312620604
0.378031392030957
0.457118644389663
0.271039419259551
0.389728654581209
0.271555106693077
0.431722148740484
0.244616411295929
0.394533122062541
0.319901648707169
0.31703057122008
0.120630011331174
0.456589579020861
0.349041909875289
0.343005600966653
0.354345418289349
0.221816778110362
0.288342399107391
0.276002150146315
0.297671303548524
0.351357644209281
0.188555130250894
0.288948790791211
0.276581859492846
0.354707337744958
0.304732721293957
0.219460055461315
0.334633823860311
0.474243004559983
0.285900448142991
0.367030690019367
0.317074314218356
0.307913259408819
0.38408922069548
0.42743782268175
0.501274836172348
0.273206857366791
0.450272240698278
0.453054514694295
0.367748847292098
0.39995533685136
0.418197657872591
0.468165671172856
0.348522228191108
0.437990693805994
0.486767609821507
0.476374759270528
0.312582958505315
0.4592668106513
0.543428722888519
0.403044540736799
0.357585506308334
0.394583549981107
0.449834993184442
0.621178250542552
0.449056753491737
0.483928494155818
0.331288413346366
0.23606550477429
0.341879410087112
0.379932697183396
0.512387349421804
0.32776803103535
0.448889339541853
0.234834909723531
0.430088770645812
0.422771854849655
0.423778310809691
0.540530844278834
0.453870054546953
0.645016043766166
0.536930570167689
0.489438449046965
0.608973118481194
0.604221498807568
0.417860216638806
0.590354177832304
0.434030090038643
0.442381886847632
0.460174424216084
0.351746691145299
0.444806214508445
0.555423427467837
0.657172706982261
0.719643649691516
0.379239966240847
0.492327998411085
0.391333097669975
0.609112420535455
0.466082090329219
0.492509557788618
0.423939849858116
0.332038669361641
0.442952050706242
0.426835878013171
0.51921318418243
0.562194697416163
0.53931857107857
0.509898039649313
0.421934437662057
0.619794415378486
0.44332038086228
0.454749825522319
0.408257877143137
0.499948516733933
0.467435507286884
0.349442055749985
0.587744731135214
0.534843255817952
0.516230388566954
0.567239982154862
0.530974732184377
0.46589478781691
0.40754107367922
0.52085209353778
0.662707190713953
0.619644172565616
0.469245806672496
0.41747548629715
0.595737755767479
0.523751923735023
0.597998784423832
0.585651307040483
0.497760594037879
0.621242815299448
0.61628252609223
0.5644964748714
0.548191356082171
0.683638277945933
0.489946798272117
0.483929850689821
0.584206237481319
0.641829813792939
0.504081452197271
0.577077126798763
0.57839827583089
0.315774655835732
0.661738839259957
0.48769682127104
0.350252307932233
0.773594124139118
0.654132152582593
0.588912963479801
0.518031032007517
0.475062119033511
0.654876576381316
0.557968742292587
0.647402311935254
0.631234805810683
0.635971938744805
0.628534844578829
0.684012639876665
0.643472409693458
0.606560462633985
0.644627103393219
0.600143820227908
0.669572799925055
0.75552533785899
0.567141724465103
0.500190819416967
0.528508726606982
0.742606180618174
0.669288805913198
0.729366188141915
0.50613557316712
0.622015353661357
0.559040155799245
0.604347261524598
0.545315942564963
0.609443259601218
0.646459631686398
0.738948205392721
0.626264310979521
0.742981627719881
0.654904484470195
0.600600500751508
0.575114996905481
0.543474016360272
0.697714762771411
0.870321859556986
0.691857460148156
0.753844911090321
0.598677162690859
0.744836167334901
0.799498702388149
0.562968367143434
0.689218163810306
0.621589003032364
0.607578901155277
0.636982434069494
0.748640644382086
0.636990388031868
0.641442760274085
0.687559516203455
0.538985414604979
0.605398862102443
0.737740237418516
0.54157173172489
0.838232634193845
0.635789996579021
0.696783053616173
0.58378084939494
0.776175509436115
0.681424862447472
0.722441623084993
0.803602053926352
0.677531117403056
0.798685329317386
0.687655545858758
0.695915303473765
0.766144204916098
0.820332594288901
0.893716533695173
0.622725882622475
0.661224156447362
0.80693168524827
0.867305385551822
0.722972333549038
0.655229172586292
0.649209145394955
0.747547076963598
0.70325695607473
0.666346864688933
0.697826866903982
0.729176478045685
0.808437957791728
0.690355657667238
0.74641028946798
0.81081582772948
0.858888000653517
0.733201664465013
0.74350156224728
0.693246539510142
0.702476859904028
0.616968031083234
0.72484178196978
0.601566963020584
0.77361038804228
0.655184190847823
0.89279144180513
0.923301583829865
0.788809853012814
0.870452959722149
0.753455705343274
0.823484060665773
0.792006745695808
0.71987764287584
0.702858186832163
0.726328598668613
0.724751903682815
0.693394143440227
0.655713638708949
0.642078489764595
0.814223158736783
0.689472337984424
0.780571200722897
0.728126110053822
0.765550801882263
0.717019155527575
0.717665852550452
0.812225287347673
0.870953869645554
0.819159500492471
0.800936324462032
0.703132987337914
0.863793005819805
0.923152713725171
0.975676200936167
0.798162110821405
0.836696358869544
0.885987168638346
0.762238584631697
0.932417710788566
0.791372021288942
0.856223154768349
0.902844896987003
0.954948548467036
1.01723022402706
0.833695085056634
0.808012432018648
0.766672349683037
0.736893574428941
0.781394556274773
0.916295604918788
0.931906977089538
0.90463275136424
0.987418392495438
0.758465955853927
0.909628119072221
0.901356581871626
0.734609221176953
0.776168566866351
0.898769477215283
0.812766187886281
0.89983542698768
0.9654589069507
0.908008100534425
0.943057486952951
0.865106427702311
0.889121314518338
0.894375923949839
0.935945747483039
0.875877148791994
0.97114493783729
0.870366275741454
0.889868152086571
0.964592574344771
0.781089878964045
0.949555543868905
0.911480995750175
0.737306173450979
0.738869054190435
0.910610902749667
0.852775624463626
0.896530300321599
0.81629602389656
0.925306971430053
0.924837793511926
0.995456310517956
0.903059177393168
0.947496355308977
0.92059126318825
0.812466609554686
1.05915156108822
0.973512268871138
0.933895101574065
1.05481064197547
0.880647694993626
0.899467631253302
0.977831263768782
0.990551011729285
1.01505214037965
0.844361943862917
0.986652923955974
1.02426371993238
1.05226211817248
1.02390200016675
1.16124395128166
1.05326601177499
0.937692465891912
1.06063056948531
0.862072089657805
0.941876282828274
0.983079084454588
1.05122938677119
0.960649181925604
1.1834467462453
0.936466045150369
0.989405461353422
1.03962939813257
1.0736129851597
