-0.861844359643676
-0.954716068252729
-1.02898880940917
-0.9245883578815
-0.808801944755507
-0.997849923653825
-0.918401890403885
-0.968361008837822
-0.966784404307502
-1.15448916868039
-1.02127503613893
-1.13177565937814
-1.05744825861631
-0.953040728170361
-0.852098979544294
-1.01026340810212
-0.957715801570889
-0.898847351388794
-0.942066347020709
-0.842333276117562
-0.830021911445073
-0.965475844445231
-0.890949531814139
-0.894813152646422
-0.913257684084651
-1.06835039036818
-0.977821245221713
-0.88408823940492
-1.04491906839644
-0.898660522671804
-0.897358005115996
-0.881369918253601
-0.901001749125894
-1.0368703229348
-0.775330908915147
-0.932239765704254
-0.838696677732027
-0.947518435651508
-1.09785747461489
-0.785648508940842
-0.737824763627269
-0.81675602848398
-0.88697351624705
-0.918770295493475
-0.942115845411024
-0.845649296184362
-0.895467842175975
-0.879971152760337
-0.833249852056456
-0.947983817049496
-0.973702593372102
-0.912526708301354
-0.865937769606223
-0.907616532134533
-0.845232004608425
-0.927992788719336
-1.08841447188652
-0.930675042897301
-1.08375774005028
-0.997176399777073
-0.795513873206726
-0.85821359831852
-0.880841272914123
-0.893523861572721
-0.764803337569377
-0.914458894553854
-0.827646948058201
-0.849834218928501
-0.789374656681569
-0.908480125852807
-0.771571171043383
-0.853027306481239
-0.780685241045893
-0.871847646995144
-0.825035229489048
-0.826009920352172
-0.979311834091663
-0.867153934121145
-0.826722026459677
-0.802992754625486
-0.795455827020095
-0.755342795617431
-0.875637834631746
-0.734930624238723
-0.878057222632305
-0.946452312620849
-0.761975208820382
-0.865407659511664
-0.769188998789568
-0.823120085412445
-0.918277957967274
-0.637676896320711
-0.774140565815482
-1.04840136537081
-0.841177877315511
-0.637899654837997
-0.809293536298625
-0.938036379620948
-0.747294971407945
-0.775282940123632
-0.759013989265564
-0.72186805885929
-0.832814699395676
-0.85672827687818
-0.656025040401501
-0.789506894554254
-0.808885069980487
-0.852760996272882
-0.77420718002856
-0.869425205555445
-0.762080608711408
-0.753963638464886
-0.746839676497838
-0.67511928935047
-0.850353123444402
-0.728630966379303
-0.75330234308599
-0.832606231944816
-0.719202116070265
-0.835205716081504
-0.921036631268992
-0.751048702487089
-0.660055772631413
-0.620887926370444
-0.57417851737797
-0.658619389703574
-0.799966661193699
-0.760863337229352
-0.830693833371626
-0.617768510226978
-0.644925866178827
-0.730030408440874
-0.734757854725137
-0.767257438340029
-0.796746179648282
-0.77907293347853
-0.735405174143169
-0.575650724407985
-0.732006494230117
-0.603424015920111
-0.674082925447041
-0.782999731807297
-0.660398730729835
-0.881293262251763
-0.733588782554779
-0.608107809042151
-0.632088757787459
-0.688213655488493
-0.746503954970295
-0.551273647247365
-0.641702006766444
-0.693325425471796
-0.629051187586221
-0.682652157946201
-0.657422240114067
-0.76431814086592
-0.693144210279145
-0.855361293191395
-0.680723850216164
-0.847723603498685
-0.655055184967698
-0.568009843511846
-0.664074806309093
-0.740304653632659
-0.781947805076865
-0.759400910282347
-0.713332728903758
-0.699057419510885
-0.598180974824931
-0.66038780470515
-0.733657130037281
-0.736819217673247
-0.612899813128846
-0.664970889648553
-0.570316360409073
-0.447379777534906
-0.630236046655372
-0.645144515945599
-0.603951162230008
-0.662925431367437
-0.853940334308376
-0.697209727439886
-0.668331491660741
-0.812401639802667
-0.681461053479541
-0.706429082719915
-0.630907400672031
-0.669821197805526
-0.644203507428965
-0.512603197646069
-0.65634990811749
-0.614705973394197
-0.611114587002268
-0.696589163414221
-0.63339920514093
-0.576241340511963
-0.440870933552144
-0.682043294483537
-0.668676790886454
-0.645352647491799
-0.533285192485976
-0.53046652444689
-0.447815949841656
-0.59255891983243
-0.581299203095321
-0.393233400305191
-0.529127437539133
-0.507701199085394
-0.482701806485359
-0.5589428879255
-0.572848326350013
-0.46857990003253
-0.596695413751786
-0.487292747445315
-0.43733917560997
-0.518687475418699
-0.58928390550433
-0.401105341871768
-0.744631702473436
-0.448057471674757
-0.48855043198264
-0.436154624838522
-0.650695893202469
-0.661774540428264
-0.57124975188617
-0.601007771144369
-0.576715746576266
-0.523428259918659
-0.473766650879529
-0.534586142259548
-0.533667478371984
-0.621369337209087
-0.443287249754798
-0.478695707118202
-0.562266139169748
-0.521699956086043
-0.538797745272449
-0.494712758296543
-0.631094597566271
-0.470084469087784
-0.504085674328529
-0.658430788475068
-0.422425921365357
-0.654491138075398
-0.585973378671124
-0.570223223927679
-0.435411460661972
-0.477097240009758
-0.417242045305337
-0.548527338832051
-0.312926624917047
-0.43453373587881
-0.392297420735378
-0.516674392079343
-0.513594719238317
-0.506034671914982
-0.528530729190097
-0.633604933872387
-0.506161396681277
-0.477310156869341
-0.577946085241051
-0.515703326220954
-0.378562869339692
-0.531281094652636
-0.517319684153037
-0.34624733825168
-0.446217676430202
-0.396931756966164
-0.550150116941703
-0.42507278384367
-0.429381602853926
-0.54294901043503
-0.582804517976304
-0.593926374352921
-0.437484160093216
-0.414237136029802
-0.328024256421632
-0.375685787444546
-0.602654815314184
-0.328974069382866
-0.473569269155821
-0.60173211640328
-0.413145799003598
-0.475001245745245
-0.488357576630115
-0.451446164610724
-0.418447454084334
-0.447808861941637
-0.421748090982477
-0.461922775519844
-0.543206830220924
-0.453540316410075
-0.317611026123358
-0.401755821965953
-0.450991627010711
-0.309268664442005
-0.222081459938578
-0.395763034379067
-0.301725225521382
-0.473933119560154
-0.518001439559222
-0.306765854694784
-0.375901504873543
-0.398561697114493
-0.311949385140802
-0.288299369756682
-0.319178596197627
-0.381468111344754
-0.338909171859384
-0.279669966243054
-0.435638733175569
-0.252008341184276
-0.496326511102079
-0.27487964273665
-0.348824856587396
-0.44367667839199
-0.375196053683009
-0.476301524079649
-0.261727012263578
-0.292735367318282
-0.353803577999037
-0.355317809935528
-0.394760935280188
-0.275485418562178
-0.380993444174763
-0.245417049295915
-0.321631116829811
-0.364932322442067
-0.421019963027933
-0.393080274510659
-0.381093949382853
-0.270817227390893
-0.197666481110894
-0.396960191380217
-0.448035816257999
-0.156970926051694
-0.271698364202864
-0.354358319283619
-0.290094852568512
-0.249518979543938
-0.35592664794942
-0.275418867585415
-0.234825848687439
-0.302159248124541
-0.414083294722081
-0.301884108506958
-0.290076769573405
-0.233403014073348
-0.27891665367405
-0.344219498806083
-0.300942832363877
-0.344628707131155
-0.321080971579027
-0.228135616650702
-0.434295784968601
-0.194275994984371
-0.173544120672899
-0.30789373365048
-0.221729192606384
-0.332048318111454
-0.260886544447557
-0.330710137937401
-0.256876973315096
-0.143973348160367
-0.286826477313225
-0.501671064593351
-0.420205312730668
-0.26641112717715
-0.179395013775944
-0.316881561239666
-0.147272723369673
-0.302141363358939
-0.389589803534045
-0.292583101461698
-0.244980751607129
-0.382120078578026
-0.145982757005153
-0.329307526867624
-0.266076861325457
-0.384278115390888
-0.244227590459677
-0.260784668000383
-0.333151804296168
-0.302316861866797
-0.11104360826603
-0.227805985361217
-0.2728117251038
-0.18040422810519
-0.301692170521622
-0.244904043889645
-0.250866775818415
-0.169380112847553
-0.122190437871573
-0.114710115100823
-0.246887032381346
-0.292003808854594
-0.306566642664027
-0.232524838879158
-0.13692140941048
-0.203680815435582
-0.148132893562712
-0.255674246797117
-0.126017708446432
-0.117476207562782
-0.230956021224047
-0.110143002093056
-0.0921551859770978
-0.204500808597415
-0.333734959119311
-0.10550003632894
-0.0885370570906828
-0.100650058817654
-0.249164106023814
-0.331451570431675
-0.0729913020182586
-0.134982500918243
-0.227351812305851
-0.021603974649562
-0.323687261496839
-0.105487574678555
-0.033791100676642
-0.194951226826728
-0.148659037314152
-0.097377489188782
-0.220780369175581
-0.144681067534726
-0.111231282421888
-0.198675261282692
0.0623467479131468
-0.199901956647579
-0.207986509073732
-0.00592338014451188
-0.191480875406049
-0.181782974058439
-0.176790872288643
-0.0911061352030968
-0.0607702971586761
-0.135438929945745
-0.198490049986547
-0.116731705936582
-0.151027953084487
-0.090727615662947
-0.0914901520531034
0.0207674894523668
0.0268740222248994
-0.23318640081778
-0.0446486810216582
-0.177418118479178
-0.207530894033857
-0.0625727076099467
-0.287587326838032
-0.0575530123965473
-0.0422826055646469
-0.178270468111671
-0.180622595900434
-0.035202869431001
-0.00980451968097539
-0.115721689465359
-0.0814724491074314
-0.134027325475531
0.0142584159993658
0.00898571368657321
-0.121297473855079
-0.035182080076759
-0.163631431789015
-0.0825624099089259
-0.0724987295804909
-0.0669036664982565
0.13553889290664
-0.0797999479249615
-0.0654624802583038
-0.131166488144281
-0.115950871838983
-0.00355669995120801
-0.00701803708073703
-0.134798227484794
-0.0633244163366307
0.0347563607984293
-0.118988410714845
-0.0263923223025537
-0.116835544694227
-0.0451436982124293
0.00668863595643006
-0.207277623527366
-0.0897118596498751
-0.110203341759811
0.0211672983160051
0.0533226833529965
-0.0161358290623254
-0.0893161598939051
-0.0393860928264867
0.15019637783847
0.0539417740052575
-0.0977734761838148
0.0102564511232129
-0.0124537491387291
-0.101361391024984
-0.0166653999112173
-0.13520681220196
-0.074889141931332
0.0539262344444361
-0.0400190715177157
0.0281853594997968
-0.0338027894831619
-0.00666622285858168
-0.0119527648082508
0.137060807966625
0.0350298401627604
-0.0642800029052761
0.0943965043068082
0.120224415969194
0.129166631056953
0.0746636066135065
-0.0150657439573084
0.212890881916958
0.0139832165673459
-0.0173356757463196
0.0271036768710139
0.0907464681199854
0.107667966328115
-0.12748757328127
0.113485824087662
0.0238146395987276
0.026675157158253
0.03983518669249
0.047656098948605
-0.0508263461393731
0.0852328944605255
0.10510572624049
0.0817524669163789
0.0331690495940041
0.160161472887473
0.146683900932129
-0.0519324559701875
-0.0238359171359737
0.0449049793441459
0.271531017230533
0.0984871346439981
-0.00657777727788396
0.0463036411011635
0.130484262007093
0.122778184866745
0.0988333326346646
0.0336920249933331
0.0601414017239189
-0.00608611316257338
-0.0428841996967126
-0.0423041824926766
0.0222433335491367
-0.000395371691986445
0.118228296382995
0.139774150133835
0.11862940432546
0.18949537643178
0.204435949499371
0.114906931093717
0.122602551515609
0.181139869416722
0.356718026302366
0.0528305615221656
0.140295221339444
0.187878357736453
0.308143959130316
0.100574295891224
0.271278599933729
0.0851240260521348
0.175148817330883
0.275918727816771
0.101884916789043
0.0143889363224749
0.195768243236104
0.266330737779007
0.19451106182121
0.0591160019220754
0.216791660438422
0.121461701705762
-0.00723924685720969
0.0849296209496783
0.176530284590306
0.0910548499976963
0.0565011873015171
0.16592241581448
0.107604568470802
0.296199769530587
0.124065450121152
0.0565740741288599
0.0807099367144441
0.15731347527905
0.0386952354230323
0.321667606643841
0.0482384059413986
0.176519192710888
0.207318725174438
0.179224547028748
0.274092889136722
0.33597137747385
0.196237709834208
0.117152068354211
0.209285545149652
0.171826074964178
0.328973139237573
0.150769338731621
0.25944095952673
0.205630296456202
0.132042191427736
0.176173872623932
0.233175178302969
0.269133065402468
0.00651989677013529
0.257259525506317
0.216635711664258
0.200222658771286
0.0728274572534963
0.154037922804147
0.154659346047804
0.105942451422406
-0.0349040138912702
0.427182830498267
0.0718715704304943
0.251278935233046
0.278879303301225
0.292084536353989
0.183448471871895
0.233162758874606
0.260580264384049
0.228131211187947
0.264067113697455
0.124136045485173
0.2626974634852
0.253774523321567
0.248589708718112
0.218168506787503
0.315091953334225
0.241901059544282
0.261554622281309
0.138768751951839
0.268891621101571
0.2150673668514
0.271485430385834
0.333810086601363
0.226138406146947
0.299354694788017
0.11743082912767
0.326766369977229
0.350996967947055
0.326856822287602
0.251148327810287
0.306628887017941
0.453991056618727
0.271600902386928
0.302131822958456
0.438883979944675
0.26651923407332
0.306449638864791
0.375319650073914
0.330224172567503
0.375931991121327
0.250173724131176
0.391200235454732
0.186393473266131
0.450266944057415
0.482337181298699
0.390421633742896
0.425114662914581
0.413644965979287
0.405562361835788
0.385030149341949
0.350347945242613
0.374225939740698
0.2759626456424
0.460898584015423
0.291941926688253
0.323632622746306
0.133464556033604
0.290859193241252
0.271563246236634
0.346813618074296
0.357690566443466
0.376167824790601
0.359802275716133
0.333783094410759
0.329936234396529
0.359960082345633
0.389045367199946
0.420439308925637
0.455364276063101
0.0996200145192946
0.246238786546498
0.410867417104727
0.528377062065228
0.432913920397474
0.371575510265774
0.310386211819938
0.271489554621591
0.217723403303614
0.483005549531544
0.350620933311121
0.553546574358076
0.497053050185588
0.321442882721744
0.483351788915355
0.361856937167842
0.372690961509511
0.375988715822609
0.441192428832538
0.237923980945201
0.345188498072499
0.434217413471471
0.432670418799422
0.454817613047273
0.459009927644561
0.396579204311136
0.519218934096684
0.38046286435997
0.377317116221764
0.527096897777012
0.479096342514813
0.569921800091194
0.529053387513311
0.370952929304301
0.579986009916243
0.363853366883735
0.622136503090624
0.506547262603616
0.518869387236665
0.408952264475776
0.461519296542005
0.414311515775703
0.389874591767093
0.612166850121569
0.47283232581192
0.327015627427743
0.382348563910771
0.29840879776274
0.397141358790803
0.456576355606262
0.459905288943731
0.44394112807454
0.506466632034063
0.378727361281153
0.55812207801756
0.483230329932405
0.532484424357429
0.344204034086181
0.388086082316038
0.549178448025134
0.514045112337744
0.434827186571309
0.39950884169373
0.463228913908092
0.53913487419573
0.544777737337596
0.537832973385244
0.394213331959051
0.460945180230106
0.524784911922585
0.565980006808975
0.513060731746312
0.520287641299525
0.625705024456075
0.408663728533604
0.610021334894711
0.59052888932454
0.446038935705107
0.55431746498471
0.700666691436985
0.441671767929976
0.503711569511822
0.412843008029109
0.561456583302823
0.547512401550836
0.638537861706362
0.508909621653339
0.658889630394256
0.516702602408561
0.420919735741508
0.536722900389289
0.539088493813392
0.568635137855726
0.534943249418043
0.561328678580384
0.64635633984335
0.512893320925981
0.545882581129688
0.550405112709919
0.663140941011448
0.625290408886366
0.587368796195962
0.599117102396619
0.56047946461722
0.573170508970211
0.541390981052027
0.512961337683581
0.583712502674458
0.728163288174528
0.548411169708348
0.680244758007363
0.518809485592129
0.545566012968749
0.529297954732558
0.664359644841253
0.610271437202212
0.447582376594933
0.748431916320418
0.791319422291893
0.767553466712119
0.630966837974688
0.578493025212222
0.708438081031218
0.683766961904845
0.476513967826745
0.649787483803804
0.609400954647271
0.661989695440936
0.694967833151005
0.53048842170208
0.671508023595091
0.549327891049203
0.621411736341715
0.706400751004923
0.661903519453174
0.733589533141192
0.529508841700658
0.584928114535456
0.703574662476004
0.555832454906802
0.631913875301274
0.730140922804563
0.664132462505395
0.604057022243516
0.74721260653016
0.778778718417401
0.735817264617352
0.676637297506463
0.726542294791855
0.746241275439114
0.51786660559369
0.820629160847397
0.624813712723645
0.835461753743189
0.640053057058282
0.793960260226697
0.643847113590445
0.669952657486188
0.647671244154684
0.644319742684471
0.683755220554562
0.704396208247101
0.827535426967841
0.674103875658194
0.626917493007424
0.678540555008789
0.761800607346511
0.614124494919068
0.605875673538793
0.876014790897244
0.669188402371541
0.694742438118851
0.768916824786553
0.859790517536134
0.589934677484896
0.617284489380898
0.573853209847468
0.843584064449802
0.606447930896066
0.711546105762019
0.640002117827089
0.749215652054486
0.762015127561627
0.876425132045765
0.644196516997282
0.674364307716925
0.728426914935909
0.8653257919621
0.778012609756841
0.691685639106382
0.763252457675954
0.81975828668247
0.663220431153477
0.675895026377086
0.792975435536477
0.756383072709495
0.761145656565388
0.743018800940232
0.797507089274875
0.848117433305241
0.81175293850611
0.621401874615669
0.685610419591152
0.709747458198473
0.676281054785412
0.735783142628363
0.851074677480019
0.682358108636276
0.950161921485326
0.736212975859164
0.690511429674315
0.844535692189057
0.770128072864309
0.755974624861348
0.817922489552322
0.721380828282368
0.910991232808082
0.833224430885798
0.728039145003487
0.82129097361324
0.887523111911004
0.741910492563402
0.948200214798138
0.799197858193709
0.927578244313794
0.822986030905905
0.783009037347771
0.800356745099626
0.670507329181368
0.7758246998764
0.771464706613507
0.820644960545665
0.769286355646302
0.905162502403798
0.980796773500162
0.879501506918219
0.785067704254855
0.876878428945879
0.819362689301119
0.803558987666849
0.763255398718987
0.787623871924461
1.07100202506869
0.841964304714553
0.72036986360435
0.946863861046447
0.890528714250056
0.928578950281024
0.840843601900117
0.942793152769363
0.882057306546129
0.861684342747882
0.810169171165413
0.739588426939255
0.907225931503716
0.936961616652848
1.00280187711617
0.950092032901982
0.848604744989803
0.841870699624605
1.01071548341137
0.862793443154929
0.891326873392061
0.79991343889551
0.917444806329842
0.721588473509212
0.794324834093346
0.932049440666449
0.833542682045857
0.899806469618508
0.805110601233302
0.937025364960325
0.970528985436196
0.935704377657469
0.929775457109809
1.0231021878672
0.920522961701861
0.820046181813726
0.978548050735309
1.06752051112543
1.01439842848612
0.827138835024275
1.00949107875326
0.978231299099725
0.802212465671829
0.816048390427985
1.01819021140597
0.930149526637576
0.976392363585988
0.981326997789505
1.05876370583065
0.91485427527725
1.13062342588931
0.822770929160081
0.969462880190777
1.00301157857813
0.973352795774771
1.14450045699436
0.85907183384662
0.9012659933551
1.05578914262838
1.03230573569031
0.901977509331452
0.984256832098614
0.939733394641642
0.945234944209131
0.996885679134073
0.892473932199096
0.895953678854703
1.05300322349271
0.938536494367124
0.956134024732412
1.11639621374084
1.01369316268628
