-0.858411352127184
-0.940152546775976
-1.022389716874
-0.90647864101978
-0.826289684531538
-0.996357149218115
-0.908550116189168
-0.977954099359967
-0.979459489200062
-1.1471692808864
-1.03785279981555
-1.11961803176229
-1.07385493882123
-0.966886496100912
-0.869932239899513
-1.00754831055599
-0.940712999033516
-0.903180079024712
-0.936382260098722
-0.83884983248092
-0.850394187144604
-0.958573661412523
-0.8939148627434
-0.919366505324259
-0.915941291056525
-1.07540401354477
-0.982923214716701
-0.870706393619668
-1.03560423998389
-0.892018778878242
-0.887602529347345
-0.890170671359407
-0.885832897073128
-1.00046097566985
-0.812043086807339
-0.940987073131655
-0.840702869991579
-0.931228907770896
-1.06300908173597
-0.80204760403396
-0.732231732530936
-0.788202998563727
-0.887911320324587
-0.92822277033701
-0.962745305675888
-0.841590363709461
-0.880946215425789
-0.875681085019453
-0.821190164314369
-0.958949787644721
-0.976847962168943
-0.912994580750927
-0.868552954602109
-0.889667700992541
-0.856841087765622
-0.942260363470065
-1.08019430103626
-0.929554107065249
-1.07863102090507
-0.983090490924171
-0.777315363345927
-0.866884591795943
-0.926114118012346
-0.890968727106741
-0.754448524061057
-0.924179301123406
-0.837686291103904
-0.850007147449348
-0.784910210679016
-0.917025899820964
-0.762253587615016
-0.836775981783044
-0.784774602732657
-0.893475803106069
-0.822599360537508
-0.822221219811729
-1.00276912769421
-0.84844798191129
-0.832872716703358
-0.82576501209854
-0.80700355035166
-0.765534704187183
-0.879153632948834
-0.739296594392662
-0.882231475348351
-0.951224339406975
-0.743532490338373
-0.861653117699257
-0.764038532042163
-0.820531864154283
-0.906948603702238
-0.650432913339663
-0.772672529508862
-1.05232295157883
-0.852580233782564
-0.633238620435633
-0.83008974531346
-0.956602438641651
-0.77603923675786
-0.792350806764261
-0.762963394607425
-0.718732851167606
-0.845503630822131
-0.876901430495713
-0.663738253980364
-0.768688394105489
-0.811708095819209
-0.857814493386805
-0.794727364847175
-0.878113093461728
-0.758498461883579
-0.754588981231995
-0.741370026323176
-0.678420600639672
-0.843322530796194
-0.735449349052245
-0.760580986554674
-0.826553370122777
-0.72519384304898
-0.835995181627761
-0.92754029226477
-0.772030322666816
-0.652179666409331
-0.627362639369244
-0.557830897220948
-0.657120563983674
-0.794639491140467
-0.756806786545143
-0.854751542593903
-0.606624727993708
-0.654735046238662
-0.723719622376617
-0.743409820740929
-0.775582412975515
-0.781369530839214
-0.762710177432723
-0.721635461626954
-0.575267332813394
-0.700432720331474
-0.601576455011604
-0.688648216807724
-0.778978248306128
-0.668861834538916
-0.905140355763525
-0.718654716855367
-0.602042543063501
-0.620857238766981
-0.682945304988825
-0.733211478271282
-0.573224469613383
-0.643617263605
-0.703019854822678
-0.641472981312105
-0.663630253557506
-0.648182571441752
-0.746537101819074
-0.671841357453365
-0.86075562071485
-0.695492570494356
-0.845966042142513
-0.66270725928163
-0.561032194440786
-0.653014322449178
-0.750707290927037
-0.776056093255932
-0.747753947180435
-0.725611874430542
-0.68948204446744
-0.596351687605034
-0.63831868439637
-0.768508290394806
-0.714499393992544
-0.631011197558388
-0.663852840103287
-0.563739963036309
-0.462166758701502
-0.62158438517178
-0.640467152760911
-0.603004502563894
-0.658055501128266
-0.839979759833092
-0.684927702361875
-0.690666267945632
-0.805083081209211
-0.688777624437454
-0.717709576270759
-0.64152641238379
-0.673065224343975
-0.633833729668853
-0.520878783892659
-0.674371753643572
-0.613622010748767
-0.594862943769712
-0.687862010185386
-0.615397509565409
-0.598563034152997
-0.437256604045444
-0.69405535277231
-0.646713882800458
-0.649016229664628
-0.520941108447736
-0.533694577002903
-0.438382559724124
-0.584199046177166
-0.565002947173901
-0.419307543754952
-0.537197629874264
-0.51104448929074
-0.495197220116466
-0.558818678190996
-0.564805692701833
-0.454901962801738
-0.598095777255132
-0.488136225054405
-0.429782778965473
-0.508588495714764
-0.576768373861819
-0.409287242674723
-0.745003254608468
-0.425530733345168
-0.504651509383974
-0.420459827154537
-0.646825141155701
-0.647104227303806
-0.583814908823023
-0.613653398858805
-0.582517758468455
-0.521750495224407
-0.474799278865586
-0.535075643995533
-0.52538388115751
-0.620597521162741
-0.442552811536136
-0.48416255122281
-0.564495854579774
-0.503015721313169
-0.558747416247202
-0.517348663382486
-0.615617442361846
-0.475966631561331
-0.511888180759359
-0.661036947217597
-0.42499449280735
-0.654509586008051
-0.580653961273669
-0.56878956785639
-0.425344506414382
-0.48297748854965
-0.417193472337577
-0.542399751441454
-0.296184000082321
-0.473145863462507
-0.41791724181033
-0.517548579409867
-0.518019012988653
-0.485142729876528
-0.535147398248107
-0.63459561222831
-0.501006057985753
-0.474694275902326
-0.564591360753271
-0.513926736979278
-0.368128856661501
-0.520777833205225
-0.5239819940198
-0.359012558037136
-0.446801759845426
-0.400190459408505
-0.558723319164776
-0.445981644151281
-0.398328817748391
-0.541148504013009
-0.5796155278163
-0.570797386256177
-0.417585903328373
-0.390361852673991
-0.313368668659861
-0.380470322490623
-0.604902791609105
-0.330239324077003
-0.469408693191461
-0.604236047902666
-0.437543896820761
-0.473644002835619
-0.487731961665941
-0.419364301834157
-0.408808999772761
-0.450150990957216
-0.418709129239655
-0.464692663593222
-0.516632536166765
-0.438706108239447
-0.356031345266452
-0.402593563101931
-0.468395890655791
-0.303888308315073
-0.212899564641036
-0.378306880570894
-0.30333032673513
-0.48306156474045
-0.518307654414994
-0.3024060124063
-0.401921734221614
-0.409442014205541
-0.315847615990846
-0.262773716048876
-0.319060094863709
-0.370433956521193
-0.317344053979477
-0.270630714397084
-0.419745359294498
-0.258956709529896
-0.485665212036172
-0.253125663802152
-0.325754049616395
-0.420990255422802
-0.378447478406149
-0.480768320893101
-0.272051943520838
-0.300030964985891
-0.372071709539654
-0.361945095772644
-0.394393703757762
-0.28438155844761
-0.386863145914508
-0.228224546386929
-0.318600869099397
-0.338214645416977
-0.39271366740512
-0.388649528329204
-0.377014155438025
-0.287750781568722
-0.228636486874456
-0.412123335394808
-0.43538429532746
-0.178472181721997
-0.253447658584405
-0.353467090210818
-0.30819175533566
-0.231017204425287
-0.337994387930234
-0.277043329185724
-0.244019144817582
-0.298576151252038
-0.419810983459036
-0.277034575435783
-0.276665263182928
-0.23587525443254
-0.263463073881403
-0.359735273071001
-0.268557177430707
-0.355034525295789
-0.322925832522975
-0.240657427796698
-0.443739923971302
-0.202168533545372
-0.174055931747648
-0.304984228399973
-0.243804941138129
-0.352800849305761
-0.264006503787619
-0.348238284345151
-0.254899295273312
-0.143510823286445
-0.268071810799101
-0.484551193223028
-0.436011026992554
-0.278940560170323
-0.201656606995645
-0.315053261097848
-0.144834396422263
-0.284108530773151
-0.375533567880181
-0.288433796961289
-0.260583546194938
-0.358989418426896
-0.178234092663336
-0.341131744140954
-0.276795485845471
-0.371012301650052
-0.252666023702476
-0.265778550263965
-0.343814609231379
-0.317141934436008
-0.130548061826748
-0.211594855687912
-0.268767932981411
-0.21315703163584
-0.306720784106103
-0.251879237329386
-0.254149580764925
-0.180028872375394
-0.115022964397484
-0.123275114584631
-0.265254305224216
-0.298440511104991
-0.31758806305109
-0.237070347123504
-0.138418732564276
-0.191971977063721
-0.152286941825707
-0.254564121550297
-0.146854714858492
-0.118300979189965
-0.201392243552253
-0.0962112174542718
-0.106426786650776
-0.20823132313469
-0.341626358791454
-0.101270584111752
-0.107068850385489
-0.0902931538194119
-0.245372042159383
-0.33571849351047
-0.0418625811652341
-0.152336077392719
-0.233015339621361
-0.0074264730243408
-0.327459655048236
-0.127270678441819
-0.0241481877817122
-0.192240068173242
-0.133139305012998
-0.0694109209559873
-0.201184880647187
-0.137447797849303
-0.103988961360035
-0.208224701068196
0.0496225727914402
-0.201002508542435
-0.204570879354538
-0.00859736667974853
-0.194904574291666
-0.178569631790342
-0.184289527069196
-0.0771664203421504
-0.0491890392659317
-0.146388830250835
-0.178501526153318
-0.11574467957571
-0.176808531463021
-0.0655105269190594
-0.0788482128100807
0.0291574854892426
0.0304191096580509
-0.224851801527788
-0.0365612689125872
-0.180200682039268
-0.213271927334262
-0.0802025822111652
-0.303773493802573
-0.0473545983385435
-0.0696286619770476
-0.171089282246757
-0.168733495374854
-0.0196638773531667
0.0156691608842705
-0.12145401272304
-0.0760737613689854
-0.125368905392168
0.0287847054386239
0.00405742799758893
-0.123747174576462
-0.0352568953569998
-0.153395781880706
-0.078254700142221
-0.0621317173400317
-0.0589471322608513
0.135432882012833
-0.0669635169538617
-0.0635302244684924
-0.114091130128115
-0.122980013548005
-0.0349846022439682
-0.000968303031842342
-0.142117164090363
-0.0514117108719353
0.0360331929811341
-0.125386580392886
-0.0207936742865724
-0.0964634740226896
-0.0387976713153334
0.00289222174630913
-0.203366963696339
-0.0935829891002283
-0.102247299206975
0.0274524106864164
0.0390181844208722
-0.0273659237184628
-0.10051162678916
-0.0290494897626213
0.147842451838386
0.042440083763007
-0.103991182770721
-0.0059424645519998
-0.032838956012153
-0.0947665532578042
-0.0232863862929326
-0.129275581878079
-0.0809624562999847
0.0524188523856516
-0.0451445478906737
0.0355514939472248
-0.0535484264148303
-0.0190145597548671
-0.00817882190097506
0.170374222127959
0.0380748061090274
-0.0705529260404364
0.093143330257403
0.114287908716717
0.10213020789433
0.0476011869893472
-0.00651913866553069
0.222705434194241
0.00865093663536785
-0.0191269237941516
0.0231906731366431
0.0907781255493499
0.1317804222228
-0.128575136807794
0.0792435005240893
0.0373279319657611
0.0277778462474791
0.0483601920971438
0.0279141701944509
-0.0303420700967622
0.0854982522500148
0.117739019324326
0.101756598872139
0.0271253453706655
0.166104230958163
0.159270346935595
-0.060234588488065
-0.0197043078768221
0.0706575267936934
0.271201342875367
0.0797967083983565
-0.0137719376169851
0.0297774941348938
0.14235350762293
0.122175878232662
0.116823933722072
0.0313891396623006
0.0791306710074959
-0.000909162384591642
-0.0618189286285236
-0.0467301607751584
0.0210537190606461
0.0189421599358602
0.148606224664413
0.130442309401692
0.11967673788206
0.194481058644305
0.202334922648209
0.114812087233122
0.136716612479214
0.168756528730649
0.358390837366431
0.0389098898066564
0.146453258054433
0.195353389851963
0.323860940467977
0.106474146325372
0.274871879744423
0.108176921159819
0.162427965577019
0.280488171227195
0.113464606082054
-0.00507208857809181
0.216182788233526
0.274334938514101
0.187438940334698
0.0611277887209055
0.201408649451107
0.111816348395686
-0.0312786974088688
0.0580792347692998
0.174366891742192
0.0847406685264627
0.0627613374874912
0.17520194398756
0.10915619610433
0.278184095289015
0.102080554650217
0.042529932798582
0.0934875563477087
0.131907458582734
0.0636681542406143
0.314675171233668
0.0495860380923931
0.192900377669732
0.197226465720022
0.158855077935942
0.27704493319116
0.325069917566266
0.193104880756915
0.132623941449837
0.203977551533728
0.157520991452419
0.30573243612143
0.169525097162903
0.270867109993343
0.187285187703999
0.125710793025114
0.171815068744816
0.234637048653737
0.250860512803682
-0.0075581817797033
0.252166572476919
0.24700710037989
0.198352826335123
0.0611715667920793
0.153660028148482
0.158371181669593
0.112764390318854
-0.0306132688423827
0.430422474653533
0.0716212281216037
0.235163908267563
0.29184573816461
0.308512625444345
0.182254557403723
0.21176724836371
0.26456468848114
0.21806542683862
0.264214484160855
0.154255628922609
0.274492631501077
0.264831206095159
0.235914823392888
0.21510466872006
0.297725751133926
0.238526176942909
0.257129165368267
0.144103139700603
0.262642678591588
0.214007461939837
0.291601421755882
0.332525491771316
0.245859034504202
0.307075357457028
0.103668800168687
0.357769405135163
0.363823630139907
0.344475921889325
0.258151506503913
0.303301008156521
0.449896110854597
0.2737274609143
0.278448505200233
0.425334051888779
0.277487223407134
0.301176013052742
0.368127086827713
0.331336145006768
0.350296283117692
0.247074121350941
0.401454365996686
0.192354956795929
0.450374743967712
0.465644485128641
0.389006035373796
0.421067049372876
0.421225724433862
0.409886573097611
0.382766956292377
0.341769871473247
0.365171634805118
0.261822595422831
0.483973584035228
0.305838653508974
0.324231209598691
0.138562889929752
0.30542575804416
0.256387035741047
0.358407793082506
0.347925125619353
0.390470503232984
0.361175803369711
0.357706932506676
0.306457072283782
0.346444063420738
0.384435655466889
0.439932708701814
0.462138686469969
0.0802177986524891
0.219575964118486
0.414133824124457
0.526578245316037
0.45472026863199
0.353046243114644
0.302639528896461
0.263025675689424
0.217282116077159
0.476800624837811
0.351283213117241
0.577004362772893
0.496309439808904
0.324903217644951
0.46170087789315
0.371254647631472
0.374571350381312
0.374292508145293
0.409695387674373
0.23411882829731
0.326321648440389
0.423481135933329
0.466042417422331
0.467018684827968
0.454745151430643
0.396706849793572
0.509820664066864
0.403836386196773
0.379284829567564
0.520302200820088
0.435868254835967
0.562410795271728
0.533614506786137
0.369028502038523
0.58354008188158
0.350799299455008
0.636275860193951
0.50773710346204
0.520957030037639
0.410658293769926
0.440378296362733
0.409240978599294
0.407675595965219
0.60213683089051
0.483796198360266
0.33567529616435
0.354188700051156
0.323765773531891
0.375662119727936
0.469352077795629
0.471252120765964
0.454706155011378
0.510983785887584
0.371367750015572
0.551077205604856
0.466224590589586
0.508930319413051
0.343521156124821
0.371806701262203
0.55073675676055
0.543207357961972
0.404875370850924
0.404329025141626
0.488192400734055
0.515250153733303
0.542943216669107
0.545044576103863
0.389992756898713
0.467839162038672
0.518088424391877
0.552921563281294
0.508697114970683
0.522552594639054
0.631878470345031
0.419442320915615
0.584480333552945
0.57369676078746
0.441428913246107
0.559519842581148
0.716453871462938
0.462690078927999
0.508916554222544
0.418817858497208
0.572003836767749
0.550423916774774
0.634183741916272
0.481208987858129
0.647220902122288
0.528688165002159
0.414459920850967
0.532090091215363
0.532746305867798
0.567739308281988
0.53462591289621
0.567866397449389
0.668859126124236
0.534123301360864
0.537636305175333
0.540569892380122
0.654382639769164
0.592624446288096
0.572418508346083
0.601184226917584
0.564917644785683
0.602598789718048
0.550079175291317
0.53073327768439
0.57572254834388
0.72169184114017
0.54246910767487
0.686273193246006
0.515134156960559
0.570539827038268
0.519333638468909
0.684323627721942
0.6128293275884
0.452024655531002
0.75385277681222
0.789912494413484
0.771583121769277
0.637864478474511
0.580400656663859
0.712960700073586
0.70325504221475
0.483008259139539
0.659019924050909
0.624520824545985
0.677923480280458
0.689215072643184
0.526955579697301
0.700957228388954
0.536862232184851
0.610704004020483
0.720014069894356
0.671183427048797
0.734261959351214
0.536012861543046
0.606309695937452
0.69132907069781
0.529323436457646
0.63818481212757
0.736860132410565
0.659938551747633
0.599016610856424
0.754075100702657
0.789124416862539
0.75228770173976
0.676854494252586
0.717865691934046
0.757107770605759
0.508477628245303
0.812415578327464
0.640434260881448
0.810814747309172
0.653449663890338
0.799451674661104
0.636668616720196
0.663138056858868
0.645931677796784
0.634941618766363
0.686998471807175
0.682293585922584
0.803433743013482
0.694831504975321
0.628068301195534
0.673167563572631
0.751262821539908
0.619313342974298
0.590078120630305
0.8715167970882
0.665372641412279
0.681736256360357
0.781903238169104
0.848073718600859
0.56412576478889
0.637961632583849
0.569493336550937
0.862116880308877
0.585692512957263
0.717107350912084
0.621616099544352
0.745926134813807
0.779565033909117
0.841493723731904
0.632286816317432
0.675505202676357
0.718336669709584
0.857132535184667
0.775587624103364
0.686339413021044
0.761831226075266
0.811998124556962
0.664676736449936
0.670832366726067
0.804360740444795
0.759816009147914
0.758013762107728
0.731023223016567
0.800611630657372
0.834142730853857
0.787364338249528
0.621442577846168
0.669736239900835
0.703587594222175
0.677483300027417
0.752838100209468
0.849322962129296
0.696114503732454
0.946834761608274
0.718889410023337
0.683832148500603
0.847342786622777
0.753410284376266
0.763868022779681
0.828700511758066
0.714229660519231
0.897905245701811
0.838898793667078
0.746683912319162
0.791563856131811
0.892867105156432
0.740552736990772
0.956556784684505
0.7935544730846
0.92894141649978
0.816720107287162
0.783945933858871
0.817523827830316
0.701079596461004
0.780457751935477
0.78763267298576
0.819092251264983
0.751659445302843
0.908323322197486
0.996871703458388
0.897876824221554
0.788840752779535
0.878329043326997
0.82693108505007
0.806013101846426
0.753935579841115
0.763633593015212
1.04967396072996
0.85043784608932
0.715372048512579
0.936289226450901
0.892960478824041
0.918931787826533
0.844288921593919
0.928061741812973
0.88558020205049
0.874033379050789
0.82231004957707
0.730013175451287
0.898698310793675
0.953722275201846
1.00419875384627
0.972815701053832
0.851149621466884
0.832096377516336
1.00538942521928
0.851826934901365
0.887471882638301
0.81268196808474
0.906159575018887
0.704929734458206
0.78845264568209
0.92275337912176
0.841483902981199
0.917653159651984
0.80123333553321
0.920719390602399
0.974050993142479
0.93000497264542
0.935382158765234
1.02256849978656
0.90115720833028
0.802805470826876
0.984745807333466
1.07292673398359
1.01879684034561
0.81918849781868
0.994327820068721
0.965679584559607
0.824173982162866
0.804038990714
1.02682063509592
0.928582756936584
0.948649729806553
0.991850688757435
1.06957026517859
0.893486310766975
1.14414615378236
0.837305722610384
0.984165032848681
0.996033685014874
0.962560178311413
1.1353625361323
0.847886979087926
0.913054385202401
1.02413700532572
1.02351490710985
0.886059597429803
0.968953296430243
0.953236155776145
0.956818784592641
0.977141108450792
0.88237180293802
0.893794511565426
1.05393594465467
0.933443329920939
0.973504226801973
1.09932133516073
0.994589300362631
