-1.06245298965498
-1.05798940347026
-0.836482165343024
-0.940155777656625
-1.21858656775359
-1.02091437982904
-1.02966007037815
-1.10829492581909
-1.15624451138479
-1.0563247048527
-1.15040164802562
-0.89187415696667
-1.00412238677172
-0.901996408835585
-0.991262797610461
-1.02978668117603
-1.06541647027975
-1.09590164692376
-0.919799573040262
-1.01176652332141
-1.1068486799715
-0.930812424890871
-0.825928694541322
-0.932611025969727
-0.915684701035237
-0.971076785182208
-0.910775463764255
-0.951038998684957
-0.963897614441873
-0.844082432122859
-0.84477710626971
-1.12276093050948
-0.824656298551322
-0.833937546520393
-0.863314239375754
-1.00866746052243
-0.769367198909047
-1.08184445928915
-0.911018949104375
-0.768598593539709
-0.840127629840881
-0.820779462297193
-0.918256076820242
-0.783005175099303
-0.824093127805386
-0.95836106248054
-0.795848350319637
-0.875675925501349
-0.859051256637638
-0.872882419419009
-0.930879360539659
-0.93734396531206
-0.942067526601788
-0.893327052082995
-0.900349911760717
-0.941506213223586
-0.919295736672488
-0.872415520958917
-0.921063911496731
-1.00348266239967
-0.98840117417353
-0.832016166208263
-0.814401657249164
-0.892185150177893
-0.87522747221644
-0.770325020826168
-0.830331973665338
-0.832380244477177
-0.82598765458545
-0.845722944364049
-0.895444337481567
-0.933713499640512
-0.725504069118473
-0.761725678926745
-0.87038131199385
-0.846403683209932
-0.744707607875418
-0.948999071151138
-0.850836861782238
-0.809170735617747
-0.842823484133872
-0.939283600731812
-0.826630679183968
-0.846665768266885
-0.805270627661605
-0.78115593414856
-0.7768444134991
-0.976706864407781
-0.951825029745999
-0.874880530232973
-0.800921463392496
-0.889611615070377
-0.90942198810951
-0.785326439197741
-0.904998830509818
-0.909811638560856
-0.787479808403451
-0.941553362070391
-0.743992259736522
-0.762623315187969
-0.67386471112459
-0.992835544883151
-0.5627142676211
-0.797946640783051
-0.818604342280362
-0.7584482929193
-0.628459013986807
-0.745412754533491
-0.692702557194513
-0.593408697714894
-0.847259806069185
-0.697285897930766
-0.738070895131565
-0.739026757179776
-0.845084595972671
-0.706057886805013
-0.760364288555804
-0.71966702919347
-0.800888918071874
-0.712319852821983
-0.706117372425498
-0.74828646231355
-0.753293028316264
-0.842085398420169
-0.574730743658839
-0.851631681280761
-0.792824914152514
-0.711140298613376
-0.724872417217281
-0.884699674197492
-0.768562755761346
-0.717751700823658
-0.763111805086454
-0.638055768707044
-0.643426808016115
-0.607845531162684
-0.758101452178022
-0.688978763310686
-0.626595312332856
-0.647146007394964
-0.659453787303476
-0.617586925165737
-0.804735738770868
-0.744172731969158
-0.821092449671951
-0.662823821261747
-0.533915137441248
-0.646322543580924
-0.711989555786237
-0.641967033818522
-0.630718166158064
-0.72502221986973
-0.708914834576243
-0.699873934200636
-0.63526180275357
-0.744833364978141
-0.762912527805675
-0.720771396660322
-0.68048368256374
-0.757119184430561
-0.697051951853334
-0.829283106718952
-0.71905978075171
-0.651953095509533
-0.598550290107837
-0.616357414579917
-0.537643238258438
-0.665354398843652
-0.626591581151271
-0.689015412860347
-0.758643914399334
-0.751302151459968
-0.665131712010382
-0.778449291436156
-0.750240400663555
-0.507725133689863
-0.627194343486309
-0.654649669426271
-0.711096229525792
-0.690724634514159
-0.646913984415509
-0.720207143944115
-0.692314435875498
-0.623925479366696
-0.521977248244641
-0.604248200102464
-0.712122312235548
-0.699684601528945
-0.571823125154086
-0.71204903469885
-0.747634427352743
-0.623236195832964
-0.589302128714181
-0.588225018740068
-0.670875851420087
-0.619494952839969
-0.655574663553946
-0.310798429934565
-0.639785296644529
-0.668938395698713
-0.519209791433051
-0.576294681629596
-0.653846432752632
-0.520020537674423
-0.683433474484951
-0.623854023071369
-0.762665405180135
-0.660847100945694
-0.598014815198196
-0.543603606366485
-0.599409187121657
-0.520324613402844
-0.420120286721484
-0.525039743043608
-0.517899308910064
-0.543948785321943
-0.701396351272324
-0.634934974742331
-0.484218474261385
-0.592521404481974
-0.508758696595766
-0.531716126541235
-0.582976066132005
-0.484578883794014
-0.619314141644217
-0.614227878265039
-0.598007265367641
-0.482744600800013
-0.50418135729707
-0.618738296771806
-0.529429351407371
-0.507491410157934
-0.533852784566532
-0.566411920820465
-0.576710791012657
-0.42850546614125
-0.442714375865294
-0.541613004544837
-0.551503444936958
-0.624031247318048
-0.449467549169909
-0.3806007437693
-0.526248235190106
-0.300924805879547
-0.561785407868113
-0.564766920105579
-0.549538121691199
-0.6078300379135
-0.334157619703843
-0.535388102646144
-0.451989181430878
-0.480038872334766
-0.536770178023822
-0.497772009423094
-0.36595154381134
-0.436992174952865
-0.502598436155365
-0.374958569294756
-0.572302421934203
-0.442841792754124
-0.443735879010803
-0.428674685702491
-0.565212216072382
-0.45025063815926
-0.535835299984041
-0.535266241169261
-0.509381013239195
-0.499067739608221
-0.476979761315054
-0.599235764200404
-0.500289372185955
-0.468468863828443
-0.473426750922285
-0.438721169495454
-0.462567314124648
-0.66095327910395
-0.587167152848508
-0.216478910671737
-0.546072554144961
-0.346587897743814
-0.431046277630393
-0.500452329166482
-0.439399094836934
-0.358324108429003
-0.385103454702988
-0.420600920230594
-0.534629817575062
-0.46926351272117
-0.371522176939387
-0.352463386254462
-0.478441460107034
-0.310348019652578
-0.392291622874838
-0.519436853820411
-0.429289164219911
-0.500287763948468
-0.48595661528039
-0.262221768473306
-0.415707100098017
-0.395355033093647
-0.412463832967058
-0.404350443708487
-0.42745201034002
-0.392124528131968
-0.49821294924526
-0.566501053905528
-0.497379541147947
-0.355290450718957
-0.37763500758685
-0.372956117349409
-0.406980495422805
-0.296562330200877
-0.471237545295383
-0.303622936119858
-0.250893929932647
-0.541011601314869
-0.304395724712477
-0.404095495657089
-0.321404078060015
-0.259192772852724
-0.391099065940627
-0.496253239365933
-0.291565003980641
-0.356752012266622
-0.224084010139804
-0.272013569230052
-0.36404239180363
-0.381880140614932
-0.40876719026094
-0.572366331098317
-0.187985735312257
-0.261329330900975
-0.182605580481574
-0.257275204000322
-0.392801638657828
-0.394868032304064
-0.184403057367421
-0.44927463683645
-0.294009627584597
-0.288755909725088
-0.360736376148789
-0.401058203302195
-0.328433087803364
-0.402263870858191
-0.217946495074176
-0.278850404657593
-0.203071493178786
-0.351669365868476
-0.334287168501157
-0.217027038739325
-0.264206621529742
-0.295593551262113
-0.345749560230966
-0.420890088178593
-0.253584546429237
-0.108896925635288
-0.120114070717378
-0.131073933200698
-0.187681706844101
-0.505026692728524
-0.211318928297665
-0.433184374581059
-0.298179451170283
-0.32133785602151
-0.23202262246108
-0.287372280117906
-0.291197774041999
-0.427526244326178
-0.223295842898577
-0.324249563394213
-0.216759797678452
-0.409501047737128
-0.273799398550004
-0.216718427879446
-0.280327864307571
-0.272160953942588
-0.423486811630517
-0.125531832446146
-0.108830459278505
-0.237057270989016
-0.169533373846798
-0.160602587464543
-0.4177291213859
-0.31944231529489
-0.285196086802429
-0.236730329005629
-0.179362372975131
-0.287075450651311
-0.214640050071013
-0.184281195257701
-0.296719857629711
-0.0554480033197586
-0.2736082074458
-0.175887409109518
-0.219035103179374
-0.0934880897766004
0.0347896058312047
-0.335250489659985
-0.196808867724477
-0.166485805956197
-0.221150645679655
-0.225847910828488
-0.0475523217829777
-0.14110796938021
-0.315465422052502
-0.199034467953685
-0.22874920845345
-0.125084691721531
-0.269853158460672
-0.206334555578614
-0.269614228323121
-0.12016324123311
-0.107269306249122
-0.177785476259868
-0.185109851603413
-0.138685630449746
-0.102635344253099
-0.149803713081701
-0.224538058015943
-0.109906372204533
-0.271194006172991
-0.177854521577143
-0.141018982414144
-0.0650309802231234
-0.148249654925944
-0.312939551928797
-0.0877926257573191
-0.126078392313925
-0.160619696761009
0.00435611662494804
-0.0587359001428348
-0.192732435824764
-0.153020859848846
-0.184715295804566
-0.100037241916033
-0.268887109176267
-0.202627710385264
-0.155456907511245
-0.0970523732605129
-0.173782311585454
0.0109470636107632
-0.170998604312371
-0.0652363768828407
-0.119581010290175
-0.148196141432169
-0.0422426277185377
-0.151743164838573
0.038750286479218
-0.0341677305719714
-0.145885123366222
-0.236507113152161
-0.0757007070893396
0.0276800668393757
-0.0759026663606105
-0.0114761977259459
-0.105930182206985
-0.0472333161205241
-0.0359680974100764
-0.0190555781425395
-0.141003682703874
-0.0354495855085092
-0.178225195294718
-0.012649959482742
-0.11201804528919
-0.091509243551708
-0.0457945842655167
-0.0797614606520852
-0.162661774915031
-0.115136731384307
-0.0766123539970181
0.0102421554042413
0.0268401010016241
-0.0049025267211137
-0.0667739899409587
0.0519188825471248
-0.0395889860385052
-0.137502591524787
0.0017304978263978
-0.0638103018080557
-0.0300655186695904
-0.0955916695273789
-0.0231705929067464
0.0247187627944788
-0.0745725794586842
-0.0607163950845843
0.050550037693716
-0.0601406440947467
0.0899146609074525
0.000562696613483402
0.0111872302473183
-0.143354224888911
-0.0747856933693515
0.04804049937951
-0.0926130182178839
0.026832411688234
0.119406886404726
-0.0683819204363191
-0.174006651024627
-0.102420322817489
0.0110828734503999
0.0293936274000443
0.0307624145909643
0.0922367366571215
0.110875324956008
-0.0268698395340357
0.0308515273647744
-0.0652864958050915
-0.000632913747767329
0.111713788843233
-0.0296740118510083
-0.0304143595898204
0.0495898380750914
0.0364627555340034
0.0319972171690454
0.104827141520059
0.0156972878960276
-0.141239152036586
-0.00606884108884838
-0.0383533244504497
0.0608652437548664
0.0253872063306077
0.11762991268625
0.00212403672809419
-0.0717812857930884
-0.0150990731043393
0.0341954462165591
0.00941019119348353
0.074699791469957
0.101275691799959
0.00768962266049697
0.117564501033336
-0.0564668194038707
0.0246682758268763
0.145412786537788
0.162870077468095
0.0846516207678206
0.153030281548775
-0.0422047164588141
0.122229548200834
0.00757124942668066
0.124779832592589
0.0846847833826857
0.024797424360958
0.0916129495199312
-0.0823775885918459
0.0471117497413202
0.00014045537782742
0.180750259884758
-0.0212941629890223
-0.0190278993459782
-0.00392370237334911
0.00824132310581215
0.190671178455168
0.157061221925097
0.121263696508261
0.0638771944594866
0.202286288278067
0.103983241654053
0.149505947966343
0.120853821350707
0.143813343815493
0.124404540600431
0.183561454002738
0.192962106826452
0.115116578528137
0.308631176775316
0.109516220641687
0.126858603130582
-0.0817392654445593
0.0268021373163096
0.236195198337563
0.132692684622323
0.289112132072147
0.165247685312554
0.05090855797557
0.18104016729639
0.124455092552112
0.151894540521199
0.245441468818766
0.206483934424536
0.0611718244209142
0.0893305299742042
0.121570744589913
0.280819574990815
0.0588229228262124
0.0878010483266632
0.112596114219827
0.253811720099013
0.20474674179775
0.27350263295626
0.0686226576419045
0.364227163932517
0.307074110115788
0.119757907827186
0.188310601386936
0.24352853512194
0.194111508118116
0.0973603141848211
0.200069813493383
0.12788801953485
0.206119505379527
0.116926014888039
0.204945348383057
0.0691859770573531
0.293010412108576
0.331559077954402
0.230533894173196
0.281484414920386
0.328146977701241
0.147594855890976
0.298743840764449
0.181248621038989
0.288678544999642
0.34863646366777
0.212783943471894
0.146824137388392
0.0862345454842929
0.30050450213032
0.211959283032924
0.246183318267551
0.219321079022955
0.195885392824672
0.257112678098506
0.147007295106642
0.119229824773088
0.272885033054374
0.273605523076916
0.297374694122591
0.396507820285356
0.309235100593268
0.307891768283705
0.246112070138007
0.258381100702694
0.253266891288609
0.305448341973372
0.326122056214686
0.357441678129087
0.303517841141216
0.374316961379606
0.161763811070102
0.358696222960378
0.356167050309735
0.265539892780743
0.321806253764339
0.22675836336861
0.295216060266839
0.346655501866676
0.274855202593138
0.34187744718559
0.247841572996854
0.273275013481067
0.319107317318806
0.368196128981033
0.375098015957086
0.28537943492837
0.270092825534469
0.352934498816443
0.32400563987119
0.268848621402284
0.317048846548288
0.322821605484026
0.232315155525931
0.324247038128787
0.328968551127301
0.350492218307358
0.462109344860965
0.367094647495317
0.364063555995907
0.299453034125757
0.28426275207883
0.23611221105862
0.401674286872585
0.324578000006193
0.232338089640943
0.356012132709636
0.372851279291816
0.253888806590129
0.390300151132767
0.408125227363822
0.324956099955508
0.242857242214747
0.389045679656559
0.452826600930554
0.327886599710131
0.211261888852783
0.313319951033732
0.340297379681351
0.33642847885061
0.463918096397665
0.520749704326728
0.258716748856403
0.365727228311292
0.193447207987669
0.50321136327575
0.365690406969866
0.301574288823496
0.385592179670568
0.428021813021372
0.346609914528017
0.524664023755172
0.292254855234885
0.511188790215189
0.424789380258584
0.374485425223182
0.472947940695027
0.491030193512247
0.211688730553869
0.382941579634011
0.433258221690737
0.452366124750822
0.43378542631496
0.619047886650258
0.348707727751217
0.414799268729617
0.411520440543271
0.380237574504956
0.483115234382742
0.451347113149337
0.380804790193619
0.375005768437698
0.241665933394377
0.479743779808576
0.422977792795262
0.40919255698303
0.416008493572831
0.381980858275602
0.552004559026266
0.346542937026873
0.313713997767912
0.364472399052854
0.333567750578293
0.454178186782976
0.365008984457169
0.266437163384399
0.447577844464072
0.498432650051338
0.406431831719361
0.532692602700428
0.510072960760071
0.545404362545093
0.505151516909602
0.455130679184522
0.647817011762983
0.392071692309967
0.549421450184676
0.578985299870006
0.449923516468212
0.47282345617993
0.44719748529707
0.543227488720985
0.502775072781912
0.582356816843391
0.443548494385241
0.608232783447549
0.538873473299516
0.561859714312772
0.518026438773069
0.606586862250899
0.634485225410359
0.609415175218073
0.48304381722556
0.500242638490417
0.506765118403913
0.412486492312411
0.616565469556673
0.568515839656027
0.705837042960002
0.5825319864149
0.458925238230527
0.492805346684423
0.654301491663521
0.4973200483146
0.364951949502932
0.588957698461484
0.544296466606491
0.590294027931493
0.496731450329874
0.62107435658167
0.715862061538611
0.500823915513708
0.578250617821437
0.426167578863289
0.499909576267409
0.683933400185403
0.665321833632955
0.665073997081202
0.582777303120192
0.67728647678069
0.580420807087642
0.772092739593298
0.575047868356351
0.468572248572927
0.469713854651076
0.550206831545891
0.450626215256499
0.648562630942891
0.548846558119466
0.401845437689046
0.654399752795244
0.435873279736981
0.593553046875424
0.517898190077223
0.585118324634665
0.64345003437213
0.507367267836063
0.763354269175142
0.55184786364357
0.599191337742014
0.731251336747054
0.606264133522634
0.578682576467121
0.594911355303318
0.566896657190628
0.628891206479829
0.52988743317554
0.596511844508513
0.681785876050744
0.541534054231787
0.669327700729806
0.537330313990481
0.666318531885807
0.659803570446725
0.745180748491576
0.70954883272899
0.752109411519329
0.678549183024169
0.641505091831577
0.738810324561465
0.672715200069131
0.707545739479527
0.636699438281745
0.754431720891331
0.640024548101447
0.671712554554156
0.693984418918542
0.715725230656572
0.85641159628427
0.74185651657216
0.684744933675396
0.614663750142479
0.708356214901875
0.613621757086893
0.64588064886963
0.669694385181651
0.660152654478641
0.743797147948665
0.728696237695619
0.558481221761305
0.690234447222821
0.635060688927634
0.734356198140061
0.810701806056451
0.618685565614919
0.795403427063792
0.748153060867519
0.867909908372967
0.691760471422079
0.730972390305191
0.587390033607612
0.747100430905827
0.691343857772785
0.81864511802511
0.6707449046599
0.722374257712546
0.763072340718346
0.785698175501752
0.689133091763224
0.723011204540514
0.831153770684093
0.690410982707761
0.75860886074018
0.754775142345342
0.726661337666491
0.789539846386588
0.706993290684798
0.841403946100671
0.697972657633681
0.770450284449144
0.641215597168135
0.671602348315299
0.683159167048335
0.797779941846467
0.88031336803188
0.83665354381844
0.688797770418267
0.733040993079575
0.711117401367415
0.846007933087683
0.688960260966134
0.76461399125014
0.800931495614619
0.699479628521622
0.741049986410977
0.692547412499879
0.637480158835837
0.927003598868153
0.66595651342295
0.743159644719219
0.833744151832112
0.73742766036209
0.741727772750374
0.719026364822662
0.783911304211475
0.710222595739409
0.907551678367175
0.893305078912955
0.734237470806598
0.923240067776229
0.865025031912686
0.962691752271221
1.00623853276225
0.848028624102542
0.784189256213582
0.773648557832103
0.833892100465191
0.790615352357197
0.856963577913202
0.806504823403582
1.00234477922903
0.782962842731312
0.788996085563362
0.773745716561545
0.905698459621009
0.841940584434956
0.905011627368713
0.813896959757147
0.911878195628239
0.870393364550002
0.829800824133806
0.780612985501234
0.804352078329159
0.812130470049119
0.814633590344001
0.795690725742126
0.823927864492534
0.900670548769534
0.911457322410511
1.00453431867983
0.788767921929762
0.997637882744035
0.72679943855989
0.97155676003826
0.996277849860595
0.910757138838351
0.984677926039726
1.01568131802062
0.867635605874645
0.87292863717287
0.983875290941193
0.876659210354353
0.927477298136193
1.0374192271363
1.00158344595166
0.914603838205076
0.891869817543111
1.09986845109705
0.944027979367867
0.964168627021481
0.948789509459118
0.919091687774519
0.95174024144987
0.957274885686924
0.877714299937501
1.0108854271384
0.850336494802695
0.906139501885883
0.91161632068727
0.913700508852427
0.891843471146185
0.898906308638407
0.779260635162952
0.819507657320787
0.922715943318659
0.977096072106909
0.916176942506225
1.06295396937265
0.955936945550823
1.04441985434003
0.945390920726406
0.984716919522149
1.01715728569941
1.00647885381607
1.01523176899591
0.908868156619366
0.941221105026221
0.948017475718121
0.95418006150926
0.923359667195255
1.06272869668231
1.06949744474729
0.8528491935609
0.941633330061699
0.981420331004814
0.922585566411085
1.05550016597591
0.935926541685036
0.992928794793331
1.13750819128541
0.934408167423898
1.13004628760178
