-0.967380853709187
-1.02195571802754
-0.97681185936112
-1.01907081201473
-1.08372220173095
-1.11161392627244
-0.925385071389417
-0.910717735388979
-1.12985882635068
-0.790771064057833
-0.997990483031377
-1.04715223610166
-1.04352423563709
-1.0246167797186
-0.896588170903329
-0.900943667011591
-0.932688662835106
-1.0353569134838
-0.973354254274589
-0.938877035988275
-0.785726070300946
-0.969441745290626
-1.09102228390871
-0.930482800216436
-0.871036252350557
-0.888293134802547
-0.978060301839973
-0.968910330184287
-0.826989120461621
-0.880472380530208
-0.969145432168629
-1.06173008848732
-0.972242809038922
-0.968729332946088
-0.842666208021167
-0.846013663377399
-0.946823854472597
-0.780377393443515
-0.953390660253682
-0.897994585406077
-0.768371573019097
-0.852914267717627
-1.03670061284409
-0.96576077810014
-0.888397202893871
-0.884933051541269
-0.949780471084962
-0.901837094705464
-0.957577636683457
-0.805237108610566
-0.95832383548565
-0.988518263116315
-0.937837193730292
-0.889350991182078
-0.916230268267581
-0.895391261526044
-0.833988169633185
-0.830112478978444
-0.94485782671119
-1.03254387011102
-0.844154692615113
-1.00842585463216
-0.796001214306964
-0.774039389547003
-0.770078918806489
-0.81803731210812
-1.02041356319248
-0.83593822315259
-0.850108561169005
-0.77506519157354
-0.854922312439617
-0.907348633654522
-0.958325921273909
-1.17848401147954
-0.845973192969244
-0.835975248924409
-0.900444129854184
-0.97931364793004
-0.750537419514834
-0.824623899924435
-0.76666353294174
-0.859496116299215
-0.927234044101466
-0.889885782853154
-0.638643660387029
-0.762561676709667
-0.917914353757937
-0.849241379449176
-0.8827522706571
-0.938979743407182
-0.904723955185801
-0.770372384190028
-0.847401816772532
-0.732457357903604
-0.803157026737246
-0.790294858025187
-0.84674267837371
-0.720190171714691
-0.789646724627069
-0.753377455268576
-0.655617001262189
-0.716805211374245
-0.933056946550443
-0.830163155912339
-0.894447644971908
-0.604074889634492
-0.738526768861971
-0.74309923667225
-0.836393380683232
-0.640530274994261
-0.598502082760071
-0.719612284843041
-0.76632429426732
-0.962547348901796
-0.899342027754906
-0.913859713858623
-0.74946640361405
-0.720838451798449
-0.8394040926313
-0.75282855024781
-0.664298909718199
-0.906737095129883
-0.713238954708505
-0.836020861963903
-0.800741680530039
-0.706802624893966
-0.824688199161906
-0.626206702423719
-0.769294920038148
-0.76117733781368
-0.78574515848189
-0.762983030578952
-0.866534685622149
-0.682812873540777
-0.672597021176466
-0.735935007945363
-0.726657262499365
-0.730331092672982
-0.747125588816429
-0.757864515235752
-0.775691966671941
-0.653007106820706
-0.719754674582194
-0.671481971286662
-0.66019391417466
-0.574676642250981
-0.731080385167132
-0.664430371670221
-0.791942615695358
-0.578957824983855
-0.721804555545855
-0.788635098967759
-0.548975542988577
-0.755189222921648
-0.626883884634407
-0.653659033553621
-0.849292325758298
-0.595899647771807
-0.723530102086316
-0.593926397725037
-0.646276201997173
-0.668279664157582
-0.588105831486175
-0.71386024837119
-0.625205745268136
-0.695939833090274
-0.689439563658092
-0.607401288260652
-0.721256830921106
-0.593857867447562
-0.722026631888673
-0.646099164414229
-0.59853784007211
-0.70511936703868
-0.579400687626847
-0.513399790909755
-0.648317637446084
-0.722421827482291
-0.772403618466623
-0.709775045561001
-0.653536297906035
-0.533211614007662
-0.531023419263312
-0.54879737173553
-0.628486307836008
-0.596936360780735
-0.649468863667643
-0.539791542464088
-0.589731372659822
-0.753655743468917
-0.55525430955059
-0.605462603113923
-0.630156793793934
-0.619175071327418
-0.44253841698382
-0.77624550122258
-0.577207290465247
-0.589492048356768
-0.744468242410403
-0.595999530135515
-0.48461922486105
-0.67525574596171
-0.443127515957291
-0.673574635814174
-0.575599481511283
-0.608362047213103
-0.409703887291577
-0.58051132966061
-0.585970379943472
-0.61555228714233
-0.586467821777906
-0.721186890117259
-0.516328711199035
-0.543985547153168
-0.586133432275687
-0.519396874411572
-0.589399639931242
-0.540183603265737
-0.585139301524797
-0.593860433176661
-0.724150778052961
-0.640836358878116
-0.565764846789244
-0.495897158531227
-0.573445670892345
-0.596492070570626
-0.504615919799745
-0.55547491635767
-0.610784427957693
-0.60619960812368
-0.49934511387306
-0.542654997577734
-0.593440951153799
-0.610302369212284
-0.568686813624446
-0.534138645768596
-0.486820569988623
-0.637493102936803
-0.401790391420677
-0.504780360234855
-0.509460910586373
-0.530947338662767
-0.559779486384363
-0.546369536975788
-0.570428509213271
-0.591235479391734
-0.506021280681168
-0.574960461646805
-0.540272362717803
-0.473811731230881
-0.420710708698628
-0.528058199170295
-0.433612254177056
-0.433223070659013
-0.400356894592838
-0.453209871040911
-0.494520655466798
-0.433648446740779
-0.499700368174549
-0.596632170779906
-0.43836475012607
-0.546914849802975
-0.536648789451781
-0.542737628300195
-0.383050002894814
-0.250304625613944
-0.419054843842497
-0.423154450569628
-0.572202078184619
-0.449457609511572
-0.616336659587893
-0.455204350103212
-0.45979623000486
-0.438218524897111
-0.400734299025748
-0.406963936888273
-0.609859954085755
-0.442631579592554
-0.417081227278006
-0.351354816409864
-0.487083267768521
-0.340409660682256
-0.481300751512359
-0.630946540582312
-0.342216103878473
-0.512094060065796
-0.446489274663673
-0.427963855102299
-0.398920824627297
-0.440847237228376
-0.434122235348902
-0.268741411295105
-0.470728758088269
-0.364625692909827
-0.432490134565954
-0.270019084592419
-0.26619976748848
-0.431303581279454
-0.323754947585225
-0.257403038234148
-0.430320134512534
-0.350684732783418
-0.340899018602128
-0.251218149517563
-0.313152189664912
-0.301487448153909
-0.440280819131311
-0.41874490371841
-0.291362033279577
-0.47656442960689
-0.344145120841503
-0.377393971941645
-0.400185826320864
-0.368615204820578
-0.378962804953366
-0.357101076994306
-0.387275857387846
-0.398112981317697
-0.344868423359452
-0.435943783330577
-0.272443155374595
-0.438602151140402
-0.398177998887035
-0.428035509805049
-0.268941793774849
-0.465008368362652
-0.483437041518235
-0.262688152585354
-0.383854373437843
-0.225299304002864
-0.379044608890754
-0.44088987349487
-0.25450931433921
-0.505676372517632
-0.323007185360273
-0.177282587409481
-0.314278329865407
-0.406048169977517
-0.262254749579711
-0.318243543284652
-0.117211836235158
-0.395959227993689
-0.221602664962287
-0.315596120580837
-0.414991842403564
-0.228728338851823
-0.310328188104547
-0.285023007066974
-0.324240210161358
-0.334517275960452
-0.0420913962921149
-0.382445750203524
-0.35243785614165
-0.333094259201945
-0.244250400966945
-0.219310782885176
-0.393527528172263
-0.198236052583446
-0.389510401438643
-0.392520708839557
-0.251316624763062
-0.293156240289319
-0.356423186034437
-0.138765185962956
-0.217580915201253
-0.248035957128719
-0.254393492610867
-0.219681617195815
-0.227733553882021
-0.320680927647085
-0.300418900377058
-0.257050501102062
-0.291377597710665
-0.217188974650568
-0.316199089699224
-0.167641880188817
-0.273669890887619
-0.32477981788456
-0.295683765254929
-0.407037754937901
-0.324822538612141
-0.171355925203168
-0.170507614422499
-0.178069153134646
-0.211693239992506
-0.36561808000312
-0.300027066488913
-0.27495076742166
-0.321220692961825
-0.178593470504789
-0.248107486219136
-0.247465682192011
-0.142582094404545
-0.0970395474254952
-0.202837385821136
-0.349304744735053
-0.0654499663802087
-0.160594772959763
-0.235545446617166
-0.378410185909344
-0.269185558900309
-0.250251521245042
-0.115289905429105
-0.222222047288979
-0.334579392855841
-0.18183755359465
-0.190773625835277
-0.216084108785492
-0.0667672909280414
-0.175128298560639
-0.250674986688877
-0.133682852673853
-0.181925402590579
-0.13800022142373
-0.275634422261912
-0.317467276138556
-0.055506011668706
-0.241532804484655
-0.150670209431747
-0.19073277424717
-0.271212001833653
-0.108237337665433
-0.219527339497218
-0.217598308580023
-0.077942349782274
-0.112666449400771
-0.0557167453637129
-0.110362654993387
-0.3034240816967
-0.113438996677771
-0.310147123934505
-0.0124198348291467
-0.10685108876523
-0.182892622248342
-0.145391701165246
-0.255953977477218
-0.200426702181678
-0.0572810116894843
-0.177853141816809
-0.141896931142641
-0.19030676271832
-0.192030013807337
-0.0368869641792277
-0.0566602467752359
-0.246720846167403
-0.0981795461558813
-0.115733698316709
-0.182388082643638
-0.189856195673211
-0.266217112506891
-0.168710869338273
-0.15210729568642
0.0061388526987129
-0.105391231274727
-0.108479142494633
-0.0528058839461284
-0.129670731886647
0.00607470116083223
0.103481550114478
-0.0794083743443914
-0.0736394119523564
-0.0511473703497249
-0.210330461812703
-0.0149760762697983
-0.23583313742344
-0.0399733051130401
-0.103420347398839
-0.0777122849913978
-0.0461341643391567
-0.203615692158664
-0.0160575467973843
-0.126689963217503
0.0561015090379829
-0.101894545999718
-0.0309996396642601
0.0417966582320929
-0.063725600683021
0.0339840814865759
0.00146614373387348
-0.0366476862222149
0.0834183677316038
0.118129594918828
-0.0388576963533253
-0.13002657177243
-0.110824645713002
0.0581116717835987
-0.0879718469436954
-0.204795555757647
-0.107130317731089
0.0358674967230593
0.0396050533149317
-0.0860735572988992
-0.0790935958767777
0.0825025402255611
0.0572437682117786
0.0470475263472447
-0.121353060136882
-0.001479818180159
0.0591192482693795
-0.0259252140001822
0.0700417803769423
0.062728910145435
-0.030702810624579
0.0618358197751712
0.0439221356284105
0.0445111531011931
-0.137764769176764
0.0363001161890944
0.0176990774409256
-0.162927578491876
0.0676717448656772
0.221914338538942
0.0728331106424532
-0.0355268248699462
0.0706867996146941
0.16138099870316
0.102099669984207
-0.0383702701122905
-0.142033020220358
0.145914705561661
-0.00317196311489158
0.122564776131012
-0.0395650470831622
0.0180939105074265
0.0767725120502573
-0.00466355574319763
0.102231259499791
0.0194376370659165
0.0387336297791576
0.129404244873529
-0.0319192933960831
0.0743411573586157
0.168921573768257
-0.0958240396345008
0.1143090449148
0.1648125291328
0.0599995599602888
0.0178284347220101
0.0967503624298439
0.158488220730285
0.107494898936131
-0.0700733389231141
0.0361867238072153
0.128768839447336
0.175944576070645
-0.0896937860420764
0.214606057191481
0.0781281917855892
-0.0430145577099583
0.113887297108002
0.154851808558782
0.208858919771254
0.121442937671922
0.0331294528215154
0.169901982314081
-0.0145528217315017
0.202763889109109
0.143060008422757
0.0992386002970417
0.0594370281746762
0.0973873165512452
0.00936435655887507
0.112837411804852
0.107408503545654
0.111329577692087
-0.072274199042189
-0.034568605479354
0.113304562439151
-0.00167989405646658
0.0674357278281856
0.0224739119756327
0.273669676587426
0.230209110073504
0.223006687072886
0.260410825057608
0.112706076024592
0.0617714930055799
0.204115218182368
0.151826152685551
0.0890596863101573
0.0656747173763996
0.268902721147887
0.0532269004245297
0.286668308569186
0.159612841700391
0.243299058520717
0.276456574947997
0.235553295308268
0.132989495744826
0.284499290219763
0.235063814248811
0.197914380132867
0.318401113835568
0.0676598891862265
0.225454841485863
0.0691604112222402
0.121762262572274
0.092091343348946
0.30972935630958
0.304352138995124
0.30572997777894
0.183129227551465
0.172460368632588
0.274799670633993
0.0760309447586312
0.326540249876503
0.230278609482117
0.266363601145249
0.183289402437814
0.0594408846181993
0.342172159337437
0.131768026964557
0.28194421475707
0.345149820953437
0.0643621032162538
0.261192379108738
0.206304333622942
0.0267181205510367
0.100944610560421
0.44189938339203
0.357334565205592
0.224645808546273
0.161962872546636
0.249751161297333
0.404863802764169
0.309189025959391
0.101653765161387
0.129683295723859
0.162120303134137
0.395428400522469
0.257163164198766
0.361271410507143
0.153211609762016
0.229275985375027
0.199463273552507
0.258847142010355
0.1697979909004
0.359924872489459
0.411626445056221
0.391195262306617
0.168055913587267
0.29498508295105
0.330604579592088
0.403240305396003
0.263599895595971
0.26462416795365
0.36523983150255
0.281599650528114
0.315122406136937
0.2351225142646
0.228542213683118
0.491245562390078
0.389095458570046
0.243232875746664
0.262090625439244
0.320902559835454
0.2912918551704
0.400386939684904
0.253214417444311
0.379051736772185
0.416669733626877
0.410535344967066
0.302540206073306
0.405907974079218
0.422419554486977
0.205133579219647
0.263296623411389
0.368377199193736
0.287460745591891
0.0912481956215123
0.332529847695291
0.305755128266377
0.32337297369992
0.228665358402786
0.423011537405271
0.293762902273684
0.317951177291725
0.457722465480579
0.357730354877154
0.179698137662831
0.330805403883364
0.436284836197506
0.329469001672918
0.403707184764547
0.317601955820659
0.335067563242918
0.286794390866251
0.326902710706381
0.336706839687722
0.488700415991831
0.395824379696326
0.405386242774077
0.34530752709244
0.422571738804062
0.264954370222331
0.336052263371069
0.231535022514267
0.268626576108415
0.352327573409903
0.355018964487458
0.287011406175438
0.267036717357062
0.539554729752395
0.318280195451287
0.285283308586796
0.406385513046237
0.28942126297854
0.246481985763059
0.549625095288329
0.534569749520584
0.462318035620904
0.463245228029545
0.416331638037885
0.286713329640538
0.436431895969326
0.496292148209353
0.394905720258619
0.418660613931404
0.460706788976638
0.312928260277499
0.369785966131071
0.523141755652266
0.434700280458811
0.385331745354875
0.370860242531482
0.400423701336652
0.452798383164223
0.494188970632945
0.355751354941807
0.569582402318952
0.506814374991708
0.520994473314088
0.430983836009639
0.503541405678884
0.48421248408958
0.432423878007426
0.479248127460532
0.357701526812589
0.431076125531747
0.515318139456104
0.461410905773327
0.502029029606977
0.545939993872201
0.48662116955621
0.468614217465863
0.498849156564838
0.445201215313691
0.454912370357904
0.506031300880426
0.494977729218762
0.507174977961254
0.637573491009083
0.588127087960653
0.511487165574211
0.493564357049118
0.522487650805776
0.552982879127883
0.541498810057602
0.535350355759898
0.537222483502401
0.610191234838373
0.551747039663265
0.547677060044435
0.506214210248841
0.564478337970408
0.459650390832739
0.501225247448358
0.675334020528929
0.459937776502025
0.513176512177084
0.496810613643603
0.628006989620808
0.573603322005764
0.614510049747787
0.588796404564839
0.619074338307149
0.46446299515015
0.626047695221304
0.593650128453447
0.662072544838587
0.458046985921312
0.568922749996064
0.812709391193062
0.542880475112407
0.624362658126068
0.6194916931859
0.74879878141695
0.536426643736216
0.586837603565793
0.586970566184492
0.560253875454325
0.629600635354789
0.659605148474431
0.580214372258863
0.691589612916943
0.609610090793314
0.63885174818261
0.68974560432814
0.639291730406934
0.457618867729629
0.496246220907527
0.544587168210819
0.587245540794303
0.689619401009347
0.593998705376164
0.680877205736928
0.595516300585772
0.46236248125806
0.698386369526822
0.664569392998821
0.563362019993793
0.585037957142372
0.611273665214655
0.546672487652088
0.432823359900467
0.591231261452922
0.598846096376698
0.498645443675418
0.589933401798596
0.6092632302779
0.546818966869545
0.55056923879454
0.634558170160251
0.715671550181835
0.66246505023311
0.575750402908695
0.493203568359177
0.71578374648282
0.668438603770087
0.533170734308892
0.483080568397586
0.719362835969105
0.503482485866876
0.815993637436564
0.590219853027734
0.713155836771631
0.793484590008963
0.713885648548815
0.635537221454752
0.748332363550237
0.765199731611365
0.748136425087419
0.736751874624611
0.728971941983866
0.609237795396687
0.631982215957061
0.552274822400329
0.663304117105681
0.510483184065946
0.735138068423654
0.680379493767467
0.689122940929271
0.608382386988289
0.594068404108616
0.721426460963841
0.747930628971101
0.724726694201309
0.68934747085646
0.558624693118024
0.689177772024879
0.71422826026726
0.74102574098943
0.757075075428537
0.723633255270306
0.799634505314536
0.776436930503485
0.751299005987541
0.848196336757271
0.686330419225677
0.734773812298553
0.863758796532753
0.787497477725893
0.764650795599036
0.667736542562575
0.709663212738884
0.708317871815776
0.861646591910804
0.818756477150718
0.829810384194328
0.869165434884693
0.745420992643299
0.744561781734136
0.809800471007166
0.672835568652922
0.817162341520466
0.803030464540778
0.797334260293758
0.810419809156651
0.805208238450531
0.672522112678949
0.782236940458125
0.90974524732535
0.600206857394593
0.630342419933531
0.638319001378253
0.912513200999328
0.890366313272831
0.878821864277088
0.794119461826123
0.857760218988585
0.736673843663052
0.748780456167244
0.847155016871237
0.654026488835811
0.628981564002744
0.842772954908386
0.829011042150789
0.827011380910429
0.745631035489593
0.849265288563233
0.892872929557402
0.864806064549221
0.74596616793366
0.750260521746234
0.829596836572674
0.918315670575996
0.85516190921458
0.769642971085753
0.844496389602382
0.918658629193505
0.738926444343642
0.822512775331554
0.704241075685487
0.89299650707318
0.853517777845905
0.962625719393504
0.714582620304886
0.868956623417957
0.832979985290552
0.908216414242082
0.670655498900815
0.926811932824458
0.902311938118717
0.765061686187617
1.13732465758067
0.786893792013214
0.934965245067152
0.989561994925996
0.929837445001758
0.880581291214667
0.86936939289489
0.890426845049686
0.84966067473642
0.899063639997488
0.90791780060887
0.959701811163418
0.78720950479631
0.711315535478213
0.951278957844272
0.762383916624543
1.12337501291728
0.970501590659047
0.834389465408548
0.8060163214779
0.900426424703461
1.03387287561818
0.862963242590659
0.874955315591423
0.96173774097274
0.790575043115586
0.805960116806656
0.963643875977729
0.763541427117529
0.942460469319022
0.951693587807139
1.00785119573201
0.938573672349722
0.956736442130242
0.956067108925628
0.911955794920755
0.839990248569149
0.992756047618419
0.824511415078307
0.980557525209072
0.831925095125775
1.01850910450273
1.12254046319695
1.01802207398358
0.857413297312811
0.768340258047858
0.918267270381773
1.00666241235701
0.978871765988878
1.05475129784245
1.01543648435074
0.963898255310698
1.01507104479302
0.879369898626927
1.03420348455152
1.13102841993635
0.98148181627014
0.994292089744683
1.04068015234435
1.07053653067523
1.0775229913022
1.04132602783864
1.00047179485663
1.09931053978727
0.920837120653669
1.05451629420365
