-1.01840075218376
-0.912301956507633
-0.96575097983315
-0.923901437113286
-1.00655695057478
-1.11527158882
-0.976868969194598
-0.827572575164594
-0.91880792192652
-0.97108459218302
-1.01115789686309
-1.02990203026753
-0.963983947309194
-1.04907245904279
-1.05225496919855
-0.968368320690998
-0.995071503164054
-1.1653823533601
-0.988820622453497
-0.988925148682526
-0.97617999174151
-0.943916990999057
-0.846498916062214
-0.947585263459387
-0.833016474356068
-0.952495336851591
-0.902539711743965
-1.05072542255313
-0.967291656261957
-0.771358680480848
-0.881265408473203
-0.851814536390743
-1.1632337220205
-0.862038890803019
-1.07334814310093
-1.04236822352777
-0.830847627421064
-1.06089313479531
-0.933474935510094
-0.817307065981993
-0.952173452201557
-0.884967072842131
-0.691435843652328
-0.732176375966207
-1.02807321296354
-0.850597018763734
-0.990484915453651
-0.997949962071267
-1.08232255740392
-0.784974765904938
-1.13302571265969
-0.979340467074809
-0.956757964668118
-0.710348936942515
-0.928586347028777
-0.78608303836925
-1.03176244836221
-1.00208696609479
-0.746874879514802
-0.924702420490316
-0.795014390346964
-0.979259125813955
-0.826660788812749
-0.858457321275862
-0.86542074006587
-0.816032329846359
-0.810779520450763
-0.956998654606386
-0.834401389301878
-0.810388448787367
-0.910381520587121
-0.820218251569134
-0.957609037481899
-0.695244835701848
-0.761259188421403
-0.728572905542576
-0.823867900440202
-0.756958065990935
-0.830863626150951
-0.812610776656837
-0.828279760742272
-0.758142779324962
-0.896105514509538
-0.757750257232178
-0.782313083973123
-0.674796026807871
-0.750710806008292
-1.00891825933478
-0.850270175602209
-1.018377021673
-0.831166489304421
-0.813551570056841
-0.926472164173365
-0.776264240218659
-0.803325338340076
-0.674327318623688
-0.784774452993077
-0.90237461436633
-0.732649449896722
-0.814392110909406
-0.792731233524076
-0.847041579748419
-0.846472464038489
-0.816243632602955
-0.818899154048021
-0.842759423792172
-0.804814380391377
-0.977319506963128
-0.755036731324054
-0.760867166210128
-0.777953290251322
-0.82079202442744
-0.718328260240659
-0.817105434668888
-0.757909365819486
-0.648904327043719
-0.788159242023966
-0.621192002324124
-0.765235790221681
-0.684009743218033
-0.767458173642697
-0.83263875024547
-0.751926669526333
-0.874308355826256
-0.665804979534289
-0.652104647425939
-0.811792902619657
-0.773985783777159
-0.848403374562155
-0.681976846468551
-0.567743443485304
-0.763419468290231
-0.672374174540322
-0.858721749950145
-0.503742418062632
-0.753419707040573
-0.760552598700437
-0.805149925356055
-0.666379462289236
-0.656119562334278
-0.562320411542031
-0.589401184773955
-0.660341521721498
-0.651977748617635
-0.812018115958256
-0.802235656130113
-0.722878798937101
-0.721811420442784
-0.664904154393713
-0.85617650782538
-0.696994666881053
-0.740942393079197
-0.699353458615574
-0.791108105063926
-0.644322220602451
-0.60742805231121
-0.758765634229363
-0.611920996778126
-0.660496463316617
-0.685160300632258
-0.647672112439473
-0.686254718526207
-0.762942594889109
-0.715858178012921
-0.577119407658613
-0.602168821370495
-0.871550519226229
-0.52247575406672
-0.711862678610137
-0.634780838783181
-0.667844263468658
-0.656341327064306
-0.597431538019307
-0.658638964878892
-0.592095145448325
-0.669060805106529
-0.649001533172786
-0.492268559406539
-0.790129762750234
-0.638421132876867
-0.685005706655899
-0.580495568107178
-0.612721680210312
-0.545396830384052
-0.593265988596902
-0.56431072324679
-0.665571227444402
-0.517630834827368
-0.665290537909948
-0.566353322716399
-0.513471457734723
-0.704429034401385
-0.656080528594256
-0.617244088905719
-0.585424223531421
-0.730465098931005
-0.579291484709391
-0.608295090967353
-0.652183240155137
-0.702911270049311
-0.463729695685751
-0.537724044615417
-0.700482588591169
-0.589187535056981
-0.692844312284909
-0.618067667404081
-0.77507561129901
-0.631894506146746
-0.569431147786981
-0.518593624126657
-0.634976299343678
-0.551866407476137
-0.574083049118554
-0.514710583299634
-0.564289415581189
-0.561216830587765
-0.583108111607081
-0.618052142825499
-0.599730104066885
-0.700188842435818
-0.514742805130005
-0.574305283396503
-0.581296067456123
-0.604755278492995
-0.4944573117208
-0.466587733225688
-0.645024482734038
-0.536757215365766
-0.576677835352514
-0.517252554974201
-0.345278002024157
-0.519562001719355
-0.396004125774025
-0.621925432885864
-0.447749655379211
-0.652055863711134
-0.500917180573219
-0.512781462469075
-0.523216331964521
-0.595924889856385
-0.479667938883438
-0.540473029617046
-0.645769993914129
-0.608830081262441
-0.409128453919187
-0.446806708750993
-0.416901964922405
-0.557597482713572
-0.412186330069035
-0.47402440155555
-0.518840935909437
-0.492306091803884
-0.408654123390999
-0.567782548735454
-0.606773724983169
-0.520332617790875
-0.455379238599549
-0.424873047259048
-0.429778117598415
-0.375484286551383
-0.423859443554122
-0.583527308424019
-0.375324039152516
-0.587806967355738
-0.57209224947986
-0.485527106503768
-0.422711732566894
-0.263144068687924
-0.348414008740878
-0.296859335449631
-0.39607518909381
-0.421882334683321
-0.502715263612626
-0.544750696510135
-0.383573008449672
-0.490806613010187
-0.539844291917123
-0.456382286367919
-0.435040419717866
-0.466940887595543
-0.489040751734536
-0.38785451718385
-0.530151410387874
-0.267707341291624
-0.369600177177228
-0.398932596428593
-0.454530253059814
-0.467234969707824
-0.48080707851541
-0.328871089469284
-0.410325063146214
-0.480341750359854
-0.475161351592397
-0.399936733454275
-0.511771425967186
-0.273476957409999
-0.439958245015182
-0.445022619982129
-0.600614942906151
-0.419283645215702
-0.436209460631461
-0.402533001702424
-0.272525045617907
-0.321752944219423
-0.391007971732634
-0.361281150863105
-0.297788195656828
-0.294103993275427
-0.334172599297746
-0.344768570203064
-0.533101919991504
-0.452658092209844
-0.125981349034723
-0.503293550743885
-0.32203999841691
-0.35038191188796
-0.407312481079875
-0.447925354313747
-0.441923256664423
-0.35784706795971
-0.3677519900495
-0.338410008744659
-0.241501608762508
-0.358399700025737
-0.34165619610504
-0.296987243374301
-0.111400312159215
-0.298069048342022
-0.364507142608017
-0.170622032269665
-0.512715426704233
-0.393790731699952
-0.300537929772051
-0.283947033722309
-0.278881909757496
-0.211412130884972
-0.417109737872621
-0.300020325497396
-0.321948639345638
-0.378204686437274
-0.307636229202811
-0.236374464623263
-0.271963785700852
-0.461660630456532
-0.208067267774052
-0.204890587225356
-0.23595009549508
-0.212067700547939
-0.335744183426315
-0.284504912007705
-0.187550321011169
-0.382658716397626
-0.233630512951892
-0.350076551742994
-0.28844727034148
-0.274988440425508
-0.221528909193509
-0.304041020840289
-0.24229408776556
-0.324016640848941
-0.406214542973002
-0.323472993909912
-0.311420386127297
-0.222947834778136
-0.205517641731009
-0.185514605898765
-0.344412296322059
-0.250445371959381
-0.220883834114279
-0.148889884821579
-0.317212078877721
-0.234681104902118
-0.456969022590287
-0.196381950121995
-0.287602752948885
-0.31264630068046
-0.201301597781096
-0.290576905129412
-0.204031056223201
-0.239126815323937
-0.350677216608947
-0.265983722729467
-0.257688763414389
-0.344735315318776
-0.268051706786354
-0.255024246376867
-0.372994976359488
-0.212511191291946
-0.079873389272187
-0.208201788887236
-0.176416917386934
-0.292919539930479
-0.075658072023274
-0.148006987385341
-0.28916301467154
-0.308865632172306
-0.124496757382912
-0.218543735559275
-0.378321262211513
-0.141661634042315
-0.200706660454198
-0.225715803549581
-0.216699771071517
-0.255624217176404
-0.313256093652564
-0.108219050007336
-0.0802913117601962
-0.324701330329668
-0.118311691456001
-0.154397181591441
-0.138174044921713
-0.232266756022338
-0.169236923950567
-0.256678910469825
-0.237941195628664
-0.0733378054948188
-0.231280049927067
-0.313795997988156
-0.186025039477831
-0.163359021910355
-0.0318896501262635
-0.213553358025327
-0.208345371125665
-0.180103658306585
-0.264385742482629
-0.190461083411618
-0.22210975005237
-0.193463692254925
-0.130754589623766
-0.0654608483739418
-0.130783316757109
-0.11223812652126
-0.225866573439867
-0.103723928089573
-0.0484627334612579
-0.164625482874481
-0.125605012261728
-0.396372742553108
-0.0867122054821803
-0.19398474820851
-0.0474915829712327
-0.179298989625117
0.0130131708868601
-0.106899468865741
-0.047502689115554
-0.146093959520193
-0.0939261234691573
-0.164369333050855
-0.0814754623699469
-0.0378518661983685
-0.253894329529426
-0.139008322434085
0.0799638348327795
-0.0443649119169043
-0.0408167001834361
-0.0826271648885457
-0.0748160483881741
-0.0587348539853498
0.0226481800840363
0.00841437151904007
-0.0760538533633284
-0.113630991727576
-0.065140619820705
-0.0135393732088051
-0.0804809446758437
-0.128262433011914
0.0801869418652894
-0.163681993308949
-0.027845048289088
-0.00818434139997447
-0.0773010879245905
-0.152260122082711
-0.00896079804292814
0.0340129732158686
-0.0770192444146874
-0.147113248958048
-0.293681071692987
-0.0619185802446723
0.0580546537749185
-0.00557321416062548
0.00124557553062531
0.0147814671536137
-0.13596177072355
-0.0860599970900661
0.0516456363632709
-0.162958524530999
-0.123588264570315
0.0862897331606377
-0.260054824442521
0.0600119770800177
0.0211708896144943
0.12605996660836
-0.112094063788493
-0.0742890673318685
-0.073370404881061
0.0910928121604482
0.0129115904363411
0.0470333259800008
-0.200988614025651
-0.129556604399376
-0.0453424300927619
-0.106170502689468
0.0366949008995623
0.0110228802513332
0.062868025784314
0.0441478855019332
0.00983266860675017
0.100344178064956
-0.180490334074655
0.00394620215060072
-0.128260944219945
0.0602328023849818
-0.057959265781255
0.0871789086136635
0.0499496891968683
-0.0389339534719172
-0.0768837233482396
0.0938338454917741
0.03615963454961
-0.0363132258494155
0.0304659406022303
0.149717333338539
-0.0698571792985092
0.0653288178233673
-0.00768096081249841
0.0762197795008083
-0.0872746783794371
-0.108977318453042
0.0610698764482661
0.117338291825457
-0.0279271643008771
-0.0937438936710112
0.161851434916017
-0.0206317107325288
0.0752725839727662
0.0090102837910997
0.257890180104408
0.0833684402710972
0.0248059340062547
0.0536901747575162
0.159296288500962
0.0471739384643087
0.0543700796889043
-0.0175881021782774
0.0116239676935788
0.0492063087543123
0.0964079464287229
0.0893066142731939
0.0943213828756339
0.202404621070716
0.105327670339581
0.00250502370042043
-0.0931342350061307
0.0235446094744034
0.147949668249039
0.0823990693714499
-0.03439130880167
0.1744575850926
0.192890697216344
0.0514573017242531
0.0943671364039221
0.0815926969141768
0.168256976000682
0.271819718447772
-0.00207264547242773
0.242788735167249
0.179265765209786
-0.0931885465965559
0.170969914289745
0.143986895287675
0.0469354261446504
0.157276545037815
0.210698152003057
0.0712945595769168
0.0414381399373899
0.074213966899846
0.346455935131718
0.238958967905516
0.150255775289386
0.176300303106165
-0.0374195238031516
0.24928199276859
0.244088222643938
0.066820373863629
0.0903860430777648
0.074680817155063
0.159694156954806
0.19055116692634
0.210978648529077
0.0750647724041389
0.120134130267811
0.273762746226514
0.131920376944402
0.225381929628151
0.070094697076961
0.201693243068683
0.285057587289057
0.251617086006333
0.148692156266772
0.292521801486229
0.134856476289376
0.3280219117484
0.157085227409941
0.328712441764784
0.209609507389319
0.0210202876547029
0.172656538145148
0.301745913467487
0.257054282141742
0.350918016927096
0.182529691108865
0.198024570821369
0.361318505774583
0.327491841108701
0.304639798907889
0.164117712412124
0.11608520759815
0.27563529613363
0.268444971442386
0.0163063746332015
0.23230048854867
0.261086223392995
0.193596329140242
0.285353162379637
0.183743603290544
0.292394703575812
0.112507583848859
0.264911040172637
0.207960051964375
0.368438991078217
0.419156969011671
0.253277708813746
0.0985765087820421
0.274259434403794
0.243076345891481
0.351836859256863
0.132613132693807
0.424367542707595
0.286048720727281
0.25078381623394
0.148630298864256
0.284301130451046
0.264685714772306
0.259928023625524
0.151515141806919
0.231081619449932
0.301530165941422
0.342932069220082
0.226146541711663
0.326163167646433
0.403567680383759
0.280643706440533
0.442911664120174
0.45576284537777
0.346104330748277
0.348345486653805
0.330771689919976
0.343409351343207
0.400788681505718
0.251136380847928
0.283979662467384
0.299864211648048
0.352632732019031
0.383356458992094
0.538919608156266
0.437169686869751
0.3478984491751
0.318214600879777
0.289454276189463
0.469513727673166
0.301256790501737
0.39251895359887
0.326597502185845
0.459995630329485
0.228100810131134
0.400895992247208
0.216534640547409
0.238804302459753
0.252017030551997
0.286868984920509
0.448629291216591
0.211660500741284
0.35031905419299
0.305496756679497
0.374423660318589
0.469475007176556
0.426547542890477
0.328282764391033
0.415274448333835
0.427783325919846
0.28291046960498
0.37459583745272
0.343822744206606
0.320292268452426
0.41048365087458
0.436969321900319
0.375512851960159
0.50634935695329
0.485270183155058
0.259847960307
0.432080656102237
0.515638707188744
0.460223671713073
0.394080191498229
0.340966622618168
0.379048550832397
0.360503893354002
0.397415598560244
0.246235085671776
0.444285282545169
0.554148363596007
0.35231442080036
0.45865530504394
0.583756061704832
0.501190669207791
0.456495739328337
0.346598130987339
0.53283768330162
0.341284745480609
0.415180432957652
0.460222027195701
0.344916174755294
0.485365182486319
0.355865036231736
0.467174439516109
0.35008496313543
0.545663746305268
0.516202418630631
0.363130477274348
0.451504499335282
0.50675834292303
0.46387851615841
0.49498900573523
0.570037237750914
0.36934781040606
0.45914165559324
0.468796083272763
0.594684523253564
0.293155145195012
0.485961983976308
0.40541738749387
0.621936487461151
0.63063461238483
0.401830726529991
0.676275488341343
0.475572086251952
0.544274939989879
0.578732270527841
0.436304395395256
0.484227354001827
0.449495217783264
0.485726562819539
0.495022002571885
0.480323461712688
0.521581416882209
0.43402176544843
0.52527480584654
0.548928422018433
0.397526821224049
0.543531738175812
0.570327286034635
0.523621288478438
0.533536495123425
0.498717705534814
0.474962603243238
0.517963923895656
0.613343166260713
0.546739042024728
0.638347193067389
0.485068972621364
0.430292902168025
0.528312893344879
0.526593247128168
0.544630939710999
0.516734934707054
0.548975016546858
0.502750609561649
0.532511146705641
0.590095553087106
0.565152550533479
0.563390729328668
0.477941615279003
0.569573203012215
0.449819997324642
0.555935793318546
0.477123977364467
0.538626420617237
0.687590597879054
0.530670246684983
0.627752677971729
0.537740893239851
0.534625639185719
0.573699972838523
0.673928307667956
0.502517762607121
0.510951299656254
0.56755544705004
0.647063466205226
0.491724813985315
0.58939624308965
0.515273088304633
0.664448867882694
0.576865613375066
0.602720037169255
0.595771921906418
0.731443130740149
0.587110011078363
0.551990389581129
0.476182894958662
0.690053493699735
0.650808517167524
0.581780505292537
0.66122860170161
0.796188001483449
0.677753955866604
0.613246895962145
0.637058729783852
0.672736422103619
0.504667070939082
0.584632944979557
0.613824842835419
0.709786891031815
0.581674301930778
0.708190935323667
0.65557386486625
0.508726957245207
0.760314518451674
0.684919336015243
0.757377271469066
0.704056820904628
0.556297082845124
0.580419684197359
0.634319367200806
0.802128957970851
0.57373183560646
0.648525788474079
0.681144059484606
0.842615664373987
0.640871267203563
0.682130692395958
0.726594533058484
0.771856297495858
0.622311975946258
0.765877605757937
0.676565456910534
0.827312916213971
0.662907924136782
0.843373209440383
0.692341744678791
0.607341172336981
0.718850885251603
0.674825530247243
0.833468096678823
0.690998183624121
0.752807599747415
0.979822385092018
0.803237750594552
0.566439881272656
0.690501802720329
0.771018664075418
0.648024701943719
0.632535405124836
0.655292084799944
0.913597164726371
0.732528856641793
0.700389576739395
0.626506980346026
0.827009333889429
0.743879323890257
0.702124246882394
0.702062942180483
0.800606543251716
0.713727854687965
0.721004826625185
0.799156848361393
0.647351636390844
0.831215133049548
0.768585814438444
0.967537657062459
0.694966036582528
0.630340095978428
0.797168450142207
0.756120367195376
0.698143298813931
0.854940617516484
0.887212398867402
0.767475470870833
0.565007399607245
0.875588958973776
0.726258964281566
0.763588135281243
0.71836579818453
0.886203760049955
0.717782517409502
0.829826189836073
0.817848868874657
0.735799385027856
0.843469201988619
0.662498054336291
0.892225842499503
0.891621706571891
0.733044336333553
0.723214432205635
0.822706097525867
0.739531796092141
0.648639987803993
0.81494800050589
0.87469600046538
0.810129507268434
0.837859580731526
0.896123773667145
0.854478265390757
0.849336898905331
0.84869736763156
0.817887182706321
0.695159753097598
0.809886900185066
0.894116393762318
0.909757308946758
0.835749011384101
0.879339977594858
0.949498638984345
0.78448814575791
0.843448010573514
0.86775575115261
1.01118734366885
0.782213899039225
0.83236956508944
0.788851507737257
0.828787822631896
0.854988870580815
0.746304115432
0.829920371011016
0.864073737767864
0.811086935296923
0.709029253056215
0.776430571816443
0.808658198952336
0.80193413112225
0.78126275348955
1.03062464067261
1.01943679361531
0.920526392978426
0.854036889538718
0.76896716168105
1.02221516276893
0.781814538330473
0.991480330098058
0.931690699867236
0.763928563550385
0.957380354317611
0.894038928668307
0.787097678103214
1.13149718619602
0.72071726220158
0.87508924204673
0.859301027964395
0.919531734136658
0.914536350085455
0.863726270568504
0.970791864002641
1.01241591021537
0.918167288578115
0.776206613017687
0.942982079322659
0.831949917406713
0.759819526589754
0.970574845038699
0.870218798812089
1.05971862583427
1.04376769818862
1.0493878225798
0.974466060867867
0.811668711789729
0.91612245918644
0.941520878710459
1.05564867906406
0.78793150823101
0.903973529403289
0.927463369136322
0.918522341987277
0.866039027733298
0.896390148271732
1.06179487140422
0.992284270122764
0.93223847267996
1.04405589590592
1.00822223714962
0.862706210444276
0.939124520647103
1.03221671282629
0.895521535106369
0.960223153664801
0.928270447540715
1.03385859618146
1.07286125992893
1.02524861601604
0.956432683322395
0.966855921897797
1.22876570106024
