-1.01652898584177
-0.913263143576592
-0.946726178647636
-0.935266653087776
-1.02174029155873
-1.10696788941927
-0.951345537952914
-0.820250684781063
-0.920758587716011
-0.949745978961238
-0.985798492787866
-1.03481176075838
-0.973088222455406
-1.06621398241044
-1.04450935690703
-0.968849083009368
-1.00595301733416
-1.19478092597016
-0.979076591218044
-1.00224817562038
-0.967664612131542
-0.946251555040678
-0.834587509317345
-0.952974236217647
-0.849812199322044
-0.9495727467164
-0.889838260303593
-1.03377364102579
-0.959441476541919
-0.766348315317627
-0.909106676445821
-0.87350268505782
-1.16191187827425
-0.870119030322321
-1.04546133571401
-1.04720427807974
-0.825343265381506
-1.0815639052089
-0.937428294482772
-0.800550085179965
-0.94563777165007
-0.877016808981443
-0.717276429489347
-0.736184126335791
-1.02866814258197
-0.839964356354144
-0.981168159714736
-1.00018254495832
-1.07961792784901
-0.79368170679181
-1.12166758410463
-0.980039799068337
-0.965412081993479
-0.724855995851187
-0.9115102643805
-0.805515484097182
-1.03457775788643
-1.01549083778099
-0.759226836730951
-0.919961439050249
-0.795343116879238
-0.972403375575839
-0.827419537517724
-0.850209929021999
-0.862237037258566
-0.797091065278761
-0.815805811256643
-0.9367128556837
-0.823055414592186
-0.821913617142254
-0.921873708045358
-0.814985460930134
-0.947887730167747
-0.669382814762773
-0.754556314795978
-0.733234544628097
-0.852491877722488
-0.745209769589591
-0.837029686856484
-0.805793457202984
-0.850037291109524
-0.766006633379659
-0.886878622064039
-0.757409980564385
-0.767296916934456
-0.688650945171755
-0.740240753452948
-1.02164105650837
-0.851888226795431
-1.01277491853128
-0.844850199767553
-0.785297963256142
-0.940291348337002
-0.787516645371455
-0.809851612387965
-0.698072286763699
-0.759607235061349
-0.918868582808141
-0.717850543988069
-0.825483250931219
-0.777071904992552
-0.850016621044059
-0.859342881923189
-0.818363477947554
-0.827538491881042
-0.853796455092467
-0.800815304447596
-0.967682323961562
-0.763330909936944
-0.733066644373672
-0.792755137952585
-0.815425391350028
-0.708511479463077
-0.828975729121302
-0.751496150036801
-0.648240375466013
-0.794903910506662
-0.646021655087917
-0.777557791300907
-0.668319924551646
-0.763997227555587
-0.846638050572923
-0.73995958060035
-0.855965304410437
-0.674179544663287
-0.63019755355718
-0.819428019088346
-0.756851509482245
-0.845087462151962
-0.66698974760406
-0.537366730848345
-0.755876166644047
-0.66276250689195
-0.869503090452964
-0.494329798373889
-0.744395225064441
-0.749189893645522
-0.779186237102955
-0.670205222335667
-0.683509025918973
-0.572452721489323
-0.588379564970008
-0.671710821947146
-0.638761749417147
-0.817900058773239
-0.810301313638484
-0.752145081884457
-0.699545503167226
-0.661558994470821
-0.846278667510718
-0.72153047669941
-0.739988285093286
-0.708080200315883
-0.783378626836444
-0.632366115368778
-0.608332285480234
-0.767942278214393
-0.59448718003912
-0.651267417303906
-0.689775835626174
-0.629327447196161
-0.664841516835037
-0.749750663125053
-0.70949347056349
-0.574578308149759
-0.599124217666782
-0.860158028336252
-0.524101351480261
-0.714744055172459
-0.655952427908494
-0.698970047100035
-0.694708655522602
-0.608584398061148
-0.650599703754754
-0.582550180201721
-0.676599186043041
-0.66193667593697
-0.475566875257846
-0.792698434414554
-0.646906834371221
-0.686433179537613
-0.575887875005362
-0.651653469148015
-0.523814156077673
-0.614859772818582
-0.576981622857132
-0.64928160296664
-0.545456552103774
-0.650062922386535
-0.587831623775002
-0.5042745605549
-0.697482203869637
-0.682430033422397
-0.599917081831458
-0.610807373226093
-0.736115726537293
-0.555874270462742
-0.602424679706189
-0.663159098836384
-0.70678784337081
-0.469997615309471
-0.54308418072585
-0.694316892645444
-0.622768779505951
-0.677901450794062
-0.630306298205791
-0.758173956012532
-0.655212535589283
-0.558130455253224
-0.498655178289423
-0.644919350175762
-0.536249886304862
-0.582957209958141
-0.534806392522475
-0.557823946741995
-0.53564555055297
-0.584541270735501
-0.6368226161895
-0.612783625212294
-0.675877485490574
-0.552214293346853
-0.575012167193427
-0.601896988875994
-0.588788972763551
-0.455808773748219
-0.46191349375552
-0.642944616722826
-0.55409305657886
-0.587628718768169
-0.520929361283385
-0.332888584272482
-0.511300543638707
-0.389521887205538
-0.595483504594149
-0.438280667765384
-0.656324397322021
-0.519851886188932
-0.513181025078527
-0.51995653858249
-0.584799107557234
-0.504244486644493
-0.519305994724805
-0.61835810906176
-0.615669329089899
-0.413135828115512
-0.457125282455919
-0.430129188804103
-0.560662193533192
-0.401662755151246
-0.463117416616516
-0.503128155997089
-0.501898170454408
-0.428320278936795
-0.578341525601561
-0.608043039430417
-0.514313564369789
-0.465580698334677
-0.444241545515664
-0.458083993440957
-0.365355868146679
-0.426535747580734
-0.593284579477389
-0.376029158458667
-0.586738944753628
-0.58756133977515
-0.497686371525639
-0.421980895813487
-0.27980852878316
-0.35720573557983
-0.305557996599591
-0.381515792238322
-0.422568010888949
-0.518940602268103
-0.537511266615459
-0.375415697769667
-0.499892479044886
-0.505128130603287
-0.437634181413721
-0.442251336102792
-0.451057001873379
-0.486427362267538
-0.401672517735213
-0.526989927122623
-0.264155551668583
-0.377581680475446
-0.381325045919299
-0.456974216654175
-0.46356544896653
-0.497650111529067
-0.314728052046834
-0.405084306856186
-0.476520512433127
-0.460527532011605
-0.411017965338902
-0.519288980043837
-0.300005252311162
-0.439870150141309
-0.450449274470511
-0.601769377851484
-0.433139958600178
-0.424617487786668
-0.39841326563303
-0.274355800318017
-0.312482322519721
-0.3531507891234
-0.36453408570398
-0.321997568694472
-0.274878332233283
-0.334565359487812
-0.32984998436559
-0.509063719006572
-0.449650623126341
-0.145112216246437
-0.516366839332397
-0.336655874129818
-0.357508848731038
-0.386082086640898
-0.429803252037828
-0.429588306991446
-0.357555453982415
-0.386835864370549
-0.315108467522877
-0.26512839193359
-0.346102715124917
-0.346392354529838
-0.310825944515248
-0.10353454270015
-0.29726587770064
-0.355030190044465
-0.143141096950553
-0.511186046107597
-0.384874994516852
-0.312921094506013
-0.296969459157053
-0.289686455744679
-0.23806637403063
-0.426869211396852
-0.320839933376877
-0.351073246230544
-0.374798460100528
-0.306388447971015
-0.210524448256977
-0.253430000578638
-0.454002691483298
-0.234940366946983
-0.170931669481445
-0.222819418657605
-0.213836570030583
-0.327783422495051
-0.2925253404259
-0.187581894233778
-0.378732107157261
-0.212351188543071
-0.314429621477366
-0.275400511380243
-0.273541836825311
-0.231618342451916
-0.300299853357008
-0.251255854675525
-0.334648239588627
-0.400723462927116
-0.334576253726836
-0.335303350263533
-0.206286295882089
-0.203560871744201
-0.182976551643145
-0.339463403566219
-0.267065043802272
-0.228993715017244
-0.161818062846231
-0.320109520519925
-0.239869705477341
-0.456610537411386
-0.200939966143191
-0.321839046308902
-0.300658779615409
-0.185695767353909
-0.284316571092219
-0.207952873595172
-0.261539010575794
-0.362260267830166
-0.258655620367383
-0.237164494158659
-0.345404208953681
-0.257187458499746
-0.271737688797195
-0.37282547827735
-0.215318561204413
-0.105308584416353
-0.24327498958766
-0.185476488612453
-0.290989449209813
-0.0890101998236563
-0.127282380558707
-0.289961602587123
-0.303971815062121
-0.14074625308362
-0.224850828056076
-0.382193982457793
-0.156351643027536
-0.21733922224043
-0.202305821360717
-0.234532421945799
-0.242635864020487
-0.308336540981696
-0.120539766475983
-0.0809497490610783
-0.333331315473893
-0.138668673391717
-0.147714132337827
-0.137911743402045
-0.251121217030658
-0.172221647231329
-0.25054257944135
-0.241444733974204
-0.0506514394002424
-0.212599346705122
-0.305482426749565
-0.207218048677519
-0.166893554676431
-0.0193815023554101
-0.220006741615686
-0.212380142117517
-0.191731953628213
-0.256758348958518
-0.156253712923751
-0.210668481596843
-0.176797924683726
-0.131590331365403
-0.0852396262735336
-0.155280711641994
-0.123131901312307
-0.217997240514789
-0.102048286662822
-0.0279418720903815
-0.161533643871643
-0.126549669684842
-0.388542741535676
-0.100362299649363
-0.181316947309487
-0.0596602292139438
-0.149394970943598
0.0153461732262344
-0.10777862353378
-0.0652824627941497
-0.154073411126113
-0.111756288837306
-0.159503141164993
-0.0867466509032701
-0.0587549085346862
-0.266585282051314
-0.147952739908342
0.0576671703366147
-0.0618011044197721
-0.0477127422934408
-0.109427075106169
-0.0910296092386262
-0.0504601176125189
0.035105648109116
0.00917815261377716
-0.0720425048057103
-0.121703649251236
-0.0559754456203575
-0.00757844122278786
-0.0773867159224821
-0.0906350459512054
0.0794737258491236
-0.168327780736932
-0.00461520976897794
-0.00944545946211736
-0.0934604633556397
-0.148453465445352
0.0233058101689299
0.0484924694863645
-0.0432800138806738
-0.164561494089382
-0.291974589045966
-0.0767305388896501
0.0539727697959889
0.0134306499413751
-0.0239830596362986
0.0207835182113217
-0.116439359522125
-0.0774079688074296
0.04787951329358
-0.153397013055678
-0.116699985064787
0.0878613378811548
-0.25450260295193
0.0767693853424822
0.0220279448768511
0.105192834146317
-0.107569804149641
-0.0431654349032037
-0.0743825586469921
0.0927086231838553
0.0202917594410468
0.0606369779693082
-0.197533689022357
-0.123845020225489
-0.0544554884509689
-0.101739040746497
0.0323765288077719
-0.000556512601387269
0.0670686859467506
0.0622418335640765
0.0317690174701519
0.0801473947657838
-0.199590987721342
0.0116593230793589
-0.132899597179433
0.0534285138347952
-0.0640271726749757
0.0855885683485153
0.0510123107094818
-0.0254181474883376
-0.0635054989056861
0.100468128568067
0.0492500015639963
-0.0167718959472172
0.0270935320044206
0.159999256355177
-0.061414072978067
0.0692862713239233
-0.0048101458961163
0.0616778023854716
-0.0775113044097781
-0.115242027752416
0.0645820300332815
0.104415201097884
-0.0117823351348505
-0.0789124778780543
0.166815708697922
-0.0385172981084307
0.0681048081535214
0.0113820745910364
0.272365996832886
0.0972852093552671
0.0246166418947621
0.031947239815295
0.169975917044903
0.0437775260397795
0.0774267339590431
-0.0341813419050203
0.0359666872624595
0.0512602999351438
0.0899776881037972
0.0688125181483859
0.085493537151838
0.198789106997221
0.078548246118202
-0.0051324745736083
-0.0810480820202251
0.0219424030379018
0.139365654375966
0.0891674141689739
-0.0458356043123149
0.175335597585106
0.200748529474158
0.0539741568917674
0.111010600522179
0.0649453630102486
0.187936911217059
0.268989197271522
-0.0413450742683824
0.241293899136423
0.178172057390441
-0.10861921423088
0.146537933143371
0.154476783820178
0.0885705354397431
0.152293650630148
0.214461205104371
0.0779877806056167
0.0465059570819601
0.0591832148655571
0.322524869649277
0.254474075840045
0.15071482619349
0.177684185065292
-0.0389719317746009
0.242765784964162
0.230648344553511
0.086849458062073
0.0936548235824713
0.0633681687330954
0.148229177036558
0.21195200427195
0.219995501634293
0.05410469736576
0.113348267163459
0.291708507227179
0.131304717875217
0.239788480898193
0.0583050543572889
0.20346935382246
0.288867873383318
0.254627350805258
0.160891551763792
0.288828150890766
0.112877304721648
0.330221791958664
0.175246095594965
0.319599149239812
0.201160352926878
0.010777901754658
0.172038937864375
0.274072392053606
0.274178252403882
0.359876130420118
0.183897924261029
0.179753440190296
0.377830517712771
0.321142221329689
0.277925075254848
0.170730530829581
0.0885688122629074
0.278729826204041
0.265490769435506
-0.00161532570012162
0.24370023255584
0.246227746571178
0.191232436881793
0.283727736544122
0.180111102099751
0.27266905780332
0.131050258766998
0.2677316111234
0.206664477972373
0.362565842601907
0.427069004613816
0.237760749921654
0.108366360000714
0.253813430313754
0.250674080049673
0.324364643463691
0.12634769304976
0.415999845157743
0.293077669217593
0.238209609041267
0.144983962135131
0.306525903222813
0.263493062576585
0.284383885485134
0.149584372888371
0.248880279224139
0.283829513319593
0.357328840834688
0.237713892443735
0.318147139053444
0.410114255190152
0.280567898062723
0.413032466731511
0.436730481853518
0.326957313087782
0.368623454356776
0.312155772672895
0.347749133019354
0.404484452759199
0.251022515548383
0.315754808871153
0.311304267547983
0.354761778483403
0.382654099818586
0.537928232846062
0.436447540505201
0.331366205142596
0.337196671095149
0.289336116413198
0.472461258021697
0.324026419905345
0.37639589936809
0.337087289423617
0.45123071266575
0.237977343861665
0.408156155158094
0.213641991957275
0.237678083318633
0.261795154450683
0.291202250436927
0.444272716948284
0.222049909216128
0.356106512959514
0.295722790265776
0.348967778712086
0.456156866698208
0.439264662574969
0.316149068525059
0.408758743721866
0.42220517912876
0.305965147025211
0.381883268039605
0.330303631689925
0.295285648597021
0.425577135395721
0.427168195579283
0.351048920277778
0.49038485229958
0.488349088766881
0.264821642805676
0.425009184356691
0.506206949370011
0.46325194572715
0.401003347638193
0.344819527496142
0.376679528842705
0.378589534515286
0.399288685867383
0.256969902640757
0.455954601239294
0.559563060433441
0.353445887787411
0.461756797931059
0.571174446456894
0.511251808802651
0.454828544128157
0.373170834300711
0.537702760077972
0.340230621089747
0.416057273927622
0.482511769712136
0.330952062548
0.489354190216555
0.353188616466452
0.450182770189192
0.342288526818725
0.554219548656411
0.528673207628536
0.364165963691233
0.436195728590425
0.495468413681303
0.473688281085135
0.484413340021169
0.542086158667362
0.387490517173275
0.459518944505916
0.477180211632634
0.592657740883496
0.282242061695131
0.4915022011803
0.436293285328802
0.636928953672388
0.63007484324592
0.405417859967647
0.705705123000514
0.500079623145582
0.5362607394527
0.579167331780282
0.416559255107047
0.481173688161482
0.453203594594227
0.471923607764472
0.47146738710416
0.463599471762251
0.54159853212162
0.412842539995937
0.516913394762273
0.541961691233826
0.394875307019055
0.515054950134924
0.54005441603184
0.502211142919059
0.533764102283033
0.490292570793357
0.484059373860777
0.48127241709489
0.617755881619378
0.547155823725859
0.641680428060587
0.471459142713252
0.437874551325645
0.532076627747838
0.543992744374097
0.530686205294504
0.515799725600569
0.552233799611486
0.522350931025568
0.516039625754143
0.590904530811262
0.565699790674122
0.546389084382562
0.50399260283958
0.573925456901115
0.436023829943949
0.55216224396665
0.503152766161117
0.533516660192394
0.695352703280726
0.535215528459237
0.642343238739556
0.539803705266917
0.52893373708943
0.589224935257355
0.668547780713115
0.503432311027996
0.495835129628838
0.582764961053103
0.619822077185968
0.482694080323863
0.591957421084003
0.531828962662202
0.651979753607393
0.58373703067857
0.600302323867238
0.590790068987964
0.7140159829245
0.564030997723745
0.56830314156457
0.48312445620546
0.703860188399907
0.67643636970258
0.561462786739837
0.683596989747094
0.782848803733716
0.655757197601967
0.613256177263889
0.656836968337213
0.672914289008214
0.515549535508317
0.590211312892552
0.617472044489379
0.739178641983856
0.583722986075437
0.69516318551659
0.638832319371095
0.520738427548181
0.755654958698505
0.702468177912333
0.73458301844925
0.700587234161934
0.563536287656211
0.599439507849235
0.632720161618323
0.796601587535828
0.58123892251448
0.633009046879081
0.68133658524723
0.863635471126483
0.648646624880925
0.704742164197702
0.732483906368529
0.749216111903989
0.616367482794811
0.774863677732308
0.654211196464001
0.832757035934702
0.654883110667219
0.830866583965148
0.702268220973279
0.614088293343519
0.722126914471479
0.688454504108551
0.827187721395582
0.675445105246128
0.750975585177203
0.979129332900842
0.78977138737182
0.581310771123174
0.694343189961589
0.785207301988873
0.644017210902356
0.615313397991437
0.660397425569881
0.883236094197402
0.756825058039156
0.713847131967906
0.639011244249416
0.837418239408641
0.748271246680496
0.698747543357831
0.702231687972229
0.758267833535248
0.703960456124713
0.700129594902655
0.78834871407971
0.631296826328384
0.816941021423214
0.738546507171308
0.977270743250377
0.700990882782544
0.632089152675659
0.814619992841857
0.7604731722545
0.704677901636773
0.828870927059185
0.87921000846147
0.788442395413962
0.578170778298846
0.868557848083438
0.729062966284137
0.770648799592853
0.732109390307103
0.881777106831151
0.702792754273984
0.810133835717654
0.821772708646328
0.736891449869022
0.81618340807843
0.637631763918588
0.88861055026881
0.873475435479624
0.739613710663923
0.740498310331417
0.793230817608337
0.759806492298218
0.659637152777704
0.80233218549423
0.857685199024619
0.820513837646349
0.837908194459175
0.873281091944836
0.860927081769202
0.850332432719462
0.87847240042819
0.821689947508986
0.682352304442024
0.801657575224947
0.887328170114246
0.893168822556577
0.82311446978007
0.90159738640658
0.959092038476844
0.805761560925873
0.844882768775756
0.867824576662698
0.996971203789838
0.796914434110506
0.835648760048082
0.803876184648485
0.814058875186222
0.856282545204765
0.736723409221254
0.828346700259965
0.840754994120305
0.779451213190756
0.698487298394082
0.765664685395185
0.80839737563231
0.816073180014315
0.789307529654343
1.01992599728772
1.00767692538088
0.913389212228908
0.851982664890429
0.757579527008436
1.01111542795805
0.79636123135131
1.00939748553366
0.931708351648911
0.755812184242744
0.952888956472196
0.88216305084992
0.816372973282073
1.11480985702603
0.720472360008655
0.897251381771177
0.874727714740187
0.908471512158509
0.901237685816154
0.885993299940412
0.966084491002837
1.00015548369177
0.929378764021343
0.812895026016081
0.920712147854375
0.832500313212472
0.773872838222854
0.979106191644048
0.868488532408005
1.0535900551713
1.04672569315648
1.07645603605376
0.946140810005469
0.821547345823503
0.913082841346872
0.937327743095718
1.05723768344621
0.766371944525212
0.895804173696825
0.914788283602637
0.908337138035163
0.85448926529813
0.895960915185878
1.06316837570434
0.991215046083407
0.922730673003984
1.03310764623196
0.98532079697668
0.869121639496131
0.960115235373502
1.0191130104016
0.91015217577943
0.960977954267693
0.919732344167816
1.05194272193414
1.08869853176122
1.03719740962851
0.955211614078108
0.946997425869937
1.21894534745686
