-0.853079753194698
-0.974563867113041
-1.03557901771687
-0.922697403964685
-0.789991901160466
-1.00315655145108
-0.93522097732343
-0.976409525070775
-0.966565312051917
-1.18071795561827
-1.04371898385716
-1.13978892908514
-1.0507217048305
-0.95429061238894
-0.87851581051491
-1.00781385441967
-0.952879896312233
-0.909178577683478
-0.927062399243523
-0.830993685089011
-0.853634993422269
-0.967585869586324
-0.910814862738364
-0.916290871652275
-0.916642727007225
-1.05224406640801
-0.960587371933213
-0.894153977092355
-1.04766795318237
-0.885717355725458
-0.887451579942135
-0.874839738582062
-0.913927775384
-1.00467563936772
-0.784469710268744
-0.92172211121006
-0.862183389897564
-0.936402040202028
-1.08135807352469
-0.792490420739325
-0.746534142571669
-0.793455826077627
-0.85364772241324
-0.938464884951664
-0.941120672375816
-0.845972935449139
-0.886495866268084
-0.878623927686841
-0.839970623361477
-0.94615968555498
-0.988256904612321
-0.922211179059443
-0.877897389696339
-0.900632120931971
-0.856393194837746
-0.959651795435777
-1.07354592009738
-0.923700492932223
-1.06477007289312
-0.981694131206936
-0.794382103792829
-0.866013214319902
-0.885859302868867
-0.891047634044107
-0.741823140969221
-0.93904586121504
-0.804007243243935
-0.83886597304729
-0.779975648524782
-0.915305480367096
-0.765659056260924
-0.834215127358123
-0.76615356275902
-0.866288866404828
-0.807482111978809
-0.82960893628041
-0.99556787471164
-0.875947100750203
-0.83129191056067
-0.810787619439035
-0.814216472004151
-0.77349952757394
-0.905842062143018
-0.738241711150047
-0.85266213188642
-0.943841440733403
-0.728559332968883
-0.866981045377656
-0.773686343819862
-0.810934764095747
-0.897969056781107
-0.64782207365886
-0.767825610062143
-1.04152907131679
-0.834761439283414
-0.624646441190442
-0.829165093680592
-0.949717103629515
-0.779330895290265
-0.764328301486017
-0.754249176924269
-0.726069601665677
-0.832367931194267
-0.876573332110654
-0.661186775232607
-0.798684099689219
-0.81999407571768
-0.852851789369151
-0.786004800444486
-0.893431396919845
-0.76197850866042
-0.752328096946015
-0.732887177314436
-0.697699780908715
-0.862575719387648
-0.744351364493543
-0.758451701563463
-0.848640551258433
-0.726203149096858
-0.832287828324822
-0.934069852843806
-0.754678203781651
-0.645845044245784
-0.643479835877311
-0.579652279938746
-0.653923426728787
-0.805559996072039
-0.758924810979441
-0.829430931495148
-0.627612263764829
-0.657816079903206
-0.715071562598347
-0.747760388531713
-0.771387100838978
-0.784899066714453
-0.781434239632558
-0.71893106815684
-0.57891081617827
-0.711735714087351
-0.614763640345991
-0.678542380071237
-0.794934759835008
-0.660219347782272
-0.900952927048481
-0.729636838409299
-0.605307765942883
-0.618700370941813
-0.692999884748796
-0.740972926751016
-0.560789106933324
-0.634294703172335
-0.696623174180975
-0.633132247746434
-0.670856123682435
-0.64957183059859
-0.748135104598078
-0.657890191666511
-0.875958274663507
-0.694670672783842
-0.862948102727604
-0.67066263893273
-0.577468138445166
-0.67738313136792
-0.763622182121413
-0.780894389302195
-0.759776345033879
-0.730648630524324
-0.677841928897404
-0.599811549764267
-0.66154467082943
-0.742446874569283
-0.740174503649027
-0.632592374476423
-0.657398479362952
-0.551623158971085
-0.476688460639202
-0.632091779974819
-0.649087104869542
-0.590911202559387
-0.684091858763718
-0.831319460959276
-0.718446743267162
-0.669290819278046
-0.819084974316717
-0.691919879038428
-0.703554783811532
-0.646166356058082
-0.656380836176288
-0.650158876778487
-0.50992352765341
-0.678269741808781
-0.617521403244686
-0.618080843150612
-0.701845901107869
-0.610587260031734
-0.606678407250449
-0.446828542957055
-0.664881710746468
-0.662571592063322
-0.652001279240105
-0.52540462699979
-0.534587270096414
-0.430822988751625
-0.593738240178215
-0.55686729992993
-0.418154464566342
-0.534247145778393
-0.492300236534042
-0.483066914132645
-0.560726592491993
-0.555475057928237
-0.443902617731413
-0.604531603889668
-0.491167717212134
-0.434741640047185
-0.518750279129516
-0.574000576723364
-0.398415025962279
-0.74955137660421
-0.437450852344659
-0.486268736082796
-0.425806599233225
-0.635858355332606
-0.648252228039476
-0.585278269344149
-0.618462206912561
-0.568179552469252
-0.524451592766311
-0.454885276371527
-0.559125949632199
-0.520906755302604
-0.607293046428498
-0.431325062775514
-0.490624449608603
-0.550388990315734
-0.51544145198307
-0.556416321332414
-0.500612860059442
-0.628966876845679
-0.491375858329924
-0.52753223273384
-0.652098764980095
-0.40587694434128
-0.662711050598351
-0.593383845959682
-0.582308282702328
-0.438643794522177
-0.488883869107229
-0.434963449581478
-0.551497753013965
-0.305565712468405
-0.445976818106727
-0.408390646771078
-0.503002708918187
-0.516973684073243
-0.505929525233989
-0.528469269677895
-0.647950087056343
-0.520018607039776
-0.497861458471925
-0.568413637317595
-0.508196813701666
-0.374651679088753
-0.507181686856525
-0.536893850769855
-0.341861221204804
-0.458294359137779
-0.388611539751972
-0.553654988507718
-0.425021939573309
-0.410418293227558
-0.533745678051329
-0.565855412611172
-0.579333693062091
-0.434034810016665
-0.402837494464148
-0.306858733953047
-0.388543703919233
-0.607751365730712
-0.351867262615276
-0.46748581636077
-0.617666604114776
-0.435692337650742
-0.489813085364948
-0.509248446832029
-0.437736947516735
-0.442349577154013
-0.474869847502273
-0.423869069293422
-0.46613574966842
-0.537500961980981
-0.448160255521879
-0.345779838761754
-0.394952648095446
-0.47315860952224
-0.307667936033941
-0.232196098601039
-0.368471804604262
-0.296133409840008
-0.461180074905494
-0.529656781807742
-0.298191870714736
-0.402481377432047
-0.39525937240856
-0.321936928415061
-0.282877886399186
-0.328406335551251
-0.349631844683793
-0.324109976544733
-0.266431357248943
-0.419087317734773
-0.260291022908321
-0.500937607639585
-0.241154383943117
-0.328655752760285
-0.414244650208549
-0.38302598831751
-0.481838548818795
-0.270003832814186
-0.289308641253505
-0.367978670569149
-0.360764469991547
-0.404393129963577
-0.284750227004567
-0.376510278075704
-0.229113028641774
-0.310981741150048
-0.33152276334369
-0.38932246478126
-0.399981158805383
-0.392066865184105
-0.281211101259942
-0.233435617938049
-0.406959250834467
-0.426299340126653
-0.178419245871093
-0.244901087866136
-0.358028609150987
-0.296117117209112
-0.234370435023612
-0.330447165300854
-0.287375813579455
-0.237125217484328
-0.313863083062773
-0.42612141853362
-0.2793391928538
-0.285167905849309
-0.265774211298642
-0.256309431723876
-0.350529866990478
-0.287818523053581
-0.374810623284221
-0.334826029458765
-0.233192464056275
-0.438243970580603
-0.202274260915633
-0.175629725112529
-0.300766512078206
-0.242645505388791
-0.356396721419387
-0.270634598753658
-0.349811511832051
-0.250082508129318
-0.148334909040109
-0.304255405626496
-0.486589051014422
-0.407601488511092
-0.264047265030774
-0.162379057906836
-0.300352471093421
-0.170803034572209
-0.277820326280837
-0.389258135542683
-0.287763356467648
-0.239053617518524
-0.346703996380812
-0.145158710357737
-0.330764845235407
-0.253537413513201
-0.367777288435146
-0.267559254760082
-0.265920070206899
-0.357257275540363
-0.302762776994232
-0.120364312888874
-0.222734934581673
-0.277828753183511
-0.200853896720459
-0.317485043434129
-0.240298475735979
-0.241583798398384
-0.160150094449703
-0.093236358859179
-0.134869315006643
-0.265182079390313
-0.302138626422221
-0.303750438076997
-0.254572124997432
-0.131786769978053
-0.183264955907497
-0.158005684177126
-0.248425553602893
-0.147964429649504
-0.116733579494808
-0.218484805126479
-0.140792976231603
-0.0992890951673291
-0.214939106009004
-0.339624997121273
-0.0840851935761569
-0.0892549519363503
-0.113942324160095
-0.22083150380688
-0.337076079358029
-0.057798207382701
-0.11080995415566
-0.22296089987484
-0.0282026577835183
-0.32680441567276
-0.135646810599391
-0.0333682901050512
-0.208561913135243
-0.136838538804412
-0.0885521685819448
-0.206854976141907
-0.142429828780586
-0.125547941555982
-0.192806530443294
0.0378063266934198
-0.197496094484448
-0.213403466344433
-0.010418494649815
-0.212165395605595
-0.197070545069016
-0.189929523849542
-0.0790313626670976
-0.0639024434953923
-0.15297818658977
-0.209744485605144
-0.134462755157279
-0.175994301188954
-0.0709348954244158
-0.0887717543849785
0.00767762436707441
0.00194018300937318
-0.22608845450216
-0.04814779735857
-0.169911004870438
-0.21977039564799
-0.0762414029453311
-0.282373741747584
-0.0596045350838395
-0.0430393903893803
-0.164402971953899
-0.165242155854608
-0.0247504795948493
0.00172231715774524
-0.127707943509951
-0.0781757284221374
-0.129053973358462
0.0112561903549338
-0.00665544022296394
-0.122455953005375
-0.0366854069655958
-0.151362857991968
-0.0751603937531673
-0.0642028786757551
-0.0497513009387846
0.162409244689327
-0.0807297770535687
-0.0658525766100411
-0.0971663944141045
-0.127174386371363
-0.0382990854867552
0.00842684542590682
-0.134240375282247
-0.0631335915254847
0.0561866756159938
-0.118300745101341
-0.0345954783397813
-0.110534767194485
-0.0437772579385292
0.00868821308779878
-0.206492578932632
-0.101247230271107
-0.0955366395736965
0.00310948104829398
0.0509428311600281
-0.00727017394878339
-0.0989482668210217
-0.0557920438017721
0.156063475860389
0.0508046107967501
-0.0975594756776673
-0.00257128625093092
-0.0368201816736811
-0.119139022015132
-0.0195841994673195
-0.141226644668142
-0.0815451239741204
0.0637318072801496
-0.0399716317101996
0.0322704901567172
-0.0452403886835986
0.0106695974574751
-0.0263629443165367
0.149658132189815
0.028198143942576
-0.0831591814289201
0.0973490614748778
0.115657486408542
0.112317503488467
0.0769484175811667
0.00902708948001456
0.220887193947248
0.0236811632151486
-0.0144336823833838
0.0320409488568859
0.103373938244434
0.144964662926345
-0.119363979357829
0.0974794715719967
0.0195266062649161
0.0359906815264863
0.0424493561585853
0.0318300613504416
-0.0531171714788861
0.0887068555287382
0.122513565877383
0.0917286359884835
0.0282055044595943
0.145084358797846
0.14820360679934
-0.0211284087552735
-0.0174469885330208
0.0543172656409533
0.278741241518514
0.09221277957896
-0.0014943065465092
0.0485129551685494
0.116966217813643
0.115869173460044
0.139684650472957
0.0382712098335694
0.0778372440151126
-0.00676981286288125
-0.0326583283817941
-0.0242792829795524
0.0257808504030525
0.023336322220326
0.130360059648896
0.115702314410366
0.138960389183871
0.21126994394457
0.204763614700103
0.129567328190063
0.135719398892288
0.173769560995474
0.365605988502015
0.0628438065967443
0.132165219980632
0.192992157794046
0.291562986492181
0.105646832481804
0.273819055299598
0.112102455716406
0.187778109729145
0.263160133514577
0.104117165487084
-0.00660234517960949
0.201869094895296
0.275105952850691
0.186705392932982
0.0610348015655013
0.215357764541608
0.116920170623742
0.00202778570119681
0.0906560833008496
0.179601070467229
0.105308395087002
0.0611804809804292
0.174839081780147
0.110571205019322
0.299810196157447
0.12596743133267
0.0580732127108802
0.0947524663037407
0.155212648704151
0.0727424812529138
0.312633486279124
0.0539530464971329
0.17951992007728
0.21404826237617
0.191821044715336
0.271682209148842
0.331495906842737
0.190479241846196
0.132608007801833
0.17847261718146
0.162183931382215
0.320104170565443
0.168086143544112
0.257994471519396
0.199485563419156
0.129818310150263
0.181754854292612
0.20183798407958
0.251167394329629
0.00431963216714835
0.257160345428225
0.224467117309522
0.167365879706291
0.0594176702253863
0.149657671203409
0.144030089673779
0.122220445298368
-0.0417745974283109
0.417515534678364
0.0871680123774622
0.240287576521098
0.310744208670417
0.314250340792805
0.190289557750395
0.231689790747995
0.247145737208328
0.217430129954579
0.270221565707897
0.143877018314827
0.262304080321311
0.290294995393922
0.245103538899883
0.217782670760518
0.316561264126515
0.245874267415227
0.272657894151839
0.152809201038515
0.258480160115441
0.206170749183692
0.26765669568801
0.320499281310233
0.232569162264691
0.291399654800673
0.111925703369777
0.342785307247846
0.358009161287138
0.347383797177367
0.261731864767534
0.301892313016312
0.441056794104304
0.258787253432872
0.278917744439094
0.42568485526088
0.280275934217832
0.315345465830364
0.368330412979206
0.337842210362998
0.357890041509682
0.263304382555045
0.382914767080333
0.187604346534302
0.441300791388828
0.486426548623364
0.405972750204589
0.42851589811364
0.426935583771554
0.398818309345364
0.387866049584058
0.336804604365828
0.364475488764588
0.278554899187363
0.461735495760457
0.289376623372973
0.31422764162178
0.1399571431506
0.304003469956041
0.237496215973709
0.319366163472508
0.362170794089537
0.367600990726301
0.363494123996388
0.36687263713338
0.33067046867945
0.353181214441893
0.382090307938333
0.427065280953191
0.468924085318801
0.082867543169506
0.234917702794956
0.416535443807018
0.525788525078664
0.456410927870445
0.376555535939261
0.267522664806118
0.308129244668805
0.22053084328728
0.478846580217679
0.341008101960621
0.562018318172478
0.476452240144039
0.320613816301091
0.470041493837515
0.378377709749164
0.370136505842941
0.377084619602744
0.438474796030846
0.245802401759438
0.31320849652684
0.437179364360981
0.429155826296547
0.461177365053223
0.439409235018427
0.398755488316334
0.539024248868698
0.3885553253734
0.377981911534641
0.517027705355895
0.468422648639102
0.563644700690652
0.525699977961797
0.367971493386186
0.589365902264334
0.361250463012884
0.611258096925345
0.513610018384691
0.523708017838084
0.419776305088106
0.443412997590695
0.437071914267413
0.398237868874589
0.602184250050233
0.487096477021813
0.326250457892102
0.377252755902141
0.314247539673851
0.377792924225016
0.45491276158875
0.492575862816057
0.450433660544454
0.505264828672883
0.368281985053083
0.556835629049617
0.469410301049577
0.530939570740715
0.345494962946778
0.399387018259979
0.530836387390272
0.529793239757428
0.416610368831681
0.424342001700463
0.472161011867137
0.523599234271094
0.530451790691221
0.549586559057826
0.400484519426595
0.461913251124567
0.537607073534313
0.559291254942023
0.494754808330552
0.518389776221752
0.628818976680647
0.398529888037676
0.604035355890362
0.574142824700056
0.434055829250089
0.568719321033198
0.695705267331288
0.473272198131468
0.496043178572424
0.400805138072751
0.586886134736275
0.554291812835101
0.635312483323462
0.520720275082593
0.653569015786773
0.530004830235167
0.413629199686199
0.538631700084437
0.525165543298414
0.583076821314511
0.508555226613249
0.558579059699605
0.667682291412496
0.542159334766089
0.532534175439549
0.542714144968305
0.66314500321801
0.596271636316144
0.572381532521534
0.598031260647054
0.573272475038341
0.588430353997841
0.561443570046922
0.541263246971319
0.579719696752453
0.714184647025273
0.536911986604716
0.677471757133307
0.510554117219932
0.564103562009142
0.50117180495509
0.679164320709928
0.612449801746027
0.441258813415819
0.7389253757659
0.777386930089056
0.75933757840008
0.643524872787225
0.56914317645381
0.710091476870781
0.704971280584534
0.487838135361597
0.665048511883737
0.613108895335405
0.668893479386603
0.694887667343764
0.525579861080791
0.667384090670055
0.567806499728188
0.630729657553835
0.723051100280163
0.667023007003936
0.756282616152755
0.537800729027587
0.577697766537412
0.713604927260819
0.560268042732371
0.642296190944035
0.726266710667576
0.678428748300135
0.61496581109027
0.73569022068593
0.771915069401442
0.732192150547241
0.675029561363874
0.714282801816555
0.720524126236218
0.503834586726825
0.813433174047951
0.631358652642988
0.847310140257273
0.655820793444809
0.78790165188712
0.632692123386245
0.664554729435029
0.669877393667646
0.652566220846636
0.699354398939207
0.686859550027507
0.824121974056329
0.683834709303527
0.623944689452022
0.675503330796515
0.779997135620949
0.599618577183073
0.612123021337952
0.859248148064845
0.690925214181501
0.679750203133142
0.777021575082157
0.845128350114613
0.580198944599131
0.628249763511304
0.553588124613707
0.850626782748681
0.599957752516987
0.705532355568962
0.652741455638796
0.751621468389825
0.779888404005706
0.858583381061012
0.625427147806707
0.680166780408849
0.736226373823336
0.859461246089209
0.756916378447191
0.674482430083127
0.771087979878709
0.806221851360279
0.682814287692509
0.660267426336596
0.791436222484559
0.744507811465089
0.752186513148137
0.732135235704747
0.804243569985383
0.860635323245111
0.798748014955364
0.625315298151371
0.668205526891178
0.737562510195944
0.683928949917466
0.740523340929146
0.834800773628022
0.699404705590504
0.961252101397304
0.722724051422216
0.694869008869111
0.828900899966188
0.76471215077257
0.775191998885239
0.824243144359419
0.725579324862193
0.899093649811056
0.850820648365064
0.737895070793333
0.791858304843816
0.903222599853974
0.732408414523164
0.924411356521841
0.806376291766481
0.933172618375656
0.825908509828882
0.771820548387766
0.78686557129372
0.67915162415374
0.797059610179968
0.778429156783827
0.816343099265917
0.767839168076717
0.900069748155055
0.990817132801588
0.889535369920323
0.796659442494732
0.890712838582354
0.810144722224582
0.79106512622561
0.74961195377299
0.763323838505154
1.0805034964341
0.851660470474839
0.709702750610203
0.935968272767647
0.890103890204091
0.912731464621749
0.836198194253101
0.91365392296668
0.883715070736675
0.870179650381851
0.813625825537788
0.737986991466945
0.920342550548044
0.927751724813504
0.99969952054912
0.980598007380452
0.850307390959066
0.82303764440612
0.991540754039191
0.853513060644061
0.892360149270108
0.808798020988541
0.90140894829688
0.710316272917856
0.792726998863288
0.947892159533129
0.816167226261865
0.897162166545021
0.76941272698868
0.913895061312966
0.973669745147975
0.929444079490159
0.940270437896416
1.02878021785765
0.928122585816152
0.808918507179496
1.00712862865254
1.06000924514271
1.01553160321463
0.825676117078697
1.03380325155666
0.980010217897856
0.810282148504926
0.815864822669636
1.03907857836162
0.933921552910927
0.935680225104873
0.989897395274776
1.06774189028257
0.907742411023026
1.12815916850853
0.834841928947157
0.987422480051865
0.988899990761472
0.963502672916697
1.1348795142675
0.866399123724244
0.911250629568717
1.02735821675993
1.02221592009398
0.919171492054155
0.974272258403666
0.931031641685703
0.967378139279917
0.985663842879725
0.889554199535955
0.884046713241127
1.06312935435654
0.918470890412713
0.932500802392067
1.10803175328809
1.02807370746261
