-0.865762520474603
-0.960187865606981
-1.04817523128517
-0.93633341876908
-0.811142031091593
-0.999171849723735
-0.916948181467044
-0.985003673397269
-0.976091485766239
-1.1583592551706
-1.04156441047811
-1.1318646503121
-1.04896131393092
-0.939449988688314
-0.864168580862456
-1.0114011414659
-0.938685864731233
-0.905333471616541
-0.921414308694339
-0.8551481767222
-0.864279746116138
-0.965777921476283
-0.915725533019907
-0.894838414835584
-0.918253908605282
-1.05788416629726
-0.971745125545969
-0.881009846596328
-1.02364531560038
-0.887995406823013
-0.892384041984581
-0.872321760167822
-0.890597889784246
-1.00997141374112
-0.801926244040421
-0.939640388130588
-0.81499746010695
-0.946357774927244
-1.10663767106482
-0.786061530623179
-0.750698821935223
-0.789439109267954
-0.89540531643815
-0.91886639564482
-0.9524818171272
-0.848478404244216
-0.885090067640622
-0.889863465435495
-0.828884877713346
-0.960162977033846
-0.988185347174643
-0.926949126916869
-0.90454259540057
-0.907918400648842
-0.854775218948999
-0.945509770148432
-1.05221324579222
-0.941950370966714
-1.07239530216471
-0.989375001492516
-0.789246969570943
-0.870100463884547
-0.895118009625611
-0.897096678678868
-0.771525375642962
-0.910250360365164
-0.816275798442702
-0.852040162523486
-0.762451337676871
-0.913331428230392
-0.773305861657739
-0.823497756762024
-0.78115427916171
-0.871658686282626
-0.832416906363598
-0.8264638674074
-0.9856199145299
-0.871244425389031
-0.832227210582272
-0.808712571300585
-0.790855162792029
-0.764705470507869
-0.884737065466897
-0.72452116516541
-0.856601007916303
-0.937010594408396
-0.758992279905316
-0.872694810809291
-0.766776533816381
-0.843846361184312
-0.912362054454768
-0.610185527760745
-0.787184312887851
-1.05439510840465
-0.873762383372983
-0.627299559850769
-0.822580803070708
-0.930892886275501
-0.75843409484004
-0.786381949265451
-0.746569817156756
-0.733332273239453
-0.841454389847689
-0.870717274166764
-0.648414408766389
-0.757036158175233
-0.841034863980273
-0.86828546265548
-0.817809758132362
-0.885384944254358
-0.757668592557814
-0.752826815727402
-0.737141198971184
-0.699746680352243
-0.866239934884911
-0.743650887268626
-0.749904734834255
-0.825611732928829
-0.71512458063841
-0.835087069585625
-0.934354323494992
-0.757891928680126
-0.659007374137997
-0.628204174672538
-0.548030905133423
-0.652722870177855
-0.799465667491344
-0.741855926669612
-0.807771782641775
-0.622282390312874
-0.642133299456302
-0.716883078451729
-0.739753436943129
-0.77589164748409
-0.778894718210932
-0.788734557550834
-0.735144611012115
-0.589654423735305
-0.723192761463358
-0.601751822605523
-0.689249837649315
-0.789828704000602
-0.670787578222415
-0.87927852684412
-0.742855204463091
-0.601928581109624
-0.627504778576767
-0.707786938167488
-0.736631836040242
-0.55665399621596
-0.635981481643248
-0.702347762029111
-0.649313731475304
-0.646359195771667
-0.643993566930728
-0.746359830213027
-0.66396510844076
-0.869393225606857
-0.704868354096375
-0.845566416863554
-0.648359441842692
-0.573045024884681
-0.662545697702316
-0.768396144388973
-0.776234505519462
-0.741972931952246
-0.723493174240138
-0.685693624911479
-0.591267104589325
-0.660080477421411
-0.769530367092163
-0.714240576930769
-0.627229523326048
-0.658523220897263
-0.564097194954534
-0.46697066459707
-0.634141774914789
-0.672170780713497
-0.607971596527611
-0.673422865374667
-0.841671440771715
-0.708249395142515
-0.678349235993717
-0.839261999317562
-0.696903444411864
-0.703280746406967
-0.652904060625116
-0.664741037379023
-0.630818306825434
-0.50511949408156
-0.669638599881446
-0.612210762147972
-0.618846207848057
-0.713086527911781
-0.611318642118498
-0.581977655856524
-0.43302411815809
-0.685863960176985
-0.669201714917003
-0.635190424323881
-0.534897807128532
-0.541071191367943
-0.447761195719138
-0.587320403582483
-0.566875413125372
-0.406843417550969
-0.538517781723348
-0.501347916350155
-0.477010347633295
-0.574252187740789
-0.580393767348765
-0.458521366562604
-0.599133954326271
-0.487018850303862
-0.405463806027174
-0.502915937235376
-0.562504102667692
-0.414559184753497
-0.747584936955631
-0.448753658364791
-0.502758565735948
-0.446132110838088
-0.651471050279038
-0.644298598744313
-0.584038282797031
-0.601698302862068
-0.577910285304909
-0.529524870093946
-0.467806292777588
-0.541065338255297
-0.511582077361318
-0.598662789107805
-0.437270241949801
-0.489931491975287
-0.556887307315353
-0.508300969141594
-0.560519179926753
-0.506143602967137
-0.622458265056922
-0.487376181784768
-0.51686293614234
-0.645106152398218
-0.442242429034523
-0.674286043835937
-0.587766740386877
-0.57261579061604
-0.439214564277187
-0.480232581484403
-0.423033790363017
-0.528850203811002
-0.309885548765279
-0.468619199003114
-0.404392957312232
-0.522903474846005
-0.545635708079952
-0.493939342452709
-0.531200653214713
-0.644615133100122
-0.492350706599231
-0.500046777968076
-0.571974604346129
-0.502063462181321
-0.383708644206772
-0.525694393511085
-0.524958307287049
-0.347109247641302
-0.446702987111368
-0.391903432019495
-0.559322669077214
-0.427680638764134
-0.421557385430161
-0.563290644189494
-0.576715223527034
-0.588358791471688
-0.424016143380377
-0.386493368119633
-0.304877920642308
-0.372636791844916
-0.602511606372387
-0.365713859838268
-0.447590830590962
-0.596976776329256
-0.444112185793347
-0.471785320983634
-0.494010016852429
-0.43859355131875
-0.431986621767805
-0.453427450134045
-0.402722283492456
-0.450133506370516
-0.540609988545611
-0.421183911778618
-0.352173906751196
-0.385733403558744
-0.464562514145795
-0.316162942577739
-0.1909106217849
-0.372412054804598
-0.307584915466236
-0.463976241395093
-0.506577971384985
-0.30662291147945
-0.400095911725339
-0.421506731911642
-0.297582150647358
-0.281974451359339
-0.310102127127982
-0.381371893401305
-0.338776515485598
-0.3089035270143
-0.405174653021383
-0.250191040571475
-0.499353009084062
-0.267392061606174
-0.346878338146538
-0.422170440971787
-0.364732248155201
-0.472490921103593
-0.276655242478894
-0.281198869489581
-0.344804145521214
-0.341747076263695
-0.383871447719095
-0.266437463356594
-0.401664267205968
-0.235024240920472
-0.323353835039135
-0.345386898290219
-0.405487904596535
-0.384889572497822
-0.397118946129343
-0.289925499339463
-0.217038163617973
-0.405872450284189
-0.442292400580015
-0.173889050070523
-0.247782014772032
-0.361914333523469
-0.300265519694633
-0.219162486017677
-0.322542746643625
-0.281633521504693
-0.240073880712754
-0.307462040612426
-0.431848237519341
-0.27183897261256
-0.292682200600725
-0.248939762430654
-0.279457258817416
-0.344668367225592
-0.284396400487181
-0.351792188368098
-0.30552544975126
-0.217125090891463
-0.450515523978538
-0.20104070819389
-0.174705705000721
-0.311557902566309
-0.234135918753698
-0.328926427477684
-0.279187595420425
-0.356973887309898
-0.286044448869303
-0.136236446196157
-0.283828572274537
-0.49222620367313
-0.402466804173803
-0.281982784670003
-0.191175648499974
-0.323151922249215
-0.152268086564247
-0.281488487735376
-0.361911289400391
-0.279949836142142
-0.230119921393981
-0.363680787194869
-0.1545328189028
-0.337813563748826
-0.279306381563732
-0.368506770446003
-0.231844808735142
-0.261825721259092
-0.337652392897868
-0.27170930965123
-0.111526895515021
-0.224020713958873
-0.266927071127396
-0.194586025397487
-0.308541981058413
-0.257996357808202
-0.248716871323705
-0.167474884198844
-0.122460593054709
-0.121168001483042
-0.241306569686584
-0.28795563836924
-0.310140283575836
-0.233477213500127
-0.126681116410648
-0.217356051479911
-0.140810464320682
-0.252607310048682
-0.136434579767988
-0.132208093657704
-0.219523060216815
-0.128152922944409
-0.0920694196287695
-0.204753804950171
-0.330057602434051
-0.106990460330072
-0.0798546715309422
-0.0911331510010873
-0.236366320536952
-0.320255745215194
-0.0734119730015358
-0.115370240365261
-0.238464877996377
-0.0313236021730927
-0.329549259470196
-0.116718494032393
-0.0184149010682999
-0.224091655694053
-0.141188261803842
-0.075077305538676
-0.200936868586116
-0.155504563278345
-0.113984171072066
-0.193192237476545
0.0391720206800352
-0.200311540391808
-0.234398452378521
-0.0168924753096378
-0.198287442228371
-0.174534135224507
-0.167482073492326
-0.0711681144048811
-0.0781141393335184
-0.123409151613223
-0.183275222337994
-0.121478057459204
-0.155090777071383
-0.0845111608334399
-0.0848257967828558
0.00449095440210173
0.0341238278062186
-0.224577006222625
-0.0397127161824926
-0.181283069902132
-0.211909073830764
-0.0804221553427563
-0.268522462967554
-0.071823911237525
-0.0462874587417473
-0.174240896428492
-0.162681569984876
-0.0228925734601057
-0.00213755661965172
-0.110239231548776
-0.0826856071677267
-0.146679019985983
0.0156827632683438
0.00832262022527905
-0.120154127717319
-0.0462474474064749
-0.142269929619427
-0.0995842521047284
-0.0842729408325999
-0.0688117287669359
0.169297568015988
-0.0863680592203535
-0.068963230722572
-0.102101093628947
-0.127755324024394
-0.0420075879731185
0.0021599447842041
-0.130330777700204
-0.0778589340978646
0.0544441958464303
-0.10031699472956
-0.0131616087969385
-0.128253109247249
-0.0679308538561302
0.0123707830991489
-0.219550087271257
-0.0857380740937861
-0.079582169705317
0.0209093966960005
0.0623852665091973
-0.000905312411268614
-0.083934285079155
-0.0275016471167097
0.137997999842452
0.0333297607447016
-0.092204072830215
-0.000111986166950415
-0.0399400770400191
-0.0960915485605874
-0.0247797484702835
-0.128212040159949
-0.0705915711689488
0.0459115490607189
-0.0396098108048142
0.0575372721575008
-0.0386467036387788
-0.0061942515345573
-0.0301311441685368
0.157734096788484
0.0345621220393162
-0.0723421370821234
0.111300066781171
0.0992187763012372
0.112883800006123
0.0651443192718582
0.00158304727464729
0.224703881155519
0.0252493991047096
-0.00989199739879125
0.00853959405417137
0.0702678107558702
0.127278494834235
-0.134369525924312
0.0791929338848837
0.0319464267754343
0.0315405301012703
0.0614132109904772
0.0282021264715548
-0.0399283411299569
0.0794911061718031
0.12108035966709
0.0913106671119784
0.023952618954424
0.154510286886797
0.152715608404016
-0.0460745958398772
-0.0123290513361807
0.0452482844775072
0.271219965894313
0.0910264213456983
-0.00936498318314236
0.0463691720172037
0.144107427287677
0.137389757220945
0.13377559609643
0.0356880923299141
0.0822730343316157
0.0151222452149144
-0.0560572537373791
-0.0359001584216603
-0.0100769441597416
0.00313558545673468
0.138788343522516
0.147702908587254
0.140283502454098
0.185982940974371
0.215282785247028
0.117640678524839
0.112150748113438
0.183849118382689
0.34593908483905
0.0594166077798758
0.151552985116431
0.199559263934676
0.316014374031478
0.0990635066000788
0.261757523957481
0.0870048730268222
0.16627223883063
0.295976193743253
0.117274794364307
-0.00741475510098029
0.199157062749886
0.274623877357601
0.213092387341673
0.0671039017004214
0.21207404937507
0.102105741706504
-0.00336794722990063
0.0607060984991483
0.191930009658625
0.0967526761263833
0.0715162237969158
0.170288030011352
0.0895847268399518
0.288654148722427
0.122056553079054
0.0479270539704702
0.0699261806998698
0.147269226951684
0.0457553653548043
0.29873345195949
0.0625980022814073
0.166292675717446
0.196620515953992
0.156241352267196
0.294511627881083
0.323163990153967
0.193339156983479
0.118523837673266
0.194669203211261
0.155190150693574
0.320013570887549
0.161124447529634
0.278296062660582
0.206355066384425
0.13843949082378
0.176855547938769
0.2291945661918
0.250621799686955
0.0163373589268525
0.261676062029597
0.218689827141601
0.199743130363527
0.0467280701872804
0.157303749289666
0.141334365640373
0.121315225149529
-0.0312986833663819
0.416146773484425
0.0748042486709608
0.247817585844936
0.306381610248408
0.311412366427189
0.210124029441075
0.225903862557268
0.254552241584354
0.212561404640122
0.256067686169158
0.13507439987035
0.259047289005913
0.270736350237352
0.247684992127459
0.229020236200126
0.296130472813381
0.237105017894427
0.25576152434008
0.127070213224073
0.252268978948846
0.221039748023944
0.270030103666721
0.315022360713262
0.252513652775546
0.293391964625381
0.111115565779871
0.345742427111223
0.348921320166178
0.336978434421836
0.250353029503072
0.309082744556054
0.433707604831448
0.272130192085631
0.295314513081264
0.416702929070987
0.25322485538149
0.289286331008116
0.371133659723948
0.331925548950391
0.357321795366735
0.267639120480912
0.405780544150813
0.192780691650757
0.439909542913863
0.486402333558271
0.385739454703786
0.409885944713158
0.422706896466034
0.405307500492949
0.380243487942856
0.333609638842738
0.379773878173503
0.2733189475072
0.444288567150449
0.282117323879669
0.311780509151354
0.124849265667448
0.317606435449567
0.254322301205215
0.338588999343796
0.356909785517377
0.378561105826738
0.357292749417133
0.353228497755009
0.317925596237729
0.347508832565407
0.384489448618732
0.432960366423043
0.468699876575641
0.0740832257168895
0.224872259642873
0.413519056757788
0.535361824817302
0.466493720203068
0.361310994553881
0.289111099817447
0.274843450639797
0.223879656781661
0.477479559568687
0.361073850133909
0.571425912602211
0.477887487358309
0.322754440168214
0.467804967699587
0.385559311834763
0.385036931649761
0.371997401294325
0.451999161108359
0.240904761170382
0.322521133139293
0.412675191915391
0.448606478001645
0.471697346629941
0.453427920650189
0.377272554965303
0.51914957518862
0.388286464330311
0.364539393722134
0.507545677079343
0.479445311067912
0.562154670632832
0.527381840538847
0.392587035192235
0.573962088867197
0.350629895015335
0.632255106062423
0.513848936492821
0.51274615307696
0.417625014949209
0.434201640048231
0.405118880797514
0.394436282064371
0.593421440995367
0.486629021094993
0.321342453288854
0.378505438128739
0.320069593801238
0.391904181676094
0.455284800708889
0.476014157645074
0.455641002631975
0.522981454441768
0.382773494788749
0.546927033719302
0.469950007408289
0.514977312155213
0.34889399069779
0.404145725830553
0.535829090406361
0.510687977736113
0.433820368214079
0.399982524356546
0.482821734105477
0.525603441413184
0.538642608638735
0.529450265946967
0.408844141477076
0.466809686916053
0.52467837596048
0.585574255222378
0.50576173158152
0.538974412635143
0.630218507830236
0.421895348538085
0.594385607327586
0.580225014939867
0.442420911559855
0.546910408716664
0.683827147378483
0.449341607848061
0.494145207245262
0.403672050466399
0.57625126505162
0.549866915662955
0.638310232539248
0.49823551693149
0.662020217657211
0.511678643654591
0.407964791309833
0.52567318517906
0.531873637822724
0.583152869061839
0.519649477079404
0.568783135326267
0.667373142938991
0.526697311642935
0.538452236001897
0.557654303041937
0.671409211617593
0.605543829355377
0.570125127940356
0.575955738707766
0.568123929054878
0.563633554823544
0.561042011270735
0.546816768508041
0.583971584509213
0.708168846942023
0.553776704241843
0.69567241525247
0.492441757172539
0.557116100849722
0.497175040207425
0.653418204442522
0.612633066155033
0.447310750692652
0.749209178861761
0.786828031096922
0.753628670168643
0.646659297170359
0.563405035638039
0.71453818607184
0.691202487039082
0.469632602532112
0.668975898891824
0.617932134925432
0.682356307563362
0.703352237206356
0.494119845497403
0.673512331337005
0.560350854119454
0.609923641123312
0.720604910611643
0.669574763151621
0.739784428950568
0.545571090763442
0.581796074987249
0.722642624773618
0.539657334119098
0.635299146531412
0.747566985550335
0.671544893803719
0.605723504765302
0.744218643929198
0.770437186926539
0.738391543992942
0.676403066400213
0.728112614550994
0.758292286850326
0.514673648092108
0.813513679933517
0.620906898619207
0.82392651032245
0.640178350174083
0.796893545676346
0.647333301173126
0.654941076696339
0.668119909467524
0.637935114542966
0.686063206704705
0.691432512268424
0.812619045885809
0.694063614553823
0.605047248773143
0.666548479901549
0.761698843585105
0.627035115456878
0.623374183034924
0.873739215196855
0.660962809215896
0.675914508050533
0.766677096912227
0.843179783000716
0.589741969697521
0.639847333349503
0.573796794246796
0.845719032956572
0.616402865467445
0.718951919046317
0.650504590195763
0.748421873489885
0.7609819185129
0.856378517244879
0.634715190921989
0.67464824883908
0.730423284575171
0.877866654468359
0.77935578863102
0.687817460487604
0.754020887713504
0.818869092579356
0.672916278601644
0.702009582280163
0.795861673293178
0.764156538295048
0.759453747497491
0.7280998166762
0.795681638962447
0.855092565431906
0.816169065940344
0.645097969694912
0.695821964561304
0.721399591938797
0.676656030263142
0.733660164516317
0.851155467979917
0.687188304584445
0.952353325113722
0.731325959531982
0.670375712580027
0.869609058791597
0.775278614167297
0.771336569693556
0.83791147330402
0.717651281730018
0.899499875175451
0.841500649389677
0.758157227219967
0.800779966926408
0.89888802482774
0.736725805894926
0.957542924901594
0.801221672643782
0.944162828021537
0.814729532283161
0.80418430121535
0.790625811347884
0.689980960898254
0.795347367082592
0.778326731328295
0.817945923525022
0.750158521166697
0.914611747528271
0.989064143008039
0.890573085879682
0.797473206317519
0.861008360437262
0.834824583865459
0.809423140266955
0.78460159685496
0.798248834499708
1.05553391176797
0.86895345259789
0.717035519192718
0.941997511035423
0.910642887977469
0.927434543754026
0.815951006030953
0.922370022482059
0.892112835515729
0.87707788328733
0.802008093028629
0.736654854359809
0.91186222442043
0.937085950302818
0.998822828156184
0.975370373968907
0.872603809819155
0.824414394949912
1.02636686526431
0.874255658874819
0.880487665219605
0.798464377641538
0.882420059945677
0.688534361878151
0.798678332832339
0.924880837334654
0.831867116941627
0.90588765604167
0.779871655722167
0.952136760599592
0.983244466998636
0.936797907360483
0.941518313168103
1.02326701000258
0.912070629226305
0.800672887385251
0.981503574773127
1.08282780226911
1.0302605499338
0.827971792717328
1.00499567245411
0.959745824530979
0.799784812268913
0.807151012970337
1.03631045425052
0.918781675202149
0.94983288095852
1.00870931289264
1.04788407020124
0.882341481016878
1.14126537457158
0.827873692369357
0.988642451456128
0.987294673419411
0.966718861269994
1.13462656117657
0.861335927014275
0.901167783784463
1.04003801451637
1.03242695865258
0.895331942930548
0.965632343668138
0.951881039614755
0.957036628915391
0.991209780881936
0.890744259950354
0.885587994251902
1.06473478119862
0.943583239980943
0.957300187966883
1.12182211986911
1.00625005651791
