-1.0740657993917
-1.0286333431095
-0.833453881265245
-0.925747492011889
-1.21434133458076
-1.01773553824689
-1.03148300305599
-1.10345314350174
-1.16712980177715
-1.05296258717627
-1.13478086933944
-0.885703656330118
-1.0057754344482
-0.901876796623212
-0.993515036673267
-1.04158300510765
-1.06641985372782
-1.09107401923967
-0.890011609081683
-1.01053969999407
-1.11291679246004
-0.930333882278226
-0.834738872948477
-0.924109349455464
-0.908278746266924
-0.957246260259695
-0.930811741260761
-0.941543863201021
-0.957747147482905
-0.831584535648412
-0.846450738917974
-1.1071019000938
-0.846367374364498
-0.82273940689222
-0.858042519311266
-0.987247011401875
-0.764455240083479
-1.08699889274054
-0.927592845980314
-0.776293052534705
-0.832223074536761
-0.838299523881949
-0.915076585994965
-0.801871135555309
-0.80715036830198
-0.972063339478701
-0.813875405924021
-0.886532265756787
-0.871199685147075
-0.870658962069647
-0.913517790418017
-0.927114642396149
-0.951668999426483
-0.910359464985341
-0.896127755295467
-0.93068809247468
-0.933083546369283
-0.910059542472021
-0.906486253564452
-0.990305662045713
-0.974973811513482
-0.826543382946287
-0.825620706962635
-0.89791359553503
-0.86321041860962
-0.767717236658861
-0.854534796844076
-0.844087074032048
-0.839613373475897
-0.870495698253755
-0.885480120967449
-0.945893170483252
-0.705765307775833
-0.76978465552404
-0.870230578792426
-0.83478104611379
-0.749005429549179
-0.958105339418206
-0.823183248549561
-0.812750479633814
-0.842451462711876
-0.915021142739058
-0.806461962027842
-0.849023166066726
-0.790064574429041
-0.794317659679005
-0.793760727261796
-0.968077252244065
-0.950785902371845
-0.890629840287599
-0.797061944371324
-0.885563739679672
-0.884100474100696
-0.764470880409244
-0.878923501894781
-0.902198366772908
-0.804670358423622
-0.936338014380126
-0.746455178771216
-0.749153492009719
-0.694520877421518
-0.936788646784273
-0.586261130632189
-0.80206875456351
-0.815642709563155
-0.759765477940715
-0.640693391667385
-0.759161692679635
-0.67913377726016
-0.606701476721675
-0.822893341312247
-0.704358901948951
-0.731056214659231
-0.745666722107624
-0.816918656462204
-0.674641215320872
-0.766418307317574
-0.731275022380675
-0.819106160400298
-0.696670383566538
-0.707088153929248
-0.724702662762232
-0.743352114557648
-0.836749427975725
-0.604545643300116
-0.865200345583417
-0.807472951850235
-0.714727578451894
-0.748310526851541
-0.900861756514951
-0.787288015398529
-0.71967827272486
-0.783232272056208
-0.612837071141073
-0.636816569631048
-0.618948704074884
-0.770316555429658
-0.685768023753084
-0.61954147455365
-0.654722486294908
-0.670641801819515
-0.63157058652457
-0.810102466051761
-0.750650929921124
-0.806369993800703
-0.650985162683366
-0.547104917577544
-0.644193918369111
-0.69428178885435
-0.663412688861341
-0.619591315093234
-0.724668127048767
-0.697114607067002
-0.706643573568792
-0.657790802794021
-0.732441891587103
-0.751356042802632
-0.713257154740412
-0.67304635675907
-0.76340319312933
-0.678896403952728
-0.842842573074738
-0.709541606967204
-0.65948770852072
-0.615651769580391
-0.592384897862466
-0.542019320139265
-0.677181821881609
-0.634014041648296
-0.702043939520768
-0.725476771933325
-0.758335150674902
-0.676019838016114
-0.773033258301056
-0.767914551949507
-0.506424524503511
-0.62497477608445
-0.645575157744261
-0.719291297163711
-0.687611624504209
-0.635618440292519
-0.716133989807656
-0.675888982399478
-0.63062856464989
-0.522467626492367
-0.611096677555723
-0.706330894130124
-0.698387656256464
-0.569729324698596
-0.722310315572043
-0.76639002841996
-0.616387427172415
-0.603968323733196
-0.582522041880434
-0.65670124918197
-0.622562263820287
-0.657894728714818
-0.289090568257305
-0.648393707315171
-0.664812066361168
-0.500774171784391
-0.568583672443246
-0.652543108552678
-0.523102676277485
-0.676254688818942
-0.630492417367085
-0.759708041087556
-0.660087635427516
-0.596050119427526
-0.531558052596473
-0.599766222419363
-0.510864707643581
-0.418014667456696
-0.5329023896465
-0.521886847935366
-0.55380087859593
-0.716025140530022
-0.637815407128986
-0.513437085175955
-0.595160770387279
-0.519932940249146
-0.542149485942008
-0.596897615649447
-0.488773349781231
-0.616113102444186
-0.636974508554908
-0.585003113497715
-0.501360618835982
-0.505219426036074
-0.585031591843844
-0.524373448163802
-0.513880736833447
-0.534264312812916
-0.571581415274305
-0.542614456538416
-0.45795511432858
-0.436946365836415
-0.549173257377675
-0.570365788575359
-0.61839453253444
-0.470776263696196
-0.40606784292476
-0.554543733446839
-0.313181685710602
-0.554975118986104
-0.557264291187626
-0.542770178572397
-0.564998648279098
-0.306004104774139
-0.550291776460411
-0.431541741151661
-0.484048114944363
-0.511244730008884
-0.512335407210251
-0.368574605304435
-0.448410228909368
-0.491811117821535
-0.383793748684539
-0.571181673048862
-0.435452688696649
-0.434924914721853
-0.440920110547565
-0.559119272240018
-0.416211835321918
-0.540125013418682
-0.549234609963374
-0.522284823568462
-0.475233571449544
-0.47338932449092
-0.6149418209593
-0.511462729934951
-0.467663799420771
-0.455185424932569
-0.449152433812455
-0.463281551194454
-0.660295858189272
-0.575095415073871
-0.20810186768964
-0.520189867195528
-0.345445617579557
-0.423751202917401
-0.510235021176999
-0.450320010375219
-0.373906899193845
-0.384011494505335
-0.41113728220019
-0.526916380065401
-0.46614814800942
-0.391970852949231
-0.358702951183981
-0.439797109855451
-0.31073602614952
-0.406615665263219
-0.506741315965105
-0.448371896115239
-0.474637362316172
-0.476443400793425
-0.276233664732479
-0.414610296993858
-0.386134570980422
-0.408478852968569
-0.418865475277394
-0.424821104573134
-0.397469879621586
-0.490287176843361
-0.559752960355858
-0.49874818775638
-0.359909333646699
-0.3784038836354
-0.383552158235806
-0.405836449367097
-0.283025185726483
-0.450141194187368
-0.297929773901186
-0.257210534639926
-0.538974338312319
-0.289560047755695
-0.397306545057377
-0.34994263373388
-0.2751118187983
-0.384953667697255
-0.506379187640038
-0.289900322632815
-0.336704116840959
-0.225867001284723
-0.268831367718438
-0.369871265995986
-0.386937407166404
-0.401412412790164
-0.600815435320963
-0.19656097264312
-0.275739773467597
-0.177530802598821
-0.257773216588297
-0.360024207539681
-0.40763197707663
-0.180654747696305
-0.443763786981367
-0.304405732131954
-0.303893602417253
-0.374154799429619
-0.39420603131436
-0.325313477870535
-0.385638541025333
-0.223882406855841
-0.291896860896099
-0.211961989731839
-0.330834460364587
-0.334092874167549
-0.236228728791846
-0.284874308890105
-0.306338369495125
-0.329931494622712
-0.418451219997808
-0.256820443404035
-0.104787901646043
-0.110918347599448
-0.137741717149357
-0.184268606346707
-0.50636456532899
-0.217630450908772
-0.434139408892042
-0.295349101954838
-0.310832669642621
-0.232040084110434
-0.288202460393126
-0.315293674121392
-0.403998613946913
-0.214454528959864
-0.336792476016162
-0.241297192765309
-0.433136197776634
-0.276982332707543
-0.210999572351172
-0.292048499638138
-0.241842593833923
-0.411286756502572
-0.110529835058342
-0.103291255354253
-0.209247148175874
-0.194580419834224
-0.156009210905465
-0.412830905004835
-0.31182214383598
-0.305669153946156
-0.239368805171925
-0.175657410893614
-0.286128255061894
-0.220415637260757
-0.199376551267607
-0.295835031255953
-0.0564757188843753
-0.262743152799336
-0.142864787481706
-0.206460208314388
-0.107454811962494
0.0338268907106427
-0.320703128819824
-0.203352032669838
-0.192641372303949
-0.236850905829755
-0.221215578202408
-0.0572994515571285
-0.168467672790769
-0.317082539214079
-0.218613263268326
-0.22089388643924
-0.117849137063969
-0.26541293517375
-0.226424036009303
-0.275997141435993
-0.125963551006271
-0.124591474483569
-0.174340810588862
-0.180230219205294
-0.122966383045877
-0.0902237472668654
-0.147331797486096
-0.221234310360056
-0.0935763632179933
-0.297813042439577
-0.196902749956271
-0.141330580390398
-0.0634915315191593
-0.142341781038108
-0.30631729221933
-0.100742002818545
-0.124417892418823
-0.16170569912759
0.00923922461156909
-0.045592120781745
-0.192033570060044
-0.142754132637669
-0.183592851267496
-0.121878447265845
-0.259550003395019
-0.201291574913825
-0.172821200472963
-0.104728869992138
-0.188242620474042
0.0193702610109484
-0.168668921544605
-0.0391700571402174
-0.115936431768711
-0.148237175954965
-0.0433919113969863
-0.154112361061649
0.0397440763503362
-0.0384184415863562
-0.158268905945987
-0.21883990411046
-0.0763271946432487
0.02987614725053
-0.0527947452822368
-0.00744646000317137
-0.10249475284123
-0.0407641653998712
-0.0286393596826324
-0.0280595849853212
-0.14712116898018
-0.0485846964326466
-0.169296198037425
-0.0118475165666981
-0.106706838075916
-0.0870657330917177
-0.079713764193969
-0.0987656284710798
-0.134192880270372
-0.137605381921395
-0.0600812694287247
0.023649140713924
0.0106580524714112
-0.0230658297156033
-0.0635187011717365
0.0528571172877489
-0.0328976697739792
-0.132071993731189
-0.00457420871227374
-0.0682625572285038
-0.0440276128079491
-0.0821121408197933
-0.0209671662003874
0.0443994117350548
-0.0664187571896361
-0.053882467822293
0.0740037721482316
-0.0596675767710731
0.069286096029068
-0.0218157455551277
0.000234224793386966
-0.147283271062737
-0.072908949631089
0.0499145129779743
-0.0791192486713859
0.0229864280696223
0.102428367786529
-0.0966616339447469
-0.182132102389996
-0.101639357544595
0.0291179624032858
0.0412714452715997
0.0449691463442707
0.115964720298084
0.132959172079453
-0.00797584751837527
0.036571274574763
-0.0525227704529723
-0.0141522561211082
0.113981769963771
-0.0439662166532825
-0.0578650759578474
0.0499152816851234
0.0470226771491693
0.0321749759408046
0.112671649069006
0.0454614256946971
-0.121710696573333
-0.0137269863881464
-0.0420596678789904
0.0531675361583581
0.028107879985349
0.100896435470364
-0.00184553048025679
-0.0781523114258968
-0.00373500802736135
0.0154646782885527
0.0214897734690547
0.0579580075375872
0.0819381150232617
0.0118632330872535
0.115318307944129
-0.0784192737811208
0.02310878419477
0.1283200715592
0.148439814482455
0.058124178609864
0.126049459015371
-0.02243743779323
0.118662923284476
0.0080747245974497
0.112322490148654
0.0719422368142473
0.0236653690963494
0.0612939473648661
-0.0697839770798914
0.0330787658005066
0.00801596520781894
0.181405650917278
-0.00786040508879368
-0.0106478429030564
0.0102078580831348
0.0167645646565323
0.181469062213163
0.168473965265354
0.103905848344715
0.0531242781523574
0.216960522676134
0.110374797229807
0.137837886892929
0.12987034490368
0.119350598344575
0.140904778709158
0.157047348500618
0.171012022584942
0.156906879081806
0.324716335275019
0.114549857127365
0.141438412987411
-0.0726098146862734
0.037861806438506
0.23421524161968
0.113741002534249
0.28421621849843
0.176171271772152
0.0368970149117115
0.16642599548389
0.115335127905853
0.129036033718185
0.248426048631498
0.209013011382236
0.0657443705846566
0.0595229562366537
0.11660255308315
0.287844215849896
0.0661312011513542
0.101164012382938
0.125895285229832
0.262465289353609
0.218550451586937
0.284912077723189
0.0611513466217553
0.344022825876164
0.28123561693873
0.124062080027981
0.185135072253222
0.242520854031098
0.186632616415397
0.0821377895309502
0.216145106183969
0.147979738355596
0.209339401785613
0.129388408360758
0.203685236667129
0.0749193146059497
0.29238333563544
0.324294824205221
0.2179774882537
0.300977729552636
0.344879094797551
0.155650124146971
0.277476105504612
0.193348375880211
0.289891528974847
0.331208111720892
0.215808147967346
0.175847501137522
0.0977825821632931
0.289915662265762
0.225531383666517
0.254362939455646
0.214086181789918
0.212089969504522
0.257258374435027
0.139041272923235
0.120366663306758
0.304725346158659
0.261034519063922
0.290297748226235
0.416741216605073
0.282904926385041
0.319843670975015
0.239380697252873
0.258499453248294
0.225748564337327
0.297059828831568
0.310386274150656
0.35350147906688
0.304993176064642
0.378172470034204
0.153404892734836
0.336742501227019
0.358733741204956
0.279178870409302
0.343536263756684
0.230220158249734
0.293324191850969
0.348390235831572
0.278518364683731
0.362003569827712
0.242977178839384
0.272052821385206
0.313231476779946
0.361350815509854
0.376592977225349
0.277652019336561
0.263926614493429
0.362354218914544
0.346660667212667
0.246660994793326
0.314176888974038
0.329636262839651
0.22113146558443
0.329986878100763
0.340887771331814
0.348856605709062
0.455400205953083
0.356538713519387
0.361265560201936
0.283909866436852
0.274406753846852
0.2514062230464
0.407350468324121
0.327726586504207
0.224935622039811
0.365788330987908
0.344844694352047
0.261082447857205
0.393471408850327
0.410376675702906
0.33473563983728
0.249740520882522
0.3737909534153
0.448052044609552
0.323540929174407
0.218477487433143
0.293114177449515
0.341618369149436
0.338944399332442
0.468406318494586
0.527539195250187
0.263047257572105
0.336037146108992
0.187092027040077
0.493369467931814
0.351152376332748
0.307628173012565
0.395188917270334
0.430281109124405
0.372267069034165
0.536537669542907
0.28939653741819
0.524536190088792
0.428163357873453
0.354612469214349
0.47652693588514
0.498691982956009
0.249702365236938
0.399688402076455
0.453180381066584
0.454930018543021
0.458431346462986
0.613942558782766
0.351036555520178
0.428198105618281
0.420427772507718
0.386075802481217
0.463526435893388
0.433650127236285
0.354777342297158
0.38721981200698
0.245489509507302
0.491126354926753
0.414659639575579
0.39145473587081
0.38621846539198
0.414210142171092
0.545227449128081
0.332740651520464
0.322182416649941
0.354541250944565
0.32640881160966
0.459911894966576
0.38239551766591
0.268882035866131
0.455277304544588
0.504111327804698
0.402979674518188
0.537620077413611
0.511836809580889
0.540322220902418
0.503372164416733
0.443956946235023
0.630986089499397
0.399843526241724
0.549647252607972
0.546623376271048
0.467510490140919
0.461241935751201
0.450464225583768
0.552272961291204
0.486391633464361
0.589930046301622
0.467203365683072
0.589137065391301
0.572429935551983
0.556993386582201
0.512392506477388
0.601098238627802
0.668978604898848
0.577353121010624
0.471551208741142
0.505019764903781
0.529095110760325
0.434274280880873
0.580332604477571
0.604339587170762
0.70182010171328
0.60290513710038
0.477892431319839
0.503489579270682
0.645837882139083
0.527336466759473
0.395883960232683
0.606825950808639
0.553931240475793
0.59489233362622
0.50872603370426
0.639630379258373
0.710274306494381
0.509013870560983
0.598214677177734
0.404530244322485
0.498852941026874
0.668229426354474
0.664095779841605
0.656165904766678
0.578453151701799
0.682522047394126
0.58772166879902
0.776665431062313
0.576625190261215
0.442860267266346
0.456946809346171
0.544101649498439
0.451622212911583
0.658945185900854
0.546760792115814
0.422298671580144
0.660941613591593
0.438522143045706
0.611454744833336
0.500855327426665
0.583614487927047
0.598680225435626
0.502313205962818
0.768363326110038
0.587704842052129
0.593568005810338
0.7000675755845
0.614867909616098
0.560758477276874
0.630501278302872
0.579039647310924
0.651441085790697
0.531801337713997
0.594538996650517
0.680374924106207
0.530898275637463
0.674661510286508
0.532357895521063
0.699625174469472
0.673653663340115
0.750505786330436
0.686623908786807
0.783401493133704
0.68879421816213
0.63604008570167
0.720701638362345
0.66929664648307
0.716119537477923
0.646136009020918
0.779664020235185
0.634007244527507
0.680959835721086
0.697328575074347
0.707591592805473
0.835220574640466
0.755776757041276
0.696554803999011
0.635742760791096
0.707314423339516
0.605334984456025
0.646264465278062
0.652646224240988
0.672557928648282
0.75312897933087
0.741985791472194
0.560641362966883
0.718475837740986
0.635566391227547
0.729486030818388
0.804098295779668
0.614184794153475
0.804324382991155
0.7248702460387
0.877544222718671
0.669819063763241
0.696866307508244
0.602897210698575
0.752353470344098
0.680016470772122
0.811503602000945
0.646349725660706
0.713818687618018
0.777095572245127
0.812081241499791
0.702730156060038
0.738076689028165
0.811273749868244
0.715941661080152
0.762947939905797
0.746521776142247
0.746010171754837
0.802824115123223
0.700219299008783
0.853983415612384
0.680394582996811
0.7840039320762
0.649189100104221
0.695999123776023
0.69995380643015
0.801666977332784
0.855795536608337
0.833005484291658
0.706155718767656
0.749460646714931
0.698631618546519
0.848159926441669
0.705908663492016
0.774226309708272
0.770225650866046
0.67674877690263
0.736880118324159
0.702450862949002
0.662994748616546
0.916418109017228
0.668581064495114
0.752848615857763
0.83097638215867
0.751638156455528
0.731644977937398
0.70204787535097
0.774471343078085
0.716770254596525
0.92456816819213
0.889914452447962
0.720467473588886
0.921827352714895
0.85687418166662
0.967039138101014
1.015611389774
0.818100730578738
0.810333891738864
0.755801523675078
0.839124009211483
0.819663831955361
0.850803674892972
0.79384739247564
0.995712279330727
0.792006786173548
0.783682865741702
0.797861051537423
0.923249866112171
0.845967420629769
0.877510199588225
0.827177972956985
0.901024729299766
0.88591628622469
0.840906479092958
0.792658085250761
0.785334391637209
0.818266865790493
0.830519201001653
0.808109277787648
0.822702402355834
0.930055645134658
0.93709079425387
1.02971804272131
0.776510922039391
1.03104938005161
0.730951260622842
0.951627118041183
0.996022140118612
0.927303296431062
0.966350292987864
1.03895542270639
0.883219364529097
0.848566436812858
0.99606758387382
0.898516523497298
0.924178723990222
1.04083492980929
1.00766675715986
0.929576674349283
0.871334949123371
1.0829854589339
0.944607057645298
0.95785942588267
0.958505246589337
0.947103649531212
0.956160448561588
0.94726970379016
0.903681531618374
0.972407442818587
0.84764150842637
0.912266227638616
0.916133464027149
0.915055119391486
0.888526501663358
0.883804678727992
0.772844193980501
0.821292447328733
0.921402587075336
0.978895946640541
0.935891737834234
1.064325134536
0.971950101718978
1.06712160321783
0.936975462009262
0.98242401041624
0.998120561131085
1.03137521435385
1.00983051158243
0.90060923624898
0.949026624377461
0.930121346050424
0.959467269434718
0.896475425709828
1.04960162408715
1.09286631538109
0.866836624769307
0.935728455304814
0.985746826907183
0.917386274176778
1.05322910718607
0.9325071517852
0.986289867684122
1.11676846095099
0.933661768018864
1.1469054043654
