-0.898909608429086
-1.08240134779219
-0.985328144717594
-0.910355097090058
-0.949761938320443
-1.00576455038858
-0.970015411920475
-1.06075142407168
-0.986692213475313
-0.876833036210384
-1.03836038350345
-1.13515113376211
-0.986105634110807
-0.963087142679887
-0.960616758177473
-0.930970270436683
-0.909859727008357
-1.06878034906225
-1.00348902629026
-0.725099633949527
-1.07173944092513
-1.00390157094465
-0.851763973435468
-0.871548838749359
-1.00964442069146
-1.01343330139965
-0.898725379190501
-0.795306501628603
-0.980235595020017
-1.01479146218554
-0.84410361738338
-0.864688232656756
-0.95322573350124
-0.925887138980535
-0.952381925764034
-1.10921944324284
-0.794139671241807
-0.994111176925212
-0.781447029676968
-0.907088972039686
-0.934522905050788
-0.913668473214657
-0.946794154119859
-0.859621256677339
-0.991178011040758
-0.928841148906846
-0.834222642350134
-0.911358686312391
-1.04262851585705
-0.972130847785797
-0.900538385955144
-0.906821496023635
-0.824353326367482
-0.948089692754859
-0.7701549021839
-0.846444185023512
-0.82107925804606
-0.882776273978799
-0.931240657813499
-0.872871825815508
-0.870534447154834
-0.882781111813013
-0.850082295276312
-0.926704907404468
-0.759868770642171
-0.94603481089482
-0.871653329961309
-0.896592172804761
-0.784910940218377
-0.782897042127378
-0.763025457719941
-0.754777365323555
-0.682830721215521
-0.916733280406917
-0.860944710817598
-0.836577435834968
-0.845413362076106
-0.695045954806867
-0.948427401386417
-0.729113338959493
-0.886314778535181
-0.826600454496585
-0.826485609179069
-0.776444178445078
-0.848356193666482
-0.754719693853446
-0.914549670850532
-0.876700862279902
-0.727110479177318
-0.640419739208713
-0.860338638535675
-0.711055167553722
-0.692144040668546
-0.889181090036309
-0.819156808329705
-0.990187296335372
-0.728867808348613
-0.803951953005249
-0.754150476362694
-0.766379563954764
-0.709196567868426
-0.85953846889607
-0.687382010868854
-0.87879210190322
-0.771825692714222
-0.720280729159119
-0.67384175786842
-0.643575014063176
-0.848944777468269
-0.902590881000057
-0.660468442341614
-0.829528320097301
-0.668389837895264
-0.744643796755158
-0.831008074448113
-0.789558844967021
-0.732491442778481
-0.737272822698495
-0.607961490627627
-0.604213027447199
-0.593611854009495
-0.671125842961745
-0.775729926372508
-0.711582810873576
-0.823004630927147
-0.790903620063026
-0.549223758005303
-0.745668889644908
-0.748332670706521
-0.623537255508442
-0.735248438358565
-0.833529659808439
-0.566699339949841
-0.851211487544943
-0.723072922604315
-0.711793284234556
-0.776651227252306
-0.660945796822357
-0.790080645306617
-0.818762625808889
-0.798177064726867
-0.72417012076089
-0.778795921397272
-0.755295796588371
-0.744692257634282
-0.734411745836393
-0.722126555438569
-0.679637388234336
-0.798249075465257
-0.705869907879446
-0.560348258707009
-0.735883121905752
-0.657224830525301
-0.609382396127177
-0.616016303502796
-0.507048677016446
-0.667603700254336
-0.63230892933539
-0.554953083087544
-0.608846572766747
-0.720131184650434
-0.672682257175015
-0.675596113380519
-0.79410507303292
-0.691417809857162
-0.523741384955104
-0.737787775563888
-0.68881983824495
-0.748248547483638
-0.751981421491493
-0.676447853335227
-0.730159922191923
-0.730899189794608
-0.728222851463566
-0.706305535315452
-0.67977115150356
-0.685948536292354
-0.659912728969036
-0.753933446320097
-0.736893983169947
-0.439168122069013
-0.530795913813808
-0.521960870848819
-0.519299302790247
-0.708262308206479
-0.614100192717699
-0.500402980259788
-0.553038737625864
-0.65578315275896
-0.793717597758746
-0.657480889871429
-0.644009435124226
-0.651827098421966
-0.55907851318363
-0.637265704823038
-0.796782123532021
-0.527768782164145
-0.681748749619023
-0.591100434000122
-0.688726989986748
-0.639750585775621
-0.725561471144603
-0.585730969190512
-0.69264285673816
-0.706481864873866
-0.628401860166662
-0.554777901615523
-0.539726310698473
-0.716575618664263
-0.464117365211462
-0.612185466710527
-0.430036603033314
-0.526483503738508
-0.69682145310969
-0.527083768018168
-0.524687149181554
-0.512188123178174
-0.601115481406476
-0.64362810807538
-0.525423621359084
-0.682470072826351
-0.49683651882159
-0.585391479228602
-0.572289957602833
-0.628580421524789
-0.484519724568183
-0.500069928370229
-0.532918148340749
-0.492629005116877
-0.652248030801468
-0.462302928027234
-0.61704180109379
-0.680906904955907
-0.55098031096415
-0.510061677316876
-0.531846317308273
-0.532719664423453
-0.513626667117082
-0.571729517238912
-0.490015442347139
-0.469348787363587
-0.573484908226547
-0.607461917963887
-0.6406626991286
-0.713664059325046
-0.510167130466418
-0.476071702133965
-0.496557684900715
-0.472568689277576
-0.451675198420989
-0.354209745196266
-0.520884121869436
-0.483831254078267
-0.576962159898612
-0.368081674428674
-0.561967339913008
-0.545668556877243
-0.571584244274579
-0.456945964063963
-0.512681826338165
-0.510834932209929
-0.372425029643559
-0.448496645203004
-0.579281383766776
-0.387172227351485
-0.376709919247212
-0.374555106525145
-0.412837020371409
-0.555076309594844
-0.505236552887928
-0.517539432235842
-0.373257955736576
-0.365512681529323
-0.389759263937835
-0.55031822751829
-0.230373375141347
-0.461491020832362
-0.433654528142877
-0.432477184551269
-0.467361470869663
-0.376389278533674
-0.478022217143939
-0.37664952949374
-0.40172769331727
-0.34724138685626
-0.4092128680783
-0.39150277661214
-0.277768948738437
-0.550853823768192
-0.28346279800752
-0.442315957723239
-0.39663274656113
-0.42204370944642
-0.4346581476884
-0.293667695220928
-0.319447821530048
-0.420726082142261
-0.357456011350031
-0.331609234628631
-0.419080395848612
-0.178105946434609
-0.336911903723781
-0.46720209373084
-0.262037373829416
-0.278790561610728
-0.321375612162524
-0.422847760689895
-0.43067127242846
-0.353428564729372
-0.419382793511439
-0.467897190945531
-0.457653734228186
-0.362638783827601
-0.442312028454008
-0.395550128711721
-0.272563721026989
-0.325249235489087
-0.373780420219516
-0.289489921912136
-0.278194528422731
-0.413162486036885
-0.473328173055395
-0.454169129559573
-0.259517357904249
-0.254059305662033
-0.381546461249342
-0.302008436431965
-0.252200516281903
-0.359316840494266
-0.350755538870473
-0.31559721793904
-0.315363244288705
-0.272168224820724
-0.368075328120862
-0.35075486536835
-0.222036312257552
-0.287971613553898
-0.343890208695105
-0.338483378955226
-0.408068023571101
-0.373252916977187
-0.343848518402206
-0.224498652624481
-0.366920075589305
-0.341586629175427
-0.30506551251632
-0.211477014055433
-0.260960876834072
-0.326041909280298
-0.267120980001002
-0.246098432239355
-0.238999623839747
-0.299573769028363
-0.207064664700592
-0.268427698542603
-0.265251207890403
-0.37924969551431
-0.187251993949094
-0.30305932915691
-0.316161237282397
-0.20800709392755
-0.345377475531713
-0.245685710329923
-0.40195004588148
-0.320150229122335
-0.203569431243365
-0.326254633940857
-0.384908256096153
-0.294138656946927
-0.116946882300417
-0.203264639851541
-0.298590549693381
-0.127628075549697
-0.145844031377703
-0.329252983167341
-0.322766294516568
-0.166762928901715
-0.340195445620037
-0.270463635318056
-0.298493505382162
-0.369404361525936
-0.258405796393788
-0.273422718028121
-0.328539677110806
-0.199501071545842
-0.374132468794431
-0.192398530842168
-0.462244292617641
-0.255203554372555
-0.267009926706861
-0.242993343832371
-0.193023546325924
-0.138770381476785
-0.286536355141378
-0.319656172744166
-0.176265161501337
-0.188192713993812
-0.216864383258422
-0.148570536075712
-0.191360434498601
-0.218747570912029
-0.0260600631173513
-0.308778246362225
-0.197402216577594
-0.165317688672707
-0.231185424302481
-0.0458030336204737
-0.213137413535874
-0.27108971204408
-0.18674798688111
-0.210700725647541
-0.357238461082507
-0.202088964165284
-0.232760841501034
-0.251991231507146
-0.125260567564832
-0.222346934344498
-0.183657668339043
-0.131915237452261
-0.193623569029084
-0.15547978834763
-0.132566401302526
-0.160500570068322
-0.219654753037346
-0.21931414643254
-0.135820877106283
-0.062659975177687
-0.0613168838525239
-0.0784532775837715
-0.251830639394734
-0.287537949320335
-0.0719756727454372
-0.198346972754752
-0.239591380161799
-0.111905601441157
0.013557995383556
-0.291636312312873
-0.209707230349245
-0.164305784474325
-0.200367367334485
-0.172249882340013
-0.347910849936704
0.0369860628051445
-0.0718108266850637
-0.0947095990423581
-0.0580278011572666
-0.175387977020476
-0.171913797395768
-0.241903508383386
-0.0574120126042635
0.0251205624976658
-0.02196244207892
-0.152939300846355
-0.207387425596869
-0.0270280905287987
-0.0850054112409846
-0.0168710749103117
-0.066974204297599
-0.245548339029976
-0.129524265918554
-0.109241250010392
-0.171215993423
0.00814991422421077
-0.143204248930362
-0.0998169203030605
-0.142755843119029
-0.0262413020723651
-0.0127495999631051
-0.132873920817139
-0.0851309156238477
-0.0168430155156866
-0.148629714505906
0.00598565871804262
0.0295364144855676
-0.107821532262948
-0.097866322239244
0.0015754126399559
-0.0485165671231261
-0.188489643294676
0.0164864195695105
-0.0618374411669542
-0.110748249278218
0.113555555229095
0.0192823696185979
-0.100177789178623
-0.00267334841450182
0.0982695160439292
-0.178078007666581
-0.00459445402696509
-0.0708244243704904
-0.0737088742613679
0.0681278049245121
-0.132007077836998
-0.170109493794873
0.0204593271071594
-0.136368350923055
-0.0328402503698396
-0.0544705177225845
-0.156800889677639
-0.0792424401417145
-0.0566524029541835
-0.0449650815334926
-0.0231688892533794
0.0753079434251206
0.00153375715051134
-0.034257121095946
0.116331090848409
-0.0925404952319882
-0.0570854538250013
-0.00823749217652201
0.0862309202425094
-0.0120447860557982
-0.094494091502943
-0.00704302379630521
0.0985281827711368
0.114131258384402
0.0484844933571156
0.118513730168207
-0.0124795211044608
0.0121622296111351
-0.0548704902655021
0.0741077073370198
-0.0196998390777949
-0.0763558342831001
0.279170333947987
0.167831567853705
0.114943449293606
-0.0303168173945954
0.038267167360848
0.160297580585264
0.0503988734905508
-9.69127417137125e-05
-0.0359063479837803
0.08616450679864
0.240031430667015
0.18630753903246
0.0147570295933881
0.090949820520069
0.0705501056864411
0.131468518278456
0.0850557152203765
0.0411892981663316
0.177872373651233
0.00810070543974079
-0.0306450519604311
0.10651476671705
0.0848609197508958
-0.110016704727708
0.0222402440932204
0.179938159067468
0.11201848953449
0.159636961373694
0.0966547670352607
0.232403700263017
0.208377659405735
0.158479670235448
0.0564871177956245
0.0162106487704654
0.147026790693867
0.0415026193046489
0.11457545501945
0.153829305075445
0.126531590834409
0.0930865407832911
0.156989846393541
0.061268832850329
0.105469791792068
0.210320486050276
0.245745059958112
0.204515882162788
0.15162619553755
0.145141328575773
0.218419305906401
0.314978326584172
0.258861732482956
0.28061824603199
0.182315804730575
0.168766573930514
0.142240961178349
0.161390816355915
0.12437892186763
0.156827040131504
0.115415272986661
0.134324581543784
0.0848962192803364
0.212571385023054
0.0870081703962601
0.234544814609062
0.0208297224358977
0.338425074803648
0.097019628379771
0.277766348913684
0.158995844795429
0.239371765612101
0.251741112344709
0.169502322829149
0.153578491027639
0.314802092929178
0.260774506220566
0.107482308334328
0.235804957993664
0.147763211487556
0.237754321004973
0.27848398126738
0.26350350077195
0.322619002719274
0.252749620265019
0.128426085208579
0.243122228089773
0.315091074880855
0.214047687639427
0.451552067901393
0.188529228649832
0.184324930712309
0.179852419872559
0.215989454641237
0.133887276735134
0.380263755261385
0.252799697209578
0.260348177877582
0.174391345498834
0.309677322225576
0.267195653272936
0.147441896363915
0.17708722167357
0.375711701950529
0.202014463570663
0.22349074100503
0.148021317336989
0.381062491641481
0.376698811132028
0.344802579802032
0.380271187771717
0.25638042594544
0.174162930173822
0.28848395925745
0.476576569034832
0.176142224610138
0.221419708363263
0.239673592107143
0.253443109288816
0.154946319302862
0.226476578954901
0.245839831099012
0.274781245121885
0.347359992555492
0.203002669084403
0.26082714702024
0.290633223261159
0.237610500180348
0.373200172206655
0.437027716252191
0.258491732907918
0.407641215608266
0.263064161594561
0.402402464789276
0.236498427343436
0.396906422244764
0.31752169704668
0.338288850016087
0.124246054901101
0.46220645241439
0.367874448495872
0.350773676176561
0.325050662874095
0.220383427837431
0.274184512791794
0.301209981089632
0.288764276989153
0.367952064544289
0.18368032845493
0.296757735544624
0.269358371334138
0.341362225784024
0.304981669147588
0.218697508959991
0.325437999345604
0.476848068549909
0.285360735098791
0.374781583804265
0.308123322778883
0.295098895166075
0.399105278233517
0.434269505820252
0.49306895372157
0.2651977416891
0.43798566189211
0.446363893427821
0.386385279720011
0.395904555904733
0.401297547593666
0.450344731162062
0.384863879916049
0.45961565464112
0.494793178144424
0.479134722019156
0.303643205198002
0.453926425102297
0.541055161221812
0.408943330023491
0.364941687766004
0.377598228443958
0.473629452774512
0.639992434883127
0.449191565917826
0.492415946017403
0.328843532739061
0.213725826789689
0.343233743359909
0.356381283371663
0.498524043237182
0.315170683691178
0.441480808065163
0.267395631308898
0.425934425756386
0.451379671458606
0.421231401561966
0.529806579824869
0.471853580557831
0.634852889072397
0.550991476443441
0.493748275498786
0.603739198470757
0.608749321145115
0.432970955363393
0.583677756967761
0.435150198635537
0.432746759793112
0.485485392438815
0.355364990692421
0.43898545033412
0.547035613886302
0.658583119373535
0.726144253738765
0.360871068204124
0.470382816256107
0.405325131403537
0.597579411959326
0.462260939475865
0.477062923963211
0.412897381933076
0.315428873425122
0.442095134780011
0.429711605985223
0.496618933874721
0.560619372181961
0.53013320921784
0.481068922583765
0.428879144079084
0.618275798287254
0.42211587033146
0.484344293349715
0.402808045879018
0.497665449491687
0.456547545797205
0.360007076633313
0.579278888141352
0.548647041241312
0.47941514290446
0.561269279098398
0.553507356263553
0.446965928657324
0.402978648216532
0.529672811405351
0.688926379457029
0.600876247126709
0.470661013690199
0.416330392808604
0.575600974198265
0.484116834551115
0.621411628679823
0.565949184745246
0.51289227994103
0.62094830090649
0.60495664085173
0.572902950012175
0.538865631325584
0.69750965682417
0.491241493547814
0.483948846494612
0.59149114772989
0.631706078320238
0.493968122151467
0.586403167534479
0.57652431166936
0.323651759814576
0.647112218496941
0.481539647462882
0.331920245942386
0.754492761341172
0.658729180099882
0.595399015185361
0.535621861451904
0.494023419124847
0.645069516224595
0.553890189615512
0.646740740373405
0.633235782827139
0.625608882190783
0.618170073183675
0.701032285697316
0.633902490217757
0.616674568692072
0.645916652844126
0.580693954674434
0.684272362518544
0.758962053864684
0.568731824282388
0.489782976427057
0.499541360353489
0.744626149130948
0.67149264004222
0.728143404780811
0.493876369966272
0.632494777557844
0.547809929783539
0.625409723737882
0.534578347039704
0.594780074170386
0.627654152062793
0.73387960459056
0.63174546897096
0.725239049433711
0.646791743808754
0.59675422622983
0.601584453531019
0.535473874062887
0.705194885189307
0.871884663378967
0.685603754006828
0.749208101902979
0.604905341071274
0.76174922900284
0.784694665604849
0.568232635356717
0.686472829708168
0.627419997155493
0.620701426675343
0.640263552791331
0.744427431733992
0.622863395586645
0.655308661440919
0.639188094405382
0.523594351190935
0.631994891254511
0.744516169601073
0.548759020245217
0.831161229255021
0.63368642231607
0.715797061705952
0.57330858622113
0.783884273361476
0.664631081216688
0.726453504395561
0.812356579219525
0.67852133216972
0.778841813904519
0.716138762769063
0.678205351696166
0.753801065096904
0.833523701917929
0.887161304278175
0.620105546546134
0.686868563216853
0.802159589113353
0.864804452883449
0.737901540185993
0.651610655361985
0.657503317672796
0.75363515814354
0.714885727715281
0.64485071305831
0.682519793866706
0.714509506211595
0.823356071404925
0.687856541496087
0.724067698594428
0.810601805570422
0.869360448427204
0.73781521479196
0.755838457612153
0.704444581923348
0.709194011951997
0.629218866070991
0.740793796451481
0.626083893275705
0.786234143971705
0.662123380040521
0.891815707830152
0.904038962016982
0.792752754387503
0.900948472135261
0.762786555630625
0.849488243829123
0.77706712948321
0.720604905794208
0.71244248210609
0.70595282307318
0.733325662255846
0.692308946144242
0.694149522968939
0.645729588968703
0.803188301604779
0.68012631879917
0.791160227282309
0.737803381266064
0.766329045286002
0.737270385567905
0.749762876366742
0.810533294303915
0.853438456940007
0.803172340646609
0.776402631719822
0.717052733699101
0.862729911306155
0.906515320007378
0.989887550126336
0.807277598268914
0.809068660617754
0.884833762111113
0.741616936743157
0.918362855261767
0.803780022977526
0.850997601320361
0.890130952024781
0.943537926910363
1.02347589600205
0.84989382600949
0.820244107491622
0.8049503463535
0.733553994678524
0.76341104492299
0.904528471322858
0.940881917313704
0.882971848190985
0.97940794221927
0.76550023373969
0.922843439323959
0.888984192864491
0.743227497338792
0.757548930682897
0.915326489214621
0.823398002489138
0.904091892879759
0.978021231009523
0.892951577605238
0.951288725841154
0.857632278719572
0.874991817154217
0.892041718236076
0.930952746915166
0.880962317352475
0.968178009418771
0.864833120489667
0.89508527333179
0.98536707720208
0.797810515123097
0.952336140125338
0.912070827035615
0.744904479703718
0.718799207311226
0.92011905003951
0.830170740445874
0.920793254112355
0.824694635774208
0.932638419923345
0.923918136546202
0.992544744103768
0.922323092717124
0.955379009364097
0.93620243489036
0.818597265752314
1.06640506308845
0.950767214648287
0.943212640135451
1.08107644503139
0.889872770332375
0.894929731597771
0.987740244769852
0.988980060370025
1.00629212279384
0.843366982700935
0.981276986216829
1.01306304713504
1.06065221229122
1.03560233391856
1.16034976594961
1.05622101551918
0.920077784953627
1.06360519181271
0.88962911975101
0.96476081390175
0.988658644065676
1.07941459848736
0.959981479370194
1.18480269450553
0.911287516437088
0.981662368227216
1.02313692732421
1.09612157603446
