-1.08826731307456
-1.04024081797351
-0.826905201041428
-0.918730938739271
-1.23445169803121
-1.03899281764836
-1.04758063841261
-1.09793204810036
-1.17431369119283
-1.06639173240261
-1.13956672498627
-0.899020125261215
-0.981671830828918
-0.906225422481849
-0.978816779877306
-1.01632582641147
-1.07031157887124
-1.07730135416376
-0.918334875473557
-1.01396295986429
-1.10168750916746
-0.917302612841055
-0.82146415847906
-0.929933527313265
-0.917168287057726
-0.962059461674198
-0.921228328344077
-0.958335920465109
-0.973783771125459
-0.848580239745914
-0.833103552146991
-1.10736291774022
-0.844021925314853
-0.810685121930434
-0.858857695930486
-0.99843177869358
-0.750000919213017
-1.08644223473499
-0.910011693179287
-0.757971107798053
-0.847658590299612
-0.824606095166718
-0.92314094122625
-0.796223620954215
-0.819059143961874
-0.973965102868021
-0.795446689594294
-0.901305103440321
-0.869707947713693
-0.845216538221323
-0.90838109242698
-0.94745659352243
-0.942893314452273
-0.927419391105313
-0.891891985432388
-0.94302017982422
-0.930001278974578
-0.895618196545788
-0.921629351381593
-1.01344956635826
-0.972529085389467
-0.804384696900832
-0.817403943802028
-0.890224549556209
-0.862957055720739
-0.77870860895632
-0.821398879019209
-0.849105297894287
-0.821670905284769
-0.856262519318522
-0.896839495838352
-0.937856951671888
-0.717636479068621
-0.771363930420039
-0.844041548519234
-0.842606630613778
-0.761780637178434
-0.946844650380741
-0.826316382965626
-0.817296984035004
-0.833213641945627
-0.920304129141848
-0.810692703971124
-0.860212871406256
-0.802014600130378
-0.782449918403458
-0.783266602372145
-0.964199667036416
-0.965589607983933
-0.877613699429325
-0.790405574493117
-0.896979230840458
-0.892229890914996
-0.785580739258569
-0.891685685014832
-0.889953163816565
-0.810930700172349
-0.939362145781162
-0.770197148579483
-0.753618140574342
-0.678792481186541
-0.981436453513643
-0.575899011858079
-0.81130508399557
-0.821968972428471
-0.762296561648436
-0.6237338445395
-0.744294329782235
-0.691583423574549
-0.583649418686152
-0.825708503320377
-0.678611176464267
-0.732988996475554
-0.725810486574252
-0.831840953025703
-0.694698189711462
-0.759734005334516
-0.752561754073157
-0.814769388160808
-0.680246044267431
-0.704860839560631
-0.742091224712391
-0.740781336120799
-0.850817774482095
-0.577475662973798
-0.856105596833045
-0.828776445478692
-0.716982673649898
-0.725593137032288
-0.904796912319883
-0.765762249059816
-0.715969626885695
-0.773482932102702
-0.62459036996743
-0.646317964621183
-0.603348512306555
-0.760376025170865
-0.696429954525327
-0.602144333607407
-0.651468661475636
-0.670048176193605
-0.599994711373846
-0.802151323567069
-0.763411596153449
-0.802084836486459
-0.638918229183621
-0.535362380350608
-0.639718891709533
-0.71175858313624
-0.661912283023432
-0.615398237718822
-0.720359815801551
-0.717198857759573
-0.689254927097823
-0.626917104309826
-0.723874665245064
-0.767485148370315
-0.716495495243399
-0.691557471703592
-0.731810190127193
-0.69621486426824
-0.840070465467535
-0.726577051584117
-0.666426949010324
-0.627588334698139
-0.606677995435594
-0.549227315752299
-0.663986300749239
-0.640398828255718
-0.696540771354867
-0.755466424217503
-0.765141644115003
-0.662189305448826
-0.781392398442422
-0.738129978743123
-0.523721513769411
-0.617471676722999
-0.650659631147894
-0.724543824839772
-0.696003354209465
-0.637908859221374
-0.729544024928786
-0.669198249900064
-0.652279460713657
-0.532692875608608
-0.612249501348358
-0.724162089895005
-0.679493055765109
-0.583657947660624
-0.724688877596043
-0.764922823701356
-0.60260226993689
-0.587617542257522
-0.595187609162882
-0.653118411534744
-0.617318241741142
-0.660823101528049
-0.308461938487773
-0.637735918650096
-0.656278677926683
-0.517298889723851
-0.559252504836298
-0.636913718433967
-0.533639991838697
-0.678128221152553
-0.624745787277646
-0.782292597420585
-0.634683815864479
-0.597099195786179
-0.514742892464134
-0.597462609265045
-0.524372198110502
-0.398719763109562
-0.54159283737462
-0.520546232487305
-0.557141021361017
-0.719937548802911
-0.62779145838777
-0.49983565484635
-0.596640318111335
-0.476503626892185
-0.529152504395088
-0.602343549883678
-0.495821581292172
-0.627453113892981
-0.63004927141348
-0.604892265259436
-0.505658509944934
-0.504448721113444
-0.608915623253831
-0.511015274801002
-0.504508569513901
-0.546326237193603
-0.568596213804579
-0.562532693727368
-0.431007128431854
-0.432414661539503
-0.545732111021469
-0.56959812653621
-0.631769825272117
-0.476411881565743
-0.390852817905414
-0.563116531255185
-0.316927334081512
-0.533076879517305
-0.563438697507096
-0.545286551216907
-0.564833454841624
-0.315348665369071
-0.550899130142547
-0.446242873900282
-0.476836326987194
-0.507348199940464
-0.473556508291668
-0.356079307140269
-0.448820600906775
-0.488423631553966
-0.386061511708539
-0.595030889616007
-0.468343019485825
-0.429644449859367
-0.435141902564247
-0.559372322756462
-0.404741191993753
-0.524820746220561
-0.540394755402529
-0.534633677817293
-0.498933595820611
-0.477719595642291
-0.601639236310169
-0.4947278856767
-0.480072982681058
-0.460699235518562
-0.421124400844914
-0.46750305479803
-0.64408372044938
-0.568253665144529
-0.233290142722472
-0.530631142911412
-0.364301897329385
-0.425749972801425
-0.525243458495781
-0.453688695752459
-0.37998622455241
-0.400023361074354
-0.424089476684929
-0.52926627352066
-0.467529416045408
-0.371825929961986
-0.372086175753959
-0.451934491731107
-0.292470038111698
-0.41265812364886
-0.508829276163052
-0.438071832004885
-0.483125792997417
-0.471420284703572
-0.271413725388
-0.415259696941282
-0.400716821897518
-0.409181379224021
-0.410176286569575
-0.4121687948098
-0.399735275855626
-0.506060468741403
-0.540459164879268
-0.481779342792935
-0.343438382689265
-0.362093518107327
-0.370448503572392
-0.407259475685725
-0.276548481197259
-0.466868590851265
-0.31198721595893
-0.255725875471515
-0.544853434046938
-0.29466498552016
-0.384392296269104
-0.322184808702372
-0.240740730812879
-0.388382601380177
-0.497279356970053
-0.298510870746872
-0.340332796403762
-0.219944639007592
-0.27911905143839
-0.362153722111032
-0.367852033982132
-0.382305087148579
-0.571739875076503
-0.186156207023903
-0.226644954798273
-0.192542779363577
-0.261961183660208
-0.366416167066911
-0.401780751731329
-0.1963900606425
-0.461299444835475
-0.305379884083222
-0.271941225362418
-0.374861064395822
-0.382739638686862
-0.299379230725549
-0.397545895231206
-0.226820303430203
-0.291207793909167
-0.209132375592673
-0.332282425341985
-0.343469964244907
-0.219692902276684
-0.292544048489925
-0.316314902762755
-0.32969517709514
-0.424103437218042
-0.247988303410977
-0.0969731670938057
-0.130531745140397
-0.135176178360729
-0.193165852453779
-0.492959357049453
-0.219173270622047
-0.438783583494408
-0.306241929689563
-0.311941817148327
-0.224396595169758
-0.287020380017864
-0.300708215071528
-0.418748681950373
-0.221307998176327
-0.327793160812913
-0.238306014375859
-0.413295856394025
-0.27654682823245
-0.204792321396733
-0.284335777101895
-0.253449561910721
-0.420215835562517
-0.126540745309716
-0.0987468848874162
-0.235977583853942
-0.203408082733178
-0.156686100739834
-0.394390572288947
-0.312272949118312
-0.284327231459104
-0.239636559167155
-0.206374699534704
-0.279320536914765
-0.222663587897792
-0.196549214591317
-0.322821178240944
-0.0538051161842482
-0.267344275908055
-0.189641128237657
-0.235603687127842
-0.0985535426890731
0.0176908135489156
-0.315632741338632
-0.202710804964656
-0.177020894287377
-0.219097906394425
-0.222814546074294
-0.0806052630513896
-0.159182757484561
-0.333357966618119
-0.208409280294032
-0.231862181004081
-0.125405057358685
-0.263626553032643
-0.243171498676064
-0.275931296523688
-0.0946550726800699
-0.127188935524999
-0.157013376504079
-0.184340157867157
-0.14817633990392
-0.0967318079702806
-0.129781085091606
-0.212826165668307
-0.0906569442119868
-0.275280388582901
-0.196342416234537
-0.121551846022938
-0.0682408046705698
-0.162846471299514
-0.315036515272341
-0.097288831579816
-0.141784382860237
-0.16474675546156
-0.00493392689166945
-0.0654119647038607
-0.196061786097713
-0.168570780577861
-0.196577696923501
-0.104903600975809
-0.268956031261361
-0.224298315461086
-0.153109884915115
-0.101914897526445
-0.18774040871767
0.0071245941231566
-0.164796357242626
-0.0520363829763477
-0.10503581622391
-0.160942004304123
-0.073990833745146
-0.163831997421457
0.0282066102355208
-0.0354752596619988
-0.147993577675233
-0.235542470462904
-0.0656652189014488
0.0219059974265952
-0.0725789536195351
-0.0127878956863172
-0.0889976986705665
-0.0450296324555661
-0.0363727210859901
-0.0270835957716576
-0.128995052059186
-0.0432706263137399
-0.171551665203563
-0.0154736311656415
-0.113763065957769
-0.111615977968736
-0.0480834297010742
-0.0942611068549141
-0.133694049816918
-0.127856816402446
-0.0631887889659639
0.00953133347196344
0.0271274463868843
-0.0147867005275111
-0.065977589808849
0.0449628757334805
-0.0507104070929517
-0.124003660077976
-0.00343141013077424
-0.0643045732964763
-0.0282619414950831
-0.0911970107547347
-0.036479724031553
0.0381480529023973
-0.0720084443625645
-0.0592759217930657
0.0575055158758079
-0.0756451185940701
0.0905966452227726
-0.00609275538432842
-0.00816330645227463
-0.154117801912792
-0.0735709001153031
0.0364739562632024
-0.0707800860610715
0.0403853955647099
0.108964720637926
-0.0989701683349843
-0.198075504300724
-0.0847166031340609
0.0114260503888264
0.0344000135153447
0.0379190822602379
0.101555973623308
0.102267754332625
-0.0012075503058732
0.0206229816016586
-0.0539674069916167
-0.0135231205080226
0.107485848676281
-0.0159700839377556
-0.0276534693396467
0.0489464291786493
0.0413217971983051
0.0290761349278702
0.0954377608181494
0.0193584481986725
-0.135219629795187
-0.00866883882348301
-0.0242755622774318
0.05069656470624
0.0350781219404895
0.102342918291837
0.0150209669250235
-0.0861798627647311
0.0132901382801887
0.0149440414625399
0.0120246909397475
0.0669087123936328
0.0944644208658352
0.0107142033685129
0.132560565079365
-0.0737403337119226
0.0227554925048093
0.155355635395434
0.151582455474605
0.0610854410252679
0.131357366269936
-0.0265177326092675
0.106852515969917
0.00964444100720385
0.118592517223638
0.0800751675451413
0.0449633120511872
0.076127613404194
-0.0432196786958102
0.054684723285744
0.0151400808499195
0.192524754372666
-0.00889644808802192
-0.0136625379486941
-5.23356784761797e-05
0.0358762940197553
0.170298223545666
0.143469455471357
0.124929780718576
0.0852193123023837
0.213913952022033
0.0996874782432889
0.16464449765119
0.125527516652894
0.125987098603076
0.121589683540938
0.176214206092795
0.201731458782453
0.150930445227756
0.308105557672339
0.0934476139958541
0.120818980817373
-0.0836704803809689
0.0256304567474857
0.23250353880976
0.127487707410596
0.28069813848031
0.165061105580738
0.0340827697472676
0.169464125596306
0.113589889850257
0.133708375774064
0.270826976195054
0.214436706471206
0.0536376440668113
0.0766112311904432
0.119164027098934
0.288847366225312
0.0725232126826927
0.11164710380142
0.12657781132728
0.250140102915002
0.195807048057411
0.290604118018641
0.0731550966249731
0.339652015416626
0.277815257258706
0.142807118159574
0.174452630729028
0.244553996286433
0.19709810325957
0.120240566859493
0.209033655517683
0.135729096898854
0.206124683034467
0.134126481933081
0.184831500357024
0.0848682194741153
0.300128651070144
0.315902668504608
0.207428083469134
0.289525118957176
0.336871267036349
0.143996839788291
0.302226054249726
0.199540801389628
0.284780407974816
0.336571316234252
0.205721664919778
0.164768817631741
0.0965128243303386
0.320795353510727
0.211956908185563
0.250652985615875
0.205127386864312
0.186558836029772
0.248653801589226
0.138219598591216
0.124124371295585
0.303368507160497
0.269818545069791
0.295775606931607
0.393719695675813
0.294185652559868
0.318116463932426
0.265467840197423
0.248473360123424
0.233908168722169
0.320349941511306
0.290991700542057
0.366153653175351
0.310660487863273
0.385269651467825
0.15816821895639
0.342766867304143
0.337481002403305
0.265698480257913
0.327890399369381
0.224989221897153
0.291646920057332
0.321947916579518
0.305758218594628
0.350247690297622
0.255997576657157
0.263487398458331
0.312816490086538
0.34433975752701
0.377228673160842
0.263556893195906
0.262837708218477
0.335777521100179
0.351146172227492
0.253477739885688
0.294807916558575
0.32884421376968
0.223033312497726
0.331745383415233
0.356711248384728
0.361514979072404
0.460011597267079
0.366170049380247
0.355255130272839
0.295060200273964
0.26727115313928
0.248541816893495
0.401744666997727
0.33726019854233
0.209713098496659
0.366996810273885
0.367217674804434
0.255183931420337
0.404895791194857
0.40777707369181
0.330930831286602
0.245075390428276
0.381349042101108
0.444565703571655
0.332072060916685
0.213963606947456
0.313073587613209
0.332888357892758
0.343435390262844
0.488391223349881
0.509751222193951
0.253954852528553
0.357773002826974
0.188390615918067
0.515177596362525
0.382527003227769
0.29530337061864
0.388420888026919
0.435817255340845
0.355517749558776
0.53263375472566
0.318979558111448
0.512587169451251
0.430414128559303
0.379064455454706
0.456431350060585
0.523910721738055
0.221141698957016
0.403433393705524
0.45322094217094
0.434110625430647
0.465265483592183
0.6053373290784
0.336029458976478
0.407594426145999
0.413585719736119
0.393667399587035
0.483961817748531
0.428540561206797
0.372275569330491
0.39000940261021
0.24130364487225
0.485201180120333
0.431127424933411
0.421926328933603
0.38549033369824
0.39235130963578
0.575720129408288
0.347497255891312
0.341658830076831
0.386554112428462
0.325511361381835
0.465310299758548
0.362675366046824
0.27007585230532
0.451393491094827
0.502060336731316
0.411856765378908
0.52174218809493
0.53552785506588
0.561554803659107
0.508688832727545
0.449194581727631
0.630891229298519
0.377918326671322
0.54874260403617
0.568852676655087
0.455835824005205
0.472262734197089
0.439833180965944
0.555010373081517
0.514562091324067
0.595923117766625
0.473479327287284
0.61299160113134
0.566715740498106
0.549697416570092
0.509761636073299
0.602350694814765
0.653002310432856
0.598765723721962
0.462837547875219
0.494842100043179
0.526986209943706
0.423466674814597
0.61132433346039
0.586047658208203
0.705927118135755
0.604935298083175
0.452450013740691
0.48448612261284
0.633577789039642
0.511835161179254
0.37141501570206
0.598536750431862
0.536542164950973
0.600475162486648
0.467149914926262
0.641279450930714
0.704803351906144
0.51060710226953
0.577734646928662
0.416714051138967
0.501678276507229
0.679338018277717
0.660718239877166
0.660597317542426
0.578672504544976
0.676301178142287
0.615886648590977
0.767233743042803
0.549701010612988
0.464439404368735
0.475016114055034
0.54647085988967
0.475408704827862
0.667565719471077
0.550565948877785
0.428341782602505
0.689212785936898
0.431175284181217
0.598660372923669
0.498477963248313
0.578666949818099
0.634149348516832
0.494486688005986
0.755544916560896
0.576229119874728
0.610178844145669
0.719968269800062
0.611344898734223
0.55752326452483
0.624055125661086
0.575396843324997
0.636283836674048
0.541535999465132
0.610256373323504
0.703106877099554
0.528682165796411
0.684284734219213
0.543518529847253
0.679227788831187
0.651442861166589
0.726668609318953
0.715368355581616
0.795853488730082
0.686863064658995
0.662194500663886
0.736031316251144
0.68081577083292
0.737239228863895
0.623711692397473
0.771948631993396
0.640855257883211
0.66974113836695
0.701429118999036
0.7022957651919
0.835577475935155
0.747373072646997
0.694656856704227
0.622272377730451
0.706210217301435
0.596013454872478
0.656154200798331
0.657527853371225
0.677956838336101
0.751417742468443
0.738811852061642
0.540333783063324
0.706712348411012
0.658008840785752
0.733211457352447
0.809150083971764
0.619681587503606
0.802199304594379
0.730922239538097
0.890380547801953
0.690430120931371
0.722539057797546
0.573338099373517
0.744657765191864
0.685518598956892
0.822405752408121
0.641256569934931
0.73284896236558
0.780014394492017
0.782304758890333
0.691028586907037
0.734972622330246
0.81216885449382
0.689297957488059
0.766782357106373
0.754271624322838
0.758970666291205
0.794410711954498
0.700717187249644
0.834145911178587
0.699118742447233
0.768561061735267
0.647054350782065
0.697261961024469
0.691511315773322
0.81173286791217
0.860328368875476
0.844183035259284
0.699382673868952
0.740967141776536
0.709226159453466
0.847769545555919
0.680973116068465
0.779973863587544
0.779310575475288
0.697636998033939
0.743193954614972
0.69605973573955
0.638213791901256
0.91466560338744
0.659559226925075
0.760501532724327
0.844513797420608
0.737583466432135
0.741605735191771
0.737720650969105
0.777293752644343
0.722102026959946
0.922668193550079
0.894049001979432
0.699672521971862
0.928147978710334
0.866340897539835
0.974247535559656
0.999494638739122
0.809229835483637
0.800763396075755
0.757183649132148
0.837595907135267
0.80587729190494
0.85393875802928
0.787777971181447
0.989060076231272
0.766944016627744
0.786501346013685
0.791913009550341
0.919288959098602
0.848109871808053
0.893653586147512
0.824190197052307
0.907524585133933
0.873526748425277
0.853769215154078
0.800363422223525
0.804275020757824
0.808393219683403
0.854263441464797
0.801356173131232
0.821828651684316
0.91915504705243
0.934356228512541
1.00949311559334
0.777338407794916
1.00179413243669
0.711689395788366
0.951150639655909
1.0053132334445
0.897272690675949
0.985188829973608
1.03626939318503
0.87675512414634
0.844224567162762
0.989052778800296
0.898656186884312
0.938580085530025
1.02976979732438
0.996805498362376
0.916602395545999
0.885806038691655
1.0931596872802
0.944244934919804
0.961218473524411
0.950033165090088
0.947302256935612
0.915354958155748
0.958382329310263
0.880177052696067
0.993909984480619
0.860812763611531
0.899649388728235
0.925142197900898
0.909389460087707
0.892626438881162
0.881962920240163
0.767597583563293
0.808131870135413
0.919933629084682
0.966855672711697
0.948289002637637
1.04106907196908
0.980281168698498
1.04326917712018
0.915277168868771
0.980749521534281
1.00892434130232
1.02348755300266
0.99928822516687
0.914666120693435
0.957878224384401
0.948285092687311
0.970990651256705
0.898592012905851
1.04742631534967
1.10262789838731
0.843094846884473
0.926663120208675
0.978655315800268
0.904465009542127
1.03548082442346
0.918015579151605
0.984320403345475
1.11184039827692
0.935346215730827
1.14932125102479
