-0.971596556048507
-1.00500352067649
-0.976326297147878
-1.00890993976428
-1.06752286663682
-1.11313059848657
-0.934325521984261
-0.891922968619599
-1.13267131592447
-0.792102190189671
-0.985975309898544
-1.02687525039922
-1.04887257219084
-1.020361111869
-0.912541358710499
-0.921680415665066
-0.929712821131921
-1.01589412713761
-0.99654211669341
-0.951086109389377
-0.812441642773552
-0.959010634460974
-1.06880397303181
-0.915719862666345
-0.867654291842082
-0.872827191329004
-0.991568301513599
-0.988259366115367
-0.855250886723069
-0.889008781225075
-0.982188421235047
-1.06057516668416
-0.977098594822914
-0.964273953240954
-0.860935004347273
-0.855965677285959
-0.937213477326016
-0.782889425237278
-0.969619074679091
-0.851951930915472
-0.772974072370921
-0.838440745921395
-1.04697458118847
-0.973612108810306
-0.915626166570743
-0.866843783593764
-0.962100709782498
-0.882915644372375
-0.942937056397135
-0.7809301383157
-0.94289084633722
-1.00209854467397
-0.935325551380801
-0.879679775566754
-0.912239346699101
-0.889337334712355
-0.839779517606779
-0.839458115313096
-0.968634039137119
-1.04899094339387
-0.839503336523889
-1.00544256461244
-0.807488931072591
-0.776584359569588
-0.794214040647683
-0.82145237322105
-1.00572985944172
-0.839126355831245
-0.869820902334083
-0.779163957057908
-0.883529816028785
-0.897535351569272
-0.976045404491004
-1.17766993221055
-0.843215479832548
-0.843073241844088
-0.897755217559461
-0.969799316732846
-0.748810356504054
-0.8324240235445
-0.769176396013103
-0.860420091030144
-0.946255796829257
-0.884503583818868
-0.635220335465958
-0.760690649664999
-0.926543687064663
-0.864741264164636
-0.903271761261001
-0.947200564904693
-0.923361401065549
-0.751019542214157
-0.879938466160952
-0.73999031011906
-0.796903626488927
-0.784913563000937
-0.860000581244697
-0.699825631215587
-0.762593040819678
-0.727597969689177
-0.67236429956077
-0.752851871298831
-0.93964002598761
-0.829899915571361
-0.89433503105649
-0.620560404458618
-0.749610108902947
-0.723618579870298
-0.870911032869941
-0.640936324085609
-0.595005733536137
-0.71973618691905
-0.781877327593528
-0.986223254230406
-0.890728495089723
-0.901853736987258
-0.767549489325764
-0.749238247287793
-0.855215097880666
-0.758798599484602
-0.647925723392704
-0.888257607632873
-0.688652949516498
-0.818334842756339
-0.770767039738511
-0.689514838656603
-0.822087375675871
-0.621714123379502
-0.769980699700752
-0.756333115496207
-0.775707017413539
-0.756997625871313
-0.866201008677303
-0.684468287792231
-0.689501944148559
-0.736323361995526
-0.724889364307622
-0.726660844537149
-0.772207880450213
-0.774265278067985
-0.771956511894161
-0.661879227575242
-0.708218103853355
-0.684262051618464
-0.68372161806039
-0.595577543199429
-0.736757645413769
-0.669219341805952
-0.764471654795043
-0.587185240934549
-0.700750528248931
-0.81136709271072
-0.567185860112219
-0.764892811053874
-0.631319763421477
-0.631514605009393
-0.867201351013195
-0.624137244440496
-0.694285500687684
-0.597017653212979
-0.660309351591903
-0.678499358489603
-0.567252738755595
-0.710921636842544
-0.580452029725144
-0.671219745121129
-0.701264233141321
-0.616137703389395
-0.71873578933297
-0.585460640280836
-0.721734483032686
-0.657306887675238
-0.587620959843739
-0.686268844402948
-0.580820696056507
-0.532658280694358
-0.630573813097735
-0.740992359644134
-0.770925905201872
-0.706286217610103
-0.655260684309357
-0.541668324765083
-0.536270856911613
-0.54990401638111
-0.631540741272241
-0.602307430422855
-0.673600703315082
-0.532112667376774
-0.586168990639985
-0.773178380350004
-0.544789222093616
-0.594312144687174
-0.619318980466651
-0.631843776050492
-0.439876134765724
-0.759770938042403
-0.589636550214679
-0.585091226499305
-0.749089217016784
-0.583544401325642
-0.473371128396469
-0.677228330062799
-0.454772769638309
-0.686616854388983
-0.561519290965675
-0.630657013445137
-0.42287574447334
-0.581823240190846
-0.597308362035194
-0.62093385012919
-0.593132304144484
-0.720740102406982
-0.545750676594702
-0.548597541477615
-0.59684854401799
-0.543363826986445
-0.589338774298742
-0.530632618616486
-0.566394028987882
-0.57626768073182
-0.7277671792343
-0.648005672173992
-0.585598537636687
-0.50335829473926
-0.570071138970773
-0.603601272787567
-0.50204089116942
-0.55892975810261
-0.630085609302055
-0.609495002200682
-0.501187538794351
-0.546359313659079
-0.597617913419914
-0.618250067216389
-0.565537167588271
-0.551835606371591
-0.475130922646436
-0.614527917698713
-0.393704739569404
-0.487959806709901
-0.50553938033224
-0.508608307943583
-0.550421511799752
-0.541053892873572
-0.571535750135134
-0.575239220286716
-0.523173458814032
-0.5957359843366
-0.535832043477884
-0.480938839677588
-0.43622919624311
-0.51696646320111
-0.433581602857571
-0.42699940609973
-0.411900813648138
-0.447752583057488
-0.502678746591225
-0.440974630228166
-0.503567071273533
-0.588069915824633
-0.446387566977013
-0.560392569684709
-0.518696089439219
-0.558696541210704
-0.400372109484412
-0.238195867661584
-0.409479037422053
-0.428868175988821
-0.562693938702731
-0.460807031819706
-0.625815469403793
-0.475411151745352
-0.473778510867519
-0.42825685788711
-0.412089599061988
-0.404752481355817
-0.61653213912985
-0.478656625196735
-0.407341422380852
-0.358674323179752
-0.456991414155886
-0.358730246572478
-0.488179943552207
-0.642157920944799
-0.349709867478685
-0.498840495374528
-0.450205362149447
-0.434243079673124
-0.398151768413714
-0.427988088506649
-0.456725064685331
-0.280151991242204
-0.448757055659416
-0.374634934868726
-0.438364962163922
-0.284568745920588
-0.277243986118049
-0.441067160836878
-0.313041059250199
-0.274238065672371
-0.420209323814947
-0.352221889870745
-0.356211810972552
-0.270288337160084
-0.30712946955904
-0.288470338207779
-0.437310261459825
-0.417982418800051
-0.308160101607176
-0.487611248312241
-0.315682731477062
-0.398324325863502
-0.417052512956569
-0.40495680904048
-0.337985381476325
-0.37033874588319
-0.384721322574693
-0.404305625792414
-0.317371144573698
-0.434633255773158
-0.261870541949149
-0.422841451912409
-0.385319367138645
-0.446110615424997
-0.291575762752426
-0.459409205757872
-0.463933367119212
-0.280043126269041
-0.387684369986449
-0.252433759264014
-0.377069082787026
-0.426436587442506
-0.272181730671171
-0.522334953735201
-0.357578595223262
-0.184092197779089
-0.284730635943916
-0.391437365743538
-0.258867682429421
-0.336271519941905
-0.113548707025046
-0.400698447540536
-0.231417643014414
-0.340102081067399
-0.423467743022326
-0.230729807098117
-0.283586156123522
-0.281079155296469
-0.335411090879633
-0.31936015907531
-0.0623487506657978
-0.374778827107161
-0.365199731307677
-0.338604502608871
-0.223609880027555
-0.224145989111155
-0.373029915216231
-0.210229100972174
-0.389445264170412
-0.371164075190367
-0.274851243492693
-0.269066430774623
-0.357026158146433
-0.153633707125563
-0.232992640714013
-0.246318919412192
-0.231737126976999
-0.220569478971461
-0.237739704366103
-0.343684084832305
-0.32014190815521
-0.247872057536307
-0.278217095710383
-0.204984542922841
-0.323714350372938
-0.199969048175259
-0.282608011953594
-0.318888564922641
-0.277741847848211
-0.414649023615116
-0.319421533050073
-0.167359793336046
-0.151736185278555
-0.175447265686556
-0.252338177846129
-0.344559466217095
-0.265830751359127
-0.267120581494986
-0.321081289543369
-0.173955347360692
-0.243588490168141
-0.252908473476528
-0.144465389565744
-0.10401386713603
-0.225576480118504
-0.361331587765835
-0.0405161726207512
-0.166379626684809
-0.249298514814429
-0.370930265543963
-0.261872559170147
-0.263684783924384
-0.119019706697171
-0.222184666938237
-0.329817397434788
-0.192095242598776
-0.216896771390178
-0.205933138738926
-0.0634963693777758
-0.184729215464548
-0.247642209195457
-0.152662451161946
-0.188024719386697
-0.13850253774487
-0.281488678143348
-0.307124576655263
-0.0514380969010731
-0.231714168822974
-0.156583822521447
-0.16757769250916
-0.279246852723552
-0.124473522756594
-0.214936951456107
-0.227200739479137
-0.0867923390880077
-0.103591204381171
-0.0488976389671359
-0.10292918711389
-0.303579637121145
-0.122958022110456
-0.29405532450154
-0.0339285708765451
-0.0967293666208877
-0.199915367277016
-0.158779071131251
-0.256631457122073
-0.204725305376228
-0.0569222578712037
-0.184897101934263
-0.156949029953502
-0.203519402874382
-0.170662769686413
-0.0304276679939673
-0.0557820647206207
-0.236748700388649
-0.0901749390898919
-0.130800646815218
-0.16483569994305
-0.178679002261051
-0.287217704886076
-0.159489046119726
-0.158006527344112
-0.01137065367948
-0.0745498084650604
-0.100454271790496
-0.057653132908713
-0.128647530984035
0.00141116372251076
0.0881551842624394
-0.0731707323255318
-0.0864641092123883
-0.0564160595450724
-0.210221402903107
-0.0214278721032226
-0.239725813186924
-0.0471301090505641
-0.0996054574604099
-0.101953642233513
-0.0465139023315996
-0.215045488322072
-0.00423357206860465
-0.12188570318369
0.0704316254508693
-0.0866211863381265
-0.0352176853847876
0.0457108552487094
-0.0524760942129969
0.0391774252089213
-0.0127486145403884
-0.0378203618312155
0.0819339648878826
0.0877813996758569
-0.036298365201521
-0.122285591930799
-0.124101154682328
0.0675460948659854
-0.0885469139887556
-0.209135812334374
-0.124406590321699
0.0344231457189095
0.0524045600273477
-0.101243846944702
-0.0658179249895228
0.0770436565670952
0.0661521788637194
0.0733009432030804
-0.112595581816538
-0.0102858633968858
0.0691144535157646
-0.00815512900906069
0.0990595830638206
0.0379179524803307
-0.0244598719427949
0.0679523916506042
0.0589563888118402
0.0609946867208239
-0.160771566603789
0.0417463427349704
0.0074826278777395
-0.165321429273262
0.0629016016336389
0.209995077864609
0.0596682801571769
-0.0297518454525077
0.0847246250889593
0.151912425688013
0.079284137425891
-0.0151714763156984
-0.121268927974506
0.132115851714588
-0.0233321616552432
0.118581190563504
-0.0494148470225924
0.00756173220047345
0.0807331337565769
0.000694712286183736
0.0805853166867929
0.0105986510378851
0.0594317198996116
0.0922487795321796
-0.0372725458375714
0.0682297253735766
0.173148976087284
-0.103682698797853
0.105664925340801
0.168010379337028
0.0473992433870504
0.0233324437725998
0.0836150232212673
0.145179384454116
0.123085415392845
-0.0511193901213487
0.0588096761013644
0.110558319018521
0.175980361741352
-0.09151921065428
0.189474222087781
0.0933423527873674
-0.0476533694714632
0.10986658478654
0.152856558899044
0.205731860500986
0.146960732312467
0.0533601378951926
0.146903317090079
-0.0106277515506613
0.208888731219445
0.138545658707791
0.123042093144424
0.047679908112638
0.0958735268430466
0.0229767631275109
0.101021434359906
0.121094667028016
0.113339497319814
-0.0871064426819816
-0.026524511706771
0.12692704320133
-0.00279661131317779
0.0534534436958785
0.0260734550180871
0.268156020287862
0.209240923715946
0.22765254495469
0.278383040582996
0.117048374556418
0.062907164883589
0.198710391791752
0.170533127431491
0.0904159894236175
0.0601616504603633
0.25323734048572
0.0602960876904382
0.307121480877539
0.178234557241617
0.263895322363869
0.270330493663754
0.216709202711661
0.135656165969284
0.263760580067264
0.232560141884395
0.183125655007678
0.314594079790103
0.0687811575715537
0.246972772246079
0.0780716231334189
0.101986937135702
0.0869823521617717
0.325007172777091
0.310997592802728
0.288157646999069
0.182290514597811
0.164926089769152
0.250069958125325
0.0811649424196828
0.292333888859654
0.232963786255188
0.306825269867468
0.1581576396404
0.0674446199222079
0.347471216196415
0.145952945630097
0.291932636479583
0.321453529854847
0.0735906179630117
0.268013666595961
0.202559580642922
2.94294244374687e-05
0.129020647085281
0.444570363602627
0.363703525910728
0.231946471749086
0.183218159803103
0.232173493017544
0.410737938103097
0.289714763004432
0.107014928185947
0.114953184553252
0.148333495408016
0.407516654764737
0.252112369682152
0.356154827739586
0.150815412879204
0.243827857261262
0.203985311487958
0.259605965864786
0.174688527281786
0.368063437551473
0.391304482974297
0.393664283688758
0.154406780875157
0.294539638474805
0.330179413805803
0.411182315549714
0.267667478913353
0.239486235144855
0.33995467626372
0.258072535338112
0.308343348477914
0.218898698121771
0.210029683347927
0.477541337994582
0.38922964647581
0.248462083135714
0.280234601000005
0.342242768045181
0.290594399156194
0.393422933041946
0.243140219827413
0.399163759874083
0.41796117451209
0.416483909125999
0.309040188018485
0.430431872874122
0.430494053582744
0.19094332909627
0.290567341165516
0.377755405133227
0.29741241066033
0.114234503895494
0.33637266248546
0.314154834187974
0.333557187021854
0.219530868724124
0.407723864689766
0.288844613203119
0.315260798298671
0.431497433380437
0.349595428337218
0.177397544133728
0.320854010127676
0.435025157982131
0.339779470401844
0.398796068710137
0.318611472760891
0.346503218732065
0.293349524785835
0.312944771916059
0.336214767593265
0.500886626226871
0.37642815108362
0.407854254882946
0.341781164277785
0.410427420861732
0.275371014798524
0.33611706435825
0.245361636246458
0.263688103599647
0.357421717203639
0.386634489552592
0.327465682971074
0.242334300720955
0.556809236075309
0.331019382797577
0.272948991775969
0.406943308597373
0.310776706694855
0.243843924285219
0.554162506856757
0.499509113557758
0.459790935068108
0.465292288604785
0.408188959556233
0.273422245189631
0.428319096162149
0.513669913984931
0.419987679355676
0.421463041245947
0.43350153984343
0.324495992599991
0.397906201232207
0.553575265049223
0.416135927392426
0.386496032905156
0.381147882909677
0.436298070429391
0.428130853011399
0.489830098191789
0.365897134416344
0.55393956802024
0.499346304014282
0.478922112706052
0.432918860612484
0.541379622684716
0.467443377334571
0.460848218753408
0.476479382682988
0.36013058850853
0.429642912547787
0.488773088579914
0.479922353308717
0.484900466465062
0.532643121831213
0.491136589266075
0.465879137190557
0.508495413828747
0.448182055691092
0.478502150120456
0.496916232137592
0.499361374387794
0.527894805621985
0.640057641078491
0.595059604661764
0.501478891248379
0.502697673382025
0.531636472971577
0.559490772488469
0.527080794412454
0.549959997374789
0.534398728959107
0.60407014001357
0.530500691056274
0.558186913316546
0.507981268924839
0.535932682327042
0.438604453885244
0.533356916198129
0.658698336440838
0.464397171966259
0.500635828967838
0.50310060671403
0.621185611883895
0.576697489940986
0.617986974711016
0.599751546144433
0.629470790773695
0.482509926319775
0.614028228833528
0.554326642056072
0.678164440555742
0.430698884621545
0.580453168147307
0.830065395160204
0.537217114481477
0.618872137903552
0.606768607103512
0.746350491904607
0.525467469786475
0.590647325251986
0.588877675738801
0.529152352281165
0.624658913288974
0.661031712055732
0.586521188651458
0.695138651618716
0.616592893917868
0.641430330113237
0.680535661482681
0.634079815468982
0.447356183919131
0.483826929244143
0.557309932703304
0.576404513281346
0.693731633809671
0.579060029200108
0.693182905441885
0.595785468006632
0.468297926497344
0.69939031820055
0.627505118159717
0.587881251001038
0.592077371754427
0.613521217206876
0.549683338812711
0.435037162977034
0.597793990565058
0.592656804089833
0.49331099865876
0.570027188854701
0.606569301628795
0.571055207475923
0.544996874871317
0.618292730204951
0.725867462258498
0.682262586117601
0.573680017647437
0.518537619973471
0.726840303887623
0.653347779012864
0.514321213772022
0.483587480399514
0.711246127427463
0.488952478040187
0.81327024302023
0.601357662758119
0.732090774536778
0.795885841463802
0.719198459577689
0.631255384581772
0.734988917935437
0.755484690164488
0.737765819049377
0.709590260689809
0.76370468564341
0.607437482962056
0.643686922729041
0.549454942236716
0.662215653330028
0.494162920963857
0.731154178883219
0.702837920130431
0.704156198459263
0.592835209528005
0.572054737226829
0.750247180523899
0.732433626507687
0.723961090375949
0.681466440522724
0.555604688800723
0.709433455676254
0.692991998907973
0.723089353259388
0.767973911762447
0.729884036617097
0.780918249978343
0.796803908040815
0.760225648317121
0.833995516991371
0.662652188711284
0.745692686747957
0.861024342671493
0.806397703648259
0.764877023317065
0.653171363789771
0.689134958077128
0.701151096377908
0.871391775253154
0.814567841240163
0.825715238842254
0.877611391577958
0.743823845369862
0.747563275830737
0.794132663085628
0.677723155200101
0.784309617436785
0.82775922769195
0.78361285119956
0.830795163451669
0.798753679914393
0.690984142708183
0.763808481097327
0.92361258821002
0.605877001649869
0.64734236267827
0.652298080291736
0.890329318969416
0.907358949715132
0.854736778025713
0.776577849308782
0.866480999337215
0.746150162527976
0.736938427596107
0.879524644583287
0.660417648284522
0.631600394212213
0.844032270846043
0.851003891819661
0.833124052199373
0.753915034714515
0.847646926450915
0.871605930493898
0.876549988269617
0.756247728738751
0.73387242366268
0.834540189005198
0.92523922444023
0.869269463255507
0.766327907473664
0.855505112947456
0.888896563397291
0.730876805752079
0.814557590896296
0.713824986236102
0.911486408663069
0.85745365120174
0.971310341439172
0.708613604730356
0.866952008983253
0.801307417381684
0.885497803837003
0.701211802457413
0.922908265423588
0.889792306360972
0.760318729124865
1.12778251935629
0.802140083316034
0.926825159522707
0.971270736126185
0.917184883598792
0.885944771847137
0.867133044245738
0.90818694624926
0.853100347310344
0.88573069926757
0.905747668649855
0.933879413095063
0.806142130037901
0.726918626764925
0.947016370216984
0.757968927744014
1.08258698657492
0.983813826378741
0.839598517879995
0.824445064005563
0.900594254306401
1.0409018863039
0.858473254482236
0.865612706049402
0.940447993299314
0.798214390055629
0.788973927357487
0.969393010824558
0.760300675692055
0.96048677215866
0.943947017220707
1.01426306561757
0.948752978691654
0.963049422635904
0.966582240066185
0.946188484670644
0.837268766635418
0.982837986277465
0.827649221845963
0.982428936224511
0.830633630036296
1.0253955192172
1.10711912967672
1.01864618339405
0.861023616490132
0.76539266745994
0.916876473607258
1.0064406648245
0.987015182440236
1.05802989749238
1.03720278944985
0.948152721103993
1.02066987091259
0.849655008757673
1.03710149928097
1.13064008186164
0.992832384952506
0.999486480461034
1.00521256145879
1.08713190662237
1.10061214098787
1.00840054044771
0.996180748154047
1.09020685007858
0.92167046609581
1.05761995628358
