-0.892450352706722
-1.09291772946592
-0.984060605740782
-0.921815468745855
-0.946580952206919
-1.01800644462318
-0.980366491841353
-1.07023138566637
-0.981525485217439
-0.885250793305485
-1.04228960915293
-1.13725930338638
-1.00559167302977
-0.946438964393391
-0.940854840600447
-0.931047117532019
-0.921062349482263
-1.06600412715413
-0.977444407868381
-0.72365060310235
-1.07913043126587
-0.998826007533441
-0.862444051886573
-0.873716254289309
-1.01263490566504
-1.00677958145626
-0.889183654712913
-0.789748676548097
-0.967041398010467
-0.986403907039978
-0.836370405143206
-0.844171505496501
-0.955757063660321
-0.951562299605311
-0.980964979203117
-1.10599944937729
-0.801679500740339
-1.00679246670895
-0.784451192996411
-0.882759748836909
-0.931379889594339
-0.919493571939374
-0.959804459956288
-0.861847786101685
-1.014923507784
-0.941078031394116
-0.828287012622438
-0.908570187762846
-1.07199328966824
-0.959646700908345
-0.910910710707287
-0.920050469872609
-0.845076426304088
-0.92897613579779
-0.760833204182477
-0.840803026181802
-0.818445109343399
-0.87130323475496
-0.913561482447333
-0.841865102522995
-0.8712603759952
-0.882604250472425
-0.867868269590212
-0.90216741039755
-0.782656728831622
-0.945797491459041
-0.86102930545235
-0.907125209472653
-0.785555262380447
-0.782069348133109
-0.770757009405965
-0.752438465481125
-0.677401178002134
-0.911541980728771
-0.850535248246619
-0.825444055977389
-0.853345525988037
-0.70864376853431
-0.949537581902818
-0.740537183365715
-0.87909950912679
-0.837001571086939
-0.83377245751327
-0.770025919349502
-0.865901510430412
-0.778010161654905
-0.943249929257977
-0.850747699820517
-0.733281340057752
-0.632183818169616
-0.853015585122724
-0.707371163660258
-0.718731792207875
-0.88331735026374
-0.797998744647451
-0.97125980048189
-0.695574558611697
-0.795990000350157
-0.738329170066735
-0.760800436722895
-0.701667018224284
-0.851148755096955
-0.705766571240833
-0.89379289383444
-0.792029904287781
-0.721912424296607
-0.67925918035257
-0.641036810850958
-0.854404483242956
-0.906489430597625
-0.642662983000332
-0.810118399797934
-0.668821040215686
-0.74432185422699
-0.82004398660214
-0.796687421204822
-0.745319328691891
-0.747797844698312
-0.607727174188842
-0.620351476159329
-0.600378015685406
-0.679836619670443
-0.762223965874997
-0.726023357754337
-0.838375794491191
-0.78549205481638
-0.552313704610368
-0.720505403539637
-0.738954957010717
-0.641321279723429
-0.734790897152625
-0.844924328848866
-0.545414180327896
-0.864624629522013
-0.700903064755588
-0.715741325705676
-0.766790681869971
-0.655148316653184
-0.794163653875113
-0.81963567704259
-0.786878231458134
-0.72823400996613
-0.758332641694444
-0.750368889131586
-0.759721291014049
-0.737357527884932
-0.714144090574409
-0.706669998601646
-0.786421666075902
-0.712568270775078
-0.571491336675677
-0.736875282780609
-0.639532859598426
-0.622395355036167
-0.602676107539104
-0.520750903598002
-0.659994662787138
-0.63773895463277
-0.563449910933571
-0.615057911917667
-0.733074451556307
-0.663178998003381
-0.716323152688848
-0.795619932050781
-0.673667395269868
-0.500342985494921
-0.74333653539885
-0.688613499459261
-0.730587416096711
-0.753145949599381
-0.674143731690617
-0.712563158404722
-0.727734513337402
-0.706928902281674
-0.689957759310101
-0.713999932457788
-0.695160695246931
-0.65132411603209
-0.748688121459543
-0.762028205466798
-0.442834690211875
-0.524646263556779
-0.532142545779343
-0.544730197306104
-0.722291300657903
-0.596824321847826
-0.497108733137737
-0.541878664160396
-0.647242750762877
-0.771172673649178
-0.657664484582362
-0.653463272721509
-0.627077196288727
-0.556399378764921
-0.603221063353233
-0.804450616770005
-0.512843813582367
-0.664303141522304
-0.593603488304351
-0.664555668047931
-0.655100617309875
-0.731718092316146
-0.59591326587076
-0.676317927455486
-0.714118271017563
-0.636439964732717
-0.572538673456386
-0.514763402290251
-0.704178321318614
-0.481805440175813
-0.607524342499482
-0.435831823969884
-0.515841535939427
-0.689905636838076
-0.525949676792013
-0.530632795264096
-0.517314234720657
-0.602528916948861
-0.637311121901673
-0.512254028954779
-0.707308186141527
-0.491080720789176
-0.584776118645073
-0.569977621035253
-0.627872016071184
-0.503873885772482
-0.510559200187617
-0.562910672583399
-0.509605144955719
-0.642603826963429
-0.475828632760856
-0.594038450150209
-0.682939400516064
-0.57112486018651
-0.512586114706504
-0.528100403196838
-0.532468379784011
-0.529658851832778
-0.560098222603819
-0.48512848084267
-0.453894519675122
-0.568905980836367
-0.620274804847641
-0.634099850167617
-0.710773507480537
-0.525058273870266
-0.456304801366696
-0.4999041053404
-0.478854264832524
-0.46570543228927
-0.377733371263154
-0.514499919330852
-0.477539859809984
-0.589842435128156
-0.390670288725369
-0.540709568338455
-0.561969070349588
-0.567245771726746
-0.478833903128372
-0.501331247247935
-0.501862234746361
-0.373250132245159
-0.443501870230583
-0.574246595318445
-0.379324219640009
-0.372922254094179
-0.378875728523335
-0.415967778513835
-0.535025113571713
-0.508702515968671
-0.522069067221023
-0.357212907633182
-0.3636346878702
-0.398705272521135
-0.5403629125994
-0.246847069971212
-0.466074191312041
-0.441141569636295
-0.414889253837256
-0.473861515159934
-0.37685147153928
-0.4647722723693
-0.377179908724104
-0.397554633313719
-0.340005804993337
-0.390836293678405
-0.392004194364947
-0.281957048976463
-0.539612986878974
-0.278910135042236
-0.414468452299436
-0.374578195428258
-0.38941442123915
-0.43931606748962
-0.305459283013486
-0.312043190159501
-0.412142424067677
-0.368587402623371
-0.357751176328785
-0.397035284867508
-0.155560685410405
-0.321024467073689
-0.455756812821147
-0.273280979678008
-0.279592827168458
-0.32690847929261
-0.417319551659092
-0.44068745804728
-0.371643821975292
-0.423212709126935
-0.474581618609241
-0.414234291410825
-0.370297704894446
-0.430448295096443
-0.403718528952477
-0.282404099266266
-0.332916510404899
-0.36758793151234
-0.28780345330155
-0.300161775196983
-0.393999650067381
-0.475614454490431
-0.454151925715383
-0.271465079969723
-0.220323304177872
-0.366746150133438
-0.289044938860064
-0.253349623084662
-0.351839641764913
-0.325470953025343
-0.33036899312488
-0.315608427876872
-0.254274873881423
-0.377026799790051
-0.376359347329816
-0.196078658508418
-0.27965490403363
-0.349795058099642
-0.33034552060518
-0.397186952518011
-0.388690235755913
-0.349215573036124
-0.231846360733336
-0.363659698638419
-0.336285548579675
-0.28136697134553
-0.220959411430734
-0.232394422806957
-0.342130034176823
-0.24244583194195
-0.271640206641239
-0.211101933430511
-0.289947151737238
-0.211754576064033
-0.230656485368657
-0.283696854564934
-0.397697606642056
-0.185673079272859
-0.331904548819219
-0.32340468904295
-0.189499331989409
-0.349017774059993
-0.246892866864427
-0.399020892869137
-0.332766425687282
-0.218406923812111
-0.312325581454252
-0.364639633208226
-0.281227762758913
-0.105421572250656
-0.210820319981007
-0.307228630983811
-0.102298837191166
-0.141680199390816
-0.322715707926085
-0.328317234328261
-0.17668188219243
-0.333999955086853
-0.285389743555336
-0.271902576423865
-0.359297151951517
-0.265462337794762
-0.278472443362313
-0.336871787509413
-0.172185247692393
-0.36347044293055
-0.192041859196635
-0.462510402404938
-0.261388348022005
-0.276366494567311
-0.241561558659875
-0.214762006793092
-0.128733387626015
-0.263526704556901
-0.291802647375904
-0.191884755641155
-0.193206549210039
-0.233512282425992
-0.142056554132645
-0.215633654014734
-0.222257285091214
-0.0366744780392565
-0.306152659369527
-0.196388194460075
-0.17225247735205
-0.22927302782008
-0.0765407916951757
-0.197556046544221
-0.276256802766027
-0.193165716892992
-0.203330693795288
-0.361592898851316
-0.210365458477325
-0.223368607446689
-0.246573683171819
-0.136597429216595
-0.218424137515573
-0.156717362253074
-0.127315671947389
-0.202334581832746
-0.162071173365952
-0.12113063033295
-0.16862073367684
-0.239077964303382
-0.223843750085021
-0.142886053101666
-0.0729169697295416
-0.0399334562836238
-0.0970584092423615
-0.244410806526749
-0.262759044628498
-0.0635870404380486
-0.185199485838674
-0.241194101382595
-0.119417509993575
0.011679001770351
-0.289915216584776
-0.191550937908881
-0.157897793310754
-0.180033785648146
-0.18592805382882
-0.32877239887332
0.0477751580653157
-0.0704257655522123
-0.104721016100566
-0.0635892016090367
-0.1729061445587
-0.176028013309568
-0.237285655805064
-0.0347577730574695
0.0343532793776868
-0.0372580939319747
-0.145249512190977
-0.210990647072911
-0.0363685336830828
-0.0813800488359347
-0.0399300428720178
-0.0819981392667407
-0.23873985339539
-0.137685458646942
-0.115088845757801
-0.156796387613818
-0.00730910980668481
-0.137693366643819
-0.113324132454629
-0.118305133271398
-0.0334943044145818
-0.0166096302595505
-0.150638566980846
-0.0916866839659473
-0.0189152043877156
-0.144841225785028
-0.0141768096232498
0.0463377163189483
-0.0842491049460775
-0.0917981816329539
-0.00798519757282219
-0.0634975860172148
-0.206670911546416
0.0101884618785833
-0.0548438341098009
-0.0958886955430945
0.127652034364292
0.00834521110510472
-0.119672741349346
-0.0124692301034663
0.110271689431485
-0.184504599674402
-0.0113241584677063
-0.0739583275435789
-0.0772728014448828
0.0579115869127598
-0.140804786433913
-0.160492628039587
0.0148461931482305
-0.135161286670626
-0.0477882311515747
-0.0366140189242512
-0.160506369531895
-0.0895126533485452
-0.0606504799163322
-0.0846622595743453
-0.00646525527271681
0.066081164574532
0.0218161823872879
-0.0371896454307718
0.0893304072812399
-0.0982461690263435
-0.0742473690568443
-0.0122678857330813
0.0838306373872992
0.00283788957819388
-0.0734587050002085
-0.0161605337770534
0.0937915508147781
0.124848639291824
0.0555456097266297
0.126962147681464
-0.0157530648358423
0.011786992624219
-0.0481946247935469
0.0664295432853897
-0.00869254367038994
-0.0735088178895733
0.269677397078596
0.169631171815647
0.111705850763239
-0.0166953396442023
0.0334149026753242
0.171808941270637
0.0610669719507468
0.00978723580666918
-0.0215038323412908
0.0725099946494722
0.242809662516593
0.184846689522398
0.0130163209751586
0.0851184143125396
0.0610968931946358
0.136944055739388
0.0736517563767375
0.0348085627986212
0.194940444561999
-0.0101280381754466
-0.020874212891844
0.0970454889292001
0.0933395762060668
-0.12133089108591
0.0127644568133106
0.208986032862336
0.114688110176602
0.170913218491008
0.0878765411940796
0.220373690230352
0.217879956915824
0.148191680107056
0.072559548104315
0.0206936759757241
0.14744756920645
0.047275357084186
0.105622226345059
0.143382238623136
0.129911718222062
0.116433089017176
0.152941246495996
0.0418758502193028
0.062056186366674
0.224547462214143
0.250805697151102
0.213005597340037
0.138501200134156
0.138564089616134
0.232734117916831
0.32228102082661
0.258444488695103
0.285671426154057
0.16366327544425
0.158896906286615
0.134862288984603
0.181239975164242
0.112416079854296
0.173224716442665
0.119459734394616
0.158055552566242
0.109982369533431
0.209578504132726
0.0736729321982371
0.253889766253073
0.0169675384453595
0.355164849891645
0.0890305829039359
0.265840021410006
0.149777168660211
0.232378070847663
0.239271758820003
0.145427104965298
0.176944264938756
0.303034936775314
0.255065574003841
0.0977127710176752
0.251598394923506
0.147353930475022
0.238166576891871
0.30802792829917
0.275643808398284
0.3058482726597
0.267519287529528
0.133798784830376
0.244382027792443
0.296548132148994
0.217651492562464
0.436230764557921
0.187003304141943
0.178026339887136
0.18545636130846
0.231364442550327
0.109985795283677
0.360298286177228
0.246441439658267
0.269376077215382
0.182828847757843
0.306018061104518
0.258369488107895
0.136873249566894
0.172191293106178
0.365293100356876
0.203814435697927
0.211583261977711
0.167725969571039
0.357239161279385
0.391892808462742
0.331667268213626
0.380299570634619
0.263401612622063
0.20998880996689
0.28927612547423
0.454176395584777
0.183331817482191
0.22794141452376
0.235249934800628
0.229832760374051
0.15364490171203
0.221683659046712
0.252926874091523
0.272119993291295
0.359053065844126
0.204953176851802
0.269993869729726
0.283221237525
0.25324939629043
0.377663880814143
0.44305520330854
0.248967915600071
0.421451540292832
0.268149948051523
0.413684995294741
0.258165168015744
0.386343789022192
0.326492577949767
0.343065765643776
0.111877286345485
0.454765719051096
0.337710512317441
0.352040975927699
0.340051734156152
0.223733658524789
0.260077499871504
0.299182580660276
0.317053765676748
0.375956672334432
0.184258943192714
0.314229780759824
0.250518236007219
0.343012494091721
0.299795907165961
0.232702019700892
0.336038114148712
0.472341123453763
0.30893594022256
0.36927021597501
0.320161971314677
0.300969156104005
0.381975465730009
0.441312240545141
0.488014639921634
0.25707772470641
0.416986882614378
0.47260502025965
0.365349917985561
0.401144664036766
0.420381627008782
0.45551572275669
0.356285426086795
0.455847602151939
0.501514881741915
0.471778196198421
0.318671570769995
0.449851748063887
0.524394708975847
0.422540233269997
0.374636096316081
0.375501299204712
0.471246046313007
0.652183154727352
0.459271920041631
0.477047369938638
0.351791993013242
0.210783237958009
0.354434069691062
0.362101320601918
0.506853581487008
0.345233365607162
0.443763508656263
0.260435361187757
0.422174244963908
0.412751622117257
0.395347638199824
0.537864195550123
0.452080909759067
0.652542722612903
0.548671801189943
0.496383929740008
0.601150624248176
0.609599877517574
0.427916469642515
0.608186031531275
0.420877299555516
0.42461294622112
0.475737658325939
0.359116638091727
0.436652176094213
0.548445095019496
0.67003725789077
0.720027818107484
0.372294312984504
0.478666146869487
0.399928608611464
0.595966290182465
0.461738178658308
0.491941703827198
0.430950009598083
0.327566418726696
0.440660298834351
0.430211153651655
0.502639460359783
0.55237292557305
0.534884860403286
0.500038698094026
0.439989223752878
0.630222110083743
0.458385707623578
0.435363613828794
0.41500832894466
0.526714208918298
0.436896436374164
0.358102115869398
0.562769416845466
0.524604948961048
0.493629899967739
0.581723185330462
0.519321583584578
0.459661456194258
0.414730004224198
0.516037343917258
0.677820113388526
0.612965187236571
0.470676758734293
0.397602460671771
0.595771101644114
0.51373756397936
0.619645150567354
0.582071444388036
0.497814101647014
0.597415964268503
0.610132699114839
0.555481772947784
0.514158603254209
0.660760904097342
0.484876873023738
0.468187338657064
0.594680702574794
0.649556005340659
0.485873127334936
0.574362856555267
0.576903327686951
0.334406662853628
0.661481169313532
0.48394562362021
0.341988408941655
0.769274456072385
0.647756316055084
0.593425807311249
0.526551181847106
0.481467713873064
0.640393166337702
0.546229301688351
0.65281458360498
0.630916042817035
0.633434375818456
0.612866684087365
0.707711132666789
0.628040538547421
0.607787032713859
0.635414049835484
0.587312814769947
0.679196341543517
0.759746214284751
0.561980760377572
0.482114595457891
0.504549373525929
0.740900848933335
0.673977636083646
0.724699982931936
0.495155942229652
0.63869847859651
0.53951934099388
0.63069302605202
0.540708622479999
0.603394586522455
0.644556655578797
0.724086922891844
0.618645391770084
0.734308161155477
0.635109441925859
0.61156547788162
0.589481663134903
0.541488716531198
0.696130443193023
0.85135995941555
0.688266423725967
0.755505435349988
0.616195415167799
0.746994488900539
0.769535190858057
0.552555395921644
0.693080890906147
0.62354542281801
0.632408645410022
0.640925454959295
0.754515590533803
0.625526649043406
0.648450073300694
0.650942370313539
0.537517509046356
0.62899501543167
0.741513508342667
0.547894051481029
0.824931247209904
0.650079874079252
0.716016215869718
0.58534852789276
0.774063582206799
0.668443097139097
0.718424758663932
0.80726991694569
0.689306118218897
0.792172125204004
0.700188612940496
0.70157608994809
0.772654441654759
0.814022266372875
0.873398692683478
0.614689238951565
0.679721226916655
0.812647648050226
0.853245376464952
0.724935279591519
0.647720378422294
0.656277552947638
0.739940981765163
0.725910867062205
0.648879089643235
0.679282463156306
0.718927219841718
0.807500913547543
0.699709891270671
0.728196863043022
0.829770101892973
0.894482324241093
0.754265466051116
0.755079366051486
0.688557013127738
0.708468519384282
0.627359662887288
0.753649400884913
0.598087352463983
0.776570666337895
0.64720755107506
0.885304131672235
0.913242648430282
0.786498706208553
0.882174847251893
0.757545471993429
0.845714095427127
0.76751209958352
0.699703666759084
0.698919632493854
0.71443956003836
0.72491269218833
0.686236603214674
0.675443792212817
0.659222462045205
0.786622563018628
0.684230159057964
0.790065674300049
0.731542237536306
0.751740695455938
0.728146525041628
0.749446004532024
0.824043078468298
0.880924167046439
0.812224967972496
0.795926964683365
0.726156987752674
0.854536398593597
0.89724234593962
0.984730059271367
0.804880202763849
0.805848101676498
0.88586530670795
0.761110059605494
0.926585118768101
0.806054638853588
0.826201038825351
0.885045938697247
0.958146714521887
1.01783972355207
0.84662669858047
0.821466095919464
0.799354716448395
0.742403381736692
0.771432006985553
0.920957507498198
0.928745371754468
0.902889782437953
0.970264067232143
0.779913969206789
0.923259232359276
0.901937686081465
0.734379292003649
0.780195715718916
0.895537527065368
0.816398609366092
0.893105097445502
0.973054212306445
0.875940672756858
0.936364944427211
0.874474957798758
0.90272392383554
0.896421098316951
0.951383325159225
0.882210624799528
0.991651510809353
0.85894101608002
0.884495082086083
0.979951492693729
0.781705802952946
0.953190268262514
0.907141191175267
0.73114878268376
0.736410997777365
0.916843803528349
0.833025513333403
0.900539335796501
0.815088402464192
0.920128963749861
0.910294096749871
0.998027198235332
0.909182468073471
0.963356112632958
0.913082183620141
0.810726584494532
1.06165754625747
0.968969619336911
0.933533389279372
1.07975099948287
0.873169057860018
0.892239816651683
0.978918191016028
1.00222446199986
1.00201749705368
0.846320528160363
0.97710672895751
1.01433916567358
1.05829099141335
1.02937068857856
1.16989297044713
1.07754310759408
0.948675435511363
1.06504091540332
0.89112505267477
0.965034568495333
0.988152408042714
1.07723123349936
0.954807125858658
1.18831396978467
0.937295971768503
0.987768152710287
1.03795149036297
1.09361526167704
