-1.08780604756274
-1.04405987371008
-0.821232844425947
-0.912957228281382
-1.23502478521414
-1.00967358390786
-1.05398700455336
-1.11889497108646
-1.16765235437523
-1.03485246995072
-1.15147465108888
-0.902901815654776
-1.00070480311292
-0.88828369264844
-1.00865228656599
-1.04139885894814
-1.0619807875011
-1.08991482838605
-0.934031156293833
-1.02003823908215
-1.11149943857693
-0.943698048543649
-0.822763179811354
-0.91970414790086
-0.905338282472872
-0.97861392646747
-0.902307126184144
-0.933997111456381
-0.954288990169906
-0.837647769609205
-0.842763095233428
-1.10987960220346
-0.843634895402432
-0.814090697195027
-0.867666111413077
-1.01950445744267
-0.784005873828237
-1.08000148217792
-0.922037659257065
-0.755549606118546
-0.821904147846953
-0.807076509721107
-0.904350653823539
-0.797878820896054
-0.807208559823535
-0.975796174232833
-0.788829629431004
-0.891693659938266
-0.882251359436738
-0.869575243577018
-0.908459504813384
-0.930479618882857
-0.926880629344819
-0.931033241863165
-0.880681726035568
-0.939441996871134
-0.920670840846456
-0.880331157848693
-0.916427756915251
-1.00314770537535
-0.990007855607918
-0.84522556107516
-0.828949973984494
-0.888077478612397
-0.87973009721508
-0.784723876568096
-0.82340953778057
-0.861076443802251
-0.817921465675406
-0.869856879795533
-0.87412017053977
-0.946803375858227
-0.712957614159102
-0.767625006087791
-0.852877968827788
-0.838040268511005
-0.759115431802222
-0.945306672286131
-0.824478389945193
-0.811542341069212
-0.865398054547576
-0.914642400761799
-0.818169660394215
-0.855126682314434
-0.814398776092568
-0.797628010734005
-0.763511121344517
-0.969940132614975
-0.936402228051876
-0.896513112095605
-0.79150611769548
-0.866584866253172
-0.887670189646712
-0.784256915642013
-0.904828869517132
-0.896350524976874
-0.795790074283376
-0.943568239136552
-0.762992359734094
-0.765783435778829
-0.682446459675028
-0.947395857164288
-0.570494735752143
-0.802072536840652
-0.819136559812591
-0.769242752638996
-0.627124955773034
-0.755326792537985
-0.695103372113394
-0.572814108349598
-0.82602729959696
-0.683083375622793
-0.736658556260621
-0.743807824925596
-0.838002901990517
-0.690999418578795
-0.779702204725673
-0.722861841681447
-0.801455484765075
-0.665695319961106
-0.712510232905791
-0.740404332220352
-0.749732929501128
-0.842357418426971
-0.566817406398062
-0.852783173220487
-0.804926800733005
-0.715330386279487
-0.74252621391695
-0.88007131223723
-0.76206955606638
-0.721650646977572
-0.755889323480043
-0.624764965074039
-0.647230134014297
-0.594117734592943
-0.763866627213438
-0.704723549933859
-0.613003067479858
-0.662610930116269
-0.682345544010138
-0.610286318523622
-0.812851603031898
-0.730073297692117
-0.813356260721044
-0.657112014436333
-0.53448732220339
-0.616382412230546
-0.692863885849369
-0.664767128103678
-0.626290696394822
-0.700091380231446
-0.697032228775651
-0.688263862444014
-0.659881443124873
-0.714887453476361
-0.756576712478774
-0.711571072349715
-0.679011920170473
-0.76709255649761
-0.684183487889574
-0.839418696410423
-0.738093068716667
-0.680818270392463
-0.633168671303985
-0.592937094490441
-0.535685103271445
-0.666676059082099
-0.624740415474937
-0.707482226197517
-0.733910296758087
-0.765102365237177
-0.65968922448296
-0.783734217399904
-0.743041838022638
-0.51394489108564
-0.647371787795716
-0.663245051989659
-0.703101469255538
-0.695572558294499
-0.629063803262329
-0.717330556247662
-0.687902119613234
-0.62962078565504
-0.534959959367673
-0.591213225315097
-0.706779968395879
-0.689411041497147
-0.55907159623802
-0.728172700735571
-0.757339301314645
-0.586852740368441
-0.587078059004282
-0.587195860453114
-0.672508958274543
-0.619693440519955
-0.653038098872732
-0.290822190657792
-0.648621216654178
-0.673211382845181
-0.523066448014726
-0.567883205692273
-0.641545838946391
-0.509041220752138
-0.690532217805042
-0.621533398562117
-0.763192792733582
-0.665819819970818
-0.593325457094405
-0.515393320011397
-0.630970167023078
-0.528216851815698
-0.414256370426238
-0.523350693030673
-0.504478689272046
-0.542986258568208
-0.710286534997067
-0.634331660663559
-0.501294950872071
-0.609901330385472
-0.51564579958129
-0.526763989767106
-0.594084644091128
-0.476480039484865
-0.616898098061601
-0.634122628404553
-0.597209094864387
-0.494051248313
-0.493856941777097
-0.610851398842708
-0.524386380647502
-0.50218248980528
-0.538979397831704
-0.570548006771147
-0.579714586153042
-0.433591621788047
-0.44417733045229
-0.561882368402261
-0.538363911979607
-0.627990660711101
-0.469395527765974
-0.39742204018202
-0.559411376018982
-0.32989823099393
-0.555814919271409
-0.580812299939624
-0.53261260659133
-0.56697891790621
-0.317362337520556
-0.558416386980392
-0.454774943498879
-0.491690769370384
-0.520034418220067
-0.489522479236732
-0.368585330149804
-0.449402528820363
-0.483383447051129
-0.379707450211554
-0.567038749282404
-0.435184297329788
-0.468451816096399
-0.429845877719688
-0.554333795063485
-0.405711524898841
-0.516727415734791
-0.556759472910146
-0.509188077907062
-0.49269682492866
-0.485438312155763
-0.585487828178269
-0.524792632973827
-0.482942514561303
-0.447955178967446
-0.450601890755411
-0.479809492834017
-0.660741092735309
-0.586921868848865
-0.219737411108358
-0.539368608487469
-0.365553463058087
-0.433656741805437
-0.49632477980712
-0.458964445118748
-0.367247402671572
-0.377634412158978
-0.401659203737743
-0.511053156457093
-0.471757808631703
-0.390398214625543
-0.365561603673692
-0.445182198034121
-0.306951890158828
-0.401375836881892
-0.503991614120236
-0.450177300189187
-0.493148167189118
-0.473909838248165
-0.270971942891147
-0.410424167478722
-0.403327735031453
-0.425104539986643
-0.396823735606964
-0.419191115060715
-0.385745945536553
-0.491767153781583
-0.535049935465361
-0.499023402474337
-0.36682334882426
-0.388463036271952
-0.384789048588599
-0.423337693542361
-0.274585084217691
-0.437064708093024
-0.300475614132684
-0.26370864855632
-0.539013906147033
-0.296030587586691
-0.397134131705398
-0.321875229129547
-0.26814879630237
-0.375107721098954
-0.49961982594364
-0.305325254937578
-0.341313741260091
-0.199985547476662
-0.265405544339901
-0.357802225043159
-0.367377248534332
-0.406772423740303
-0.582020644232428
-0.207656511700327
-0.248487233848721
-0.16614137813487
-0.270837883729517
-0.387440783171355
-0.380952804177934
-0.183822701805615
-0.445650990294147
-0.306594462982845
-0.289621201728773
-0.370258701480657
-0.402173274214078
-0.314536329940885
-0.393252893474736
-0.20536179309333
-0.292887878386888
-0.210196121452334
-0.336867151949355
-0.33439811515938
-0.227382338925604
-0.280956408811107
-0.302527472514455
-0.31845515355594
-0.42986644213026
-0.267640935590064
-0.109616157156256
-0.107641124088842
-0.125898027634203
-0.203190445238035
-0.466589410256276
-0.204829840297372
-0.438206514140358
-0.289133642006947
-0.314829540067555
-0.226092694819863
-0.28194967789514
-0.296960604688507
-0.433856026401808
-0.228498694649536
-0.326056185751972
-0.235932312867979
-0.416430017103709
-0.25530950465832
-0.225175286142454
-0.289869809573404
-0.266904541431757
-0.414450386524484
-0.129519345704924
-0.118438215854599
-0.244923200603521
-0.168820879151013
-0.148475807947242
-0.402193910451655
-0.308131901737488
-0.317137596546978
-0.240070922671323
-0.18040348982532
-0.26988145039629
-0.226454202315232
-0.206769036144539
-0.307882517593894
-0.0483041936635453
-0.261757205847827
-0.15764697885209
-0.217058558593182
-0.109870416242172
0.0324674553499777
-0.322170712142225
-0.20525163033689
-0.177349010074541
-0.240989447494837
-0.203625512738322
-0.0686773342218874
-0.15953617141748
-0.342730591537302
-0.193074484843473
-0.23222453104517
-0.133056073870916
-0.272804966675988
-0.217193790125662
-0.260273490894138
-0.115727071741546
-0.130386381265621
-0.164445028566409
-0.182807100950959
-0.144439182582447
-0.0925986620561442
-0.15532965579529
-0.228368044435313
-0.0985109901164215
-0.274484015114307
-0.20073161948843
-0.140734221143956
-0.0688081976210138
-0.152900834728917
-0.311051427274261
-0.0823999272617785
-0.127528324045675
-0.158202217321205
-0.0125601945326213
-0.0351718819223653
-0.186728001493848
-0.164474730038246
-0.190774490179924
-0.121542673920561
-0.274904156902882
-0.21323012445528
-0.147672764591645
-0.0969576633052807
-0.183990857318478
0.00279773021487245
-0.154033145535199
-0.0677253997218159
-0.143176587764305
-0.151566111081857
-0.0436911543914276
-0.155583182712515
0.0396886147943861
-0.0338108356787019
-0.171878936542011
-0.201053680214184
-0.0597751879859077
0.0117925670696088
-0.0820780338022949
-0.0158735777279336
-0.113838758517203
-0.0619870236849173
-0.0424952802304673
-0.0350654033220823
-0.140235480940088
-0.0435977248927892
-0.179142946474947
-0.0261273183814203
-0.0971984642775689
-0.0901047054498945
-0.054870842047162
-0.0963093569677287
-0.152859782799941
-0.132288757915239
-0.0648745002380743
0.0186448326069026
0.0107254638352131
-0.0129469210589831
-0.0621517342996186
0.0411202167845714
-0.0402535984810325
-0.143114402738781
0.000844413461948168
-0.0593116040243973
-0.0381951690876328
-0.0738454132470361
-0.0365010757463167
0.0420454304925235
-0.069304539196916
-0.0750177661872473
0.0398270587479267
-0.0770474241348142
0.091054345266271
0.00566935917698397
0.000655908375267214
-0.15161753930123
-0.0789933145343314
0.0490318338105052
-0.0996054130179465
0.03456758856955
0.132118134772121
-0.0855748328334347
-0.215807123348826
-0.1198747467448
-0.00845521017338121
0.042316996849077
0.0609017075659909
0.0880463956526017
0.10117321978383
-0.012411561020657
0.0470419473550367
-0.0463306675419057
0.0016811706471425
0.120891450925065
-0.0411039183324287
-0.0395298987734149
0.0511544824098668
0.0526977678807527
0.0267382041441905
0.0942204972185959
0.0357667769637044
-0.123007716031651
-0.00181122203313787
-0.0407384942327048
0.0551835210143005
0.0210091438048487
0.11155650366181
0.00121462897791705
-0.0864694055963702
0.0117695503471187
0.0194746064644745
0.021292136861169
0.0519760282475673
0.0953877840140861
0.0253668205161407
0.133068552445276
-0.0640154117055467
0.0283639053694881
0.118158112777429
0.159527338881786
0.0797803069325999
0.162353810342902
-0.0445166239326778
0.105357242948664
-4.82941534701028e-05
0.105038515431087
0.0572393503863454
0.0170675467015493
0.0700464440063222
-0.0524922022079559
0.0453544154648458
-0.0055053643959624
0.210174878773746
-0.00311125721883439
0.00277112879314709
-0.00502338275423347
0.0328620509176394
0.183604088162137
0.162681136206472
0.106088275509183
0.0605684134772851
0.21185995333611
0.114233207721811
0.13761381120519
0.132746228988752
0.125632533365333
0.149069284240428
0.169589359668045
0.184569138361128
0.165465298506697
0.314962926800316
0.0918237266860233
0.119126786903414
-0.0745786422781371
0.0377265190612451
0.242926823200055
0.136262560838637
0.290842091176356
0.171603149121108
0.0290560167887596
0.175392251701684
0.127549816472592
0.150346844354316
0.244887006803032
0.203881568005501
0.0505894737321861
0.0741685401159982
0.131753150941892
0.298966577488397
0.066728116574822
0.116150144099233
0.133116911105206
0.244342072393626
0.214827774641827
0.277440210540519
0.071347376692712
0.351187703004977
0.287631832327692
0.127280853004779
0.152803403145117
0.235363444387249
0.192067459292198
0.0800660520709475
0.209049710453845
0.120113956369265
0.220901544602972
0.126057946613355
0.209007506206998
0.0848663000294982
0.322825856808064
0.324748071597042
0.214720928258869
0.304203223008268
0.351073779369089
0.146489363626828
0.284743219217969
0.202349665870809
0.284071020284249
0.359356592557913
0.204919056106136
0.174110600845145
0.107649030224301
0.302221124553289
0.218619119525881
0.240337069491574
0.210303316748211
0.204272719081151
0.246336973105159
0.13180461502306
0.120800903203888
0.286933360999098
0.265176786127573
0.300770283547394
0.404371247513448
0.298317048233557
0.314359690485692
0.257736344391041
0.277086482824689
0.244544473939326
0.296100648553838
0.298167392532544
0.350668536189394
0.315669601906086
0.389200098162294
0.172101492822924
0.35055759116952
0.34010798462362
0.271837048657458
0.342892401517676
0.23070465276891
0.288783364647524
0.342261194460179
0.297317186872614
0.366044847757899
0.251043361546847
0.281964960045854
0.319362522992101
0.357639707001414
0.381125242414484
0.282606576328555
0.262418280119702
0.334748600124812
0.321622650783612
0.263287546718206
0.299659549980805
0.338368674823752
0.21313454390745
0.329617989373248
0.342450269618578
0.366284038380648
0.46855604033034
0.351281894188777
0.381208643728063
0.321547232076701
0.272331764386736
0.24496878598472
0.413982076892511
0.304302067798263
0.225319450110566
0.366210582969913
0.388487881363106
0.268538204826329
0.391424144028433
0.39511887157729
0.339887632295016
0.256616249893136
0.391130890447998
0.431934678065309
0.339542976714164
0.215381778610862
0.295129449110704
0.312778656528972
0.335878592234688
0.492672751726401
0.502300354919778
0.269600695083544
0.352021225654072
0.187457213380627
0.507570269995284
0.374343652866496
0.303293670938145
0.367827903583632
0.418725103845446
0.350590106572822
0.521403660695343
0.296675445610921
0.517764174859872
0.438958418198816
0.359860153196935
0.489873939397261
0.503718078589528
0.219059118643494
0.381028410569232
0.428698934793325
0.448592112504699
0.447249716760339
0.621264482826447
0.360751630320281
0.43763958329694
0.427620515980746
0.379729993022402
0.46806929610583
0.425906049458135
0.374198688162845
0.388911758046316
0.237640842241893
0.491964104749342
0.414309446798275
0.424344444685331
0.406804227253707
0.408618213475387
0.550170354169805
0.331389826924771
0.312155844312822
0.363924980614373
0.317760207619138
0.444577663666478
0.383460634172431
0.261311954862222
0.462488532828693
0.509244354412559
0.411560292456238
0.527788354696889
0.533558831532397
0.541835949470244
0.490789021500476
0.45718243342457
0.644484695311896
0.376693213536866
0.569123826178935
0.569999588530787
0.450442224214608
0.47297070038023
0.453103209780213
0.550678296127654
0.49937925043444
0.594235099153425
0.470061944245135
0.606587283101701
0.544788240051589
0.543209472854586
0.511436831690136
0.610076274207724
0.662556058300814
0.609633505898762
0.473763151696392
0.497487553637325
0.506876151702387
0.434940241069591
0.628590686345384
0.576320938466793
0.711392352009999
0.60869185457053
0.474802517468129
0.49337273592795
0.631690349824853
0.505987645806005
0.391485115666566
0.601760488715204
0.563800115734885
0.607864739639008
0.48168762697154
0.625754236143164
0.70289742003342
0.491929043642305
0.582532819608096
0.421367855886801
0.489512727764865
0.696269117393997
0.673115124758945
0.682258604920603
0.572652330874789
0.686687375274379
0.596068089626008
0.765930727644262
0.581170218219971
0.461125765078182
0.464761547453478
0.552593800654531
0.453551645169152
0.665405186357934
0.554304540857347
0.421420330917826
0.661260127824488
0.4579953767742
0.599615245446415
0.494672083484367
0.591630438444527
0.624567517908912
0.506665643449006
0.760541487915879
0.573457989295124
0.613565905221737
0.748135404283934
0.634308088248884
0.579567018069858
0.619311196527516
0.565967184505776
0.612545878006846
0.536516297630516
0.599322280330774
0.703593652828055
0.527894331112672
0.667135931976044
0.538538584393916
0.677351108463263
0.660069726104004
0.737363082149185
0.700219775621069
0.772825313356477
0.681241435402274
0.658368993785132
0.74106009095582
0.668867772439902
0.74774791549528
0.625141868425809
0.780663717686195
0.650246025084574
0.693326183697178
0.694407164246741
0.700031169074504
0.852272776326114
0.749718693158317
0.702570517033565
0.614186497587265
0.725965212835554
0.58827951110332
0.647656427456025
0.663016766291943
0.667507157576933
0.744895419601994
0.716452884451282
0.542082218465768
0.707370285499212
0.644688271231374
0.723479656287723
0.810698794463561
0.607623481656495
0.789039978194074
0.742380121555971
0.870750441799574
0.681050249432038
0.713051724659162
0.60830040132876
0.751922105540227
0.68749320544315
0.839000890851453
0.643884592389839
0.725771207425113
0.796035206998593
0.794830146455263
0.712224180067313
0.737052991026597
0.819663512559052
0.697013666477947
0.760593885393655
0.744599386023143
0.722350221311268
0.808407493660966
0.714997573156314
0.849732408521152
0.697290900287068
0.789499852940958
0.633026413971299
0.675853301138145
0.685676633963028
0.814270311085412
0.855514048173303
0.849139780469438
0.678881130254042
0.751900102140593
0.717199564001385
0.859223593988325
0.704097760433072
0.799986467420257
0.795525914747831
0.684363188719329
0.753263861344858
0.701829464796237
0.635940998945034
0.926333447251387
0.659401236511465
0.743315995641374
0.824023296187215
0.721418866086505
0.737252674233371
0.725396723104182
0.783993421963285
0.713749704871553
0.924060623141786
0.887059597973032
0.721414396444783
0.90638007729988
0.875071014619483
0.982628804246744
1.01523747521814
0.820037472889712
0.78401232045943
0.765503034932147
0.840020372189485
0.811545373345064
0.86038165293749
0.790310604979145
0.982832590629436
0.788806221881193
0.767940632771269
0.80195786312931
0.939632905379609
0.823221561740631
0.875764869013649
0.834160481414073
0.905940317655484
0.902393129784807
0.844144185847915
0.797902322718586
0.803629074374914
0.803631006513104
0.842428481161088
0.802880874062849
0.820867937017492
0.91473456420256
0.922849503208561
1.0210565007634
0.7863117339602
1.00390745505065
0.724538408408608
0.954093955940732
1.00615334149634
0.915688773387185
0.963161960425671
1.0472508606144
0.870057916822136
0.863802104493807
0.99076050508451
0.894361538253227
0.927062320442428
1.02666064489166
0.993486442354149
0.914307436928532
0.893783610881857
1.09085293906544
0.943370668845754
0.967801094962941
0.958916979732812
0.946153566648357
0.95328340249782
0.940161713362179
0.875334166631412
0.989065205218255
0.854548834098281
0.92414342706064
0.918219802523304
0.930540924394147
0.890777291395596
0.875585839193937
0.772647514610474
0.826921262996808
0.911221146546924
0.981231089357495
0.91512005405322
1.04499293036008
0.980544519768144
1.05451006786107
0.93367781178496
0.960884894695562
1.00995672180666
1.02386192121632
0.997946711652014
0.886241128745607
0.935840831823953
0.944008388627484
0.949476529712912
0.915238150439854
1.05091930939045
1.07205857999946
0.850565288724117
0.922007462945516
0.971123198277458
0.926921990121201
1.04007346485273
0.959126033463876
0.976789220750377
1.12779740073248
0.939886001814986
1.14766896283061
