-1.01583397708648
-0.882599772648739
-0.964917997666013
-0.930961408731267
-1.01200870064076
-1.10893548968096
-0.960972106637417
-0.801699608956706
-0.915337244199391
-0.954818058495847
-0.991318047784401
-1.0540728801571
-0.961399783207535
-1.07203614540287
-1.07420223386113
-0.963999014697577
-0.994255497976716
-1.18878371857141
-0.978057620226466
-0.987824274970002
-0.98276537316721
-0.969624119082491
-0.838734790233054
-0.944318808153281
-0.845478009782728
-0.950894450240965
-0.899499546299562
-1.05786305338177
-0.953233386323951
-0.764957655507399
-0.900971763043773
-0.857754799252037
-1.15852970428369
-0.875808927586157
-1.07584405046097
-1.04134744274887
-0.823075679133482
-1.08692859842084
-0.937382177740834
-0.810164839565331
-0.958452432067483
-0.875641882592039
-0.700659644485274
-0.742667430666548
-1.02476819093599
-0.849172886017546
-0.973177160903955
-0.985550471939149
-1.08601812786797
-0.783257588494079
-1.12749048031665
-0.963404383884752
-0.968822277129897
-0.71653175675504
-0.943191074222286
-0.790456901206645
-1.03807869534761
-1.01167362142191
-0.750196950277657
-0.934311967752947
-0.776665795952921
-0.982878032076954
-0.853597541504403
-0.847577068955982
-0.842338412849501
-0.825068966218317
-0.809129653605802
-0.940725548105084
-0.830321202098023
-0.812676319554839
-0.907945596135409
-0.83124860265438
-0.943489329093838
-0.683754757071191
-0.766840957419462
-0.715166868130943
-0.833040792803073
-0.767057458936007
-0.8318722781404
-0.801851582753388
-0.842871044365308
-0.769993553854836
-0.897950680609093
-0.736650724258731
-0.770450434268236
-0.685935787937492
-0.745053303200733
-1.00266622452742
-0.862666878595512
-1.01512548376882
-0.822083492603567
-0.820488256631473
-0.926373530654117
-0.782876540836818
-0.813954146468871
-0.686917111530554
-0.774408510673301
-0.915164420830788
-0.740516287378454
-0.812525051240859
-0.787887882019569
-0.828677648009349
-0.849626175181429
-0.80028414020825
-0.817133295517605
-0.860376598352415
-0.781414837274073
-0.957192361802912
-0.75907539234237
-0.750343916386889
-0.790163268319461
-0.815013181515091
-0.707569973563512
-0.826351974523048
-0.756989557761958
-0.646210524819743
-0.795565583095056
-0.620958339724087
-0.771280239450729
-0.684117692917397
-0.785349061003589
-0.817229855072016
-0.730881374025579
-0.863355110258484
-0.644073609525972
-0.646783208415259
-0.819140694011381
-0.758999234548109
-0.870075959276655
-0.682250870062925
-0.568648555547119
-0.769158777632064
-0.668063140638657
-0.877285717188056
-0.485849498507647
-0.755427569517074
-0.735467232962673
-0.792715088719252
-0.664662737126685
-0.643758987487852
-0.578078327827363
-0.58242408538957
-0.677742173205849
-0.661219449336912
-0.796514188916889
-0.788384311334403
-0.718645547870461
-0.692432296996072
-0.660638723075644
-0.842601658763673
-0.713458649957423
-0.747101623019106
-0.692675182492022
-0.787343735872043
-0.662394702570279
-0.615127713307731
-0.762543523073715
-0.595962847652472
-0.659143570548269
-0.706689093018528
-0.647303885598246
-0.669678694480833
-0.760741588476749
-0.711134301172666
-0.60289062811906
-0.610169275576043
-0.833150058129516
-0.525423328715811
-0.69931399315502
-0.660086399815349
-0.677073741362997
-0.676288892176086
-0.588281920272031
-0.652916228718144
-0.599375107892755
-0.682709061780688
-0.64713068791051
-0.50135364158605
-0.794376195569181
-0.627693385831848
-0.689281895973313
-0.572288697127933
-0.64782398486032
-0.552109222607351
-0.610099082895564
-0.568806639881167
-0.659907312003996
-0.532380840104381
-0.650396387731284
-0.568210444695226
-0.4943508334288
-0.701826927372045
-0.660983205601611
-0.625712395004769
-0.604612554364626
-0.736008180462525
-0.553702695623989
-0.621099780339277
-0.664894855900716
-0.686888979489382
-0.478655965659068
-0.558092474104609
-0.697530422206067
-0.611533516197741
-0.695465377390964
-0.623559281047452
-0.75896906696755
-0.656601145509911
-0.599993732466439
-0.504573300072418
-0.643215550110433
-0.534529199639787
-0.585903636271846
-0.512988179212858
-0.568255422495558
-0.574408425953789
-0.571613074288205
-0.620649848437395
-0.603527503279314
-0.693700809211976
-0.537563511912349
-0.568063830258191
-0.590254490326571
-0.597350754895072
-0.460697457940798
-0.48242474186443
-0.652687420866405
-0.533545568479497
-0.584759109505835
-0.520030422634426
-0.351542918253261
-0.51285278854534
-0.368189876939538
-0.615931822694891
-0.446894042427931
-0.642449535878651
-0.510127136378928
-0.505200503902929
-0.542973770485624
-0.583713761577413
-0.482797486898168
-0.529701626919743
-0.647421406302017
-0.624972277939201
-0.4067209352619
-0.455500802990228
-0.429564616975961
-0.551326882308483
-0.428459722667876
-0.469407522914046
-0.514588197931032
-0.51429602264329
-0.42510988202046
-0.586273128412493
-0.614525535133471
-0.539040660312505
-0.461581373645541
-0.452211569388458
-0.449262706796507
-0.377605228172114
-0.438491614446377
-0.612841574469418
-0.361863151724947
-0.570046638391012
-0.587134068163728
-0.483650709540244
-0.40674191651713
-0.278690476109207
-0.343006165915444
-0.276524868704573
-0.40389755579468
-0.41849509127659
-0.50084623329744
-0.520446088329057
-0.368862275484566
-0.495767749050345
-0.51772221754952
-0.445430951858872
-0.442615719956954
-0.468433325714853
-0.488366901442501
-0.369562940594665
-0.524846073317756
-0.27755882749457
-0.37074129413919
-0.393352556074302
-0.452171315702356
-0.465712260272461
-0.494819109955577
-0.333231922685151
-0.42493926329179
-0.474698153806693
-0.474585738265741
-0.420663336598067
-0.501805239372248
-0.313588634052596
-0.415128529247867
-0.43948329332371
-0.606725846783635
-0.417072884637935
-0.436057732866275
-0.416613782244088
-0.259935093539084
-0.31280708296084
-0.374160441102004
-0.352288676913507
-0.322553410114406
-0.269586892828106
-0.340536668827627
-0.339440474631902
-0.498570622784263
-0.4330397563866
-0.141723809703427
-0.509346981799319
-0.353757142999532
-0.369296662013134
-0.394656273968372
-0.445195839705511
-0.440485867338293
-0.374898264798561
-0.358418323615045
-0.330954529819727
-0.254840077359019
-0.376947065756059
-0.325700993608811
-0.308467874182814
-0.0994503139688449
-0.270091682541091
-0.346059107963203
-0.16492292887648
-0.48748550373743
-0.417438730060502
-0.303556627658892
-0.269363562680287
-0.283675712832785
-0.219145556115554
-0.417684815845843
-0.28378618345763
-0.325764790905537
-0.377388620359165
-0.302600501201614
-0.21231123696131
-0.284984786752439
-0.45587417285768
-0.211589715127244
-0.188513777273732
-0.229138211440331
-0.228853700857533
-0.34533791660632
-0.280226809442726
-0.207026302892979
-0.383257072106446
-0.210126474174822
-0.347780099424999
-0.300792821491918
-0.274559951118612
-0.227625649694005
-0.308137695679393
-0.250593463502222
-0.31656424958666
-0.419973491695859
-0.332658247702295
-0.320111126557302
-0.213531622631743
-0.175048615919088
-0.190094130255464
-0.319329973049536
-0.253068959236489
-0.220516792465411
-0.174473926502976
-0.3229272516919
-0.229365975464229
-0.45655354461975
-0.198328529414815
-0.300531895091826
-0.321612042862111
-0.177153652554756
-0.294382484016164
-0.207388745453524
-0.275686135201592
-0.360132068874677
-0.272810570323714
-0.246353603605724
-0.349139205379062
-0.267360418338803
-0.26042953844001
-0.362701727659902
-0.205615153288782
-0.0957935936989877
-0.244357466790241
-0.165991294524641
-0.28790928343944
-0.0813382105611626
-0.133175573391754
-0.302451788857336
-0.308449727944468
-0.131685738679865
-0.214666146348553
-0.367914071699206
-0.144735147991148
-0.198063557851329
-0.199026066361509
-0.22344376000116
-0.264894021296256
-0.302286210045832
-0.101142715464164
-0.0837020950392419
-0.319872242439945
-0.107716118620594
-0.148563390213918
-0.137140137938737
-0.232842772988218
-0.182880088733507
-0.247686374863262
-0.246945217173991
-0.0617989012118426
-0.216140459260477
-0.298307431684826
-0.193916183775597
-0.168425064859166
-0.0521383903324915
-0.223392953204115
-0.19307147145379
-0.186890552153793
-0.256238125095083
-0.170086405537115
-0.197475640130335
-0.177681527474701
-0.126452154700502
-0.0708576917333846
-0.137533639328741
-0.140584029648791
-0.210553193217103
-0.0962371580687525
-0.0572392075028714
-0.133577495619654
-0.133541472515463
-0.371371201033465
-0.097535498571442
-0.196510419141208
-0.0488318586138289
-0.164216750030151
0.0250309757824659
-0.0899810012146614
-0.0489740190046988
-0.143012419916079
-0.107652141229506
-0.159142362556418
-0.0986891175468205
-0.0434053475485359
-0.254650894527336
-0.149414785878127
0.0620981973818253
-0.0443947967615128
-0.0372508819372467
-0.105184018726072
-0.079194325781207
-0.0487813901579719
0.0249266611791719
-0.00440266055799513
-0.0664499615034493
-0.104126441097825
-0.0454927928822557
0.00069258116008185
-0.0845592477959053
-0.127163752381832
0.0684480133307
-0.17183703144945
-0.00745351980689353
-0.0148475583372203
-0.0792767576325186
-0.147153191040374
0.017190874876015
0.039945905626419
-0.0668174261689419
-0.152419161212009
-0.282591419025968
-0.0637535813849103
0.0520803550229215
-0.00218627625348542
-0.00772673749475937
0.0229682793866944
-0.132562712392307
-0.0902054775603164
0.0561672076982397
-0.166052528131523
-0.123089636868886
0.0945260636269284
-0.257981341986242
0.0443355992314388
0.00709533782351486
0.121380423544528
-0.10998542307264
-0.0483620091808757
-0.0464011040512994
0.104659408091219
0.0109179916950469
0.0450556717745458
-0.197767251451716
-0.121223040787349
-0.0390025492917026
-0.0848389438327012
0.0304189781637407
0.0117360133427846
0.0578518930624819
0.0670006552019102
-0.000642595783531446
0.0971606037396436
-0.192952672568928
0.0274047684574129
-0.133698924137128
0.0631885822735618
-0.0660792547308182
0.0808255311032609
0.0544836294649115
-0.0085163058168541
-0.0615092662741793
0.0954885825158784
0.0345010430054636
-0.024555331899133
0.0402358409182167
0.168419572501463
-0.0643129760114765
0.0803386385508606
-0.000492697967664812
0.061618531047259
-0.0632461075934186
-0.101014175412698
0.072850119457501
0.0993700084788234
-0.0146398446178389
-0.0869720851440274
0.156237386810164
-0.00580962552967082
0.0665208393829954
0.0278421841383603
0.257094432143728
0.0823812190835072
0.0340846782209744
0.0390334610061571
0.173833489579554
0.0367523387633746
0.0399879177599459
-0.0229613817678536
0.0132347265778786
0.0498280124923336
0.0921586288033104
0.0950605520468111
0.0926371990646546
0.197326294457111
0.0757915155205472
0.0160061196015637
-0.0747547280757859
0.0220664670530867
0.138042068635347
0.0673572118142444
-0.033032328043009
0.171687041664845
0.200471327538316
0.0719387831997425
0.0993226540212982
0.0753606201638611
0.189654645670959
0.273860428026473
-0.0181893510803424
0.227759605247762
0.174901957655393
-0.0920129608828733
0.148178065829419
0.144936831753485
0.0764264297110513
0.137922596808641
0.21689012633653
0.0817866265593415
0.0200060088626755
0.0719698959655723
0.339067376255201
0.264106434537434
0.151110497036411
0.187614226066819
-0.0302458320465589
0.262581587031874
0.222053752994235
0.068582021207839
0.0822881492978493
0.0700709072577434
0.176645188726456
0.18341020034285
0.224860348473235
0.0662507441707787
0.110392697503873
0.282500549799898
0.143844642633907
0.25278144902985
0.0393974557526658
0.200578535348923
0.286890668171071
0.266457469266342
0.16195986745504
0.282144930938727
0.122992059638657
0.334529908459397
0.170961924261246
0.331906528106845
0.196795621017428
0.0225150404884647
0.180192961091336
0.307543824242063
0.275762415198818
0.352331364725563
0.197128568068184
0.200006849335362
0.377410069839046
0.320230809858102
0.288795631981017
0.14973298817702
0.121485861317189
0.276587392503815
0.267135514401191
0.0293965392168549
0.252859558126666
0.254447336330241
0.178393912169677
0.274954390988008
0.186008797582042
0.271938497284289
0.123696096344806
0.263178363635847
0.193469378730172
0.377793095901804
0.390829373782565
0.242941112670208
0.0934130814461427
0.269302304981187
0.23736723685431
0.31716592298145
0.110751328459044
0.459088957240337
0.26797846755776
0.227024143817922
0.152139867797082
0.311324830700164
0.278267892651189
0.27778113265952
0.163833670082016
0.232732550217331
0.26215925156161
0.364374667059059
0.235551939677633
0.320604650168378
0.388362264973445
0.266368935643014
0.436089789513812
0.442526629566451
0.326067684274814
0.352603256354745
0.305258319942387
0.342491907808956
0.406016823547722
0.238962983974423
0.294613456506675
0.306688033919482
0.363270491463137
0.389593501841653
0.560595205582455
0.402895023300884
0.331445522320878
0.340036052261538
0.294761195745663
0.475500801392379
0.312749487697285
0.396622706304052
0.330782767972506
0.442315526080583
0.234970126910265
0.414610388458306
0.223064337211227
0.229414073979619
0.255089542353891
0.280963514132654
0.449361606135394
0.213629805325168
0.355047565178133
0.310417906673481
0.352013423793596
0.479298485650728
0.43519805601657
0.345545799056751
0.38437033474811
0.397755482774443
0.287712969171857
0.37686340491956
0.312646697243273
0.306721942620779
0.408668908535417
0.426611745505397
0.355562816655236
0.500878066998672
0.479108480860808
0.269437323701431
0.438130863242096
0.518161550374464
0.462186180329823
0.42317397694814
0.33951801161978
0.382227607406012
0.381784201293731
0.396760616013462
0.267842536684162
0.418340321025928
0.550956669659308
0.346009463725587
0.467188736718415
0.567652351673233
0.486289998814142
0.45206536037011
0.361553079280475
0.545391463679535
0.361120041143321
0.425881643353725
0.493471734605615
0.320801850616902
0.482338842154164
0.382068425415896
0.448323814929585
0.362021623706965
0.552530814745758
0.511378446865651
0.368399391166091
0.423573184947679
0.502213103057229
0.458984307067529
0.47374418738238
0.536638963298912
0.372772941676063
0.441482656833968
0.478006677670701
0.589460828652777
0.287213831129189
0.486507051331647
0.414167260139835
0.613985708882519
0.636152584008318
0.400794204147149
0.696340371368449
0.487528905674229
0.548773083403374
0.571371103608911
0.389690890345878
0.465733098595606
0.469793580464662
0.474694135884573
0.485617171393907
0.476231071951895
0.521480289714505
0.412421239264118
0.525726455380256
0.550755446009648
0.373150600448192
0.52695403049999
0.575515844322161
0.479030128201446
0.544025464132526
0.482350811307803
0.49715070790707
0.499223797124135
0.614625518775413
0.550168426632566
0.633057696337277
0.483368451400974
0.427483570236971
0.551668574143745
0.545953819346603
0.518502939026619
0.518711423502841
0.535458306017401
0.503798983714343
0.510064774683487
0.614217621158373
0.558370967177554
0.524297101209768
0.486103140268953
0.559126250649031
0.449756901290113
0.563304954375191
0.507420986448064
0.557516527101842
0.708059609303959
0.534480723696707
0.638526833358033
0.549657401235741
0.549756491787917
0.588001856049222
0.676589434064977
0.523384018044168
0.508400350619419
0.56776128709671
0.63544342246084
0.49607682631439
0.619956186048601
0.527488804957722
0.672241120293328
0.572607447411186
0.609509111136768
0.587644488038742
0.71293929365957
0.586188731482352
0.561323633570401
0.461178675644037
0.711078709633746
0.658352915158773
0.571308608597441
0.657503661833497
0.787877387368499
0.658565890525486
0.619648652225844
0.656773474003514
0.643157028502311
0.504112944050737
0.55495349097906
0.615734215087444
0.711313046466569
0.57974416026756
0.717434341529548
0.62963785102903
0.531993205058778
0.774876872731235
0.680152140233739
0.729368022537192
0.713580698660958
0.571327910911594
0.552127241284597
0.639159512250912
0.784825408397526
0.605386995520281
0.646213190160238
0.671164126619068
0.859037486694291
0.643139197398513
0.698256695097285
0.733584164942989
0.759570617073786
0.616424820733606
0.792383821544672
0.652150004322829
0.838201998366971
0.643890989906033
0.834069501222541
0.693399178813494
0.618688049330742
0.723365491075256
0.670539690536831
0.814128814317658
0.67261081906478
0.771613783292969
0.955783966785195
0.817732186047141
0.60138299654896
0.677320576649266
0.77486372160722
0.641885244703457
0.619262520564442
0.655558666090629
0.911135134840751
0.745130145135785
0.704303822290914
0.615225202526493
0.806289195401208
0.756349319260584
0.701806006130245
0.720787155242948
0.777668815268597
0.725697647075011
0.715943439839185
0.790677040497254
0.638177892750914
0.841199539245309
0.762214000742005
0.970404018170643
0.707984897870185
0.620494024751998
0.805059284960382
0.75155791909452
0.700508859497007
0.849558403315807
0.885988427009869
0.78802658681951
0.582743103890793
0.855612933120791
0.73389667687125
0.782071134207557
0.721221990935804
0.891010178771449
0.702794154129848
0.832467164117619
0.841885394221182
0.736272293264672
0.829822505040872
0.63713116223755
0.891400680996065
0.877737028812165
0.742968415538852
0.721524902031503
0.787527977268477
0.75231847282453
0.653113077725303
0.811283262879181
0.868490885651212
0.793558418446241
0.838381973536179
0.859662534140261
0.862124828947891
0.874545477845199
0.869031763722165
0.8340457599991
0.691281837993017
0.840599094223817
0.883112240218191
0.896875005451974
0.813961549628943
0.909141013226257
0.968259295959726
0.788077905211258
0.831961778672375
0.85931522988548
0.996752550883888
0.782236665122795
0.829733980086521
0.794501293402752
0.834617853913943
0.848996481416014
0.737265714230254
0.826004796249296
0.863434054647779
0.804751167109494
0.702558307615595
0.766255699900996
0.814940867876364
0.815763843028626
0.797802906536155
1.03007636015155
1.0258259061157
0.918125067226085
0.838471855484085
0.777999456266267
1.02862941418123
0.800938758055894
0.993641395665207
0.924316061234194
0.766002434406385
0.950872275622643
0.871014420975403
0.824194892258743
1.11607446024611
0.721200950218947
0.886398709784819
0.864910830790819
0.92032634935902
0.931554706777014
0.88115337874883
0.952403217154408
1.01017824072816
0.920942712134464
0.787890757442185
0.925917332991785
0.844117570619106
0.758332988097929
0.963811592522017
0.872913901872419
1.06606038241475
1.04090134631604
1.04293631023834
0.972208381866908
0.824672601098949
0.912428544198023
0.925221829978802
1.07667069199618
0.769547731129846
0.925513801004922
0.938965766452709
0.898318356834869
0.877736657168601
0.897055647160793
1.06940126236843
0.979247330315143
0.928937165230806
1.02754601752489
0.991967478389304
0.86426890448169
0.945692966778618
1.03518125141608
0.897669437085026
0.954623879291955
0.92846847733689
1.03601150870259
1.08492795337329
1.04184329927635
0.966650918195076
0.965160186682165
1.22897688531793
