-0.862841123513397
-0.960528750990628
-1.02984929615782
-0.929453113077577
-0.798458066425525
-1.00480362811457
-0.916992970333603
-0.972236257603417
-0.962969930992326
-1.15979950821686
-1.02029248841748
-1.12899696017465
-1.0668375174175
-0.947033301665213
-0.862855879385891
-0.989220425802608
-0.947086255612533
-0.898095237856915
-0.935375431427519
-0.837370113771582
-0.848545507333265
-0.966230529310149
-0.908803812347785
-0.888437700273687
-0.922602188315119
-1.07377873430175
-0.958278539026408
-0.862415397637929
-1.03250672624652
-0.895894142461027
-0.9099134723077
-0.881565657188849
-0.884950114446445
-1.02335766621658
-0.797473806530705
-0.930586707415164
-0.85316900807238
-0.958599735913481
-1.08968381471999
-0.814492337001634
-0.704866969705231
-0.807639394133564
-0.880267322637753
-0.928392515434435
-0.949646314575614
-0.838274743532585
-0.869721159501133
-0.877093089633973
-0.832529758037376
-0.953612125084258
-0.974068368934418
-0.92196850289209
-0.8910319810385
-0.923556543863016
-0.839538896511875
-0.951355872651049
-1.06060089682393
-0.931818682681727
-1.07518796092837
-0.980897477042622
-0.781232558852325
-0.869607195990532
-0.898193300028927
-0.902622297133125
-0.737173335263288
-0.92451326602873
-0.826752332741622
-0.843308979532402
-0.778254194497552
-0.913478658680921
-0.766058605155949
-0.83403242592074
-0.765405138560855
-0.857052722940693
-0.820438847945542
-0.820997734874112
-0.989245747254788
-0.87842944906877
-0.859403551433385
-0.803658344439398
-0.799492833149703
-0.781811007141951
-0.892513302627475
-0.735789011027362
-0.848902798177268
-0.939985233684041
-0.764202312871813
-0.860696369687079
-0.772278469754251
-0.820740915489376
-0.900104535125425
-0.639123474958652
-0.766488256688851
-1.05342013005555
-0.855965193097752
-0.612247017622608
-0.836814688404117
-0.947236317363958
-0.7534222301121
-0.78550841507155
-0.752277130229554
-0.724426881058847
-0.814268936647645
-0.874477938876854
-0.665267919613804
-0.767465360881156
-0.835907448372392
-0.871283426559096
-0.800779285797061
-0.875835339726274
-0.761438340345066
-0.724338647171659
-0.740094611549059
-0.706481893749252
-0.862606494781212
-0.749507586343744
-0.753471107164883
-0.834032962819907
-0.717840964904758
-0.855405784633195
-0.93136556394937
-0.750379015951131
-0.651196229163973
-0.602117954709293
-0.551654461493867
-0.673636752063178
-0.790035607246459
-0.77219758349061
-0.834360875101541
-0.595845497718339
-0.638634145244819
-0.739911742343752
-0.747108149942998
-0.777012648086952
-0.802630457266559
-0.776027456606511
-0.738241066662497
-0.577012412584471
-0.721563264153451
-0.608915755246107
-0.673976785007133
-0.780151856798961
-0.644053826618702
-0.875665822441958
-0.749114509037787
-0.598259581156367
-0.6268637031766
-0.715327614535855
-0.737704966289097
-0.54923266335946
-0.633938912881483
-0.690870817904847
-0.624154030659411
-0.671882347386955
-0.653692077555235
-0.74595328698571
-0.679835565937446
-0.88359771496654
-0.721417978497036
-0.867711844368596
-0.652705379283719
-0.552377391053742
-0.661993887243675
-0.763541181344134
-0.772087223225301
-0.754150003673576
-0.732342586244475
-0.70147668906565
-0.609614350978709
-0.654317104952029
-0.754100478134817
-0.723266469109994
-0.616121641181339
-0.676132241177744
-0.547337327511661
-0.471689242422092
-0.616702510260922
-0.657924897099569
-0.60002701706918
-0.658296596730894
-0.846403069362389
-0.686955174314856
-0.683272233268628
-0.810813877883601
-0.691971465301999
-0.711788063860546
-0.655823598071041
-0.673776180920435
-0.646920758750443
-0.517613676581064
-0.664062130309466
-0.644829902721584
-0.618473265823885
-0.706833380343055
-0.631243832188284
-0.587898310772782
-0.446707580263776
-0.689177107568265
-0.675249518953329
-0.641712098671135
-0.533269120801027
-0.548125632233597
-0.428882033742379
-0.584983031858374
-0.549648168047562
-0.399161247891563
-0.535809555547425
-0.508527375830203
-0.472595708116624
-0.572494990513485
-0.572043558700881
-0.470363309433693
-0.607673442698973
-0.507811785765012
-0.426358106427049
-0.521155212536785
-0.583285102426989
-0.412687662155864
-0.742143097799093
-0.441328356843319
-0.508441859258924
-0.423591332438066
-0.637529482420633
-0.643349833510239
-0.576259427321883
-0.605082298366773
-0.560754064779729
-0.536293367063323
-0.466222342144221
-0.526422827721008
-0.495647663039133
-0.636247560247095
-0.428288336094765
-0.483457413862597
-0.549202292650079
-0.508359973845235
-0.55096508542775
-0.513572618640482
-0.620958087627092
-0.479417579631647
-0.515580684577779
-0.656034489092695
-0.421523349695866
-0.660751958273973
-0.601468266654113
-0.569475439327901
-0.448850714238741
-0.488615643393439
-0.435537817627811
-0.547856596505087
-0.338028893827881
-0.468940583505601
-0.427147967189684
-0.48625340564392
-0.503413346302418
-0.485674860335977
-0.537578519978831
-0.627529011363161
-0.488508659135679
-0.488531214964053
-0.561647446056744
-0.513313658554387
-0.37277372683133
-0.506921632299922
-0.547731337876188
-0.376485690601123
-0.460657895930401
-0.40279530854227
-0.561703500596335
-0.432970091586808
-0.394409439353569
-0.539749079252328
-0.572350236793273
-0.592066712389792
-0.402590983217625
-0.405519975871357
-0.309284363400781
-0.37952074302831
-0.594877381459258
-0.346266827535556
-0.481459176435973
-0.600393836873291
-0.440062507926674
-0.482487342452641
-0.483919574796511
-0.438804162998729
-0.420142946021114
-0.474293919191821
-0.440344925445452
-0.458042321897343
-0.523588230560634
-0.438884086971874
-0.358912452666854
-0.425602068440416
-0.465894465983954
-0.320100272323428
-0.215058859732136
-0.36535688386062
-0.309308282410137
-0.483743621098943
-0.507679419197937
-0.289073075053142
-0.38579060411821
-0.395545685074579
-0.321277738612885
-0.249575810137725
-0.336261113181266
-0.381895368558705
-0.342792530369239
-0.281833359930058
-0.413006410309724
-0.248034451233518
-0.477860960414163
-0.24478989971851
-0.33837746683668
-0.424682947685193
-0.397592458705728
-0.495787874463345
-0.283021400119849
-0.274320010839694
-0.365622821361428
-0.341763228222551
-0.400912385047957
-0.285934208265318
-0.379658737648127
-0.20494602908826
-0.344687555949189
-0.335186578391913
-0.399528599282394
-0.375961704519075
-0.384211388653184
-0.289691038458857
-0.214388338548752
-0.40223453164938
-0.418506070835503
-0.173838654157403
-0.250708727975425
-0.359363841531987
-0.30526019164962
-0.232726311744336
-0.344615402739033
-0.284685278831105
-0.243478671278676
-0.31367324723973
-0.434510800907936
-0.281997346994465
-0.293638743029189
-0.243702703249781
-0.259837702146284
-0.352868662189017
-0.293460237890392
-0.350970929109603
-0.324469561282182
-0.216712230924064
-0.433694001484137
-0.19564363363056
-0.165968046758776
-0.30429380184514
-0.251217980787784
-0.344139746000751
-0.278927221680218
-0.360548203619408
-0.252188571076009
-0.149152281749157
-0.295256968520871
-0.497592574339987
-0.416812656518299
-0.282193864402463
-0.18930808749765
-0.31879497532711
-0.161106526957729
-0.289046335023812
-0.379875470348605
-0.294296163069848
-0.247600976205311
-0.360163630014029
-0.12853113740262
-0.343140889424343
-0.25580519267961
-0.388684858033692
-0.248439567241391
-0.265547561244653
-0.356539246586725
-0.308082936425081
-0.0947598320801754
-0.218007609945612
-0.275487432468728
-0.209612746677994
-0.332880330961238
-0.246920016305487
-0.241176944701075
-0.179755045874543
-0.121961489067005
-0.119106736316491
-0.259024794407389
-0.298488620517608
-0.297778594321997
-0.241616857809567
-0.125933429227417
-0.186244162053013
-0.164612359891836
-0.270251133364699
-0.148655500773949
-0.117137592855752
-0.213169288602725
-0.11135110217617
-0.0933040836009489
-0.209982246173193
-0.336382635810918
-0.0964347803153977
-0.103888644722948
-0.0989825813132018
-0.226460908708099
-0.33260343704342
-0.0653687568507633
-0.119621890904996
-0.241737665375366
-0.0224338611447453
-0.335524698606038
-0.101462729613486
-0.0155854619766061
-0.207456767418062
-0.142778822720018
-0.0752164925870751
-0.217788767360454
-0.14562709553054
-0.108921557252643
-0.206078275139929
0.0396807937358936
-0.189142050745374
-0.191587034422649
-0.0204559863389129
-0.190570362940694
-0.190799764750019
-0.187288511234172
-0.078228571865604
-0.0557257017864777
-0.158755034859335
-0.188009666753664
-0.116409108327247
-0.171956272373665
-0.0791740743844154
-0.0715349308202401
0.00756323200974399
0.0183448809757236
-0.198610776859377
-0.0639653097510888
-0.180534879628352
-0.222747629226922
-0.0759002961718303
-0.254070688978491
-0.0671758990544552
-0.0326074376233875
-0.168686194550195
-0.167237222373444
-0.0381217456535763
-0.00458576488500239
-0.133243096690258
-0.0783792261147024
-0.140071427037957
0.0229355764342317
0.00688298516180598
-0.0903592316107142
-0.0341464372132571
-0.130188988494677
-0.0781694418862572
-0.0713870969074572
-0.0645664402152647
0.142545164834176
-0.0886898013706286
-0.0525326427244851
-0.102710585399146
-0.128568063243876
-0.0349328356477538
-0.0127714912981968
-0.126319366951978
-0.0581304855526036
0.0468285238447755
-0.099495857127848
-0.0121208485315063
-0.121123074240241
-0.0543536548020541
0.00307546914412205
-0.218803581783982
-0.0968873131397393
-0.0714897399525607
0.016325382361473
0.066364862624937
-0.00886795458166132
-0.106552338708693
-0.0291660491274637
0.123769088059883
0.0348073178071299
-0.0943297581387569
0.0159173537326993
-0.0443575738305876
-0.0956091898591022
-0.0191213501717635
-0.131778439899323
-0.0817366934997433
0.05912369709514
-0.0560894687141385
0.0227420393913933
-0.0465013953996717
-0.0116190383969555
-0.0164413728199912
0.164021232453123
0.0379253773091896
-0.0969443266020841
0.0908349613925493
0.12363102497308
0.0955554440853921
0.0550645692084051
-0.0106596548078252
0.223511163783919
0.0425935917448128
-0.00638779001224376
0.0142474296337919
0.109119396990831
0.129511515627277
-0.129241615631487
0.0920174711935791
0.0337902245986902
0.0613170746542404
0.06118145897367
0.0315657737558154
-0.0364583035483553
0.0789877326072806
0.115796406829667
0.0979338033845729
0.034715974553624
0.176533849062275
0.156706606944808
-0.0423947624173433
-0.0296066928635903
0.0706022419819951
0.27280040907636
0.0869950877560714
-0.00714906024909332
0.0462418296558659
0.133169270215062
0.143261414975227
0.139501446306733
0.0407334658934091
0.0819398490464397
0.00703770070298847
-0.06739107033427
-0.0376966460637457
0.011452191910925
0.00297176727099006
0.111974142038316
0.153997500259384
0.128265130671742
0.199938483409265
0.195533967317373
0.13607993753292
0.12763632966392
0.17857052942867
0.332434524457072
0.0513822616135849
0.12803830815196
0.187011054388193
0.307142902317621
0.0932429669913712
0.27725582330693
0.0890627322142397
0.143896774508079
0.256993876509609
0.123429282529334
-0.00196615142004365
0.21494720942561
0.26762674977568
0.191775649330451
0.0692102319201425
0.173621507333327
0.118149384168488
-0.0198486959293256
0.0748693942101053
0.235175770769255
0.0782993576911543
0.0515263325136456
0.174203466879661
0.0988765908979705
0.286442602284935
0.110272762242213
0.0482193378373491
0.107779448843743
0.150146780537098
0.075305613257266
0.316966273853204
0.0575944122274034
0.193169457940889
0.20301040897814
0.169238565373986
0.288406216238148
0.327545364296293
0.177223471496363
0.137028094365099
0.199049829290467
0.165434947924636
0.302254371928056
0.165399894468978
0.279109416388913
0.181512732773355
0.127290833101973
0.180027580886852
0.213949308614845
0.247651121435035
0.0108082852444974
0.256659756628447
0.226770965190287
0.187795801854482
0.0657550015462032
0.153706971639195
0.133585611666963
0.119720439055231
-0.0253744557954987
0.420572273747831
0.0819138836446541
0.240999430314423
0.29288972736049
0.289908856511117
0.195527624375377
0.240705594333025
0.265551617351013
0.226327885208785
0.247305500568195
0.145545328570066
0.273456850215031
0.261889215992074
0.252301325093426
0.215294486609963
0.301711475646736
0.24833392254505
0.270906444174312
0.157623243145251
0.273747671689617
0.21843138936952
0.257362415763421
0.312532841916831
0.237897763521399
0.318353477946373
0.120292703205335
0.337335239569622
0.337165125476262
0.328488219586622
0.263535605892412
0.326417669660173
0.455666579272118
0.270313112886709
0.286169415203952
0.430402518102481
0.272718304723118
0.303287905977674
0.380378453085127
0.328511516803347
0.348418212063721
0.264912920893222
0.384267437904614
0.188868724258404
0.456153423749676
0.472889334231966
0.399263930936743
0.436301525806507
0.435551021075116
0.405062522017498
0.388003030580879
0.341760857474724
0.358512421873207
0.285255234215217
0.470233387065763
0.275971876857982
0.327840736886773
0.128577869860204
0.292256113026794
0.261171616705622
0.320164522220384
0.373999791776881
0.389708383558951
0.350410006132659
0.343100768098621
0.321130678680083
0.352412479615065
0.359212451375498
0.413871012380018
0.45381209780061
0.0971546803275953
0.214223798892782
0.415873531235756
0.523301476620157
0.456535627429502
0.370860782913934
0.294995055053495
0.286024873455656
0.223683082045107
0.470646429816431
0.350844403490149
0.57587287508949
0.507147283969492
0.334490499633941
0.444757594401174
0.379035849827926
0.391927704422045
0.387827379853468
0.439092425604661
0.234161415977724
0.33330368397828
0.421604334252971
0.461772662907448
0.447174217123628
0.459107076896439
0.402515080825785
0.530485494274933
0.380539225533159
0.35677135639678
0.532871296956076
0.456544391423291
0.543074199483605
0.543782339389003
0.37922777570208
0.596274839767573
0.348874214376936
0.630035909639287
0.521607789799638
0.532306729658199
0.414931947624645
0.456901786993593
0.419921647815457
0.411494111127146
0.599531049878444
0.47224542025667
0.315469776286166
0.365943709725427
0.317187410133307
0.39642302574106
0.467690209143729
0.478524822643451
0.436858914158026
0.522952083509701
0.380425812758799
0.556125746987132
0.468826291866961
0.520271630447204
0.364687690599253
0.373561274339867
0.519570704545781
0.546804260211808
0.427046685572302
0.404881003838812
0.478230848221322
0.523373178988159
0.541824213425092
0.545640058991286
0.394711508702024
0.487952286310247
0.531966153179568
0.566230601578469
0.506025458597451
0.533061727169583
0.631548337997078
0.394222073855293
0.6056109768061
0.574691495846427
0.437067477045069
0.57478352096766
0.696597804471866
0.43596831339796
0.48517130373703
0.422968492432903
0.555382851212681
0.549472249567074
0.635716614706345
0.502261857918226
0.656062054303121
0.513493609166291
0.413040032156566
0.538578304164486
0.529207035132035
0.56384450595646
0.532038827303818
0.557806155651475
0.651571499476048
0.556257675569011
0.516184882076389
0.571030089852644
0.661786384348401
0.594453140634846
0.602964052129772
0.590226470778145
0.583356404603618
0.586395133610304
0.558955949081924
0.529608087178456
0.587102805524998
0.715848970140837
0.543166847936292
0.677937150900928
0.513426133658107
0.56515239238672
0.513783480535761
0.677717614824981
0.608498833261936
0.435212751413203
0.745014558007244
0.787207596076011
0.766671633670034
0.638487911946759
0.571895350457512
0.699788466419927
0.685573184712782
0.49158794046581
0.664940709545316
0.639131876914975
0.677512844973886
0.71031473494902
0.505218661065675
0.669338099873544
0.548743144725523
0.617859294371387
0.719052647889039
0.660077496878688
0.733922523446802
0.530285723531485
0.599813106406686
0.704114410183247
0.542004189679641
0.634124025417279
0.714943205992413
0.655598746468084
0.589649057668487
0.739668732525545
0.771555858779067
0.723886166314367
0.666303617121396
0.741821285684531
0.749564020042278
0.491669508905978
0.816507330693612
0.636878995274486
0.823379642179569
0.641008690670868
0.796681041804728
0.639387004219951
0.657239250189699
0.664161323533647
0.645454663829581
0.684282657871053
0.672159987427563
0.83179757602896
0.690816439238381
0.620087443057585
0.677609688034526
0.762156996742088
0.616518223702316
0.629948533414589
0.875391034834543
0.668258913907575
0.683417964266489
0.758649977425519
0.84545451838864
0.596218000968039
0.635883153069955
0.560948168731789
0.828226492984711
0.606579594880323
0.710641122616936
0.644648690622887
0.754796163967202
0.781695625144145
0.844938314062411
0.651844644852365
0.676214559138146
0.716903280288457
0.849686392748878
0.772554410390364
0.667968802034853
0.779362715066333
0.81214031241814
0.664106713849514
0.678872933464165
0.789765583318328
0.772242989699041
0.742549537696726
0.729804154117394
0.799527164689992
0.851139619850069
0.809469675994762
0.633651929555938
0.672517633027388
0.716269168300831
0.699815598427897
0.729480805766697
0.857374848042335
0.696909709469179
0.928535385509708
0.718293482236707
0.688918100666789
0.829088301060648
0.766739935449557
0.767348590351926
0.820020299350116
0.72794734108502
0.897689002869541
0.850675141254194
0.73345557297442
0.791657922947543
0.876020163846975
0.735304545958628
0.930971692212556
0.787237127464978
0.932473632947776
0.823823623300519
0.792472352104578
0.770857964868618
0.691012759433443
0.810218908321667
0.797906557306388
0.823154993246969
0.764459582355875
0.913800686518968
1.01286982899077
0.88411870315144
0.799392288822551
0.894439108686676
0.82649598435321
0.803354514591992
0.757170581711967
0.774665640177666
1.04565042196427
0.847136793235522
0.727479744764749
0.962847505858386
0.894454057075345
0.909528316126781
0.83066748351721
0.91775221303318
0.864679449018158
0.86215362078225
0.817163472919308
0.711647486025948
0.920054283149359
0.936422811138276
1.01307309696118
0.971572707008097
0.845892752270462
0.81048857209095
0.991378599053369
0.877924907035211
0.884288608773004
0.808218924394435
0.888101865861024
0.709162587004368
0.781557106893724
0.92473482469724
0.826959796678104
0.886481630230037
0.776721919602171
0.935015264060969
0.977354403736328
0.940081886929604
0.936413757023475
1.03726460690325
0.910662113915142
0.80806644479624
0.962224639633748
1.08153165010994
1.02220036246225
0.827985109637841
1.0058739709208
0.964505179543984
0.806152455063972
0.814522051917859
1.06478826027991
0.933282570927776
0.956387535970751
0.989103576432719
1.07695904414774
0.87984266070161
1.12348910723913
0.832293959493081
0.98359878098551
1.00701012563234
0.94116562776584
1.1461825792006
0.833513868630355
0.913182747968799
1.06335558992565
1.0216904723152
0.889925792890763
0.993375576509029
0.940912418087879
0.956075147525922
0.987037145321042
0.892366705767087
0.892751068608145
1.06190000711754
0.924924877056143
0.947859281101451
1.11423017955646
1.00190814935347
