-1.08028056265425
-1.05026647753259
-0.825921274258753
-0.934593548221188
-1.21759384842492
-1.00940792900982
-1.04075876337525
-1.09682902199048
-1.17359296324034
-1.05757521078771
-1.15640278084621
-0.893602334590425
-1.00273107345252
-0.906967982411241
-0.992840662697689
-1.0325350012958
-1.06683543113617
-1.09356335665851
-0.895605148245701
-1.01361616313296
-1.10777111838286
-0.899704932312454
-0.820196147375935
-0.907763644107031
-0.910334100074236
-0.964603214563269
-0.917959171458227
-0.954284514000785
-0.958197795523321
-0.832224424186621
-0.846191095736436
-1.08131823585402
-0.818822474917962
-0.800690419127444
-0.875483146133805
-0.994517597835936
-0.777151745342634
-1.07226244207186
-0.913470289829264
-0.764058761288112
-0.831154641140796
-0.81546405804617
-0.929512508421046
-0.797624447580362
-0.810943370767427
-0.962604678243351
-0.791605106041667
-0.881502996040528
-0.850630495820961
-0.856622585669865
-0.919012268748946
-0.938866799755182
-0.941213873765614
-0.899755224874023
-0.888870920750075
-0.939852883804286
-0.917801406882586
-0.903147662439929
-0.917020704832542
-1.01362294186008
-0.990690644539565
-0.809174578016076
-0.820737755585371
-0.885972273440908
-0.870662279344003
-0.763602233863107
-0.818038677901124
-0.849059406882452
-0.811749193599578
-0.85179267532154
-0.880703250893377
-0.926275415300962
-0.730741350553937
-0.762096880792983
-0.867703800183466
-0.837913220040136
-0.750243138809632
-0.943567101898756
-0.842276776579522
-0.806962576384914
-0.837833422926414
-0.908609045289601
-0.816628710943707
-0.842714716802581
-0.792394258356863
-0.755375550209679
-0.780511736727761
-0.959505493442787
-0.929720314295196
-0.880740560752326
-0.791851698240751
-0.89918774403232
-0.897458512238323
-0.794229611707371
-0.887836827093619
-0.88211756187164
-0.805254715060855
-0.939918756138301
-0.745785874097763
-0.747123664962505
-0.675472846586645
-0.941530937344836
-0.559613084781508
-0.813055561465446
-0.805159902056418
-0.762601452929093
-0.607200333719584
-0.755894558698029
-0.679721112223723
-0.600077866468263
-0.823530689390446
-0.703902463107895
-0.739229495920818
-0.727454365171241
-0.835989626029783
-0.681163374157342
-0.785455269261835
-0.711055983426325
-0.796237974041134
-0.681696369438244
-0.715882664881205
-0.736198828683273
-0.757433049451871
-0.855389848638671
-0.596710690952236
-0.85625429579785
-0.80014023291901
-0.733142047852721
-0.751010555008258
-0.90441211823895
-0.762054098552641
-0.717527029710896
-0.790838900997433
-0.631394569819469
-0.643875037903663
-0.610041031974017
-0.753225733134205
-0.703880986352235
-0.617186153244363
-0.638100608225008
-0.684012379893709
-0.60942560203628
-0.812645584387631
-0.735679371730757
-0.816691829589321
-0.666376743918213
-0.545446226349014
-0.634693379669261
-0.690333855875807
-0.655009879966296
-0.623488532527763
-0.720704972594657
-0.695946464346131
-0.700741897636923
-0.634439494934135
-0.703428041108598
-0.775238220883111
-0.712921165710571
-0.663937254870239
-0.742290237241585
-0.692422753476902
-0.851555626659576
-0.720380706845155
-0.648933065273869
-0.615935894353222
-0.598236518188975
-0.522851613859108
-0.662729326370565
-0.628151055572253
-0.713587580728409
-0.738675929535011
-0.774436578096726
-0.680042396127485
-0.787502182331862
-0.768090793526048
-0.492803966614096
-0.624221966522117
-0.673793225415967
-0.712763378984207
-0.675817851835033
-0.650925242219886
-0.713335618767417
-0.697000012758278
-0.641035920680805
-0.532650577285216
-0.614475673512607
-0.723026091567045
-0.688777951821531
-0.574719996932073
-0.701379262501547
-0.764756735837072
-0.611478347307405
-0.599102869473763
-0.581974009317935
-0.68682165195122
-0.633690119945959
-0.647053600008207
-0.313838393754712
-0.643293281835031
-0.651800158514489
-0.526147720311075
-0.562713925005487
-0.637160953324742
-0.51215765175452
-0.65128012145599
-0.636287911962786
-0.760224349089985
-0.655010936485626
-0.604091916115699
-0.536314739722808
-0.596592941325215
-0.536052344048996
-0.408523723311788
-0.520782017883581
-0.522516005096094
-0.56482486790433
-0.706002481711059
-0.626363848461589
-0.493674102890928
-0.620281887019973
-0.504498438000862
-0.528494843926099
-0.625119063681061
-0.499202107138596
-0.606122618859814
-0.600518403702307
-0.597759339056001
-0.49725777227732
-0.496625178505408
-0.604079808488614
-0.53623927399226
-0.497369780268943
-0.536117839647535
-0.580783998474013
-0.565511956098263
-0.442133113127261
-0.462778111507519
-0.531342112139201
-0.553859556617655
-0.618850660073037
-0.474998308270547
-0.391175049944992
-0.549597767722604
-0.333861508743845
-0.549856173361888
-0.574599912664962
-0.542426792813993
-0.570264311640786
-0.321406426949386
-0.539078227816954
-0.445622512387289
-0.47862809571121
-0.506258398729715
-0.501595214827428
-0.362968279593225
-0.457261750209221
-0.502399071452348
-0.38528493433986
-0.578390263758742
-0.435916400849193
-0.448762809540228
-0.42529353883861
-0.572932858904857
-0.425889342990545
-0.53709372982168
-0.551932467260282
-0.546807930973315
-0.489820348917726
-0.474450388509975
-0.590206468503842
-0.518736635207897
-0.475274001581314
-0.469130101763342
-0.432553551671863
-0.468775274270725
-0.659432931590222
-0.565502028895777
-0.221608512009538
-0.531090833016833
-0.369383615180755
-0.433265506450716
-0.495018561096084
-0.461021154947582
-0.354023185195637
-0.369240253425471
-0.41439291616976
-0.521386312213529
-0.456754694073392
-0.375803260598491
-0.362606909476978
-0.445777173784072
-0.295353182276996
-0.388848723604292
-0.504624576881127
-0.439729860987482
-0.48035797391417
-0.484923288180884
-0.262591531404134
-0.416285742490708
-0.403818921125745
-0.414775971873203
-0.404462075105373
-0.422683452545207
-0.394001348753248
-0.475638291255293
-0.562157049844773
-0.508293110901802
-0.35532015798062
-0.37777874078221
-0.363125823170104
-0.410189952872253
-0.28191800116311
-0.446112872142832
-0.291128280106766
-0.270332793211789
-0.519749225822934
-0.288590260150593
-0.37826514231443
-0.343524706886135
-0.277205562195097
-0.40038190045426
-0.506442446768297
-0.30632340203653
-0.355754231907463
-0.223803206393242
-0.284020571597258
-0.348859519190432
-0.385979412365729
-0.41715266944233
-0.564738213510511
-0.184997573098492
-0.237575359777802
-0.197043295299782
-0.267086205107938
-0.386086103705795
-0.406636114152249
-0.195148882282127
-0.461634667005937
-0.317683071740427
-0.28504723567314
-0.38071822031181
-0.404699868798198
-0.314012980857922
-0.403564030345971
-0.224520285468793
-0.290918085262367
-0.19106459399417
-0.316889281825457
-0.330484252392378
-0.193863611814107
-0.282786517450588
-0.315452661249646
-0.328357907270781
-0.419576280494703
-0.264140522003409
-0.102045483917151
-0.114830907739429
-0.128915633572255
-0.192928552983436
-0.481118950456119
-0.210209648278344
-0.425970748607659
-0.284678878098597
-0.339486065244583
-0.242865244737809
-0.2896011431172
-0.287635817888357
-0.422810783804849
-0.22068118979105
-0.324999975194054
-0.24609640481945
-0.410556815821513
-0.270369489922199
-0.195716217055772
-0.286746536074256
-0.276823604841916
-0.424497221408171
-0.117586073896381
-0.0989026418002335
-0.253314205909304
-0.197755234600471
-0.161278113558496
-0.402430465972713
-0.289613756525111
-0.295301470173705
-0.233152086945944
-0.194024084406023
-0.267506432232392
-0.220483338356961
-0.198567565820701
-0.309758210738217
-0.0671044738076677
-0.276557010853702
-0.176126812655369
-0.207347583456044
-0.0931763250104714
0.0345142095864911
-0.297897928044246
-0.212512473296088
-0.170669651770209
-0.227698949376284
-0.213626850837381
-0.0863398338560754
-0.149404718299288
-0.349868042418247
-0.205348186550854
-0.233982361030848
-0.136630128791144
-0.266464456424236
-0.230405143909895
-0.270277066721709
-0.121144586744026
-0.115327167306662
-0.181778669942145
-0.175534701473102
-0.149838289717408
-0.108358655743956
-0.150144029269873
-0.23235276528653
-0.110599117845993
-0.287827336784191
-0.179968797396049
-0.134630051254679
-0.0895265151873501
-0.16532213468227
-0.303167472757371
-0.105972352140712
-0.150248334527705
-0.167512176817342
-0.00102282500363737
-0.0608607057869864
-0.191753588513099
-0.16165818282224
-0.19886979832124
-0.124989966611109
-0.267330044615076
-0.218658509936193
-0.160170721207524
-0.110153998302989
-0.181705082591232
-0.000751969238886194
-0.163037268123594
-0.0571678273256142
-0.132899639428274
-0.161343383092972
-0.0343308700228918
-0.173199766153428
0.0386191595019019
-0.0360183720955893
-0.160599849674048
-0.22780962939705
-0.0883614079141051
0.0463290577739822
-0.0672530938587039
0.0023597430686845
-0.105170449645942
-0.0350765189396434
-0.0368024858634372
-0.0289377917823349
-0.128012014496348
-0.037204756143621
-0.170805163438329
-0.00697325685366356
-0.0949169303873594
-0.0904393982546738
-0.0442813375645679
-0.0812033811981268
-0.134267764386317
-0.138462388685427
-0.0711831073786126
0.0181966944106347
0.0308814294815098
-0.00309361398748248
-0.0635274410966339
0.0508781395227663
-0.036870289354904
-0.129133587991681
-0.000509981713103749
-0.0570931232304802
-0.0369120777735553
-0.0784127219091913
-0.0214122391994439
0.0331048773151378
-0.054335237229136
-0.0575983212997153
0.0480339703518219
-0.0505250374669348
0.0755231740795408
-0.00745340794637139
-0.0039897955351967
-0.128375930624052
-0.0730135650996257
0.0551522032030714
-0.0762311396513147
0.0431443959513144
0.132626262792436
-0.0819686273127657
-0.210598430322801
-0.100584415755816
0.00479096470339261
0.0185418583566229
0.0423564560843163
0.0895662912780548
0.106159258992092
-0.0206682516174639
0.0312827267083225
-0.0546450310204044
-0.0158078970183351
0.12021191016201
-0.0255589082371696
-0.0334675365359328
0.0407369722174122
0.0367524403429653
0.0214727386249624
0.0982877121805684
0.0301451917205788
-0.139692747993937
-0.00116280513636339
-0.0635073159529025
0.0588872891642655
0.0367008700863014
0.0980106169272319
-0.00507941750419991
-0.0745895866773923
-0.00967182990983451
0.0148191055968654
0.00340072063789762
0.0571948239703476
0.102378838992038
-0.00473834988991459
0.126110442716965
-0.0892170610886706
0.00869342081777538
0.150410341627741
0.13906629057368
0.0675184989340416
0.159061949245493
-0.0320946886648545
0.103749901970668
0.00971838962685056
0.130251478248698
0.0887365741488116
0.0456995094662271
0.0690676713256484
-0.0694958593926768
0.0553507153710898
0.0169619300144557
0.175403677339277
-0.0105180600323249
-0.00178026051517067
0.0116983993554809
0.0188416322979453
0.18317717041382
0.174196362752949
0.110074327346525
0.0834255741371633
0.213776246204207
0.115376109013707
0.144789167244625
0.125291012975845
0.126624419168467
0.129445153250114
0.172028294546932
0.190141413644831
0.152255282719375
0.304383049173122
0.0919676656220071
0.125931692455527
-0.0511689375513315
0.0177137479362886
0.225083010607958
0.11638994175156
0.290414865197193
0.176281677022743
0.042073024043
0.167761402709594
0.142552235082027
0.129925396363036
0.254481228510467
0.216079852000199
0.0767090731296052
0.0486045705728826
0.108897288959953
0.279167176953338
0.0857715553595681
0.103681169599998
0.127551061096529
0.238868055773539
0.198207842917772
0.284573585496999
0.0561188920300998
0.333949495790166
0.28198965456618
0.120457211788888
0.173468476318949
0.253688223704259
0.199740865673884
0.0768714740241613
0.206822838021837
0.115612292495628
0.216677331261362
0.131116495843507
0.207682418245524
0.0846191206254748
0.301421746202323
0.318098697408052
0.234162277108198
0.291318363935622
0.347435187981162
0.165127177520977
0.295235703792578
0.181513286802025
0.284916621762403
0.318361965528689
0.203380307739049
0.183059840793818
0.0906193454355737
0.308840817434211
0.222835418311688
0.261236995894416
0.222803649579372
0.195855781872453
0.234941750977859
0.129952189579256
0.109796628994085
0.290606919580575
0.276501442338178
0.298788786495769
0.406558551815405
0.286083640233097
0.303770803821364
0.252426826158958
0.241335136439371
0.246309232025294
0.313545511658132
0.303958809235795
0.36561937373875
0.326608694845383
0.384580997500031
0.13773232051894
0.338413327345714
0.333246565228361
0.267521034268129
0.335598354474836
0.241075657075733
0.286499325506117
0.35176702869362
0.294528745291907
0.352272559352869
0.246121694722362
0.272519032978718
0.295103656400982
0.360902031566261
0.37542625915734
0.272840462173195
0.265460979306727
0.347035220942419
0.35607090789551
0.268159147349054
0.300133372304513
0.338068828166292
0.216435895383618
0.319040991627219
0.336700938381956
0.354432760152861
0.43522555012031
0.376294584553708
0.369927811592419
0.300258227119152
0.273824360573144
0.250569623499778
0.396561190942724
0.313268691071956
0.206707112173064
0.372278214538386
0.369633435897561
0.246757146202425
0.430778327183712
0.41043185233527
0.333317539735182
0.242404394973792
0.36994342119792
0.44933002513081
0.336793371686613
0.224931367117835
0.308244685568462
0.3331441627054
0.35425155511139
0.478644674125171
0.516021107258647
0.301331897975311
0.373683084608929
0.198692798203042
0.504068331573755
0.357153618195309
0.301449538150799
0.387074622903508
0.453488852189632
0.347196709899969
0.535905029452185
0.300617054030861
0.531554279343792
0.430904725469308
0.349751127658822
0.475980663010375
0.50801613719471
0.229633628867399
0.380981645662593
0.447885994323112
0.446063364785711
0.439117297765537
0.609710498861377
0.350187062141205
0.409200030545196
0.425537806560951
0.369476713332213
0.477165097988317
0.434752558441158
0.369813497309948
0.380656864886357
0.233438323304473
0.475423620239398
0.41017441358273
0.400286238481402
0.407768659833328
0.395077547646002
0.536030588605462
0.343799444054178
0.331299400848071
0.363187970689353
0.316370242249555
0.436672936679882
0.366253174525838
0.295890058057982
0.453152368320311
0.48809034162053
0.412935766699647
0.563019935660533
0.526576968299206
0.548465154614594
0.505487126052
0.466772982907706
0.630233880886405
0.371118018919658
0.55332674070348
0.552671824390418
0.47337267431524
0.475518871058088
0.44944578158586
0.562530165906068
0.499461894392511
0.577424867641478
0.462012870574925
0.599889953016774
0.557967976732153
0.563839343100145
0.522963783906758
0.604294464702233
0.638898887791103
0.605568582526981
0.464841451487314
0.493833368309443
0.533775669163374
0.417283873490987
0.624683210052849
0.592886821000185
0.705116189882238
0.611389465648296
0.504268504767716
0.510857108792972
0.64358029183792
0.49542770797306
0.394647919708948
0.603660869149707
0.553326618352448
0.59273550113602
0.502626156199733
0.619234397524422
0.715691350799459
0.497466705441178
0.58264591546624
0.421989810899473
0.483260617465678
0.697378814978645
0.678956543453247
0.674844613919639
0.574700129206344
0.678698976732894
0.581948301532991
0.772086923685413
0.582558150151484
0.455882114360283
0.464067077304097
0.560026761124658
0.449995693542845
0.659416609444409
0.538408020296055
0.41216954601748
0.674846464045154
0.445684881884316
0.605517115947738
0.524915302447047
0.583743962164291
0.617583521281224
0.501361425618296
0.746134787748216
0.567376390120914
0.603026612134967
0.733121000767543
0.612891692073739
0.55657635246315
0.607546370429054
0.558049877244312
0.646840992428984
0.533599590023536
0.613932029856801
0.685945957347606
0.541545526112833
0.665301475153996
0.510225154650474
0.69313976919203
0.64459329986668
0.741938691503342
0.724853418545994
0.797728391316411
0.678079395974222
0.672233373464475
0.720391929443068
0.672704328726956
0.721528276341541
0.627084931343759
0.775451985401307
0.639324429916868
0.673349362773005
0.691122156660916
0.717723276116826
0.867513224399286
0.760977019285645
0.707367363647855
0.61713961053393
0.707045274126966
0.584142026590181
0.664242680774779
0.64139126230034
0.664018262189351
0.749719582733542
0.753686459106562
0.558306553452249
0.727266408221015
0.63921169302967
0.731923890081977
0.80465678150103
0.620723636677393
0.784066410687189
0.741841278005501
0.879072734832924
0.682846609845384
0.716687673406119
0.59389697300823
0.751620333452598
0.682913257019824
0.822405523079358
0.649761924600633
0.743322364974091
0.794573179721005
0.800930039992258
0.704266276680767
0.716767852244392
0.81152271625929
0.707784127043615
0.778965274589127
0.734499677564251
0.73597870489357
0.801784695342939
0.70481989025212
0.843960794213446
0.690203223575993
0.772131302502385
0.640959243800562
0.684126544149736
0.680368178873688
0.79210986281037
0.864335598364907
0.836677530174958
0.677938094407268
0.736648895989547
0.705045878905184
0.82440108909012
0.693025634958132
0.784722882787163
0.771677754038509
0.670743454697233
0.745370944443449
0.698856148485146
0.635699588612611
0.915614944057165
0.675463144487643
0.745519945717615
0.84255595690213
0.735566904194318
0.74634119197634
0.720817448618385
0.796885664710901
0.693387811280158
0.922739248111996
0.88866841648541
0.716457531457852
0.920329685891843
0.851661880923424
0.963471709779549
1.00365807266514
0.837112408623044
0.799740083965601
0.741517718590647
0.844170034302765
0.817099566902405
0.831090139131655
0.806295682210119
1.00107845000017
0.781065702512552
0.773431509450342
0.794270879363259
0.898496223384336
0.816313079867137
0.873714143178873
0.813781323324543
0.924413371575853
0.876855717146109
0.845581281462037
0.787806597686371
0.805149078313082
0.820499701550452
0.825349703390545
0.810782751083279
0.820506448653043
0.926657644347227
0.933700098722453
1.02193553792264
0.773120160291873
1.01642162287849
0.729644428187043
0.975122465968624
0.989258324597167
0.911473560015213
0.956317107074428
1.02133586959365
0.85986422797188
0.837683127787887
0.99392957509374
0.886392116913299
0.922083510271675
1.05071110150962
1.00363578089075
0.934357991880036
0.872670475799323
1.09544334093566
0.945353449835508
0.968671311112336
0.950456263425443
0.928214656063274
0.924005460369263
0.926379633526427
0.86681195420262
0.990036983609388
0.853271228206271
0.898334178164516
0.919268360700591
0.899407275566731
0.880575200869503
0.879385053847917
0.760293625942576
0.804025231016979
0.904107797028271
0.964587039239564
0.92785195164186
1.03846859171154
0.967423430759715
1.06623532179558
0.932740872627759
0.972286307202899
0.997433270410523
1.03651602955712
0.99499060038304
0.913577851821558
0.955531532379732
0.944977954203082
0.968718743324223
0.93139233807505
1.04956791212618
1.0927450755923
0.858821526228053
0.918849237432956
0.977697329720652
0.917468185426831
1.05011530848622
0.93583258342083
0.989439177241136
1.11378305875095
0.921113471004146
1.15151474752154
