-0.903784314504289
-1.09393256443417
-0.99271251241632
-0.910636575736529
-0.950394028300292
-1.01408886397602
-0.983965407971314
-1.07876542669305
-0.986626903839642
-0.889637268713732
-1.06277940418306
-1.13643365988803
-0.997271802910845
-0.937505913587228
-0.963656120976333
-0.924663742460085
-0.911191884286193
-1.06701263686436
-1.005875288083
-0.735534462425548
-1.0808594224229
-0.989037371372037
-0.867033465762376
-0.901627394091436
-0.995360902263857
-1.02038991783394
-0.885748898585674
-0.806606406020671
-0.96967752832954
-1.00205930543277
-0.830594716864896
-0.839754073356459
-0.953398525347904
-0.952639523094144
-0.942549882559344
-1.09239854863383
-0.789844916135119
-1.01116396012116
-0.780899239049902
-0.901039966275085
-0.923651408072737
-0.931537877807998
-0.932916683758565
-0.861857007094833
-0.986044808185168
-0.935391674107071
-0.836091717020447
-0.903245898046704
-1.05595476200202
-0.96064991727799
-0.90594676275803
-0.910859920677448
-0.836197752813135
-0.958489124800186
-0.766575452435324
-0.856063978782535
-0.813793641650119
-0.869481377057097
-0.927709092941212
-0.851553215813919
-0.879978082158548
-0.885429741717839
-0.851037570937025
-0.914707106032667
-0.782191168959236
-0.930256833495072
-0.860129022400322
-0.893470856700195
-0.781390937563697
-0.786755597475261
-0.765044882098227
-0.726580897995846
-0.697521180284968
-0.923834671360462
-0.872300579981525
-0.812926971496955
-0.831688438866365
-0.697649457050747
-0.939818972267791
-0.73125100810318
-0.870971216176653
-0.833805605460326
-0.827821571860158
-0.744928720082946
-0.859817929090714
-0.793557709982046
-0.947992117938899
-0.837959881927193
-0.739820622879102
-0.654423075260068
-0.820717261248635
-0.715755809637111
-0.722025803980496
-0.882753652356387
-0.788141068615049
-0.981285753139444
-0.684084250599585
-0.805091532074121
-0.742184270916244
-0.766076087584325
-0.708868324826314
-0.851753057614708
-0.707423941164151
-0.887452289650451
-0.769206346211019
-0.738132170195121
-0.6589949467892
-0.647250234381069
-0.843102035103475
-0.901677777054158
-0.653308735958007
-0.813125125285078
-0.667665274562993
-0.74125038727426
-0.83895613904674
-0.779394625387196
-0.77106335384921
-0.74501959692868
-0.599939867917387
-0.609810446524718
-0.598624772972508
-0.680565978027262
-0.762537142367485
-0.738776491382179
-0.841071265975303
-0.77681292864794
-0.56101828744072
-0.732334811924305
-0.747415328155794
-0.624341473533408
-0.717049615206371
-0.848272197735281
-0.564300719503795
-0.85946626200443
-0.710586520993332
-0.704532298564592
-0.758033259574108
-0.655450202397483
-0.788573886554937
-0.826704842400854
-0.787553539602614
-0.725615894826784
-0.751683102656694
-0.781735192141135
-0.752814021051698
-0.720294339383853
-0.728965280228861
-0.697810451991875
-0.783747440335257
-0.694024924458977
-0.563806471042917
-0.7632135669795
-0.658990513358677
-0.598715753009193
-0.607237361697048
-0.530804027652523
-0.680056259320727
-0.645019155804202
-0.555237197154543
-0.614301584254456
-0.711964129279027
-0.67892438686411
-0.692230418157798
-0.810514772293077
-0.671942815747097
-0.490600304737246
-0.760737037877757
-0.694593479378406
-0.727104467059892
-0.759432300014028
-0.669249060098186
-0.706913669624806
-0.704682281511126
-0.725222622436112
-0.703732771082216
-0.723650116675984
-0.708682355920957
-0.648707669718032
-0.753815417141173
-0.767234826734804
-0.438186161050747
-0.528310055372383
-0.51402701676528
-0.548473364789505
-0.729068984058688
-0.59701649392141
-0.497492028359914
-0.557278898746552
-0.649025199557608
-0.78497157996397
-0.658554496817665
-0.661576465966422
-0.637976942185177
-0.556658181769417
-0.597391286195978
-0.817580807699306
-0.555903293397427
-0.664367637644953
-0.603400818743169
-0.694815736630601
-0.654919362188102
-0.737924041864877
-0.597292441728024
-0.673984725523957
-0.710849765457779
-0.644830195322108
-0.58475300084216
-0.533589277480713
-0.700540862427783
-0.466182007633334
-0.625481232015038
-0.418336517315366
-0.516906598688056
-0.704306119489306
-0.528648821171331
-0.520486407983132
-0.534228952174033
-0.599161448114201
-0.632410274438096
-0.513577167411267
-0.700326998481915
-0.488569941360519
-0.597573929125462
-0.550355445163001
-0.631206985978424
-0.495096755026602
-0.497400634953495
-0.531557244418779
-0.516890714727326
-0.65044776225079
-0.483835355652951
-0.599232569348429
-0.683270663299861
-0.553423198792715
-0.49856332823919
-0.522792083490785
-0.538880145770601
-0.526157908738633
-0.569726885002614
-0.481638491537219
-0.449410759302793
-0.565147491138554
-0.602664060364574
-0.633530826174055
-0.713748802417926
-0.49985822440333
-0.480401312235718
-0.510583903332044
-0.482811371225551
-0.46134987882344
-0.379447206354709
-0.509286514546357
-0.463105438063482
-0.570716360734883
-0.360512170208957
-0.536623525995195
-0.564143128171562
-0.579423361364057
-0.468273011711398
-0.497316683035442
-0.494618132457817
-0.379170890998522
-0.453996155286235
-0.572849197382738
-0.390608531292501
-0.357061858535256
-0.383159591388982
-0.402109850144485
-0.562356301694911
-0.510799571196141
-0.512545563332077
-0.374131668877665
-0.380959184787693
-0.408146927791228
-0.546878081636608
-0.232880725451281
-0.457067668978625
-0.423662955865209
-0.423056148915801
-0.495900712325477
-0.389054931634982
-0.466576020237945
-0.360768217926506
-0.375101853703293
-0.338869274990285
-0.390943614690626
-0.391862024904424
-0.270590352908694
-0.545809813785707
-0.285132209145133
-0.41278507679181
-0.379922638998177
-0.419097062428846
-0.458191331521669
-0.307548717520159
-0.318381012516163
-0.416890187049718
-0.366601542199259
-0.349983988212215
-0.396481687377827
-0.17571271777582
-0.319280145372456
-0.463321813275178
-0.24578607895937
-0.281090889725718
-0.324257456483016
-0.422618101487464
-0.440263686875118
-0.394580644791129
-0.405528239469476
-0.484042421392967
-0.431443334226902
-0.344489425356846
-0.426607232310913
-0.399804765854786
-0.277146977125549
-0.337887285140822
-0.374792676596466
-0.28358654247824
-0.272296617414341
-0.405984271375932
-0.48398045170662
-0.454932303075709
-0.263537193858379
-0.242552346534049
-0.359753642161085
-0.299117544773266
-0.25455342542175
-0.361577496820349
-0.323841077177254
-0.340154114840419
-0.317582013899058
-0.253723681192312
-0.382635702067049
-0.371416375295722
-0.221661471512372
-0.299173674903507
-0.376823883856155
-0.331627474084326
-0.398691648422738
-0.369843288246573
-0.348415682815619
-0.239616165525088
-0.380639947626225
-0.339660794223809
-0.270737183231756
-0.213832986081513
-0.230900105699572
-0.342408730040638
-0.261688320046272
-0.232998469252725
-0.228790683374756
-0.291665868246342
-0.230842471712614
-0.234158519967981
-0.27896728424734
-0.38332938702226
-0.190305652736557
-0.304682327713833
-0.316003820928956
-0.216244917909407
-0.35726933672969
-0.244979603275744
-0.410681075115907
-0.318796609140455
-0.1984854487888
-0.291949605147417
-0.36189505436932
-0.298596274818227
-0.111103307941445
-0.223078338091729
-0.280200320399772
-0.127268332778406
-0.149228553790427
-0.338368652773052
-0.313775233726015
-0.181915040199918
-0.320598625012031
-0.273831400611893
-0.266650545982543
-0.351663102800506
-0.270251345430761
-0.287549554203084
-0.33310184730378
-0.176842843326496
-0.361469451509342
-0.200201226938126
-0.441567186811722
-0.259140858292284
-0.276166447538436
-0.229910304416093
-0.210695689295748
-0.146631862106312
-0.26666954195835
-0.300741307196095
-0.184936779950876
-0.149118947611063
-0.218534703204341
-0.142773728929764
-0.221709502648347
-0.215423723932589
-0.0515836442262725
-0.304920885014077
-0.208346143751836
-0.177318475952373
-0.241086448369383
-0.0565582222490266
-0.238688749014765
-0.28141766792651
-0.199676635998433
-0.208965276256976
-0.355474643087263
-0.213720069760222
-0.237075487807519
-0.255273202847429
-0.127973992951736
-0.212841773004177
-0.167588678806526
-0.126020181517811
-0.183996145605981
-0.164916873025858
-0.136753669809045
-0.170002729277038
-0.235463694075352
-0.219217580925198
-0.138423836636618
-0.0597679241368001
-0.041340579380269
-0.0747735842290052
-0.255138628471267
-0.243085148322398
-0.0506155031411811
-0.202138110017241
-0.247761030563015
-0.111012645195848
-0.00266903346749296
-0.281098937135196
-0.191128618107955
-0.172841392431934
-0.168761134308492
-0.174898240926085
-0.337105114260118
0.0193042289081666
-0.0765811693893706
-0.0954392672644055
-0.0720758179055164
-0.176759213411343
-0.186672972017469
-0.236788791288382
-0.0237292117575571
0.0397965667515305
-0.0273626344844284
-0.1554115976026
-0.209821356941805
-0.0262833707778636
-0.0862100756424572
-0.0387263168831887
-0.0824432322479266
-0.230042255430644
-0.10893845820621
-0.109819943044133
-0.159212597451504
0.0130123365503451
-0.127810601500415
-0.113826425000658
-0.11349117606649
-0.0213954805586099
-0.00635525605521573
-0.157856429442455
-0.0937925366022273
-0.0095550092734397
-0.159123797466633
-0.0103064254361359
0.0283139150797492
-0.0901528846209912
-0.112135747500823
-0.013025917365311
-0.0575787982763925
-0.192911751021135
0.00904688993711174
-0.0660052359661245
-0.0871156550482312
0.117859867256239
0.0309647960072246
-0.113866087217244
0.0103545983867559
0.117652820848079
-0.160677312526014
-0.0259267080564418
-0.0652836692672272
-0.0621555716548139
0.0718551184910561
-0.156924275451449
-0.175961004735274
0.0281095866403572
-0.133933593638473
-0.0402598911358786
-0.0470995302036616
-0.161481795479001
-0.0921076359480524
-0.0550209988994504
-0.0615301418277466
-0.0250889365533
0.0632783148098177
0.0216761131840428
-0.0247507873890692
0.111346748253266
-0.0892931605896432
-0.0641246414375805
-0.0106197231610627
0.0731015651930385
-0.00275777337650251
-0.107528351547391
-0.0225878530385233
0.0923749779108094
0.138686931588809
0.0407575692006166
0.10259889434395
-0.0192196318977838
-0.00380927110234115
-0.0613417758422169
0.0647013316406727
-0.0209155583376812
-0.081927238325689
0.245940797419507
0.182289002257172
0.105725046524285
-0.0229169848991438
0.0427464207173475
0.156798345623147
0.0429847005190808
0.00624159271220476
-0.0233737815361657
0.0849632802776978
0.239312317728695
0.172063709763366
0.0126656987786408
0.0596221809711646
0.0705263624722477
0.133419643985504
0.0896574853446319
0.0249656803836053
0.196479874660929
0.0194520695112212
-0.0140082519430677
0.0860390811740917
0.0867845700114812
-0.119255667690001
0.0267823180572324
0.199165857654355
0.111507880872386
0.163362304799223
0.104323226270293
0.234592832247052
0.207341806606686
0.14886610049406
0.0654678889958371
0.00290306493022251
0.147632373853967
0.058980170757376
0.0987704241471403
0.166036835751591
0.128077647883508
0.102826252485808
0.159703950781427
0.0493453334101977
0.0759790184299276
0.229666424736779
0.259903278777444
0.19331544123485
0.16109284579314
0.147081914791597
0.219420086349744
0.298081592713825
0.23615870616106
0.266336793452565
0.160086172721997
0.141195477916696
0.128827886955467
0.163179528299375
0.112657638118799
0.17803958158574
0.112989923856013
0.163793975728944
0.0959486140954869
0.220213019539835
0.0751000118428083
0.243647777316942
0.0231887096458774
0.343275055747445
0.097809283877783
0.249133514720903
0.163529307748697
0.224993668917428
0.260833475495076
0.147287750495598
0.162436158391332
0.296840959656995
0.250470704863318
0.109923533617844
0.248237651612904
0.151157925913751
0.248400650377049
0.278095045523151
0.280316720556246
0.297855923616026
0.252014226092304
0.137979403009827
0.242979795232867
0.314242744630435
0.22234323954235
0.433709526098106
0.195585713849345
0.163591114496734
0.174904841378161
0.210459782767282
0.123395794577497
0.382756599935523
0.238755571856613
0.276359760615308
0.196814901821318
0.302163217117206
0.26021689242805
0.13024907696641
0.176849532723106
0.348525189935096
0.21731109810802
0.218925357235651
0.161095425325903
0.397726201273739
0.387058674411101
0.315204281831125
0.382945374751893
0.259814232389981
0.182751655960046
0.290141483003688
0.456443480518989
0.159415649492438
0.20394109502867
0.248722823608208
0.261019204411562
0.16216850554366
0.211799509584847
0.250332756051795
0.254539294862482
0.366771364056113
0.206785532653684
0.275121543067288
0.30721042672295
0.24698749972766
0.371756291368089
0.451156389340786
0.248082167362037
0.403932659433705
0.280428283576887
0.417722026536663
0.235903144077625
0.421101093973176
0.310110182002707
0.343897084599649
0.119198496257652
0.434335392897722
0.358239853113055
0.340863517407352
0.322474947255035
0.236523650306451
0.270783752802938
0.287911062957291
0.294006933648424
0.35999858277806
0.176973937858859
0.32039908975995
0.278755746427151
0.338501230417618
0.30995754786054
0.229413416843667
0.331861630022521
0.490062472644508
0.303676382069017
0.367728018348431
0.336282163031246
0.297409493758995
0.414212744287529
0.426427546993145
0.498086722675946
0.270052969875812
0.456747502138927
0.445797062036939
0.373757356017224
0.400660341420412
0.426284438539814
0.450003229060229
0.354254636775613
0.446843793302357
0.488070474843543
0.475460565554354
0.302513064903805
0.434147256140447
0.543357840400815
0.424901268149371
0.372004149321618
0.386201378454895
0.460160125019467
0.644845922057234
0.461701641481912
0.489711898979831
0.33386036146696
0.219743522967823
0.347700942826421
0.356978950366079
0.49718234486331
0.332947083890696
0.444861074056288
0.24595867427695
0.400858872185769
0.409478903338601
0.40730194601296
0.54963837633425
0.464967761807241
0.632400165368315
0.553271198354099
0.493012206976272
0.61572544486065
0.606778679438189
0.417297016109243
0.604041403998625
0.430762695253845
0.429646784828552
0.479685517349553
0.344861333533916
0.43610386275028
0.540892073466888
0.660852504040605
0.720050744004126
0.382517032168172
0.484294038599433
0.418717401999803
0.599235608605342
0.464100554627532
0.5034033608035
0.430160083959395
0.352969231196936
0.435054336282838
0.431486941211723
0.499950429240179
0.561857301280333
0.553736154876735
0.503659359408153
0.445556928227242
0.630163249743805
0.461244205147075
0.450388739171898
0.423682563989573
0.514396595454988
0.450324240557701
0.352620291826779
0.580314801257394
0.525438169453528
0.490569300755367
0.567842381777493
0.529875034126398
0.448505471545556
0.423944183827672
0.510978336292553
0.692677828974093
0.607052389934868
0.472965650465771
0.42959266120244
0.571791847169876
0.51947143752109
0.611011698304467
0.5749787260432
0.496516968572399
0.618796250165404
0.611172269392139
0.566709406093243
0.533630442448273
0.686298362565974
0.487358894410887
0.481554024027661
0.617923471261295
0.631983267854555
0.50388163006459
0.588152340993227
0.567958237181535
0.316968460343351
0.652807354894396
0.459475234240336
0.353769212403714
0.77166433560056
0.655198572219076
0.57884531907526
0.531566396763922
0.504959390183769
0.646736968515891
0.540762984623976
0.645036098610784
0.624785790322307
0.639306996339493
0.626881120995235
0.688658934451557
0.63041131104321
0.605658794053138
0.635299711696348
0.601891509629714
0.670232703350736
0.760235430020732
0.570936357938865
0.466528018977322
0.509277190208955
0.741135974836747
0.661103612334435
0.70023865019908
0.507315160455653
0.639303524762609
0.531050550795306
0.639843075928074
0.523391569240787
0.591914303049296
0.642476517183264
0.748333004733659
0.61766096354839
0.712267610977989
0.659620252576561
0.613754401725903
0.590727002189308
0.543644576890618
0.716149950296272
0.863404187634986
0.699711750777473
0.753896682581471
0.611209116482037
0.747345201544242
0.780690822990629
0.568942695328748
0.685613215323618
0.607514590654375
0.607701653483548
0.631896780541984
0.745564276403217
0.623960502992581
0.642685784868347
0.648426681885149
0.53705730266685
0.639654456586145
0.7537973013327
0.540455008761238
0.820499163856245
0.641764911838371
0.704603535503607
0.564910895822533
0.773321266897354
0.654488076955761
0.721130996027516
0.80225393568384
0.696296801963417
0.789957084821015
0.716893110562499
0.685329782349183
0.756615506949378
0.827536555327195
0.873512683387242
0.611664364910391
0.677014174579676
0.795308117407276
0.847772272421496
0.731882989838306
0.666590449212263
0.656423501685399
0.731465185829884
0.718698778459642
0.661765894876528
0.69274003783016
0.724707218915852
0.825942523759915
0.71223218909457
0.73521752280155
0.81885459777633
0.858308589349994
0.762160902429106
0.757004385774859
0.679963719612051
0.71332919654113
0.600951479908466
0.74132772924118
0.600731150514216
0.775210922384782
0.681211161246316
0.875346884707075
0.907903211159181
0.788083161073488
0.871818358546871
0.772866822687101
0.832491354866988
0.771145096109587
0.684825483596775
0.715318848400312
0.722886979769384
0.731771743361526
0.690236973248275
0.663992467364018
0.659194304617617
0.810918804248225
0.696278619376665
0.770962586218014
0.737993142443599
0.760271891398881
0.732065969295608
0.741634116728168
0.827012899286289
0.862717241797116
0.820628173509024
0.788094580629332
0.719439105317513
0.87567819110698
0.913716456788867
0.993233362859288
0.804824598961835
0.809155114995274
0.874144875140716
0.742582049276115
0.91537821376783
0.786574456587343
0.821324477889837
0.89297184254907
0.943225398656951
1.01723870691078
0.842126080023922
0.828435438029804
0.805687605231277
0.72872979944142
0.770930928165775
0.897346559192508
0.944339493077973
0.886467341523151
0.980520396113395
0.767103925189211
0.922597286162264
0.91385723612734
0.719833554373057
0.757969168153218
0.912810458782199
0.797414576283245
0.889880497303743
0.965265414676275
0.89316546953841
0.937013242254391
0.880728504893214
0.886020357555854
0.887230540688888
0.939415455938866
0.87739684491127
0.952601307280462
0.867914398595323
0.920276997155871
0.97040436730528
0.771612777819317
0.956695557867214
0.918560940401321
0.720087990304548
0.721509420459235
0.905996441521035
0.826942834622112
0.900216937785906
0.813531430771732
0.921784611560053
0.913232755733921
0.997120732835852
0.911128384679396
0.94976851349062
0.940998799875926
0.825482405167041
1.05630619947848
0.95480999445494
0.939080894254071
1.09384776936619
0.890430846646952
0.900960005680964
0.979215871027638
0.989554123170597
1.01789582607502
0.826454853292413
0.991555298711967
1.02219340172926
1.07115819979611
1.03367755170155
1.16695153026124
1.06985264108135
0.929319655027909
1.07105177969637
0.877872241471746
0.951110230548044
0.963385678561801
1.08785655035715
0.97118497886901
1.17925832670909
0.925868214552145
0.995351948860448
1.01933884115837
1.09406095471332
