-1.00608737773847
-0.894567488076013
-0.966293621434102
-0.929172580770614
-1.03331253510057
-1.09781992669655
-0.954688048972576
-0.80730925045698
-0.904415121615824
-0.958878969835074
-0.990239473367931
-1.04261745708028
-0.970236646617648
-1.05341849647721
-1.06332893773925
-0.992990982934875
-1.01178336810058
-1.16680740032391
-0.977767540769302
-1.00475249907595
-0.990293104584505
-0.952944218822122
-0.860306280614736
-0.956829188114711
-0.841482507233523
-0.947523031047629
-0.896152000958002
-1.05714998282417
-0.957465987145139
-0.771421395868657
-0.918976103482136
-0.865500880550088
-1.16767379857084
-0.867213717769913
-1.08055125775645
-1.04454135506561
-0.84173038123841
-1.07933970449986
-0.944227378771731
-0.818770467086631
-0.959739079840864
-0.871430354084506
-0.693699793013629
-0.742906819316933
-1.03395970897804
-0.852479067834575
-0.985851250287031
-0.994948534162597
-1.08151344653554
-0.778034592013388
-1.11372031382509
-0.954890536206257
-0.961963065880067
-0.723367465314853
-0.942475930479828
-0.807924937023604
-1.03507131775992
-0.997268986275641
-0.76896680715953
-0.93255986970469
-0.785561543218988
-0.998639302512193
-0.838076649951904
-0.856966609923746
-0.870615795378382
-0.809792643968638
-0.817387552261988
-0.953394643673933
-0.834796405543362
-0.828075706399722
-0.920250690683742
-0.817315389493697
-0.947090902840757
-0.706984382580671
-0.774170525160871
-0.73555968745344
-0.852545760483305
-0.763808205625193
-0.851793735766675
-0.802529207213052
-0.842923449012442
-0.752727875013962
-0.892892037256395
-0.750609168360871
-0.764367475139946
-0.670279285337264
-0.743705381183294
-0.991721541084506
-0.84298486940355
-1.01655782153312
-0.825281640226858
-0.809412184724248
-0.920152690994568
-0.78536519057698
-0.821216583526715
-0.674560292451569
-0.781039143342688
-0.896364793862631
-0.734386122251903
-0.806118548612178
-0.770377782830379
-0.842843551740588
-0.845403015069778
-0.816222702745257
-0.808048514367347
-0.829069691889909
-0.805263876153016
-0.964098662538825
-0.754524771317233
-0.755363064226494
-0.769839358192646
-0.808600468238669
-0.697751873214141
-0.820330612491539
-0.750842552851999
-0.656651077816292
-0.817475452868156
-0.633689378562978
-0.752809144764709
-0.684564642207858
-0.752324235582965
-0.829311355106416
-0.724976713585063
-0.868148908022049
-0.650415379888748
-0.636795129550776
-0.800937958631765
-0.753508171550786
-0.845502444982736
-0.669534436550804
-0.550542530915178
-0.750367653715061
-0.653209948402075
-0.892023346664139
-0.493548998464048
-0.737321059679407
-0.744828929205201
-0.795818380433848
-0.684035829889058
-0.659402496797283
-0.56862908140351
-0.566885777545613
-0.66961940614511
-0.651831914925964
-0.817190917371349
-0.802408891198199
-0.761910422185618
-0.714312969170014
-0.653967873783067
-0.849714391562547
-0.716963513430242
-0.738746201984597
-0.686220943358642
-0.794462922630196
-0.654720456195179
-0.635729925864812
-0.778532698274799
-0.612978054046575
-0.655279195545401
-0.699908105877964
-0.643309379924886
-0.655230809091234
-0.766303758578278
-0.713072902244612
-0.604302958297975
-0.595008696407369
-0.841477975526048
-0.537672831782346
-0.718301312859004
-0.640671004326287
-0.68757152797831
-0.681202461663445
-0.603626504695133
-0.631972387867593
-0.588195831494477
-0.67943688014483
-0.640896701815611
-0.485608380998789
-0.778521807819473
-0.620399693631304
-0.669158823231181
-0.579627884818263
-0.656551717948056
-0.540587068078188
-0.604654989067839
-0.572584758509858
-0.640886832077333
-0.523343719213348
-0.646045324588943
-0.589215830652323
-0.502342676831663
-0.715376383276187
-0.657721586375589
-0.647185068568736
-0.574645772402432
-0.735072714849697
-0.555922015883738
-0.610176050712844
-0.648521897505088
-0.702079364435678
-0.477592499854306
-0.56182554842214
-0.694063185449425
-0.621833479609976
-0.692128413776375
-0.650098644797615
-0.750611706886389
-0.65451052586507
-0.588062414138838
-0.524200333619375
-0.632402371362592
-0.5511498693411
-0.554573909346814
-0.536467406234982
-0.587730755469519
-0.564973806249696
-0.582827338888677
-0.630184039327856
-0.603441229010932
-0.68042741815276
-0.520688515807879
-0.579571336432828
-0.593865959844979
-0.620104286442504
-0.46621263514423
-0.466198591444153
-0.65152061715896
-0.55961018726371
-0.587578154200526
-0.513957852993694
-0.370285424812453
-0.519410072979537
-0.398952968398953
-0.624901762202974
-0.445773013040563
-0.646770892277439
-0.501411616023597
-0.519542297551484
-0.523366536927027
-0.599336414146658
-0.490855716237285
-0.541636779847725
-0.629001952053836
-0.625358797053988
-0.422791744340095
-0.44450563667436
-0.421196147300135
-0.565733778747247
-0.409243014546582
-0.45660019411853
-0.518798045326484
-0.514956113045999
-0.430142354623217
-0.579222076425792
-0.61766445327898
-0.531963808601191
-0.457992543837854
-0.42529416090332
-0.466485898851812
-0.358622696545776
-0.443554069590996
-0.604362164322834
-0.352740177758119
-0.564801338775157
-0.577663772100794
-0.474875710170386
-0.412766500452386
-0.263011511309953
-0.358576164428751
-0.288576583280825
-0.399125146450539
-0.411885384115056
-0.501237685467637
-0.539679229945615
-0.373016055909016
-0.494718648349338
-0.511715817043196
-0.437980450488529
-0.441507764358624
-0.456827461503572
-0.494123180369604
-0.387962507630714
-0.508699547514396
-0.260102776551624
-0.36258144944286
-0.40568902308907
-0.457118819411352
-0.451349798318277
-0.503356304461162
-0.305581256996917
-0.421647605294367
-0.46110514492818
-0.462732500236246
-0.413969133907106
-0.498266733689469
-0.280014454311616
-0.440727809607463
-0.452951767012367
-0.589899251890055
-0.422291302108985
-0.433040724451464
-0.383063731868185
-0.283677256274399
-0.310826787948261
-0.380684017009552
-0.357907874396908
-0.31820549385326
-0.282498353812561
-0.32675133663996
-0.34849212632671
-0.502867260100606
-0.444989557091406
-0.148757105807687
-0.515645482013563
-0.327977852827604
-0.363017538890039
-0.388321936796755
-0.422040423101711
-0.456085855758894
-0.350772724716043
-0.337429235486633
-0.322936131201754
-0.245656553269593
-0.339557258845437
-0.356051965922955
-0.298925714914359
-0.127226579962533
-0.317251491306815
-0.370255593172827
-0.16839397216162
-0.499314092099393
-0.377563384552834
-0.310918677145366
-0.270707386368988
-0.286717892644286
-0.224827888785899
-0.428271297398
-0.283804445632387
-0.340264089927851
-0.371956619643631
-0.312750173029403
-0.215699285206717
-0.275722691564036
-0.461402489277435
-0.231906847055134
-0.181472259918842
-0.209668972958529
-0.184581254597909
-0.325885719350947
-0.287667824868913
-0.197280371012305
-0.379432639330615
-0.222143179271322
-0.35253540949252
-0.294071014315656
-0.287470648912595
-0.229075925333216
-0.305329700362949
-0.243901739293073
-0.32165382251048
-0.39472015990522
-0.335538611799115
-0.326972518492824
-0.214330899690882
-0.19278979443314
-0.19566678938628
-0.34380381108791
-0.261590196913619
-0.242752053072973
-0.146065610317141
-0.336854222148227
-0.220845696699688
-0.452775609900971
-0.208441693499743
-0.327725991353923
-0.294609227550024
-0.183210859859064
-0.283971321421358
-0.22190800798397
-0.240363809754163
-0.352248756663283
-0.265178068792863
-0.238883277341216
-0.339066083268794
-0.268676724987342
-0.250837024973477
-0.385454514363472
-0.201657812126109
-0.0902187024189196
-0.231679121574688
-0.193037146964213
-0.310997268847618
-0.0919669557418153
-0.152834648368063
-0.287831684899346
-0.317385935876461
-0.134768838778401
-0.220791406442794
-0.370661121677727
-0.145287261796899
-0.203863382494166
-0.202851040960257
-0.237713276583503
-0.250364352108145
-0.31839521793434
-0.114399371461854
-0.0838274382468951
-0.307492093418003
-0.114704051160331
-0.154042335521908
-0.12938316113511
-0.228042855119203
-0.176434253223119
-0.245045517746133
-0.239422167526025
-0.0537990254379189
-0.219116381882437
-0.322769449809869
-0.201163745107484
-0.160178529965596
-0.0391665674985469
-0.22327928484783
-0.18945797770004
-0.176561901811021
-0.266906927735846
-0.190653048259658
-0.211463681358481
-0.170111798518409
-0.113101709765508
-0.0696269774694859
-0.118261155205264
-0.130676305059843
-0.235121373218423
-0.10821699472141
-0.0456070396472108
-0.156190920286781
-0.106938477033338
-0.374360836650215
-0.0911941671185481
-0.188483201377477
-0.0621097837248189
-0.150491547990616
0.0176720908801726
-0.10393856642862
-0.0524664594390404
-0.124783891206554
-0.107446674374661
-0.153657180455401
-0.0803052424232306
-0.0384409407563512
-0.267727054111409
-0.131139288214496
0.0688045128322939
-0.0404962260908346
-0.0363190054647127
-0.106316626869755
-0.0882158942079969
-0.05924093788321
0.0377834381936356
-0.0102106637420274
-0.0651369714227607
-0.138245520541663
-0.0526035668665779
-0.0095471112790897
-0.0697029849062246
-0.140136554507791
0.0822435498909133
-0.160012055174645
-0.0269839614839235
-0.0188921950334296
-0.103970582784204
-0.140185525970259
0.0132766289198274
0.040314006954114
-0.0612573222590413
-0.165737338462526
-0.303511204242157
-0.0684154066688775
0.0352702377939275
0.00595956379373615
-0.00593486922503114
0.0308625484569583
-0.123263850440095
-0.0859568621228465
0.0500455275024522
-0.146218129466124
-0.108822849789715
0.0889918698055941
-0.243299548734209
0.061955297986875
0.0164941235059897
0.103363801083437
-0.0814082539093285
-0.0534913830616065
-0.069374189021997
0.0928475408609484
0.0141362759781721
0.0279389141607524
-0.172721255864718
-0.126786982052857
-0.0664446680599474
-0.0903613120778023
0.0178951220756602
0.0152047277986379
0.0782622289087273
0.0690840530810805
0.00473666198907887
0.106075618571102
-0.18627315861148
0.02251621090029
-0.143326427103264
0.0574312522039372
-0.0639102941119605
0.0994951244347221
0.0416465123068403
-0.0150358172370095
-0.0668823040964959
0.111237411942379
0.0329647366518424
-0.0498758697079115
0.0540640584900861
0.157659983995029
-0.0801284609972309
0.0531529577419971
-0.00443422569791823
0.067355253732037
-0.0623745408159397
-0.11167323802212
0.0648984504105124
0.0992128015848137
-0.0253298932314941
-0.0750113023601743
0.169890439282121
-0.0116639110300397
0.0822275260966329
0.0148945010379297
0.272409132038875
0.072438952763569
0.0154492341382158
0.031300175114402
0.174271889813795
0.0371522562998988
0.0656528558064011
-0.039248268618426
0.0178647629046411
0.0659619488575279
0.0942895694775034
0.0870631721866468
0.0842274825309291
0.18913108255312
0.0902049285077635
-0.00860802741367799
-0.0788347168535853
0.0294176249765046
0.139556319709211
0.0627734767940392
-0.0376989270068786
0.174226399196587
0.175336493099491
0.0668009944099184
0.102975523171232
0.0529621715980799
0.191845957117062
0.263200277851526
-0.0358351770778488
0.251730465587329
0.178225379612365
-0.0896204508451658
0.14525291100476
0.130462824661692
0.0922298463690092
0.140552967347167
0.210997504672953
0.067433177232671
0.0261145531014496
0.0783580438479898
0.333476095263178
0.258749270824922
0.14502405831449
0.194933078128573
-0.0308426219582756
0.253200904559732
0.241160350264419
0.0710316847924424
0.0765933073150294
0.0808418786011851
0.167202610440461
0.197707345274472
0.228050309296254
0.0567591433768209
0.122831456002288
0.314479280577576
0.131208300293536
0.240505912025141
0.0632241254994278
0.206100041649969
0.283707232866085
0.255370408710174
0.162995465089731
0.26791440574033
0.118590332529378
0.336611930372892
0.136578613166131
0.333513988179593
0.197809662376671
0.0189622882501789
0.163463607474622
0.280000569864078
0.286300429452347
0.352888686469389
0.203710183611873
0.182100915333714
0.368881393817687
0.325048551614913
0.277290660615665
0.142519308839138
0.0979520667588508
0.276206781030018
0.273763681299024
0.0390358186634176
0.256165957394784
0.245709970012743
0.206815675070045
0.295682444530446
0.179091427414543
0.292831291413769
0.124238343630006
0.265309047129177
0.188038122756801
0.382782369486521
0.419532535544588
0.240707365572741
0.0952295655630954
0.271284165414165
0.257618502782155
0.325040754724654
0.113940222435017
0.435036262674641
0.301635541424775
0.222122204143943
0.122046437195775
0.298767690021572
0.273426236052388
0.261746046706173
0.161822107730435
0.243765821009236
0.286186005438713
0.356852154791299
0.249683307417789
0.305138857148263
0.367723916528979
0.273571504519056
0.414750510142182
0.433333863840876
0.32165268381304
0.354785973707085
0.307711335986171
0.351454868000958
0.440911657949562
0.252335747407579
0.308635015399696
0.314719464061257
0.347742472997932
0.382153848128179
0.549583864829176
0.406592503186613
0.339226219726702
0.332924454728715
0.27552715957433
0.455221500527438
0.319684162024617
0.389252996717823
0.343785246923715
0.456979513240682
0.237065728689781
0.385961051229692
0.234148171578481
0.2413599755382
0.251484561434544
0.296505290107301
0.441222271544879
0.224860798379293
0.34958988235554
0.287563506486499
0.351154569849559
0.496238692364433
0.436299955304049
0.342223183767983
0.393714270328587
0.438626341055618
0.302287500932965
0.365721992991709
0.339220408034618
0.324399362525142
0.407948868295171
0.423402355034806
0.358840798309557
0.497728106948585
0.483146913368052
0.253975664921235
0.434989631365044
0.527182164880609
0.471739818472441
0.408525799373603
0.350412150632538
0.378121904536068
0.377722388970903
0.393899254426511
0.245872277672413
0.436838393275597
0.543332424770836
0.350580687144789
0.452710494234351
0.586691377510902
0.507013503977161
0.461204199813273
0.362839779039529
0.545631303459547
0.352045947698269
0.404623118633879
0.494679211538798
0.333762360689237
0.496223264291067
0.354260658185358
0.457148671128579
0.368167771381426
0.559195948719785
0.536589917101941
0.34295375037479
0.428094747734699
0.489822117647276
0.468922192905742
0.490976932690255
0.535767598131125
0.377639016463502
0.449946627898
0.474288448040017
0.592967508241942
0.283781524509392
0.477137343030721
0.420745632685305
0.626409666352986
0.627274613146942
0.407258242182686
0.703479191585127
0.497763285354044
0.543723622755533
0.575332340213171
0.408284033080994
0.471784089806183
0.468176025274075
0.504553780468484
0.502590815647417
0.468889774658143
0.532589969000604
0.426021147467195
0.529617862272024
0.552327820916957
0.389203573639785
0.525222823359409
0.548450839614471
0.51218217938536
0.542350541219972
0.492475095777087
0.489467094914371
0.505356858342539
0.625921499343121
0.548877628493939
0.640473524404228
0.455271131319922
0.429503287678131
0.53920058408094
0.529728194509673
0.522972576606237
0.509009337999749
0.549980343937517
0.523663360836838
0.53875817358296
0.575646810076801
0.561358435535957
0.561585306151014
0.482989815624062
0.588145844288464
0.455401629656043
0.548501766303715
0.480175376298047
0.559417338661764
0.71687918125537
0.520850365090864
0.631696877641931
0.525685194683834
0.515678919874113
0.586474154299264
0.675291914287635
0.502738149070577
0.532535080886812
0.587692585868467
0.624445284309726
0.505599060769921
0.598995356608451
0.519871807617801
0.678200198635106
0.567614421692539
0.602833457024435
0.582209258482851
0.709297232732275
0.581937881317964
0.557934528266541
0.480881609660789
0.698185387145474
0.638764980153793
0.570348024560397
0.657417804768612
0.788641479799652
0.650942407016231
0.593124407802678
0.646359579808198
0.664171981178247
0.49920279908644
0.584074469949764
0.633210384620446
0.735030126194707
0.585996348005064
0.695801877149431
0.639375882228745
0.504729547103128
0.762648867377388
0.699928581802866
0.745350153857754
0.699157905607917
0.563876471906009
0.582138528377901
0.633848643101349
0.793261158594063
0.578780229682884
0.637341443365129
0.679341794745497
0.855014337201758
0.619366504236045
0.705254198898984
0.711110487915775
0.766528333530999
0.626549307647528
0.782435822478089
0.658123817722106
0.839673571915489
0.648727342167597
0.823315939518657
0.694172278604239
0.607232358238296
0.728141057553734
0.674296602549421
0.811402299948179
0.67699910806014
0.760713125669028
0.988662065925203
0.805083788160171
0.58432012710409
0.700137558455137
0.768595806744001
0.647651485755028
0.633615132604426
0.647362717048167
0.905603326720602
0.743882921525575
0.68591973966726
0.650253666316228
0.824554619562842
0.729503666080694
0.695443426579644
0.717414570252476
0.79548406055341
0.722682055197513
0.707215290358774
0.796574771268348
0.654063935716261
0.813511203709147
0.765183593592979
0.98669053163318
0.708675995848457
0.610282975267138
0.813027489678083
0.777638968523048
0.682360886349363
0.844434996996089
0.869784548974472
0.755761270653392
0.57843806960624
0.86770224579794
0.737217941044475
0.775280838308683
0.729378848100707
0.885762369449033
0.713603704321141
0.823814867840882
0.831388616636561
0.72725586947794
0.843946274222135
0.646946182120751
0.893499065026857
0.888276799990947
0.73863348148798
0.711026636521485
0.798097870134251
0.737636607241657
0.665963313305136
0.800928807337878
0.869208480250234
0.785819893482209
0.834951856821085
0.864866812503841
0.88360229563398
0.8460933003112
0.868901000014927
0.834719139009751
0.692939511998626
0.81782949124886
0.891571603788541
0.897917031525981
0.824094650236085
0.893312643473262
0.950860918526501
0.782777164273874
0.855255915357458
0.866901391566668
0.999625743792723
0.789789873698513
0.836924420961351
0.802245172485296
0.832599857872539
0.851100360138876
0.746000636881456
0.800331247132664
0.859417561287754
0.796089426291217
0.698113153325513
0.754950819023108
0.81744750183245
0.822649187664006
0.794948175125947
1.01590726305221
1.0152996136835
0.911006943091951
0.854081237022658
0.78538873579363
1.00832089099611
0.783633961251371
1.01192253845605
0.936976865033004
0.756746448441025
0.948342843267506
0.86963548790644
0.823482687251411
1.12106056369482
0.735418924114495
0.881596735767416
0.863710926976843
0.925495726208717
0.917757080520286
0.857101715718151
0.962090361198927
1.01088179986424
0.923971705063556
0.790886542958379
0.914361197565904
0.830712416337486
0.76778950013895
0.972308064486308
0.875285561677603
1.0684176071365
1.02991102545017
1.06575912768042
0.976737696412206
0.828510060015967
0.913951159977816
0.927460282594602
1.06675785455074
0.788300357968861
0.906192632390809
0.928824689628726
0.898926061929585
0.867787601138453
0.907710024634487
1.07685083225565
0.982456789901771
0.930397943340335
1.02950321304179
1.00022845324853
0.840515561610253
0.945567277450993
1.03560301062646
0.898466829030967
0.951210940402747
0.926237740106823
1.0439594887945
1.07826942677966
1.02686933563594
0.96950689203313
0.95319622396477
1.20724442919063
