-0.903189024884886
-1.08799117498148
-0.974854018570355
-0.909145513156473
-0.935660480643387
-0.994658331572389
-0.990668503053771
-1.06952276564121
-0.953091581920267
-0.887113720540436
-1.05730366050564
-1.14546771007739
-1.00974155873922
-0.949456299250676
-0.934258404493486
-0.911782504035084
-0.911504494402883
-1.08008637313899
-0.998092801779427
-0.747817257743465
-1.07958699159672
-1.00051540553589
-0.8546801342222
-0.868401507768286
-1.00164233895874
-1.00970655974798
-0.89985814603534
-0.817842343097878
-0.986004867495371
-1.00991702230855
-0.842877519110639
-0.840860512053305
-0.953549008015205
-0.933142300172719
-0.958380566182134
-1.12272532618818
-0.810500401105644
-1.00100020254848
-0.783216774769203
-0.889949845105507
-0.929323667400501
-0.932313403552953
-0.948591298489364
-0.848211018816402
-0.997156987196326
-0.921268156825948
-0.835579420455862
-0.907375431527494
-1.06591512817925
-0.986331659635581
-0.891134948198655
-0.912795168393768
-0.822879525764209
-0.947142156022812
-0.760439210117994
-0.844033790768778
-0.799230936507584
-0.859370535449793
-0.928461859854663
-0.877829438620296
-0.86767786515271
-0.881203287885818
-0.855021200646879
-0.922276176950485
-0.770966844136602
-0.94414423944481
-0.853702920415988
-0.892929876749246
-0.778650090358008
-0.782377437123361
-0.767519511845032
-0.747127086195409
-0.68654611495314
-0.915770755165071
-0.846223536055657
-0.817180215714695
-0.858944514423062
-0.704148445494135
-0.922439067442725
-0.747773733713929
-0.864954573540682
-0.815807755364362
-0.832769557481852
-0.763586736900699
-0.842584344081017
-0.774765300502241
-0.936867241963958
-0.850611049416305
-0.72013783704618
-0.644190566028388
-0.822270021704062
-0.732503385280532
-0.705967018651904
-0.910171137163533
-0.802009324947335
-0.99015692584671
-0.696924581088184
-0.794988767184563
-0.742483314554632
-0.766211437105473
-0.712289607665023
-0.860041882465706
-0.694729368859622
-0.898270776020975
-0.778881113800235
-0.729125524880369
-0.668403536210013
-0.650130512310198
-0.863596051852006
-0.908570238969005
-0.654773816434423
-0.823974359380832
-0.65910529550732
-0.74021361270694
-0.827094057762659
-0.786115257597899
-0.721377018522339
-0.732435859423374
-0.586704232138204
-0.601566849535771
-0.571696210287846
-0.66974490163744
-0.770634859721927
-0.725246739273554
-0.846875892119823
-0.785862025843003
-0.567029211082694
-0.744876638209545
-0.749633974543614
-0.629087696613196
-0.72381623620134
-0.829776370265808
-0.57715726663673
-0.826409248159286
-0.702616443913743
-0.705420301313155
-0.782804334352384
-0.664343150412096
-0.790014823557333
-0.831418513855087
-0.787996536185639
-0.733087142177848
-0.779406678476765
-0.768490111858855
-0.755007321176434
-0.732314132864245
-0.707120117363092
-0.709422258900442
-0.760016470533127
-0.692983472486473
-0.571175885702804
-0.758708495457369
-0.658726735481037
-0.627598035547777
-0.604203533050462
-0.528936999602987
-0.645219075191537
-0.653255523339177
-0.552194174108829
-0.620772106048551
-0.719455784002415
-0.664634850567065
-0.685705905647512
-0.807535067798386
-0.682824250250302
-0.512217790344218
-0.744035370403317
-0.685544361300161
-0.735142195116872
-0.757233520180083
-0.667279698243106
-0.71365235296278
-0.725025960783635
-0.737342775914553
-0.708538126610804
-0.694122147429045
-0.662638627237536
-0.653031833574922
-0.734082093647274
-0.750881358980837
-0.431331715166234
-0.526745469426908
-0.520025512525516
-0.524435930153442
-0.718267376330719
-0.583098138640815
-0.491357433840263
-0.561003451834956
-0.664087145456807
-0.781624123592252
-0.656683780504207
-0.674140738791352
-0.636828387616495
-0.555132775751916
-0.619056106416677
-0.812750564286937
-0.539821317606841
-0.669114113167103
-0.597838405538874
-0.689604466533168
-0.646854058837163
-0.722126685747075
-0.598411717794519
-0.675133402587204
-0.702470264761355
-0.636881961907464
-0.552432919257506
-0.525385083853619
-0.716734438518574
-0.475140396047785
-0.61836351487096
-0.430535592748195
-0.525979452575769
-0.689981755751859
-0.521740304902057
-0.54763315648068
-0.532517956117044
-0.594035525476009
-0.628334452671487
-0.52660859775703
-0.685682537504426
-0.495662554577169
-0.607846417487112
-0.590673071744305
-0.619736177213779
-0.485850935944087
-0.497345041979981
-0.537022973396657
-0.501204843041959
-0.633886118842736
-0.458347538186996
-0.605398926141195
-0.702734493838547
-0.559665086597636
-0.506574379131977
-0.502894196193303
-0.537047215578155
-0.527738470622334
-0.575027482134083
-0.476712093316116
-0.447770207448841
-0.552022155232284
-0.606385324780911
-0.635395691102975
-0.722602031732928
-0.508798237162036
-0.486060928798023
-0.49826903854405
-0.473519105671154
-0.44164949887967
-0.372807448926662
-0.5153280139341
-0.477535286498404
-0.568398365547505
-0.379571955418531
-0.54269980116121
-0.560986495893096
-0.563595226203563
-0.480524917566211
-0.530244124883504
-0.510005942322473
-0.364665531073133
-0.455439875959303
-0.602237107097403
-0.40550898978064
-0.364694270524375
-0.365908566180572
-0.418437619554136
-0.558151719235972
-0.526306258731372
-0.516493845485829
-0.378036595985683
-0.367538122309371
-0.381241068559507
-0.542039894386849
-0.243317280505684
-0.464299021112413
-0.434069130149567
-0.412673448908981
-0.475834317498898
-0.396158022244951
-0.460807706985468
-0.355679881442964
-0.405698261292721
-0.335781459458011
-0.41108850029617
-0.394889545125344
-0.265949246703452
-0.568204915511494
-0.26554033629617
-0.429763092698557
-0.393195389709586
-0.395004640674282
-0.465855052898415
-0.308957889381843
-0.325586897749556
-0.432845088860539
-0.36303830275585
-0.347113160216132
-0.400104804181788
-0.165211651772236
-0.320407252875502
-0.465010270214941
-0.261742426887584
-0.270258312510074
-0.319608352044331
-0.420352085260085
-0.429088593227492
-0.363757517736114
-0.411111143442196
-0.485624761074117
-0.405626014156538
-0.371246190053893
-0.419964816550971
-0.423590321273408
-0.285702084408232
-0.336030731980814
-0.372502408062288
-0.275562439406784
-0.297650133865726
-0.393607952738751
-0.479603378652558
-0.445137410513167
-0.261088142947794
-0.242625160499689
-0.371370685563507
-0.305686354594689
-0.269647883339681
-0.372079336641604
-0.355836956760642
-0.333110312908671
-0.314110925502396
-0.25650182205677
-0.373884532199568
-0.345137174900223
-0.194984008575082
-0.275614317270851
-0.336941301911836
-0.320304755111944
-0.395064104373488
-0.363581222774464
-0.346338088480878
-0.241110001379671
-0.374429281651259
-0.354830246227759
-0.302459227801076
-0.213237658287054
-0.233857184614349
-0.329762488349716
-0.256072473118786
-0.243521031397022
-0.220807049293096
-0.31009293419239
-0.218871776926466
-0.219905219445031
-0.277918905946459
-0.399899106453822
-0.205019026236965
-0.299372541560714
-0.302913070610158
-0.21460749950429
-0.362848000826918
-0.275286430460632
-0.396671624747974
-0.337899003203515
-0.205753470382953
-0.303667271224327
-0.364369892878776
-0.301464578583459
-0.127668357989938
-0.225090004400098
-0.293528881256183
-0.110862238090173
-0.149942141265406
-0.339845622498043
-0.311384756444293
-0.154689190414301
-0.333350389344313
-0.280986422957291
-0.292513292994476
-0.375542771196163
-0.269643567800937
-0.272381166880394
-0.343685442067768
-0.184888486193159
-0.370354200055003
-0.188144435780076
-0.466541834738571
-0.261282737945409
-0.278476296528963
-0.250701980814704
-0.195621987486827
-0.14043730683378
-0.254072978121541
-0.301237051014812
-0.212388383968758
-0.159089649003623
-0.220096816562351
-0.132456422425959
-0.217235878260485
-0.202837721588095
-0.0472255685580762
-0.306703472116632
-0.209974304955405
-0.164750628089868
-0.243084693084753
-0.0720411716189563
-0.204288720685556
-0.271987727831886
-0.184638096868485
-0.214862868179462
-0.364585750305697
-0.205128177740476
-0.239354099704764
-0.238091910946869
-0.127126628924605
-0.212819373676393
-0.167741413287204
-0.123639140332179
-0.195191005278235
-0.165802633772275
-0.124506627717829
-0.157344282103106
-0.236107663033878
-0.231593019492149
-0.146407190645144
-0.0594784337227179
-0.0570616885580994
-0.0850199349901396
-0.240925461755261
-0.26749229074556
-0.0585539756905506
-0.200123777511446
-0.241928222470022
-0.117318214759205
0.0200000229476508
-0.304799973281186
-0.209487978406014
-0.186607886856259
-0.193757599121937
-0.178728575682026
-0.341287411997066
0.0354080307376703
-0.0747704986781673
-0.065457689564128
-0.0615729119542624
-0.141666794819712
-0.18606872172711
-0.221534274026118
-0.0192055366766895
0.0257648899709361
-0.0149146301879161
-0.163142568948337
-0.207176504556634
-0.0415617468319203
-0.0825574659536314
-0.0448523900724256
-0.0935119282576432
-0.227063868679051
-0.115301139080249
-0.131230530960329
-0.157790514116741
0.00980327747367459
-0.128196296167863
-0.110080468555014
-0.129494832835538
-0.0127763758463511
-0.0101335707244074
-0.149014496888273
-0.0865864067288133
-0.0430115033074364
-0.146931020904227
-0.0147308737442977
0.0355062317280556
-0.106139174095826
-0.0849427680025135
-0.0210302697442927
-0.0368004705779435
-0.205667565135875
-0.0107432143215214
-0.0756567641282
-0.0980412978817819
0.113299646203927
0.0283914793270771
-0.0901847736817493
0.017219579616426
0.141865403847818
-0.176123360275983
-0.00501604585484695
-0.0660765967499135
-0.0523031786170079
0.0615146415230106
-0.141876948893408
-0.157661304420988
0.0046335796336316
-0.140304379419453
-0.0483082022611078
-0.0498612104371245
-0.169480306039574
-0.101581228294684
-0.0596245910903981
-0.073018717945439
-0.0158830051988976
0.0636596813346027
0.0206991583034433
-0.0495348786589102
0.118881966398499
-0.0967331374123056
-0.0668597498256484
-0.00957463877287358
0.108813681863961
0.00108774609211151
-0.0819727159999105
-0.0237198513770693
0.085033889115711
0.118905179733518
0.0545731771455135
0.109471946845662
-0.0167234761366423
-0.0019446834291291
-0.059742452280529
0.0702074835240346
-0.0209818874971988
-0.0793638438613285
0.291290323809361
0.172170457299336
0.141372325403544
-0.0010995375596472
0.0261998856808663
0.169586265675995
0.0603941411746586
0.0336462001070662
-0.0325085892232381
0.0667488273333639
0.226546974521489
0.188326970969649
0.011057045795629
0.0618354708507613
0.0648366760784561
0.124519807569447
0.0836250774912437
0.0359644562240797
0.190642541490958
-0.0093800949704405
0.00383645433865498
0.0843015171794645
0.0555911887703772
-0.0971138986216045
0.0148333320086213
0.206077610629449
0.126510652620845
0.164605448979441
0.10141545399959
0.202246850393521
0.20931197530701
0.141051399472498
0.064026147912894
0.0125828471365264
0.142695119677442
0.052364753591133
0.110140605555657
0.168232033115329
0.155153277068064
0.109758315317004
0.145031468036565
0.060001417711172
0.0906187111304466
0.228125933904366
0.225372269433086
0.206167385339669
0.162255834524375
0.140529524299633
0.225330990482321
0.320192837911699
0.250035820138348
0.261677591015125
0.185881893927399
0.166286036242658
0.133066112154101
0.166498531681542
0.129677339016865
0.181256834240307
0.123255534858557
0.156528434071934
0.0975861137993699
0.208352483163842
0.0932741960687203
0.246207707229445
0.0178372905798666
0.353725085308142
0.105560016512807
0.262299994861617
0.174301853031328
0.231634001967367
0.246738662687596
0.165900477186122
0.18094934604136
0.271735696813164
0.253354375226029
0.109054332934206
0.226211728688742
0.147804923046981
0.241304870532019
0.29785062025665
0.261507511614582
0.319660798998792
0.251255980811084
0.120381947062435
0.244189125215156
0.316628693561656
0.223379359992054
0.436079377218466
0.183152474517103
0.171523626200664
0.181705833588392
0.220218372884807
0.146805057930257
0.378423969412126
0.264450278173863
0.252391676720903
0.153577374764867
0.333159821244449
0.275331151077689
0.145574013787264
0.183968995157067
0.333743482247309
0.207280504751797
0.20989948089165
0.169483928754481
0.37618411518445
0.396400992255479
0.332979002794546
0.385156198843272
0.261867271070882
0.197327724481079
0.300823344716484
0.459140751488597
0.178656317373098
0.217638062820956
0.2297466365337
0.247738809232124
0.167581495932407
0.22037031151266
0.267211593795383
0.275438793817832
0.372365867956696
0.197877604654988
0.279505144217902
0.320421154684493
0.24371751181106
0.376287331138031
0.420093316617238
0.257732362812554
0.41579918502269
0.266569779772801
0.414980443229381
0.245540107237519
0.413161160459426
0.315929971713125
0.331915466679056
0.123699503097707
0.462429725291856
0.356095491824892
0.349136501089255
0.355396901354286
0.239845732602531
0.269171999564569
0.302504510497214
0.308823519833373
0.371046549387094
0.180074559044578
0.306365404482971
0.252911746253602
0.36204570334864
0.305478233427783
0.230972735815704
0.344074747872365
0.465885066508479
0.28091656431304
0.390130481265505
0.327875442881535
0.295242780647297
0.402627913226325
0.451608403314902
0.482713851966955
0.263422901564571
0.438521289899047
0.453237966183629
0.392516911679252
0.387974582034909
0.429616342435746
0.460966326288712
0.369027032241091
0.443621813988853
0.487592060470091
0.472797238580975
0.322524701865377
0.458934329407241
0.545667229530674
0.421545171771865
0.381847052332053
0.389900149492938
0.462702849673886
0.646587023064616
0.462137702804613
0.501512504927133
0.340048743020524
0.198927556421384
0.337207800426469
0.356610942061887
0.50088574963201
0.340336108641541
0.461241074789227
0.271916319178056
0.40455521772703
0.43846678423689
0.411282746259979
0.519160502550974
0.463727931777839
0.639380211102326
0.565914236507762
0.490640803600106
0.625624151653855
0.58604639463935
0.426016122378128
0.618231327935043
0.431507969337768
0.427364677344936
0.473210092607074
0.346993158369924
0.435072313866325
0.54614704589908
0.659152253932816
0.704846145507103
0.363427174592507
0.492695547546544
0.39789809218483
0.6118751744335
0.461556500530635
0.48585473704246
0.412686658022481
0.349678839591948
0.442934754023099
0.432636626524703
0.490104473536734
0.577451264172893
0.530752651013328
0.494280218358017
0.431701041499338
0.651098615729552
0.431430465624026
0.450669786515886
0.417805118432975
0.507240709070645
0.452378837017608
0.341854216547372
0.57702341386797
0.536680593251977
0.495130516905628
0.560910144159036
0.537295207694191
0.443981083383554
0.418432775405272
0.52621294463548
0.668392456611668
0.603307193624321
0.479188832113327
0.427873369162679
0.5748733269235
0.49509458861984
0.610755783120008
0.564045841727484
0.518766358335185
0.616779682005194
0.60657557875526
0.543532069882108
0.535452975515611
0.683977912290075
0.494938464851138
0.477138723068862
0.581107615829052
0.619385304975202
0.497639239920546
0.577709917472969
0.585232262846287
0.335187463535143
0.653261074535071
0.480458678945143
0.348068193265093
0.761322978227994
0.647028284297736
0.595537661861097
0.531112321475725
0.48134030709645
0.638972502671058
0.571501379106594
0.66328075830285
0.630848775177154
0.62373723243382
0.598984232625047
0.676034303833875
0.638033431626231
0.604859472613462
0.663142436641329
0.571994638082916
0.653500008761061
0.756921382731877
0.557017543207555
0.496643909114226
0.509823393333823
0.729668996297512
0.666293828100207
0.700325480421978
0.49965720145974
0.645565761725256
0.558252370294161
0.6248475267806
0.541741094598102
0.597324043434185
0.645331632439739
0.764758912470108
0.615378994078933
0.733648028310393
0.621420193016115
0.5974606853914
0.570584005858752
0.545067010783762
0.70294761692387
0.861735385811634
0.678997545380356
0.767393241356304
0.621526597331698
0.766689030860488
0.770998660351909
0.576644731655796
0.697897178937563
0.642399712021626
0.619342139012287
0.624765241211111
0.754532729011355
0.621777703659704
0.635229260944519
0.663764812984229
0.534760682318737
0.646858279508048
0.737845100559826
0.556727936169512
0.812218631624875
0.640483478149605
0.695970247007827
0.580344581878061
0.771187392160167
0.66154418787937
0.73914903619598
0.798844943271989
0.669354851535488
0.806100520060334
0.686807994813305
0.698189160786385
0.753044179298297
0.818656212185589
0.899024031044946
0.613150218619645
0.679010325577434
0.802694430293891
0.869860287650342
0.708693253357634
0.631875703407118
0.660650928912914
0.747291152024691
0.717253102537127
0.644945367231834
0.695526152347148
0.711905803319974
0.813653997668521
0.721191678036554
0.733333190698829
0.819488349473833
0.867876751697756
0.75471348631946
0.750942011190834
0.693595364224939
0.714525073020615
0.61136775080715
0.737888781742996
0.585068297948228
0.776277238068087
0.664582256542226
0.892806173222302
0.929009696530953
0.773651152011592
0.877462850230643
0.793764429738388
0.8502521188376
0.779902136340707
0.716400811471748
0.701949313004668
0.719749829790171
0.7283798737471
0.682657250246041
0.656492461020317
0.657626025578644
0.788610408480813
0.69584561020062
0.783535908409055
0.728286051821524
0.747699927006384
0.757110875774443
0.740053421044783
0.800751775766049
0.853758735224311
0.809047305058548
0.800237823372206
0.719736545404682
0.878039268784841
0.917891449861334
0.976424781471378
0.821689847603459
0.816124180074645
0.894379133408103
0.756616756035994
0.930116830031054
0.78316517024545
0.832141946173483
0.897289257719995
0.960409097040001
1.03329872229154
0.825896449384731
0.815414414209342
0.80912734752817
0.735230945750823
0.784879563551163
0.913297662870353
0.93688778943146
0.927611173260462
1.00426491559456
0.771191316797399
0.917409994430633
0.903427670491027
0.720233049952297
0.752981986679169
0.906056620474598
0.823926533928636
0.91712827698754
0.964241240393541
0.889042951728864
0.926196730483897
0.864206990563765
0.866980892004993
0.889664518501987
0.945215116764927
0.882713996586618
0.979655284298481
0.859032057026258
0.887919282860968
0.966484275945805
0.779108337715185
0.943296007976762
0.899140303846513
0.732473425821911
0.729555116182557
0.903469537787768
0.827949827257953
0.905885370277601
0.804335366428454
0.914076215066501
0.903412212448202
0.985227276644462
0.930225561015283
0.952070867294301
0.943346143107067
0.818332440883666
1.06707702958884
0.967437179415837
0.923222532698584
1.0648968520744
0.880028347235223
0.909257910174828
0.975301804468006
0.99720822458902
1.01432166224037
0.833674882859035
0.973983919588496
0.999898826789746
1.06255883939601
1.01737699225161
1.15431143275279
1.06486511446639
0.944077099123441
1.04725578064682
0.886912401932996
0.958193743267819
0.984556744187353
1.0602894886477
0.954404677265988
1.17926529143147
0.930155262944429
0.97992663272762
1.04678678795081
1.08428621825632
