-0.974877399055059
-1.00204855078629
-0.986414848201689
-1.03179706860972
-1.07250210213872
-1.11068108234852
-0.92675984670502
-0.895612223944055
-1.10505938089418
-0.813180272458865
-0.996545646012546
-1.02700933963847
-1.06721407552195
-1.00689573538455
-0.893745380596726
-0.915825296871096
-0.89620862712091
-1.02545522836344
-0.981105296656629
-0.957226697760051
-0.803810961511501
-0.950394816781921
-1.06602861659532
-0.909452738429505
-0.870958618485005
-0.868999067826463
-0.989598861077732
-0.97553553468035
-0.844206217360323
-0.888487887061064
-0.965039928181354
-1.06963140847494
-0.985657953383735
-0.98004131041774
-0.851670110831956
-0.839788464273747
-0.944446618463542
-0.786356522433693
-0.930752008127764
-0.883177463235097
-0.759696408422268
-0.846423266439694
-1.03479811230586
-0.966180206132801
-0.904429731850845
-0.877315238504911
-0.953573687491971
-0.893578299637671
-0.929772411485665
-0.794683788435513
-0.946783464060034
-0.981845042134955
-0.942212513232368
-0.889850674816931
-0.953119166041695
-0.870276927150489
-0.840411715108033
-0.845023673482181
-0.945732697340808
-1.05748481911481
-0.864000399248164
-0.992979593286589
-0.794196657481311
-0.767260341228997
-0.776804572106707
-0.826523234692108
-1.02431032365255
-0.841649118038574
-0.825722655660651
-0.771386975387452
-0.870094270371633
-0.923212910582569
-0.962423105577533
-1.15643046560384
-0.841636674157987
-0.849425390913293
-0.914263972588453
-0.993332812323718
-0.743151602712534
-0.811187406689678
-0.761002831062691
-0.871733638323448
-0.915702292246741
-0.898085820798229
-0.642244290254968
-0.78009637017588
-0.905553239578709
-0.831923810409748
-0.876331679627614
-0.938345740879677
-0.890819983329945
-0.774256877816364
-0.861049147771419
-0.726159590980555
-0.805014295831331
-0.773166428312316
-0.851728227270162
-0.721068810811184
-0.765817875712894
-0.754055379289784
-0.665650996913359
-0.725220744059143
-0.933468119176338
-0.839805948769133
-0.9152703761503
-0.611938492503173
-0.742901083490119
-0.744012023700971
-0.832721983387711
-0.657076941958444
-0.597122362448148
-0.702562493005649
-0.752245195751745
-0.967151610670318
-0.908309078952257
-0.914037095495817
-0.76423025865176
-0.735395935760095
-0.839722358463601
-0.745947739069213
-0.663230593164105
-0.885576847865313
-0.680862990108419
-0.803927100488489
-0.78036390725515
-0.721316825131026
-0.821180349209674
-0.622136268548994
-0.783978771884583
-0.741307094631819
-0.764728507364882
-0.761524313650693
-0.85791558050278
-0.667878903036898
-0.663313752907639
-0.74816764260029
-0.731193044218375
-0.715689562691341
-0.749637743279554
-0.752683624517284
-0.799019828462575
-0.64737927133807
-0.724247030278649
-0.697769725025055
-0.655581195962093
-0.598974282150408
-0.730597985016048
-0.675032850925757
-0.79749563455396
-0.58516103606557
-0.716796726293891
-0.782165435267492
-0.57633447399522
-0.76946763424876
-0.620818202728957
-0.649415674869329
-0.859645147893209
-0.597825551363617
-0.682421213041276
-0.58874977858772
-0.647773348284297
-0.683041932505026
-0.564348207450185
-0.697741582059346
-0.590770424650905
-0.68029451035958
-0.700328558043709
-0.621365406222364
-0.716431549366648
-0.603015957966946
-0.720039736334669
-0.670816291574344
-0.585178020379026
-0.701698686984708
-0.574469545739609
-0.507800417088733
-0.614562433915536
-0.721881112859969
-0.786399233171186
-0.708879703657238
-0.660732541466713
-0.561863439988361
-0.542596850612196
-0.542822476186702
-0.622438635455048
-0.591396755046916
-0.663791886411384
-0.529726536059964
-0.59553076939617
-0.754096449971846
-0.559172300264113
-0.600973529291364
-0.620938102084539
-0.646077911665227
-0.43888042762095
-0.759231541333206
-0.595646757739186
-0.602084001703628
-0.748585178347599
-0.563720131530282
-0.487662829650678
-0.6579017565565
-0.458533698349994
-0.649842224022396
-0.566152802073089
-0.600413829483741
-0.430802684194336
-0.605909028924151
-0.622718946520676
-0.600606564810518
-0.599796163978661
-0.717479177499187
-0.548692338329184
-0.553812422531931
-0.58874915204035
-0.526748619600464
-0.590921563126234
-0.535187531580898
-0.566867785053019
-0.572690221734765
-0.764570562105024
-0.660222888493455
-0.57070699459839
-0.493348574666713
-0.583750339738552
-0.609701297826978
-0.51863257141628
-0.571290179631303
-0.630469924772099
-0.595029580486978
-0.503814315401539
-0.526474861557524
-0.569438860160656
-0.616934327298342
-0.587890769271515
-0.542372803485611
-0.478656976024316
-0.6178728673865
-0.399728810665097
-0.492622213936565
-0.51050344765519
-0.510697974431869
-0.566581151944855
-0.551772873198108
-0.573710629502991
-0.570055522325654
-0.522235562369993
-0.598342654045128
-0.543881552380984
-0.473977963711151
-0.431474704008374
-0.535014130304415
-0.414180939277
-0.432818590718638
-0.426250412842901
-0.448391209284227
-0.506986831848297
-0.428413680577465
-0.491918747851464
-0.575808253005855
-0.444742889400335
-0.548938179270589
-0.52285851643071
-0.537837098933272
-0.39500976512004
-0.255310809718765
-0.405196400163504
-0.44281094587143
-0.571080695293698
-0.465549533619786
-0.602228493073447
-0.484255663130305
-0.463030176677946
-0.427272483752863
-0.418698732964712
-0.386474180142849
-0.600299739610635
-0.446564354259246
-0.415962656576806
-0.348036487330843
-0.467302331151944
-0.325887220581615
-0.506935628925142
-0.651021438470761
-0.348410900297386
-0.505843310072128
-0.456760877888664
-0.451169642199982
-0.405451440425357
-0.45479372881762
-0.458814309899957
-0.251340272081185
-0.468937485060332
-0.356321070866828
-0.432883713804056
-0.282446017813902
-0.268296828454939
-0.423489927835484
-0.320735342824006
-0.269913143331917
-0.408374308605974
-0.354248699505159
-0.337895429186175
-0.279323875405975
-0.337980504065488
-0.306796549450601
-0.442633341017422
-0.431235146044335
-0.285940249353792
-0.49590932587674
-0.328296957199985
-0.393674285742602
-0.424860364727484
-0.385330755768104
-0.350573914024331
-0.372807253327683
-0.394059353607962
-0.408864246272344
-0.311232551063683
-0.432856864066249
-0.26044489001563
-0.430121426527376
-0.395027253854689
-0.444666500833569
-0.268469023730097
-0.467119567950099
-0.465110928613512
-0.273922509866635
-0.377720141283805
-0.271282192516762
-0.385327589188004
-0.459479997797029
-0.271842762911206
-0.512754867314544
-0.319977496301127
-0.177989082802299
-0.293717312089666
-0.401382011596632
-0.237310532922719
-0.326377604193083
-0.106625638715809
-0.385200852727537
-0.215105209691321
-0.344687232820799
-0.422416392460718
-0.231330655590008
-0.287344102828859
-0.278181840677993
-0.322809206696211
-0.349874626615071
-0.0818783740491998
-0.374818199292463
-0.356215610174374
-0.349980377307589
-0.247811378521305
-0.246738789012811
-0.378594620092029
-0.223382404060853
-0.3952652257585
-0.351834071546239
-0.269631559599295
-0.284530668036509
-0.363227653039383
-0.126204959868687
-0.207571578051942
-0.248995826654959
-0.259714898773067
-0.235421931851315
-0.235206424563356
-0.329529895385999
-0.309514106394359
-0.27638247837462
-0.279214359117849
-0.220036218494608
-0.346065326370835
-0.195440921650643
-0.280498337144424
-0.304098677258616
-0.293065797626534
-0.403780668760253
-0.339130845747973
-0.159050618097785
-0.185788437529218
-0.178910389343135
-0.264673095418102
-0.353585264754685
-0.292282105433597
-0.286818288363111
-0.301197611707297
-0.150683207150292
-0.26634290318493
-0.256731872522076
-0.138034079594552
-0.118016997782842
-0.213509041100778
-0.33073033995945
-0.0305512859732939
-0.16632176921956
-0.26213183486712
-0.365155406081287
-0.264582643009032
-0.28668426893029
-0.106092727393021
-0.223812171766899
-0.327935211388065
-0.202908948259231
-0.213062841263045
-0.228100242636734
-0.0660527832953904
-0.166436734534987
-0.248616196816027
-0.150150328173535
-0.199361487937064
-0.155222981700282
-0.250777948925185
-0.309896080546733
-0.0560279782025937
-0.252580360904113
-0.134559351257933
-0.171358665804603
-0.26008331418288
-0.111195461583453
-0.220425585185798
-0.209538250399551
-0.0796279335925756
-0.112449762485346
-0.0464844573725762
-0.0967481196078918
-0.315294387902426
-0.126460238657352
-0.293087754715403
-0.0644720505122425
-0.0842272502493606
-0.20109646382686
-0.14331792752433
-0.250582204081117
-0.196513197754298
-0.0762616337982192
-0.188471283388604
-0.129070177773693
-0.171499596188201
-0.171862924655472
-0.0185488026480867
-0.0571317583092472
-0.237254847029859
-0.0724135221193016
-0.119739349848838
-0.162076737492939
-0.192526399456582
-0.292958803906789
-0.161426325506821
-0.172108545463466
-0.00490772413250869
-0.104789615666765
-0.110568784324818
-0.0424723429043302
-0.119653088288374
0.0149847121994774
0.100019587768035
-0.0654917550476764
-0.0822882098899116
-0.0628375221895807
-0.211485767422531
-0.0106876743799008
-0.242799063083841
-0.0413494245207398
-0.104223197502192
-0.0868009414938659
-0.0282016617282815
-0.204912579057538
-0.00626024531833891
-0.125406416804087
0.0627677355970945
-0.0858621545621451
-0.0360786445686659
0.0250033004194463
-0.0644282333291451
0.0125586943377117
0.0100765144007439
-0.0478559788694577
0.0964897460803358
0.0831630259908365
-0.0160462302215571
-0.129468299718156
-0.108841217798716
0.0634938676550591
-0.0760698392376778
-0.214445816781907
-0.096727410095476
0.0370499190535048
0.0475543592542515
-0.109425301601189
-0.0622108755501239
0.0745171705866798
0.0709175930729008
0.064705896526565
-0.08654120592453
-0.0204943512743722
0.0660444443814742
-0.0252530712780764
0.0916872271695961
0.0478357763857205
-0.036312434949682
0.0703332230188696
0.0648339822493189
0.0485070396233279
-0.142118038184297
0.0310585693184987
-0.000191600177636706
-0.176134977225036
0.0848315513974728
0.222078848164753
0.0813324014454136
-0.0231988277235245
0.0802432269203789
0.167773874357623
0.0758759133155983
-0.0159412231616542
-0.135292968864361
0.118041922734492
-0.00878162814072688
0.107272512154296
-0.0500091466213333
0.0135076514914854
0.0793723714689857
0.0047206276972649
0.094089053605661
0.0376159926454474
0.0577968759793872
0.104710303262809
-0.0334856225258489
0.0674542178484325
0.168531162601067
-0.0974082145628862
0.103688918611499
0.168508948216307
0.0648883568438306
0.0214729791557795
0.0804067432098769
0.144195168592466
0.0988149170159947
-0.074799027225927
0.0413469707953665
0.110128973158101
0.188921561637966
-0.0769413582902998
0.203497171636077
0.0917970965322601
-0.0338017139634108
0.109026624291748
0.15547214333232
0.201185593173722
0.151959290519444
0.0433635050333473
0.138416637758631
-0.0120331426441742
0.188910126358501
0.13539842331785
0.100081100716258
0.056046346783894
0.0724113380980872
0.0137658687834515
0.0982358630245339
0.129901921814716
0.117343088277764
-0.0917900252995913
-0.0389618016079264
0.11301438825425
0.0209834564298663
0.0475364262466032
0.0507924792765438
0.279608867778851
0.210512774325591
0.230013653361706
0.273689743950242
0.119872823422629
0.0670858174656398
0.181206283460792
0.191030686086248
0.086846917672025
0.0657140765816148
0.260121768039781
0.0454096868156664
0.292651710744812
0.155120227117649
0.238652435850804
0.278609917137221
0.231981659162206
0.154174107621771
0.282907110299649
0.22709367112152
0.166202031156661
0.316816096586295
0.0806537016838624
0.232014168011097
0.0724286748409797
0.129815776573311
0.0873955191718885
0.3314743574685
0.297327906744851
0.280207806166467
0.163159801401033
0.183130457044185
0.250749405612708
0.0969490480998448
0.305824453155511
0.233558820976028
0.315640724508318
0.166851321637271
0.0739021900318641
0.329264632614306
0.166817415769621
0.270505432314002
0.327560652226137
0.0646029624596806
0.259813816116464
0.206684454934221
0.0273897420612464
0.120123793630652
0.45154885288569
0.349725042402907
0.217801080295786
0.161988621894803
0.240838025559304
0.392281226421758
0.315589739485083
0.11847269495051
0.124762826430384
0.150564471054166
0.379262675397081
0.23793839521182
0.335802413332671
0.158143973662875
0.228167937724663
0.215356762322878
0.263137625330824
0.185671974461336
0.363913021691457
0.376311751643268
0.376696920431269
0.180491391750606
0.31908717450915
0.333484664475077
0.405283472802377
0.258234941138009
0.239949402461369
0.337012936202892
0.258080118562984
0.32226354227556
0.249630271990877
0.218573651232822
0.48632757238096
0.404680375133704
0.243121229835996
0.270475497687679
0.330717596886048
0.297157025763282
0.380029221718952
0.255880765846707
0.376139120662883
0.409444482139877
0.400397341129272
0.286204971139961
0.394756419867422
0.429763809140988
0.20208709682281
0.28100423238545
0.372955808390217
0.301336447180134
0.0924175948652666
0.316032652302336
0.308564260324087
0.335665146356679
0.226986733777997
0.412875285854207
0.282444426946929
0.322879281704932
0.432413352767388
0.362150549922393
0.185907155694249
0.344754602244585
0.439954872821596
0.339172552079528
0.400094381550722
0.287670233565985
0.33973116464226
0.27018333753538
0.35662175972512
0.356092655928203
0.510202985729768
0.372839973812085
0.402525977678679
0.340377822141137
0.400171246841037
0.266548133455412
0.338110696973958
0.218905818453312
0.277774318530071
0.357264115384986
0.370910137360624
0.305577578108381
0.25915588724003
0.526364941173524
0.320159245547413
0.278874818143028
0.383192276482496
0.303681069639143
0.267883697935732
0.532707906682479
0.498242655660891
0.466904201063454
0.484740099478137
0.403420460660562
0.286258285266878
0.425534294973801
0.513339182792622
0.412560847656976
0.414619308299452
0.456754440743849
0.306873314607494
0.378232384918087
0.514407769005963
0.446376791330529
0.392542253738713
0.353053434028689
0.399403569795083
0.44526013801604
0.510597906778619
0.330559723802204
0.561251670203836
0.503509083673563
0.491339128908947
0.430456388505185
0.520377193474852
0.455039564760224
0.451691515572333
0.465474688833961
0.353140317082654
0.424651475554515
0.52917728943669
0.461357817393047
0.497113685137509
0.519721352665323
0.490173686031351
0.475910639788214
0.488044105600425
0.462866748564639
0.477046538814848
0.488662800218992
0.511763566616182
0.53987844227551
0.645919500504186
0.569639766022899
0.505067116604727
0.489288106676923
0.533189554059556
0.575747367170611
0.530539224564293
0.559176496900184
0.531076330264453
0.608615502783084
0.528015377494828
0.564757839814901
0.512830012875684
0.541055534498648
0.449473755156472
0.520415741548008
0.665994855777448
0.450970052840782
0.512134192037458
0.50653298329349
0.621614633815167
0.567360756278162
0.612189260650645
0.579587563947591
0.620297995411403
0.491876414086289
0.629258478760877
0.573084135060692
0.651144212255523
0.418856959820843
0.578988382040981
0.837915897095577
0.522069799045788
0.619176535503874
0.598704226384005
0.756419165094214
0.507294825970541
0.550161419933827
0.575658638642771
0.529749255929104
0.617338522906652
0.670152182486437
0.577597214125564
0.689566917139724
0.621951163222553
0.634633793859812
0.692379706229783
0.645768919462959
0.459466569451151
0.499656451567634
0.573750961139853
0.577389972578503
0.688907701222351
0.572666195269036
0.676946126428177
0.584897544319645
0.49106945752396
0.700379797196928
0.646882700023568
0.581344873661237
0.592634192945788
0.610010744422068
0.535676833766063
0.43178808261027
0.588158614298969
0.606311521995635
0.49039770962485
0.589918636672
0.609979811636784
0.564201772496498
0.559077055171634
0.632810175737863
0.715649285943035
0.687889272769811
0.599344542271754
0.50374924715921
0.722422501416985
0.680146152481699
0.538886246305232
0.471341507076429
0.720350916985602
0.512308100916698
0.80551460240631
0.61525306034608
0.708999322138884
0.804263714130726
0.719772698223239
0.633507033020576
0.735409234604496
0.74086473585533
0.730475974829484
0.731359299428389
0.743120837193106
0.616747092871198
0.641472224661743
0.548814682479304
0.67722673515857
0.501138590998374
0.724796163693072
0.708166111678196
0.716782538789485
0.599215735019024
0.565121507017203
0.729100030532921
0.727834335601486
0.729564179310527
0.687351950951452
0.55611597901544
0.683982143083898
0.69654087921818
0.713972397494488
0.760633970765952
0.721918106677039
0.78845145158893
0.764567986119743
0.762928520204579
0.849445668176933
0.680131381528386
0.731795610718331
0.874039664007791
0.804501612492128
0.764340893863117
0.671699054277475
0.682853833659452
0.699888648550368
0.857511182894317
0.793694742415965
0.830190738345266
0.867208851369441
0.750831733344473
0.74665301539226
0.803105899063814
0.662014974710348
0.799540333857919
0.818276625203646
0.806338393883256
0.810992553142684
0.800837126485102
0.67808966528334
0.783061162124438
0.945141627003742
0.593066826521163
0.624264325166268
0.671057899737599
0.887885361134104
0.896272454429309
0.880854855374088
0.793902708960483
0.873103029844381
0.742619929796691
0.761124093188068
0.867168375236764
0.675938674244933
0.624248761830528
0.850948701399164
0.833916322779025
0.842643960571654
0.73263030879278
0.835386495607094
0.884026434139122
0.865793756185629
0.740763910673975
0.737257089203865
0.840664975942983
0.893352351283047
0.866886934780657
0.744735604219703
0.853973844296961
0.895765347456365
0.745767219796899
0.833629847424017
0.720439729919541
0.91336626796075
0.842117550520147
0.964916118698898
0.685667152578869
0.862612042515257
0.823104507768425
0.890997234046242
0.683664462461583
0.931461895684727
0.903236919334657
0.745489643894833
1.13020373293758
0.811648535150572
0.931378762446393
0.990844834802972
0.931752344684606
0.87941975319776
0.864211610326089
0.888113156439478
0.847900405404169
0.895937409695279
0.905964494665225
0.931960524297053
0.796123181166984
0.711089114845047
0.949024128792824
0.749608568688604
1.11803308640672
0.98065332241308
0.826644415723338
0.81847523176795
0.893380642747157
1.03056412936305
0.850191993362419
0.87891266903003
0.948800317793271
0.800113925456736
0.798418649557695
0.974469507252218
0.761512124404175
0.943448307223547
0.959714046741124
1.00111594313409
0.961356887830574
0.948756112352145
0.957015388543197
0.942313244580781
0.82198036949622
0.97391078422628
0.835089138605227
0.971309472329107
0.829616311573204
0.993832136292638
1.1221236394602
1.01003199988972
0.869525960667587
0.769055265816792
0.92461329553864
0.978985571446249
1.00355515215603
1.06152519495932
1.02715453690077
0.967136714462562
1.01926866165786
0.880176892609487
1.02256641777066
1.13223121611165
0.980675451403292
1.00025921514635
1.02633148495345
1.0690359514186
1.08355592725581
1.05024233587295
0.985315589823154
1.10999911510731
0.946933834077039
1.05958145297019
