-0.86827550590096
-0.958759109001198
-1.05388308050912
-0.93841261759319
-0.792872677498278
-1.01541185528742
-0.919458065038381
-0.971950377961712
-0.959091130546556
-1.17339223385542
-1.04277750599252
-1.12803409388736
-1.06566999046426
-0.953399047669116
-0.877184192804875
-1.00215986709894
-0.934317605500944
-0.893578139248344
-0.93352148246678
-0.847052872042467
-0.866669207100928
-0.976485130768389
-0.903181307653769
-0.904427449898767
-0.907269490893324
-1.06037915603918
-0.963134229115601
-0.875023808564689
-1.04144939387244
-0.890709625053667
-0.899792232116947
-0.874798578019354
-0.9294606903957
-1.00971843427378
-0.773777977330102
-0.931432674523769
-0.835904333223851
-0.934855353137115
-1.07489316093205
-0.78564502274067
-0.725071258719364
-0.798484238919388
-0.875771676832659
-0.943002558789304
-0.95808891087956
-0.847770712394901
-0.872789372884374
-0.906992710767303
-0.812079467441205
-0.948348709214785
-0.972084548018592
-0.923700921015418
-0.890924851637784
-0.912246218480328
-0.833225900565155
-0.946930146681002
-1.07355693457479
-0.929964407752246
-1.07808538427067
-0.983133226825119
-0.787156961419608
-0.862138445009171
-0.90117238327852
-0.891867531788554
-0.730706735963984
-0.923201054427648
-0.836715062492546
-0.850170218829959
-0.797362083342204
-0.894202532793042
-0.783590238500011
-0.823909161924408
-0.758424079076122
-0.85488416695145
-0.809883023396571
-0.834961893042851
-0.993021171786052
-0.867337737838652
-0.82459599181849
-0.827165125158641
-0.795574993609521
-0.76527882222863
-0.904936954447305
-0.738425162167364
-0.870943832737081
-0.935418020169524
-0.744309690969774
-0.840300930145668
-0.780620392034178
-0.819553428332016
-0.908554694436015
-0.640679935753593
-0.776230680247569
-1.04327989936751
-0.844116112719761
-0.632362972819098
-0.832743694221409
-0.945555646039207
-0.773127859088177
-0.799325234166472
-0.741355863100464
-0.727321988491013
-0.811731284772948
-0.867298900758984
-0.657237550282664
-0.767219967873031
-0.815559623954746
-0.868479514085816
-0.809105950519851
-0.879961659925291
-0.767752204611832
-0.778576806219628
-0.738178555929161
-0.701717829632552
-0.857809791887697
-0.743715725507219
-0.761476558770978
-0.822114777002003
-0.732256962482969
-0.818316316089343
-0.937481376662508
-0.741695532356606
-0.647128637268427
-0.620080812296457
-0.563037385201594
-0.661423598550253
-0.815869741398192
-0.735852018711977
-0.83030032708967
-0.614646467607626
-0.645093081041799
-0.720219664916571
-0.739748460526189
-0.785471259526003
-0.787508847008565
-0.745118064041292
-0.727218932828919
-0.58145748794089
-0.701055036591663
-0.610054827389473
-0.684423103970019
-0.786489783807299
-0.676547330154795
-0.893728172613723
-0.733514729073068
-0.619211695390969
-0.611806855597044
-0.699529868695249
-0.736726245791166
-0.550355092064248
-0.629663273946013
-0.693832002989116
-0.614578475306248
-0.69059657012397
-0.648933611927997
-0.749592414076826
-0.660182723683784
-0.865209604828321
-0.693157453860354
-0.837030549976799
-0.648738449517178
-0.577177831611298
-0.682930472587711
-0.765891556294823
-0.788755365084181
-0.733289426294664
-0.73870525519205
-0.692383821348296
-0.609733625650609
-0.658136193518393
-0.743902448229903
-0.730246847043957
-0.609210364278291
-0.658240029404516
-0.555667108207695
-0.468505545198127
-0.625633651887869
-0.644051568690367
-0.613907480839869
-0.657870149588896
-0.823179261657818
-0.701687133411858
-0.68600890029361
-0.817716724592882
-0.685102947636492
-0.718796287399823
-0.643337185896282
-0.64071053644842
-0.634263511998883
-0.512468163989725
-0.663705269456221
-0.627614419671317
-0.634062467046421
-0.709497117493456
-0.61127208303011
-0.590791115354189
-0.453251906793849
-0.67857969781862
-0.675660495026452
-0.653685985034556
-0.537987697896854
-0.530886180817562
-0.435584563649326
-0.582484743896393
-0.555769963114552
-0.394169470357289
-0.53962327867248
-0.493742020396317
-0.486958316240798
-0.539239127952002
-0.572084187881516
-0.463948010773124
-0.605098603237072
-0.489321256094357
-0.438664819449268
-0.525923794611666
-0.582695593214507
-0.430248076668225
-0.740292505466892
-0.429493694050868
-0.505222168080111
-0.444345255553406
-0.651612808946479
-0.637421548500813
-0.601851890094923
-0.614219491301541
-0.554851585718931
-0.530401226909276
-0.463341755778423
-0.527463671672344
-0.534746559629525
-0.60272194816439
-0.439397438947364
-0.497955129417818
-0.541084185754516
-0.497635217964051
-0.568252713701689
-0.521299723720521
-0.618168319196706
-0.472985780626595
-0.525870331342293
-0.644410070760453
-0.417339087296966
-0.653720940328845
-0.577357432091123
-0.585456496373403
-0.427796580036006
-0.484589381908816
-0.426874461700447
-0.546610695101896
-0.308230807957775
-0.480932940727265
-0.406442030474962
-0.523122030078693
-0.531197255048616
-0.490221408610939
-0.523875113253012
-0.662655036239008
-0.504195618483001
-0.498340104538192
-0.550183583531113
-0.522301652323725
-0.38237404781171
-0.49021091375733
-0.546500900060818
-0.356007235606266
-0.461578482936987
-0.403325393864077
-0.550584187078989
-0.420208589594438
-0.396378617325073
-0.529304635643445
-0.581438564698317
-0.580011948423718
-0.418538088258755
-0.394536247889118
-0.313259254194596
-0.387752879925506
-0.579082355850238
-0.342445403245049
-0.463857899047709
-0.601739366512689
-0.447280987143082
-0.484669993711822
-0.48674506046671
-0.448441972984673
-0.427270369130821
-0.46237909822891
-0.409780586527714
-0.462145053694123
-0.532633393960594
-0.439804108516877
-0.33964657749047
-0.394599070542048
-0.45242071925267
-0.325375593068044
-0.199533629995784
-0.367819408906942
-0.307098294000998
-0.464554486079297
-0.52312002700646
-0.301819925936957
-0.37841935678879
-0.395268404969254
-0.3221945845427
-0.271013676326937
-0.309150466597203
-0.387645461636292
-0.34311319868135
-0.26451678650237
-0.407095652907404
-0.231362089491313
-0.486105665131283
-0.256712430493697
-0.344620169100713
-0.417163798534484
-0.382318692061966
-0.487132366324396
-0.286411071727336
-0.273005835236142
-0.382328465872177
-0.362164724489235
-0.388038376373307
-0.28904923562127
-0.389793527244984
-0.245376063344193
-0.324039488542558
-0.332113621982532
-0.395323945715175
-0.404868404056597
-0.383751236623054
-0.279868536976023
-0.199856226043675
-0.398755233943475
-0.443256654006234
-0.172930123131433
-0.25725538681168
-0.351395132955269
-0.326712264971822
-0.230907631042012
-0.319405929495439
-0.275643068667401
-0.248139214687765
-0.313141543008322
-0.450004175046008
-0.300863033720641
-0.290565463856482
-0.235278667192394
-0.271287440249259
-0.342822913593452
-0.281370652500628
-0.344288602269211
-0.319788841674631
-0.208073735809459
-0.439699687572822
-0.217401359927549
-0.18540034570724
-0.295533171355475
-0.25372560600309
-0.337332066525998
-0.261060879013498
-0.330495678597131
-0.265207086940969
-0.152422567366096
-0.287084974310185
-0.483952360602006
-0.42991015247961
-0.280163107435264
-0.171515566988337
-0.317511914357807
-0.145750079786833
-0.283830743367411
-0.371009457922025
-0.271319600440994
-0.241990746028623
-0.345252381101212
-0.157754398375218
-0.329124749680462
-0.265667246824329
-0.380871791204451
-0.243917425439064
-0.276576808935075
-0.338840771068383
-0.292280439609397
-0.115140463014193
-0.214505354376773
-0.254035178351264
-0.200939919418812
-0.331700536468916
-0.257157764388476
-0.254454397645851
-0.163613179735039
-0.123611797187322
-0.129913730150196
-0.250844876920754
-0.284489624325637
-0.316572827869332
-0.224025798164651
-0.127107355369979
-0.193055808732674
-0.153178257040095
-0.26371369718892
-0.143661554272579
-0.122737217408214
-0.214571581355361
-0.11819143958725
-0.0929694381712987
-0.212526000908842
-0.345779381178545
-0.097796522213014
-0.0908384658378666
-0.106344212187546
-0.225898523931639
-0.33880499392241
-0.0690681919014042
-0.129220235810986
-0.216075177750119
-0.0220410592128658
-0.349137744648903
-0.11690834698322
-0.0324856513980426
-0.203803949025184
-0.149722301030495
-0.0853334093598605
-0.198485920413578
-0.15147680492836
-0.107019421021023
-0.208071650510773
0.0452901221051831
-0.213299175525275
-0.202571852000637
-0.0125296029898684
-0.208939577877717
-0.181727999405047
-0.190904571848024
-0.0922953006612176
-0.0408076073390606
-0.137010889357559
-0.19141908412881
-0.133880415816631
-0.15834023023205
-0.0735201339488745
-0.102288402014817
0.0152397722565501
0.0178862530279642
-0.22789430271173
-0.0485799129785219
-0.190537357408872
-0.206024552692576
-0.0711086380533203
-0.286383353679857
-0.0684789744998692
-0.0481410912371433
-0.148121902298323
-0.176677519473518
-0.0227446724796991
0.00124342748295095
-0.127807832531318
-0.07777688478961
-0.139279398278783
0.0142311882187421
-0.0124819547730819
-0.110540801821988
-0.042370208195336
-0.158953149861511
-0.0797251958978034
-0.0577180132671766
-0.0424592999600325
0.160490055601468
-0.0751007763196422
-0.0700401931095728
-0.106614564857184
-0.127185410124885
-0.0105925140538584
-0.00272640415503189
-0.138199774729835
-0.0664453490265173
0.0337451286844067
-0.119978215083565
-0.0458698183773985
-0.136442220768645
-0.0285678316153397
0.00270798187266215
-0.193608546739652
-0.0925037793542559
-0.10260416778962
0.0064591442340151
0.0456694990571979
0.000767708337362409
-0.0956057222401727
-0.0319662143012056
0.155004758189017
0.0307698287112452
-0.107421034401777
0.00251254303023641
-0.0222951852105187
-0.111350362147983
-0.0181227536727959
-0.138744005817759
-0.0868089895238033
0.0618079113894996
-0.0493820462524489
0.0395997314399988
-0.0638839916262173
-0.00857245636749841
-0.000975789506692478
0.1511850231949
0.0280865655672238
-0.0695469977915358
0.0855452622478768
0.109338322088021
0.108001749547938
0.0563706633649157
-0.0211640937382963
0.21366146136597
0.0316935662238162
-0.0100583711568673
0.00239487629204891
0.0846989709863801
0.129040746770404
-0.141596891238117
0.101329586193417
0.0202917993687265
0.0419472415081516
0.0371632119764927
0.0506878570081189
-0.0463540312097771
0.0814487993958113
0.122972684342585
0.112036685869014
0.0533615111511891
0.16233693920461
0.143940755946034
-0.0411950513431632
-0.00890749434696155
0.0430414493818808
0.294011047357202
0.0675206228809083
-0.00516062295474668
0.0365915550579117
0.13529078177811
0.12381796290384
0.133230839547594
0.038790528734178
0.065819817986073
-0.0107142161599262
-0.0474653812250157
-0.0548266506859663
0.0157913222971718
-0.00913963472260038
0.144172910689086
0.145493602580892
0.130957293606645
0.212804977943757
0.215959446107344
0.11852126807632
0.113844201711166
0.174402035218896
0.344147663808039
0.0510388050042957
0.121705997721412
0.187972295729965
0.313641072652861
0.105103462343286
0.258427377350136
0.0979956815715111
0.170324842657475
0.267777347566527
0.109088203018422
0.0111721802579222
0.19700056645382
0.254211850416567
0.177481011193932
0.0670308678468537
0.201565078742551
0.118917480175655
-0.00339218843730537
0.0775055595612808
0.213459237312569
0.0814739428996507
0.0570236403239556
0.175359516164459
0.102076324140005
0.299592362673175
0.0998497853120275
0.0231593957814301
0.0950419191040766
0.15003411668551
0.0509104269436379
0.322904429799503
0.0597076582768738
0.189548735047323
0.182926133458778
0.159695342981575
0.274395789243511
0.335278140924678
0.166046195906446
0.157615890358724
0.199723776466221
0.16465350403025
0.319386070877271
0.172202587230708
0.25351561598667
0.191285183542587
0.131662016591372
0.190724582044586
0.223476874954732
0.248769185006975
-0.01016295945321
0.24857352146657
0.220553508267236
0.185001960457985
0.0717450519374264
0.149600060211969
0.151345953246089
0.12109028829097
-0.0514452539018293
0.408309244817901
0.0842793035545435
0.255171970875225
0.301079134665535
0.300741208997384
0.177743706357271
0.246635018669324
0.255723955138898
0.24019397688351
0.262301014117817
0.130241042524924
0.294134918696938
0.273278529106793
0.251780756248812
0.220403208184139
0.317276098970156
0.240977261068778
0.250577100466225
0.132806050093425
0.279992779248605
0.210568043780753
0.27687701875037
0.323174335461571
0.24793284366177
0.305544606586626
0.0955518699430742
0.362322960478797
0.353832765882205
0.340335374796087
0.266447584271129
0.305814105193887
0.433659586842075
0.264087727770502
0.285048768639803
0.443272330497208
0.263548402657468
0.321107400809281
0.367947623303759
0.358962796746387
0.349788328339067
0.257258623785515
0.393935156284553
0.177620995488605
0.462219570216073
0.48638121825356
0.409054123277071
0.43304532790243
0.419730910661473
0.416541837660204
0.377621297526272
0.32827639253049
0.375321845245706
0.281639667633487
0.474618830946894
0.273786337317059
0.318828014132908
0.136079113091639
0.306167363190052
0.249231889970504
0.326615764631472
0.374256472072413
0.401584409219679
0.350576968571722
0.357371753006872
0.308953018202241
0.356092227718906
0.374519932889829
0.421076928645665
0.481345456872964
0.0882460829050477
0.217321955316112
0.423520052946296
0.520423113407021
0.441940276783512
0.365506502069788
0.309416920316553
0.26916249044001
0.241809473824425
0.4876420251762
0.369928331189146
0.579086521190174
0.489018624238276
0.312971225404616
0.465212482935903
0.360654643514643
0.390271316033156
0.375376863263242
0.424034314214222
0.221288121022796
0.339180286083668
0.428525346920663
0.438611686695678
0.441187914409446
0.469387614040076
0.397113277259181
0.53160739743182
0.40087932661387
0.383574501419052
0.518895246983667
0.465073458686853
0.57366428945048
0.521443800155871
0.364699353001741
0.580204302745504
0.346181280518924
0.62525856511547
0.512707473256195
0.533167227166422
0.415749158129339
0.438155209940497
0.412895568506324
0.384833991619341
0.597344615905547
0.473004228541438
0.311898313507876
0.368556970836138
0.3225014385398
0.383698478599564
0.47590046219923
0.487812631923182
0.43161564394152
0.496759432900989
0.381817753213661
0.556113699408648
0.477688460426836
0.505023160286969
0.347746408270817
0.393466741034889
0.54426066175494
0.542261051664211
0.412721863384458
0.376874574557969
0.463188036358665
0.522535561430869
0.547305501737305
0.565652582530235
0.39621225063284
0.471059110653238
0.518774005238906
0.557207476561484
0.50941077754078
0.522746613414333
0.625595304503814
0.388350623530704
0.603226610079973
0.560829864033715
0.438585869379894
0.562991372166437
0.666737585710308
0.444688378657833
0.484221253450466
0.419249926242853
0.56823906758751
0.55098809264481
0.654556649584952
0.50380922373215
0.646374872157901
0.511974454359584
0.423550640423489
0.539395754971815
0.532287093708973
0.581959039779878
0.530476936866936
0.562822656198791
0.6529858243174
0.542692212314407
0.541853641309241
0.549181193614594
0.691020263069438
0.610367032342274
0.570919238999464
0.615834934662008
0.585473080640708
0.573801939657827
0.560076439810009
0.513842868224233
0.571253291124986
0.721817813322628
0.537763770956757
0.676310194079854
0.545838883046999
0.569634516006891
0.524658439256558
0.670873800259424
0.620429879483264
0.443066789326265
0.755627306754761
0.786360680691727
0.755281002688594
0.645777696891628
0.550460250220686
0.703428166201236
0.686744499575405
0.485004134233937
0.666924359997393
0.625342399104224
0.701125004748899
0.695114321882903
0.535275343137463
0.673605895593449
0.565588159479074
0.6245368249613
0.729140316508494
0.654939115830192
0.738325364025849
0.524248263873037
0.585703315716162
0.704702923325005
0.534134082335504
0.649595346525867
0.733007049444454
0.685956245906444
0.599566247764887
0.738310979003757
0.760227190814147
0.745843597062712
0.66299083753819
0.733856900665444
0.727819911266336
0.505487316623285
0.809527757615959
0.631873185219812
0.810073919116835
0.638190979966336
0.820437073719413
0.636690385002859
0.66211372252557
0.665585118151417
0.641060044495746
0.674211994702497
0.686456069961084
0.833906404350014
0.708038755484601
0.650215658851601
0.665580879832838
0.760096101381133
0.601567309359307
0.604153581758645
0.879387318888837
0.669333799742442
0.682442219124335
0.755546206060903
0.841231991605282
0.587959314296459
0.623766548410219
0.576331669965877
0.833385091151141
0.576507820699422
0.694945390929873
0.637316735910188
0.740261955168202
0.764542171232633
0.851113471602418
0.627949249408175
0.68341787341419
0.729669116211668
0.852499983820921
0.766685018178357
0.682592912881923
0.761637600202009
0.809874045516137
0.670167908350866
0.671427960021007
0.794968567573528
0.75153905857883
0.731445299542321
0.738092058233085
0.803105892033589
0.833727885624607
0.797726092956425
0.63981609963608
0.673072629851827
0.726363533929067
0.662782813509408
0.725432342642713
0.856191937925094
0.691088648290562
0.948804999673599
0.724111575557891
0.686221743967375
0.839220495612333
0.768769017719794
0.753877813239268
0.837925455172039
0.725804213085121
0.899004237135025
0.846477542610965
0.739904159852658
0.799488226415858
0.858302237335319
0.728682542262714
0.944351909306413
0.798904837734062
0.932075559322486
0.818922465332636
0.790601437676736
0.785207240861862
0.689679389982895
0.7988230343665
0.785002710213447
0.824762525961355
0.768750712862119
0.910446975975235
0.984449410203975
0.88593244047444
0.821670611947758
0.894572677506678
0.828039496680856
0.823265506753578
0.747087465422627
0.776086171735833
1.06743390792747
0.855209928634282
0.733818477539248
0.939917583159041
0.884696598236145
0.933762884789447
0.821649558045714
0.911611534366386
0.891250765743994
0.872691151367951
0.827342570119404
0.733958579189452
0.91442929083141
0.943592366289713
0.999417279425103
0.985095074054023
0.829679606369689
0.825743624385211
1.00784878541644
0.88082741413839
0.8826063515247
0.802901164354891
0.905984613497923
0.68664479420196
0.794519048809793
0.936263843424597
0.822881217516321
0.912995999048651
0.79321840733379
0.919917538068897
0.986680366283037
0.923294600791904
0.95290104443054
1.03049010871456
0.923947922563064
0.794482657429461
0.981111753506566
1.0780201193027
1.03119688632648
0.842006555194208
1.00419035475204
0.965168598982415
0.814252767104111
0.800006353651922
1.02900413240948
0.917267012552616
0.959700006263499
1.00160601452297
1.05082963149537
0.899402419922448
1.14084169175137
0.830336462855351
0.984283464897722
1.00344536023811
0.979540207847671
1.14673853096359
0.851229465683234
0.914427211631298
1.03185268833951
1.01344164325852
0.909586411015104
0.973908293683858
0.926736843571282
0.956134852970474
0.988252099609414
0.892174607943763
0.894922069868603
1.04081068417546
0.936874482455193
0.939839528691647
1.11012692615301
0.99422112272809
