-0.854868492975334
-0.964211774387472
-1.04166064818527
-0.941604142244654
-0.799544401228975
-1.00411279134634
-0.93506203783362
-0.995817856991614
-0.996285828452732
-1.17241579527203
-1.04583968375513
-1.12789985052549
-1.06450824833086
-0.954110899740796
-0.859528973329938
-1.00010803292288
-0.957893828959103
-0.920458477988086
-0.927399247628383
-0.859478001334886
-0.854727598901723
-0.954179840394188
-0.899822866838036
-0.901936854822967
-0.911277250550051
-1.04958403988081
-0.965215623526921
-0.86462415478774
-1.04792235930935
-0.906434097820249
-0.884774885020055
-0.870709943358679
-0.892131606017724
-1.00273998582216
-0.819641065127084
-0.939911201798623
-0.844204844961339
-0.948419599017607
-1.08878628385931
-0.797520091281323
-0.713691576091957
-0.78880617920143
-0.896077754971064
-0.931338741461503
-0.961815179546555
-0.838547923720696
-0.883204876050628
-0.883694060110718
-0.817022249404619
-0.939015976271162
-0.993750578749845
-0.936239440114064
-0.874861759607969
-0.90832558732639
-0.850839434744922
-0.947386055074279
-1.05269914621528
-0.930167049041876
-1.07513495475499
-0.99596089451721
-0.786957079534586
-0.846348001094729
-0.881560980385299
-0.889303472870756
-0.752844908947237
-0.917817901106537
-0.805575266842775
-0.855847417627712
-0.793733927739703
-0.8876029295921
-0.749178036587048
-0.844994132022622
-0.763797281841386
-0.860380606841269
-0.815501336073592
-0.806763472184601
-1.0020441819599
-0.857669507151125
-0.814488590872376
-0.815578554668912
-0.807739965257252
-0.771083474887752
-0.895136486552265
-0.719384976770729
-0.863304534060993
-0.931982324094737
-0.738708975303797
-0.868056568411689
-0.761401112108291
-0.809164563347222
-0.908249864956461
-0.651754307380449
-0.776338556387113
-1.04487685139139
-0.845890376598846
-0.630469757632787
-0.834913413158149
-0.936977348824249
-0.767026806265792
-0.803296992446652
-0.744260370753504
-0.721438801246016
-0.82748882663012
-0.877171129568554
-0.637092960940296
-0.767587465359415
-0.815362311553987
-0.860878564164982
-0.817837193999733
-0.881821126430328
-0.748051851705376
-0.747208894710858
-0.7435491956335
-0.681810239037046
-0.84573123176941
-0.739466474254393
-0.755603775569792
-0.821934923965382
-0.747636854739687
-0.843045655155173
-0.93135034312645
-0.78204115474459
-0.656662949974258
-0.609974928354565
-0.560821919102506
-0.667055029663993
-0.786125396228216
-0.756482307435161
-0.838263079563625
-0.62542456203042
-0.643107417998511
-0.705763167279016
-0.747667784948495
-0.790863803830133
-0.775280218515969
-0.766811187882205
-0.721096318497273
-0.56545667406576
-0.713673931470611
-0.601237434150486
-0.681322078104859
-0.778234865165901
-0.656250500948623
-0.872000403207423
-0.737243585555414
-0.603297905477892
-0.628751090121219
-0.682109708070198
-0.741105761598221
-0.561500335491117
-0.640173934813609
-0.696456026846116
-0.63567189183701
-0.660694836505208
-0.655959868946653
-0.755001206594232
-0.645064681524532
-0.856546091201036
-0.711849661340636
-0.845074837737682
-0.677056856081506
-0.574459895533082
-0.668725405297164
-0.751231402948223
-0.756607889416302
-0.741367426011364
-0.739063983711685
-0.684525483629689
-0.599111204686628
-0.672193704388313
-0.725258253230212
-0.724638885711173
-0.627478123815424
-0.664096760747608
-0.569235833361732
-0.46358233605334
-0.634037012905605
-0.65847788423892
-0.598323323538813
-0.6944742985869
-0.85391166820818
-0.697262092984551
-0.686522027555949
-0.809094905017698
-0.686446957746859
-0.696830803490525
-0.658410984906941
-0.643154924910724
-0.642010047210411
-0.514730933889243
-0.681760423642426
-0.638336355860849
-0.616781277555908
-0.688059921984655
-0.617214199537541
-0.590267690963725
-0.428033746542027
-0.69176035322305
-0.635344429576653
-0.635865593299577
-0.518671958256393
-0.529446230685217
-0.421006108557488
-0.584237314045846
-0.556798053328603
-0.393836395386644
-0.540521974032625
-0.507127353778915
-0.480023870987995
-0.584902790513964
-0.572420104889793
-0.454396504990268
-0.586120423773753
-0.500460928236817
-0.43473391333139
-0.515269615275674
-0.575102551751906
-0.407104920064062
-0.749136848315602
-0.440163811755126
-0.522079478963345
-0.445451765424783
-0.635944152629558
-0.658709157272122
-0.599037445383764
-0.608836372192549
-0.539028405513098
-0.540813448541172
-0.474247440465975
-0.554154575768432
-0.507957447524344
-0.616142532022171
-0.427564015844118
-0.495997397791253
-0.532765973250109
-0.51367779060445
-0.557062715039668
-0.506188391781336
-0.625747848180582
-0.494612661462883
-0.539300038173701
-0.65254510112465
-0.429342533089343
-0.671809941120546
-0.599813067776428
-0.575851798138604
-0.443811585660634
-0.485531767352902
-0.443808979042352
-0.537128623007913
-0.309096788761906
-0.462751166434035
-0.414093876811258
-0.501183924877901
-0.513439972780096
-0.492823863383008
-0.539567189259074
-0.652087036106079
-0.503442154474653
-0.486558765228975
-0.570349773798549
-0.514012444831673
-0.380517397949829
-0.511681279001578
-0.530488264388918
-0.351669297749852
-0.449314550904538
-0.39600750563213
-0.533726449075753
-0.441315329271949
-0.408653721223201
-0.559702783739197
-0.54559600591244
-0.587476266453997
-0.427112318662508
-0.401931752632112
-0.337607745408612
-0.364296869491632
-0.584344315128478
-0.366819167524404
-0.460139763026208
-0.602974744319374
-0.45312158609959
-0.490780386598645
-0.486988709176154
-0.459840659286561
-0.413893052671309
-0.470690874797388
-0.409386242454656
-0.463412456844384
-0.524729076187429
-0.435163682700807
-0.351845634634546
-0.403079080693966
-0.46211254244951
-0.292195249159158
-0.227495156629425
-0.37749995773423
-0.305310809965679
-0.473151610701714
-0.502112273876748
-0.301694193164644
-0.381391941131446
-0.40653867824967
-0.313821935283703
-0.272927203446775
-0.323960291950654
-0.371887761067897
-0.340960405465769
-0.266070206815545
-0.430784817055148
-0.229002049079701
-0.489520670668006
-0.255240538464138
-0.345372120990462
-0.423495410220821
-0.370105163781407
-0.473486601796532
-0.28160764670006
-0.266953836991851
-0.348138403148628
-0.34999094920956
-0.394792509941869
-0.301645553650328
-0.384917096500295
-0.215423342728396
-0.325323917063262
-0.341143200379667
-0.401041452626502
-0.376879981294993
-0.370475967128692
-0.275919189665006
-0.22600893265618
-0.389920844682314
-0.420946054361796
-0.19246567903626
-0.260213958373241
-0.34657514442726
-0.2937953655736
-0.229794846977248
-0.34047511727945
-0.275176393126133
-0.224607790086521
-0.300996673835088
-0.437547039870019
-0.28116466635207
-0.299970195596972
-0.23999300945935
-0.271346364272484
-0.364097452465288
-0.276484586833635
-0.334991416190162
-0.328975546440254
-0.215995008273788
-0.423245016154752
-0.210502342168975
-0.176204908944051
-0.314609520492619
-0.243174019155942
-0.335356896397946
-0.254153112636621
-0.343050639594701
-0.257237755101686
-0.154617679935195
-0.309756017384474
-0.494846562878674
-0.415047631931393
-0.269759903726785
-0.181281840750187
-0.323844508154589
-0.142642461099831
-0.263673290679869
-0.373905093637552
-0.297884001897202
-0.257816161140288
-0.370806962779785
-0.15673946707185
-0.336531954256725
-0.259574006855799
-0.365451803349403
-0.265507634175124
-0.280780326036919
-0.333729757706476
-0.309036827186768
-0.118309470800604
-0.225080870507631
-0.275091382309168
-0.191288597463182
-0.314814724328134
-0.247997789218672
-0.254303685590088
-0.175867693476848
-0.108061476465393
-0.0980250586591247
-0.249971702589822
-0.301934438830301
-0.301942821959014
-0.239396478571845
-0.129732389081191
-0.184043750969172
-0.140350549546782
-0.269112292519818
-0.131844547893712
-0.104657982099294
-0.215470401366124
-0.109259274109557
-0.0859761224003041
-0.219182456577614
-0.331137642483415
-0.0970486666518915
-0.0891027686319417
-0.117149375036081
-0.252512380096385
-0.32224347505629
-0.0473756890757285
-0.130490531046845
-0.230940414778929
-0.0264531193262562
-0.336155417087786
-0.108346914832013
-0.0401277866836361
-0.194241860325744
-0.143071985030505
-0.0849934886323831
-0.207735002803428
-0.160294131216761
-0.114178571252518
-0.212259272799488
0.0322919067802065
-0.188173949945281
-0.216844205910366
-0.0113053632240879
-0.200394462061786
-0.181769460342557
-0.202428277138293
-0.0977060533068157
-0.064118802687555
-0.149948166073265
-0.181693216855112
-0.115848049333796
-0.154910592894574
-0.0573925556887399
-0.0957472925210747
0.0197188170890124
0.0277106190294585
-0.221098498761604
-0.0442781678363249
-0.181682427804198
-0.190308963528345
-0.084108442912245
-0.279115946034645
-0.0567370613454684
-0.0641106182058194
-0.157058273067107
-0.166923013271451
-0.0324549448438821
-0.00700398804271363
-0.124901671621258
-0.0744817683541081
-0.141413943516786
0.027264162455927
-0.00382298964309685
-0.116587506573966
-0.0386612041195668
-0.141931300418014
-0.0801421075523678
-0.0763875899727694
-0.0600828570643171
0.145158369469798
-0.0827645138176033
-0.0631299620411222
-0.0767112224231908
-0.119286781727625
-0.0311552138423213
0.00267284186211196
-0.124829399698552
-0.0631998810862074
0.0741107600486171
-0.112428321240903
-0.0122387671806861
-0.127277777803345
-0.0466430310410897
0.00555107395338282
-0.208259890708431
-0.10739819423318
-0.0865933446254757
0.0155092910913866
0.0725222727650072
-0.00179623649423575
-0.0984668346947723
-0.0330697209783969
0.166325163315708
0.031708640668781
-0.0983214379477805
0.00911672779463455
-0.0228382542950063
-0.109068023523471
-0.0408686285712981
-0.147532827697915
-0.093063397686507
0.0715636774402139
-0.040602417081182
0.0255402863460212
-0.0461052298515037
-0.0204557774680064
-0.0136435977779868
0.145667334029137
0.0214534245185617
-0.0610506477679842
0.104970082893199
0.114825781376703
0.116132308122135
0.055222090678483
0.0024244430437435
0.219173986558593
0.0190316847305415
-0.0180781573767073
0.0044596305792813
0.103428626854928
0.126345141198787
-0.124018074261423
0.0773825632601488
0.0384170139360903
0.0283092274630815
0.0686372817147416
0.0540118904664839
-0.0427900480324854
0.0761227003821151
0.117195191428376
0.0971624330331655
0.0266617420715752
0.165413541281106
0.163660130902248
-0.0228189702020693
-0.0293938980536225
0.0555641888877928
0.277482887583199
0.0847389282682494
0.00876567050866638
0.0430046484714522
0.124929513529403
0.11861714531235
0.127633556563602
0.0405937082449861
0.0686928385347566
0.00838751145823705
-0.0442087869916542
-0.0389829054499145
0.0246285144862898
0.00134500151301248
0.120227500706177
0.132349060911352
0.124850320088767
0.196437623515235
0.202900150330787
0.134798723888458
0.121933531722417
0.160729600758269
0.370062649539157
0.062768429197976
0.145013324209933
0.19157040923417
0.300756208338724
0.108622051594145
0.256611904460537
0.0896202427890558
0.160585647147464
0.281108610621372
0.106059273865775
-0.0128082041532783
0.198179271711523
0.24633174576661
0.206147925072251
0.0521233591326099
0.204302941476888
0.118802647221518
-0.0139611795874054
0.0988007879431415
0.181970518858308
0.0842994352081652
0.0623584952614091
0.183495864365784
0.115239428117777
0.278956494463638
0.111579631337381
0.0496666037340433
0.104355877641435
0.134710934698419
0.0560679919230206
0.306789474716877
0.0450218722404017
0.184993342642439
0.179688078203808
0.187963277470292
0.264735118793378
0.332147544789339
0.196899677456158
0.12828460570464
0.192118862808522
0.166590886551194
0.323075219793102
0.163805032647314
0.266342600958853
0.179608146345022
0.132087561086829
0.174907294855183
0.198003150367121
0.254381526866875
-0.00275690773852247
0.261943979396228
0.217471908848642
0.190821523413493
0.0652417152906223
0.157388775700589
0.170096004450429
0.116135281401681
-0.0355245367335081
0.413848304429936
0.0662065972758043
0.251420819999375
0.295441650366251
0.285470142999689
0.182989080227447
0.228248611960422
0.279273085413113
0.216068138314814
0.26906704356516
0.14108193123859
0.268818592598434
0.276517765745281
0.258071854019521
0.217471271225874
0.312305344688348
0.245831649515736
0.265187816834603
0.135328557986156
0.262012673184613
0.211402056573321
0.261484864740253
0.345043591669808
0.242840955044985
0.297586988181252
0.114314248822235
0.344111167559022
0.360373045281851
0.327517968644024
0.266756296861153
0.285913996937638
0.442117560414572
0.247813577032602
0.30552271627699
0.42842108199311
0.265792015063502
0.302929278561307
0.364386850872728
0.321419493088555
0.35936405846764
0.244462423452152
0.382579829985663
0.195941585538787
0.454111972592434
0.465397241330981
0.410968402301513
0.428490949539206
0.439228016258898
0.413743287747031
0.374429447795886
0.326245845285257
0.359925521506766
0.26459054178614
0.477615738942664
0.287319970352671
0.294382764877344
0.14386523498433
0.2794035735964
0.263325834746775
0.346400435810732
0.338147222584574
0.398067407486358
0.353453806736346
0.360164859092863
0.320284364728389
0.369050139517487
0.402350231468729
0.427004932032791
0.448785015598001
0.0914516015427733
0.214314505510316
0.416345306196352
0.529087104685156
0.457688046083144
0.350634629914717
0.294011836669042
0.280397351799118
0.235988042460018
0.486447195024362
0.335863066595749
0.593397529965995
0.484382929490018
0.309422364940038
0.46685119750116
0.353202553351703
0.377462133124685
0.344467908537991
0.436766821538657
0.245768110890754
0.337614901614446
0.415745531699622
0.443294466317072
0.457105656737029
0.45274719538618
0.414570498580898
0.543858875791626
0.393734273916712
0.366908904679911
0.526495207182429
0.469049680492047
0.559920928324138
0.539201754661393
0.379195052539971
0.585513161870624
0.363735958339351
0.648953624303889
0.502452661592228
0.522311089512396
0.415910522152016
0.457907735240086
0.423529707327102
0.398149144298355
0.606044693281116
0.492956057089443
0.323979122656865
0.359292823749231
0.299011803140329
0.400661438423829
0.457748188603429
0.497025412218498
0.441338217296719
0.513546160379198
0.378614469733286
0.572727465237403
0.458500505435377
0.511961261038628
0.355355104189858
0.387802373323798
0.537437341567235
0.521917781516538
0.436064211890227
0.412636130473226
0.482167245326113
0.5266657041928
0.546360317756615
0.558048753362402
0.380578393036518
0.48788435590037
0.515765556766347
0.55606407682657
0.492849955289936
0.522904891290859
0.633144111803675
0.39765207912502
0.6164626770246
0.561970041764524
0.43450090076385
0.545013781745116
0.684075269672381
0.454771529110866
0.516196528284801
0.410479396604546
0.568867299718504
0.554697464043781
0.628375291609306
0.494945750320452
0.662956814358883
0.487854835668181
0.403833548018999
0.514700172997713
0.551889782004025
0.598186697965172
0.534440473876829
0.562800678253274
0.654370600533245
0.538784877711238
0.538558560696804
0.540745890450431
0.662111118398358
0.593760723209977
0.565686939066785
0.584021365287902
0.560714263265895
0.579144896113355
0.554403570331029
0.537667400058878
0.572590434419634
0.71976157653885
0.540495541957246
0.660449339333617
0.507938687739947
0.578194046416402
0.504206762251949
0.647500839479938
0.618623698450856
0.438143130150727
0.750596466799591
0.77320480635945
0.761946225647762
0.638813640588914
0.569638900445803
0.690915955152561
0.695148719359449
0.486701303164876
0.66272791006504
0.638423857808475
0.669833293012977
0.716777472220609
0.510312770898676
0.686934106429278
0.538054143554735
0.629004292962478
0.701560828535475
0.683513921963798
0.742421546779146
0.553520646147451
0.571545763896312
0.69227167053997
0.552418758373335
0.634678928692777
0.715941831312951
0.656538294267936
0.601761203432301
0.722999891162508
0.773426787015722
0.726398170914119
0.676815325198418
0.734558310269708
0.756500198559453
0.493897430777123
0.823296341733836
0.647105283733612
0.815126917594746
0.635559822505499
0.790174954148851
0.641354273410751
0.645818007955128
0.644868098188057
0.643125002791527
0.684346528449472
0.674987526968141
0.814558714010275
0.704841354047527
0.61860712678981
0.66322074031163
0.756174868891078
0.60386839566098
0.629055267225572
0.873221625375026
0.68008300260934
0.685090999499702
0.764270411509424
0.852591297181405
0.570269951214913
0.628257800827832
0.562873563008271
0.850613510111088
0.594926992679134
0.710714704738951
0.639935664105818
0.74387869880286
0.767412682630792
0.86914077074454
0.650239581807915
0.670644496502119
0.723399899427887
0.863538445136312
0.785248117848986
0.707539129337841
0.747015925112991
0.803648846546857
0.673692861282953
0.670763370826914
0.799101332384378
0.754526179560674
0.744625119267839
0.725631755836538
0.783008879626277
0.844371661434362
0.791178666727912
0.630071933274688
0.678614971182838
0.707844225234564
0.656085853965777
0.728845461717266
0.856974262848659
0.688631300593274
0.959740539169811
0.739228339577929
0.70132673343944
0.826834225676359
0.784058229200686
0.760666033512609
0.828138678903384
0.743006430874272
0.907532294314356
0.846621703759398
0.728275815854021
0.782694303730188
0.86486595678254
0.723233775456016
0.955665205696608
0.794740922703977
0.931290956260929
0.807920048280972
0.801936605879391
0.794421306330457
0.681681199721005
0.810460034151144
0.775253910614301
0.820984207807298
0.763770514201703
0.90154995289127
0.992659012709472
0.909620301315266
0.799054860382842
0.880415110052029
0.810694801144823
0.800022632196215
0.759446236642148
0.776413619337838
1.06432010508722
0.844870366480896
0.72225088385113
0.941979233470653
0.905969428155667
0.917078542509386
0.843239431069605
0.91481050804427
0.87592142383594
0.868386561689793
0.835167944543687
0.729613036248879
0.925926665179965
0.953199203260594
0.986404158701802
0.975739359959706
0.851842489387933
0.808424016498439
1.01357049724096
0.853482753486005
0.878939208056812
0.797716817494156
0.894725087598428
0.716092582577856
0.788804172582236
0.927401964192273
0.827765590463632
0.895308422436808
0.818754358549922
0.95519639826728
0.978043124620066
0.949405552626344
0.95622918975294
1.0285704030248
0.91746175204678
0.809385482757918
1.00088650377737
1.08056209172869
1.01825988021759
0.826341500306732
0.986788028872158
0.984659782441149
0.798632216108941
0.800944629205689
1.03234276434935
0.939696511049281
0.946664478557425
0.984011949004065
1.06476665278891
0.884571282905203
1.12973690759308
0.822767455568336
0.975731776738144
1.0132046261561
0.948141623751868
1.13441043186526
0.858070235431345
0.929073716427096
1.06112415117856
1.02973099995502
0.899000325183187
0.972832722008883
0.948493588588641
0.952134853045017
0.981844423245241
0.872273976627788
0.884490187683043
1.05817093139293
0.955118530001828
0.961871317490512
1.10023850729065
0.993990457699613
