-0.85255635109995
-0.967871674303213
-1.04172880808663
-0.929969209599321
-0.800401320023217
-1.01123781888382
-0.92534484018251
-0.971267958452201
-0.975527539006526
-1.15734116509462
-1.02607733681034
-1.11971654046357
-1.07672457275854
-0.947356884460241
-0.85876160570678
-0.993974915748864
-0.953847557318561
-0.895893838561182
-0.943488756614114
-0.850884312975082
-0.842268867928776
-0.945664441143728
-0.90209818074848
-0.915529146683042
-0.911860330184828
-1.08114217726342
-0.967657863093304
-0.876561317652248
-1.04109672325416
-0.914179220429105
-0.893601760735707
-0.877549334644579
-0.899013991290217
-1.01076860314374
-0.807027637845935
-0.932754937459264
-0.868340571288837
-0.934275684248273
-1.08426414558918
-0.78718692697891
-0.73630030861166
-0.794162372226005
-0.868058694496431
-0.959822706924704
-0.950640078235817
-0.834984097440728
-0.874960718234098
-0.881130866987936
-0.831200929833484
-0.949432392218157
-0.981655776198916
-0.920726562276505
-0.89131989080025
-0.907983507111925
-0.853430541484492
-0.96010492975177
-1.0755835826953
-0.947434053778849
-1.06529572940552
-0.981299691480196
-0.788966220253147
-0.87807771559963
-0.903928946524039
-0.886826399586016
-0.752589291876757
-0.901663825161401
-0.809603267123712
-0.832808169434788
-0.776308533312232
-0.920311312689571
-0.770907438698869
-0.807995632039188
-0.770869968737604
-0.868426838217194
-0.818672400186406
-0.834493392464456
-1.00729787980174
-0.878655745821003
-0.84328308759645
-0.814926600352945
-0.806263902919931
-0.752410741114406
-0.89260678421969
-0.734179034038014
-0.871094835362496
-0.939769301089743
-0.74031536145135
-0.841463547045278
-0.76209907504895
-0.806498577413872
-0.89918122895843
-0.630397674885703
-0.773066419846795
-1.0448015424631
-0.853302945924944
-0.622289692941189
-0.839750554877138
-0.937252343119775
-0.780239619946468
-0.768287602836743
-0.732902708076755
-0.721036828186251
-0.821101558965021
-0.862976620797654
-0.660802887321069
-0.754468114262272
-0.807242363419902
-0.844441069908888
-0.818605085206533
-0.88748308923168
-0.777303499061992
-0.748958595467243
-0.759296885337474
-0.687491283577979
-0.847977217871063
-0.747911456178177
-0.749954295787367
-0.83463141891174
-0.74647863698361
-0.832526603897507
-0.927719827972397
-0.75166728051065
-0.660028571073707
-0.616340805921672
-0.567327318228205
-0.658227936708168
-0.822393701103139
-0.767746189900463
-0.82708505995197
-0.623411017359775
-0.63671773202979
-0.70344902985039
-0.744447240381078
-0.764605874079502
-0.769735763373189
-0.789607406135844
-0.723052755383071
-0.577653949021554
-0.712991149168753
-0.620455110167345
-0.676934484178321
-0.775756859500015
-0.651703430570045
-0.890853096260208
-0.733141494895938
-0.592596519479885
-0.624784234454043
-0.715269179442123
-0.74070764767052
-0.56097836851474
-0.638650811839921
-0.69610691309612
-0.619243121770213
-0.675631789730885
-0.667170384292916
-0.738061411424691
-0.697682453894987
-0.875298595785271
-0.712256983217238
-0.864629856720822
-0.665772062661707
-0.564844079487699
-0.655841463309042
-0.747292550461071
-0.789749088802341
-0.756040173871564
-0.734061704790661
-0.68788412526228
-0.611692791524426
-0.659983636143721
-0.766533867638002
-0.714162429009959
-0.628623110546871
-0.671029693389783
-0.576065711615271
-0.470623404262562
-0.646046212475946
-0.62922876375762
-0.605000290448494
-0.671150119457395
-0.834498373297461
-0.673170169113002
-0.683938688369007
-0.826478856496964
-0.683008122594385
-0.715823242514872
-0.636971156493912
-0.690551928412294
-0.635464213408241
-0.529819255034737
-0.657402856635212
-0.631395234383539
-0.616334790816639
-0.693636548522582
-0.631338272690749
-0.594779921018058
-0.434476804460831
-0.685349424359278
-0.657362432028729
-0.647268406479656
-0.561470859045378
-0.527705996949246
-0.435605758286631
-0.599884972336895
-0.577040040208945
-0.406907910320911
-0.536527517109139
-0.510004175080586
-0.468852335958793
-0.562228590067954
-0.578393328535991
-0.456009950991127
-0.596905670460515
-0.489670045916908
-0.423182752081857
-0.533515934840275
-0.581949148609782
-0.396996789595162
-0.738420607276212
-0.45562302608994
-0.494005801888989
-0.444532173539416
-0.650528013724998
-0.637610883089672
-0.590180662327715
-0.619133661909762
-0.552395056815306
-0.516715285524182
-0.469663955124349
-0.542430258433207
-0.527726119921506
-0.605867796626324
-0.430477241230048
-0.472990581456934
-0.552446968874147
-0.508752299401949
-0.546006633722518
-0.514520220771645
-0.618789465253411
-0.471631071529348
-0.508902040693702
-0.651611519360344
-0.416626351973898
-0.654292246610681
-0.591394007370172
-0.575152546590408
-0.443811968830109
-0.496304678785421
-0.445488657260673
-0.556112335625123
-0.31245316997114
-0.465968798399402
-0.413048019860945
-0.500913002057467
-0.518392146553238
-0.497386522238761
-0.549821055843313
-0.635873382686934
-0.503441127666691
-0.469369974982046
-0.586089844051391
-0.521145623451482
-0.370426998369567
-0.511091895074405
-0.537481482988533
-0.346323630123774
-0.458721271873502
-0.387945137157219
-0.545440213522981
-0.419491929196934
-0.407101802184744
-0.549596124780651
-0.588053302050236
-0.579281264475554
-0.407796954212113
-0.401586176358547
-0.320657990274301
-0.362039427079656
-0.598933804478466
-0.338064339015885
-0.465480592790549
-0.605392808698398
-0.440478251292897
-0.500784637478525
-0.49186816477719
-0.43516891742877
-0.421744500791278
-0.448351260449228
-0.408410819652952
-0.470747458345661
-0.534619245458869
-0.437890070273055
-0.357998808633689
-0.398677169909321
-0.460564899635635
-0.312646335375064
-0.219532302408294
-0.369754466295007
-0.31393021707414
-0.467109010829124
-0.513573183161679
-0.305916860181565
-0.38115015137473
-0.41034637510069
-0.31339060828294
-0.272810133857573
-0.331820385936939
-0.363669553774442
-0.333589548805788
-0.270194046909903
-0.412644330840651
-0.231042192948322
-0.485663352011391
-0.238796011945936
-0.349445217865379
-0.430336579049765
-0.386348687510502
-0.492587266933465
-0.284327143500921
-0.29846843387351
-0.359480044122671
-0.334788358579145
-0.408672684072043
-0.266466257081533
-0.381369274235782
-0.240313643655537
-0.326070164309432
-0.350861460330904
-0.389079135709802
-0.374330555059224
-0.374110094029838
-0.287610663535407
-0.229730408393806
-0.386755681566822
-0.433308449476387
-0.175319125325913
-0.241653055776864
-0.356387673334474
-0.310618982643481
-0.237448720346988
-0.338379855412257
-0.270949109554092
-0.237587112790143
-0.312602559777278
-0.425231109230772
-0.291037073180551
-0.29377027191027
-0.23747064071905
-0.261900678393621
-0.357073432651897
-0.276669194678938
-0.346142305577036
-0.321961194139499
-0.22796258425977
-0.433292087346992
-0.200973626908017
-0.186572552437368
-0.311562193084872
-0.242680992040395
-0.344485194919706
-0.265998469118762
-0.346207540685655
-0.25898311384916
-0.154614710119393
-0.295931126431701
-0.501840891727025
-0.430752993983719
-0.274670098179226
-0.160086232343936
-0.311631671757846
-0.159831024971986
-0.277717492557349
-0.383978409144673
-0.278978200969667
-0.240947095389635
-0.367879954409675
-0.163017438705534
-0.328121343965781
-0.268664722157991
-0.380355753618
-0.24023926617152
-0.281013804140588
-0.331892357053384
-0.295955081640003
-0.132975613600282
-0.225952158138777
-0.277874766115405
-0.198102500055379
-0.311660731174607
-0.24449092781298
-0.242758405536238
-0.17009595827742
-0.101174132187671
-0.132198160815993
-0.257090593501971
-0.307276973629921
-0.302770194719175
-0.236921165719486
-0.121613505413138
-0.194147454743715
-0.159134602806077
-0.256755712203726
-0.158042301266578
-0.124702346883889
-0.212843691737034
-0.113498931785473
-0.0829360864425978
-0.214218479432871
-0.336527473750736
-0.108311717114261
-0.103340223759085
-0.111063806875119
-0.219659203459165
-0.326493407829503
-0.0646954554737171
-0.126552559572077
-0.232786418639587
-0.0361759545467963
-0.300713902992861
-0.101414186192428
-0.0156788470080033
-0.202840727928908
-0.13577705990199
-0.0815038396876076
-0.199203694503077
-0.145087401303574
-0.117609625479234
-0.180964879567792
0.0492819423599777
-0.203323163097954
-0.216387973437644
-0.0104093369137721
-0.199373858602579
-0.178380566221387
-0.166295540103634
-0.083898871973604
-0.0561731067759286
-0.130140879387739
-0.188034231827689
-0.125629613880649
-0.182161828308142
-0.08705905660488
-0.0902382382012012
0.00409156849689881
0.0246388419977944
-0.215085982806505
-0.044482860097513
-0.180681623013072
-0.206381196648786
-0.0684180334299198
-0.274788492659786
-0.0603293513831059
-0.0683545089349264
-0.182064343618964
-0.161571452087479
-0.0363029368736887
0.0020848960460123
-0.125180688103099
-0.0749417466884011
-0.154172652453141
0.025211125094751
0.0122577162529629
-0.11500435289886
-0.0394024545817523
-0.14546828299991
-0.0780384454308306
-0.0626181021036451
-0.0512802933173001
0.143054245419597
-0.0879885417743068
-0.0565438669789853
-0.115789963236163
-0.118916137071778
-0.0112775557070819
-0.0156164058063777
-0.158363658640313
-0.0717060898700338
0.0634914571418143
-0.117312413496271
-0.0113264998439405
-0.107942475781628
-0.0546973222358689
0.0114606717569037
-0.207309264377249
-0.0809883546439389
-0.100406728755119
0.000207357712665456
0.0449166446207308
-0.0134753826868081
-0.0976281174472848
-0.0426158893620526
0.157823117154257
0.0583387941013184
-0.0885167121096533
-0.0116301519129317
-0.039756196574428
-0.103860297685222
-0.0290411705439489
-0.120387847309404
-0.0749843316454272
0.0530165095744639
-0.0396371537949741
0.0353843573890753
-0.0639986238598683
-0.00650611582885441
-0.0191290160221052
0.160346734604358
0.0474979487819976
-0.0757047523985999
0.102377514348206
0.10749029389021
0.100538583646228
0.0742838959923707
0.00325176025216385
0.21335122761049
-0.00283565251884471
-0.00512412019157338
0.0109940132933492
0.0777570860731627
0.128920913785458
-0.115839877086738
0.0928006943579217
0.0115964725802988
0.0428404397453728
0.0632905984351305
0.0317170637007923
-0.0598872987435075
0.0904532434434277
0.115116649971031
0.0773760382712385
0.0314237421122411
0.181556508106958
0.14728519333837
-0.0431103913034613
-0.0331299314689139
0.0637977911935993
0.295281219073687
0.0797358492344131
-0.00179028945862955
0.0300621132546006
0.12489774140076
0.133744304438743
0.107195588008768
0.043600983066889
0.0637722487571365
-0.00849713386338664
-0.0555692413990396
-0.0374856310763353
0.0220280679464479
0.016236022714637
0.142453228429841
0.157453269779867
0.125662586228227
0.185344023459468
0.201678732904242
0.123695788901307
0.109148947673319
0.174367842600738
0.349261655265075
0.0642010728723152
0.153827423243836
0.176554477415687
0.318398861560615
0.0969392685638071
0.264145022714376
0.118217478558084
0.172466732351866
0.283236945758931
0.122738891133335
-0.0189677757044669
0.215221995916316
0.24710101566701
0.194671167593506
0.0752227694965067
0.20221007802723
0.122826731084908
-0.0042154600599733
0.0658107279796815
0.181864278921142
0.092309098084635
0.0552644031315334
0.186106609402653
0.0838890281410438
0.305038908857207
0.140898119461124
0.043270254100717
0.0962115977075891
0.133014986001911
0.0580349582642556
0.305018283781415
0.0582305376494158
0.176413621507791
0.213777016580676
0.180921497695771
0.281231113435718
0.350638563283206
0.184523723027589
0.13341286178442
0.1902405508163
0.148555080419636
0.311696510792995
0.147449221697447
0.285749530400323
0.193182840602764
0.127037824504881
0.178642764189348
0.231171375955332
0.245604093058651
0.0175568678917873
0.27405978914232
0.216223559362953
0.201394165407953
0.0580380186901888
0.142884002020911
0.149936952342873
0.136750936151491
-0.0388998064515285
0.435890769713893
0.0892711811234978
0.245646473084925
0.293782223414054
0.316054202279368
0.20541335916446
0.233115999885152
0.257897450006094
0.21749790408558
0.267515570774132
0.138249707020479
0.274270766748451
0.266663296372199
0.254067160217697
0.198472612582782
0.299135598758351
0.226192191201673
0.27202680922855
0.137748341265628
0.266425468925814
0.220615595315818
0.283506934126697
0.33169582177995
0.246903294523887
0.311227273014517
0.111876555133438
0.352881979268603
0.351543732226748
0.348327556998674
0.269933841772934
0.294830976433353
0.448488061386362
0.264301457441675
0.287227196413431
0.40699119762948
0.263417468059403
0.300542923009295
0.371650797476925
0.335343423459412
0.368789573011387
0.251865750620602
0.375116901928339
0.171618988922847
0.465357233601419
0.492637006099064
0.393089999548363
0.410303238788087
0.406764122020315
0.412035909064208
0.397876544688312
0.344075978699325
0.363709939833202
0.288434108974817
0.469945171267337
0.300065239015679
0.330910959659707
0.14534883666595
0.313581348905025
0.252780640127229
0.330038207127564
0.360146553360685
0.394528724156066
0.379278298652411
0.363315567323451
0.320676542042561
0.352954758140873
0.370769611527255
0.408019220232639
0.45013812637817
0.0831875313089285
0.219464388189048
0.421221959444141
0.523205909945584
0.452514403386302
0.37092079302491
0.290053681504299
0.271704930380645
0.241823095936457
0.501876537062832
0.357207460227548
0.572815955380414
0.490399311979444
0.299261148605985
0.461222522061576
0.387691497723705
0.379927767418662
0.380173011566822
0.409200023029649
0.229035959961941
0.322004966591413
0.427808278041909
0.459084129607584
0.4516991693371
0.458219512167167
0.39761005809889
0.514254078274789
0.376155145623211
0.398595618828122
0.509785323648935
0.452407886690803
0.574351480506327
0.526715915595721
0.401483047836269
0.572693187868135
0.340139789826938
0.626980367536422
0.502431009865447
0.523606795686938
0.432366529857464
0.431807574864414
0.394748599358214
0.391764648204547
0.616886871023164
0.476513836431053
0.323379906775205
0.367120198208034
0.290588101868699
0.413755283806936
0.490925505214191
0.466636746521729
0.433857183401077
0.485531732030826
0.397059235552089
0.556845030225832
0.465003804720905
0.49592515125386
0.332490438154238
0.362961644493453
0.540234661817213
0.536622188528658
0.437519786043286
0.39597993010942
0.470812526990825
0.531016575953266
0.528463974416299
0.546613492346646
0.389926965059005
0.477591363520296
0.5143266860799
0.565047899005403
0.503292428208386
0.533307229281405
0.61675143586014
0.392541892498865
0.593864013126079
0.576217877071746
0.437300350505245
0.565037108242295
0.685211011069782
0.45358678733233
0.501132067285666
0.411230706421929
0.550509705568726
0.539983683415529
0.650428952240185
0.496949456431322
0.674355290999672
0.528552461258025
0.408999573930699
0.513700016052397
0.540232876143907
0.589707406700289
0.532872681319118
0.581139292411386
0.66056036085104
0.542684559015716
0.541469910402178
0.5387236810626
0.665430313586018
0.607441662603003
0.592117601775636
0.602353570411789
0.582100543620266
0.582467433553511
0.552400726392394
0.532560210528317
0.576096194310942
0.728344882603305
0.528226370288759
0.664813743342862
0.507383653455462
0.57781708157642
0.510943639229889
0.659757334956106
0.634130194524393
0.454249169615167
0.73989386162881
0.796023439370573
0.752887553687409
0.632682180293289
0.563712946542798
0.714494758100162
0.673834626917026
0.47047004703751
0.653898862327524
0.635005601535328
0.690784361790103
0.700689210248778
0.508788428513136
0.664147338975097
0.557747423817145
0.615633260413469
0.725091653652182
0.651894966405354
0.725689654515272
0.556049106656196
0.597357545609808
0.697895068142354
0.551149926768937
0.6412691983061
0.730032890361558
0.644770763336733
0.592161904895671
0.75384194996984
0.780226384131461
0.744999136936017
0.669176069037999
0.734473172975277
0.733417705222155
0.50792697070219
0.824250654113094
0.637480601354298
0.823708664628318
0.630255826260766
0.798920900834329
0.638894739135988
0.675435839759442
0.672911890470866
0.641434450061208
0.683566343469778
0.672932452810377
0.820636467318622
0.704073506942976
0.616649912924131
0.658012742230757
0.769260314033402
0.620262807849264
0.616912843469617
0.874684982923022
0.668353380692994
0.708092395976968
0.75972613924723
0.828781364188406
0.586924055265761
0.628042501553928
0.572104656801048
0.869607500607109
0.606461390365464
0.729405818472835
0.649133855482326
0.749411290135879
0.771445595955258
0.851738644007935
0.632273963579099
0.670369719721832
0.727744873757706
0.858354296618618
0.765866576329192
0.700282579896314
0.748527770217973
0.804670508786514
0.685908238984471
0.649497671813079
0.789470836027899
0.758140658649697
0.743099441126863
0.737791992855487
0.814711107895968
0.844651152816217
0.800961740531393
0.647620870365062
0.666079305948391
0.72186577128691
0.689991135375467
0.762130311865028
0.842128054712791
0.693492361627179
0.969869173676793
0.722940394365251
0.703703721172408
0.846942983463322
0.771460765501098
0.761051618246689
0.833859700540456
0.742117402232195
0.891463598330855
0.848247593384216
0.740466539318632
0.795530577061549
0.882230892298444
0.724470057578645
0.928355169779682
0.801142932360582
0.928637107651112
0.829674720910447
0.773796364529708
0.778862587303172
0.716065335217905
0.801337511502105
0.763197838637697
0.81405769283156
0.744697701861041
0.903876232636281
0.996229084165023
0.884956978021893
0.797424880140064
0.888560037258153
0.817955198765079
0.80559912282306
0.757321583130061
0.771253976266117
1.05757974853458
0.828103993156765
0.723956669113894
0.938675645444604
0.893941019912033
0.920443259160707
0.857878288468029
0.918876046001816
0.872123406904887
0.869633611857373
0.805392076060773
0.734913673382684
0.902754925070786
0.954573330586285
1.00398662183019
0.959223260065637
0.857607943024647
0.835687734019657
1.00627668520936
0.858655569648739
0.895961403724643
0.827667427810848
0.900533143478759
0.714525260910611
0.798786598875879
0.921952622137406
0.817821218685681
0.919923213188306
0.808554386567928
0.934976120945324
1.0016843936483
0.923006477395148
0.943683703268103
1.01891619249629
0.920355340993585
0.816595483640377
0.984714233119161
1.06941701306421
1.01705396799707
0.819808931591111
0.993657071548021
0.99730789324378
0.813686779883867
0.816421865340966
1.02640508401333
0.918083166955908
0.957525644931059
0.992222099648226
1.07105248058152
0.878431798137162
1.12922738370804
0.810704343623852
0.981518938776062
0.987012371552875
0.972254508222284
1.11724906853251
0.85716041728427
0.904835533130304
1.06000294131163
1.02291622254216
0.898693825186962
0.979572960978474
0.927253010027094
0.966504360688426
0.975855069082624
0.891619743671426
0.873628028981419
1.05989007825483
0.948596690966685
0.949204401541774
1.10500074625869
1.00513769240573
