-0.906311722545964
-1.09643749427163
-0.976352256505243
-0.912491257461042
-0.936769835788632
-1.01770965157822
-0.992272026419544
-1.0618411628919
-0.976431091413094
-0.866276133080238
-1.02611024829448
-1.1231703418845
-1.00292421887812
-0.952085832599488
-0.952609127421483
-0.920804393297584
-0.890901379930089
-1.05897700274157
-0.99924236059671
-0.721695311916031
-1.09164918221697
-0.998441765447682
-0.863464250136636
-0.887707048439085
-1.00190786582312
-1.01751050267443
-0.899951583853962
-0.796807918528025
-0.987208202563683
-0.994919560985805
-0.834810152588034
-0.856036371982568
-0.951249855683696
-0.93591164905167
-0.955342819658108
-1.09446340145714
-0.792057628451245
-1.00832595034029
-0.7934552002228
-0.893162794698253
-0.921987196282729
-0.930320569838972
-0.955454805950892
-0.878886987655987
-1.00267322194361
-0.950592208339734
-0.820840188157376
-0.914933400141437
-1.06278247922917
-0.982595307956252
-0.897565914868422
-0.916133252446946
-0.823480310703722
-0.943516726470546
-0.761825379688328
-0.834680793256038
-0.800073014047752
-0.875558118859106
-0.912131542265171
-0.864813378356875
-0.855087366495615
-0.873345627904505
-0.876671742942837
-0.90952386428098
-0.760275880522105
-0.944318071032723
-0.878513405170409
-0.900798670276987
-0.777791609224062
-0.797812104612776
-0.758914971412064
-0.742273679753125
-0.674087970760206
-0.891334160367436
-0.853851980192995
-0.813756940508752
-0.853983086027149
-0.680587478150656
-0.957989987796917
-0.745070341914452
-0.856761767440951
-0.837690322851795
-0.816208453251724
-0.758864253056553
-0.85291430124806
-0.76994129928498
-0.940979427586982
-0.849490048761145
-0.71940384171514
-0.653026739090935
-0.834764851799122
-0.719281499812151
-0.687392908135795
-0.88993199314752
-0.789151544539971
-0.972864705868514
-0.709324305987503
-0.815921335776599
-0.744396039013356
-0.770228707977085
-0.723515303291445
-0.853771074733637
-0.696822314834782
-0.885606063534028
-0.782709560267857
-0.717630505473389
-0.682297061487686
-0.63523197374703
-0.843827795013418
-0.888334265460804
-0.660610492548802
-0.830341696011828
-0.657952965849993
-0.738400280072865
-0.822734683818195
-0.781456293408375
-0.757889606861167
-0.732881567019164
-0.598164782833983
-0.608918886823665
-0.594274869854709
-0.670701183421859
-0.7648177597367
-0.732712136765298
-0.834867211965966
-0.780533008112464
-0.547653347113576
-0.743913538645094
-0.73151309215538
-0.602614563068606
-0.699726945966387
-0.830047165690986
-0.570148635195571
-0.859934192458377
-0.712155621671703
-0.71148863545971
-0.771478879827917
-0.670488486562252
-0.791361479554801
-0.829833152245826
-0.79093321522852
-0.714508148357706
-0.787731993314022
-0.756548594166433
-0.764492513455314
-0.732499575262171
-0.730871524349839
-0.696967276732338
-0.763645732803006
-0.705855979007067
-0.575359464769854
-0.727200041173818
-0.647736871698859
-0.624668326864483
-0.601283598229408
-0.531296096924542
-0.672701486196979
-0.629297711513132
-0.558984287748288
-0.615017335426249
-0.724444277889555
-0.666163049884555
-0.706469227548705
-0.806973594347671
-0.676457412971384
-0.519523721289134
-0.756295185253253
-0.683735297600831
-0.720720655655699
-0.744811671471331
-0.693285707988507
-0.695135862537319
-0.707768264189563
-0.712573165800989
-0.702559693224221
-0.693998434097729
-0.697414624758522
-0.658878952134677
-0.743947982402582
-0.745668818161718
-0.436597611438127
-0.528886526581332
-0.50880475472325
-0.530820039172018
-0.717843177622782
-0.597264310654168
-0.489463251784013
-0.564522226416619
-0.65449565640977
-0.789582897888359
-0.659681973813322
-0.656943945922258
-0.652281215627717
-0.54661265573696
-0.59925252446535
-0.78592658517968
-0.533311044480626
-0.68105476191309
-0.595392566046351
-0.672905050479449
-0.647451876549776
-0.728234626495104
-0.599442726801919
-0.679823416672911
-0.70648528562464
-0.635934255706473
-0.569630764629356
-0.531476492547055
-0.727895907372713
-0.478032145261204
-0.608323327825201
-0.424915542199721
-0.519008383714353
-0.692367243885471
-0.527973971050128
-0.517199655866074
-0.518838748777368
-0.60023478705153
-0.625085268112002
-0.520209270404185
-0.692755552499812
-0.504788561832847
-0.589712866045692
-0.602829254006395
-0.643939941469735
-0.489235056633183
-0.480090694689057
-0.528581295280651
-0.515814638050385
-0.646183664333314
-0.47192175986706
-0.630709855556356
-0.682897079897991
-0.565822979528813
-0.489190669950674
-0.531943832313915
-0.527773975606568
-0.517377093799656
-0.580398546146904
-0.486114767478367
-0.475169018261311
-0.577236216036084
-0.594507168551831
-0.627133874534295
-0.721597930068992
-0.507719662025647
-0.490179141704152
-0.505959885774999
-0.492040614809984
-0.471665817456736
-0.380060229636928
-0.503093170843906
-0.48750745730595
-0.608708179442564
-0.377258401644482
-0.56480056566937
-0.5492553142545
-0.568721893504666
-0.470272290604101
-0.504075720231283
-0.49304657218124
-0.383350695861156
-0.459215993913071
-0.572595419129428
-0.383997590265419
-0.374113518638405
-0.396892513849902
-0.418254361989529
-0.56064497345077
-0.504264959121225
-0.528953767052677
-0.386538721770117
-0.376207515039122
-0.384981778666089
-0.545277445102701
-0.240204108830149
-0.460388220742903
-0.432205147617256
-0.42308500865857
-0.471292675478763
-0.38895743972055
-0.450507037905674
-0.385101719743093
-0.375401406917059
-0.3539527810882
-0.387328356059744
-0.401479786057834
-0.298016893117384
-0.555635428907054
-0.277600491470024
-0.419620495451973
-0.381227548458922
-0.404679067497596
-0.436300365620353
-0.294354588787873
-0.309222278657342
-0.428051758023421
-0.371364057224887
-0.335705658440347
-0.416635649277862
-0.156988826351022
-0.325198190833397
-0.476570686082555
-0.269485045729326
-0.24967811673115
-0.330151152282379
-0.421181611280078
-0.429197476749142
-0.349553995185862
-0.418925991690054
-0.472782760687186
-0.419921600800377
-0.347008525633242
-0.433697941529493
-0.415832121116198
-0.291505165604755
-0.338614244596432
-0.374557152486861
-0.268081061128606
-0.303884062845631
-0.422552901934289
-0.481223242167825
-0.449443217310157
-0.24297200275882
-0.225726491732781
-0.391727048389764
-0.306233405009761
-0.26892307819421
-0.364480712806821
-0.34915963379737
-0.341606465252284
-0.331398092152425
-0.243452784544878
-0.360749797308984
-0.357422381935612
-0.221188214843631
-0.284792984484487
-0.353579896774435
-0.314894663731895
-0.391428657696597
-0.371782567074502
-0.350367211826848
-0.242864940100069
-0.366480906426991
-0.354851340133504
-0.288627004664265
-0.195382240144234
-0.236091923644407
-0.341782360698612
-0.247420798264441
-0.241698666595583
-0.23469898624212
-0.311697551308808
-0.211665075774678
-0.241523254855987
-0.257866217346054
-0.389674083680913
-0.181858778562551
-0.305022254119313
-0.319184606157037
-0.199696928888715
-0.347753867933146
-0.252088339148321
-0.39905265992208
-0.336646261081519
-0.223672112339966
-0.29996571982062
-0.388426204920295
-0.294516065300211
-0.126693420260556
-0.200239801498283
-0.286602252222198
-0.11377117799855
-0.137961562878308
-0.328641552027369
-0.322412150945129
-0.140901759684679
-0.343935600870757
-0.289484671840996
-0.291090965976993
-0.346392052789432
-0.280864105252391
-0.297801253806563
-0.344534203360593
-0.175975535650989
-0.36499958658792
-0.167699356034213
-0.464709112488434
-0.249051710068504
-0.251283199667053
-0.227790864067968
-0.218378785033175
-0.148587334282913
-0.270505367285509
-0.301623671443173
-0.184754721970393
-0.162318510342485
-0.220514007909963
-0.128462674615368
-0.218405696488336
-0.215664902647697
-0.0402999285834733
-0.294711780892777
-0.189188288803187
-0.179182843374566
-0.215699107615517
-0.0734543520684494
-0.226636495379556
-0.274327249180154
-0.184602616262097
-0.182264527553445
-0.360878871873847
-0.198554752569791
-0.22849560843759
-0.232974204434132
-0.127868759845987
-0.227530535760542
-0.189331806051128
-0.113662582614591
-0.214735323700335
-0.173642922229894
-0.133460926022526
-0.160391339342921
-0.220370822369114
-0.227505618914365
-0.117348266096365
-0.0551839270864246
-0.0559130427333561
-0.0917117235429733
-0.225353405081644
-0.273463774367894
-0.0578113448029208
-0.198979197080725
-0.25520788164035
-0.114092920755955
-0.00518735487010357
-0.292500646049747
-0.214547611603304
-0.175438665179328
-0.18439164542305
-0.18010584223042
-0.343049275830748
0.0439991920692328
-0.0835845940218517
-0.0919556041696789
-0.0431791334802661
-0.169917439908928
-0.173142856989035
-0.21980630968268
-0.0344224828397609
0.0289757700487401
-0.0169902036758714
-0.173350491697428
-0.211708799891341
-0.0472223524896773
-0.0761600244157942
-0.0202986473903338
-0.0692009422846967
-0.231674527968972
-0.127702198258962
-0.127596436474477
-0.1677923594781
0.0243977825745296
-0.140508078246724
-0.109772695323817
-0.145812190231959
-0.0043907994353653
-0.0144051871840465
-0.150538443514449
-0.0952805726403391
-0.0240496665970576
-0.150481766787396
0.00578989460318011
0.0444479362586306
-0.0926134396850208
-0.0963424801468758
0.0163667778701076
-0.0394607037212807
-0.201921375339279
-0.0090753901841379
-0.0509609643992551
-0.0865452281352428
0.100551733837737
0.0177836497878345
-0.118548356731988
0.0175497103338897
0.101425370427913
-0.182039536277009
0.00359881204130251
-0.0764854695453311
-0.0643867949228456
0.053504490054252
-0.130816531583884
-0.175851453335703
0.0181370031587139
-0.150035725576443
-0.0342545154738109
-0.0357637126341782
-0.168336947142859
-0.0765295993483484
-0.0533667166244223
-0.0729791619104243
-0.0188271101193376
0.0672644745356008
0.0188670713874921
-0.031697835292866
0.133142564109187
-0.0887535545832306
-0.0567179816476903
-0.0216202506989169
0.0739386984407
-0.00475072737581229
-0.100986937686333
0.00132731109172782
0.0989395445553027
0.119615608062947
0.0373230455520298
0.127912039537122
-0.036353997628131
0.00291805629292609
-0.0744941588484365
0.0662541404493685
-0.0161601690641902
-0.0749428225235074
0.27689458740987
0.190842936426198
0.116231166269782
0.0121235211047915
0.0396110922094021
0.176949250403857
0.0553743662923414
-0.0113939121264427
-0.0143015193391576
0.0653081402371533
0.233155083611215
0.18794905472939
-0.00396878497583668
0.0744105416034808
0.0905630646983062
0.131726612137381
0.0838579088695989
0.039951198657598
0.215981416419317
-0.0028210086369197
-0.0171966552698742
0.0984817576966881
0.079858235577474
-0.122129659490462
0.0144776068490413
0.2170440963406
0.103989316685237
0.172342376552561
0.104167186043815
0.221020341190794
0.19225128523269
0.150787309225702
0.0413758254064406
-5.80332743677028e-06
0.147254767562071
0.0527053552016224
0.11034716277519
0.161048433190136
0.129414134304424
0.0991474650395427
0.148665000515805
0.0484423165309793
0.0952796863626895
0.217106924625548
0.244354917693193
0.197052122709261
0.150399069210577
0.164462755617666
0.203663272273045
0.316667119561209
0.253228658325071
0.275442192289667
0.145471988733864
0.157839678670372
0.146834717112447
0.185302685659704
0.125472598238681
0.1667433559748
0.109419884739674
0.161056501586834
0.0918649639139432
0.197870482936246
0.0896089045111536
0.252342703052361
0.016574191477448
0.35532528834727
0.097123201834279
0.246084443224501
0.151569318659046
0.236749001836496
0.258073005942562
0.171285521222976
0.192271709509562
0.285910570322814
0.249577261453153
0.0908326940319287
0.224198219906687
0.152142245762002
0.219587811838169
0.318531693013356
0.27757897709978
0.315614820697603
0.260536494295019
0.137603734786995
0.232632593818775
0.305048313264721
0.230901065785402
0.435125908557727
0.19726317330783
0.165279100814745
0.187928195885933
0.216565904706197
0.132012281885202
0.359471430759063
0.229780627926968
0.25132870035169
0.157073029896396
0.323480103726646
0.270738743865595
0.138246984412069
0.183775229204287
0.347155632086552
0.213996900194132
0.226433509477827
0.148035595128124
0.35897708210522
0.397812332329219
0.330546445706014
0.39336511412417
0.265305036402155
0.183180566441424
0.304060676917811
0.462430481204886
0.170200549840085
0.222483622366996
0.230460311199153
0.238847612261761
0.150626004288381
0.246045097567733
0.25540607622651
0.258761021000085
0.35923900767403
0.211853607734624
0.26740892340895
0.287976117967675
0.233299699589458
0.383017395538268
0.427933361756537
0.23427828355195
0.412576462067603
0.266970084800521
0.413010852392365
0.238680461039007
0.419782343952745
0.318973074127809
0.342045567552555
0.123988115313641
0.454625422600533
0.35171650501769
0.319863318707264
0.335260559864909
0.227601937765805
0.280704850520399
0.273612334969613
0.29259443250393
0.374261966447659
0.179009740741517
0.282884477416164
0.242077423944132
0.341836737608166
0.300639419650419
0.207796311712055
0.340543871768046
0.468928768655044
0.300009541422542
0.377901352895654
0.313149558332174
0.289826292129824
0.403210426859757
0.440450245162259
0.491389761697589
0.274114739314436
0.430877462621566
0.428683472486155
0.386943506795002
0.397318979575319
0.396418238454033
0.465375246402475
0.371706516312854
0.453405262241227
0.502818696446804
0.467099878843158
0.319353174762435
0.44575317454932
0.526999143176943
0.422026463614681
0.390548269068319
0.391767047678046
0.460047245493248
0.646167375622506
0.433397430408665
0.478584492246318
0.33306673547727
0.213139970653951
0.34618228863741
0.350506763942042
0.514730936349712
0.353114540779241
0.43511382498221
0.261510066359803
0.424187229111057
0.43354674517143
0.408712831212662
0.549553142242075
0.457957196281422
0.633954272969732
0.559615171220297
0.478343802442342
0.613957813795745
0.604618134779131
0.427253911352665
0.598369840658942
0.437510042541016
0.431789948664537
0.464604988271898
0.352484319242336
0.443807692789222
0.555562628016443
0.652846063197574
0.707401280057453
0.398408673824926
0.465679470398542
0.421959459742959
0.583831514388113
0.459637716164849
0.487327334326705
0.425210664863216
0.331845242645138
0.441277737044673
0.444505378282063
0.492917300913568
0.550483786797835
0.528379094028395
0.489050062228792
0.429863172770223
0.624232546774972
0.430061767894859
0.47574861847403
0.399310122774353
0.504536290903187
0.455262167559752
0.346995401407884
0.586460198519715
0.545046591250653
0.511739492872436
0.556921150778742
0.550248599472392
0.454937256879941
0.411967673087027
0.510831340843926
0.665343668633091
0.610949031016792
0.464101592170108
0.391832957664537
0.588412114619324
0.493309160594394
0.62098941585332
0.588848236632488
0.504779671317848
0.62277845190844
0.609941903313278
0.545421274002341
0.545491832366628
0.676563668265043
0.481803706189932
0.489836109625756
0.580049261005846
0.633482719649257
0.497624204241028
0.587117958622239
0.591027551363911
0.329956340152284
0.656652324237796
0.479182300276208
0.360908308810503
0.761519032509144
0.630052635151432
0.585342495573237
0.524056409197282
0.488344774875851
0.64303635916043
0.559476080819631
0.670022043951541
0.621718870300117
0.628666997973025
0.629529434380345
0.668119448383958
0.639647495917401
0.588565209843876
0.651180349741485
0.608391429276979
0.679052512305504
0.77241650856072
0.584465593244018
0.497105914586166
0.485244265240232
0.756467593855206
0.667636773968695
0.728296344508801
0.492905957087672
0.625835273944295
0.541447744664548
0.641886327203461
0.519269781794482
0.595857969023201
0.638940096559892
0.751002668401309
0.621910513392418
0.76130806438829
0.634316498788696
0.63239430549814
0.589484714007651
0.546860644734802
0.717074480874821
0.856682594602911
0.690723362467268
0.762469655023457
0.605049634827815
0.746008117131128
0.785011269402718
0.560802567638753
0.683021735257206
0.615730095905446
0.632846794495038
0.631762160715896
0.74748907935317
0.619330340393727
0.624649794350397
0.672389184213795
0.521661541229646
0.625261531912568
0.728065022127844
0.543947579207198
0.841358420772242
0.635931322557595
0.69466744966503
0.583436852720384
0.783797310837807
0.647520379432013
0.729797663774112
0.809924202980374
0.701264914815533
0.801100335550676
0.718057694666898
0.671058109376465
0.760931568229679
0.827289125885613
0.86904321416957
0.617313300874808
0.677797965681807
0.811064956379748
0.864160106921567
0.709711802033984
0.64965081656425
0.663212168870043
0.749147614976465
0.704207999670755
0.651535590328238
0.700932294544305
0.710838330959374
0.808425647187194
0.706892613521416
0.728473266563288
0.828927541719769
0.854288529948907
0.745980567173156
0.736180034447568
0.681208305873082
0.720032552021667
0.61990435451374
0.747716835557066
0.603602889805273
0.762243400104785
0.665923468200972
0.872025257129328
0.92184365066822
0.806337442155451
0.869008863142384
0.77391465043727
0.831564105709249
0.756990839699294
0.706610645333998
0.687992868993791
0.726945420281661
0.716640272943901
0.693342559715585
0.668305303558184
0.66089476139039
0.836332238417508
0.696285146394737
0.776167077009372
0.75982603591354
0.773828309981263
0.713884597321074
0.745146271998157
0.824858821196908
0.872420360048134
0.825249842662586
0.791351441819116
0.723635469125488
0.86946409257668
0.909110188322851
0.981183921970452
0.818367950233083
0.820648430929087
0.882916641729096
0.755757934090111
0.925446234481316
0.801594441579143
0.838292922331346
0.899221191905007
0.960049425714526
1.02208202092219
0.828228462050093
0.800271267450697
0.79847941819192
0.722699391184591
0.774924310624521
0.891394997120544
0.942755379237509
0.91319908350157
0.989223747023441
0.762299206266247
0.923154469186627
0.904355678140245
0.722751602196159
0.776131250730694
0.900265188732554
0.809168378043781
0.901653480655951
0.963312276174802
0.908729249586756
0.938658468998918
0.876476594386503
0.886539763381344
0.89920664326397
0.936803476024662
0.879215513591639
0.979370892483854
0.865898724658669
0.882275833623637
0.971208783134058
0.776490665060105
0.937986232848891
0.90052881483514
0.731108505337121
0.734158827734297
0.903484733148628
0.828604701300897
0.882063558946419
0.825646246444443
0.927947346533942
0.895566101617442
0.992017059799288
0.920623328102272
0.971974231096313
0.932472968350027
0.817741239895258
1.06288525648206
0.9702948550914
0.940124654846358
1.07429160364095
0.872932398055459
0.885916956111089
0.974286779821665
1.00167375446523
1.01609385789167
0.875897610043181
0.973442146528883
1.00995319996104
1.05483466964316
1.01348276483233
1.16019412657288
1.07209341213215
0.935436488665844
1.06492037575127
0.881041080795717
0.963907227292073
0.994326378172574
1.0629202328448
0.947066021056748
1.19428882854783
0.921426948930434
0.987104363148143
1.02246887437354
1.0777420509029
