-0.909124217843604
-1.10352030387373
-0.985866474749232
-0.901498519575331
-0.960022597196174
-1.00202342982947
-0.983093536992669
-1.05877204304015
-0.956859657099415
-0.883814379467317
-1.04482922716845
-1.12906635686165
-1.00068219068865
-0.959988829771563
-0.922766554043209
-0.932097946613457
-0.915509242976058
-1.07961072531748
-0.988588536412707
-0.745031500734365
-1.07533858103257
-1.0180300343201
-0.82836184899564
-0.881441195839137
-0.977540941152518
-1.02416046446399
-0.899326215663698
-0.802856933299547
-0.970097291481971
-1.00652108455307
-0.826926096567728
-0.836079903436271
-0.958806290092677
-0.921233797199273
-0.947319026724558
-1.11759505348259
-0.805331256710729
-0.985130533812777
-0.771736502584441
-0.879624725846557
-0.941851004569484
-0.934320085957028
-0.960548555749224
-0.859553956615582
-0.997987697594919
-0.917584913002856
-0.846865855057149
-0.931984418583629
-1.08702648669185
-0.968309945685318
-0.884896263521662
-0.915628905250244
-0.80860640214842
-0.956290455358882
-0.759381247988271
-0.835488796481268
-0.820185369522644
-0.880330402301648
-0.916535409062665
-0.857404362593291
-0.86733707848249
-0.880186822992306
-0.884011424427462
-0.929290232460524
-0.782752918163869
-0.933648429600978
-0.868026893411866
-0.889628553747733
-0.781724773888493
-0.783865864992114
-0.770887829982268
-0.762103631204994
-0.686711961746387
-0.905016949541248
-0.872362886927802
-0.813309608041668
-0.844121579871245
-0.675041282964458
-0.926931744758398
-0.727048382758212
-0.879785365481667
-0.807760154457977
-0.819561309445694
-0.763305806803512
-0.84206351001562
-0.761881660485749
-0.911618326344565
-0.843354991755247
-0.721380287507453
-0.647974969886889
-0.837028714830079
-0.733557211579237
-0.692802411999401
-0.894297069913808
-0.814607829350038
-0.980740013192002
-0.70649923187825
-0.810932098452467
-0.750850161136411
-0.781069203355411
-0.702723850809923
-0.849111628657378
-0.686836042589786
-0.899814215170093
-0.764321772633357
-0.714310193799292
-0.665305689803315
-0.659262621603236
-0.858739973915707
-0.904157694009306
-0.651356633355276
-0.810831441170715
-0.672696111047458
-0.76393633963841
-0.828197674405935
-0.779275717220167
-0.73920600490032
-0.758748110252485
-0.596312116272288
-0.608875096002086
-0.588081289825263
-0.673371254950363
-0.791010755229567
-0.74961130797811
-0.83549547652239
-0.763172894821563
-0.547742444769244
-0.750041208201166
-0.747560810195601
-0.611489103331191
-0.737828582267203
-0.826498431959969
-0.560734786872613
-0.865531993786644
-0.712586417919005
-0.692879056423901
-0.766626608840581
-0.650218562129282
-0.784393678297305
-0.814327106637117
-0.775994823471153
-0.730458599277001
-0.77695389215067
-0.769748796180306
-0.743153677132221
-0.730590799165219
-0.714814679504738
-0.71604469028767
-0.785535917403258
-0.68619224795247
-0.571654985814527
-0.757947687323457
-0.664029908752981
-0.635927702852364
-0.591142922316079
-0.530731108948162
-0.664836560545587
-0.65063812872553
-0.561610578767934
-0.617188653064133
-0.716224688276524
-0.656694899272611
-0.704029888224672
-0.818173879733818
-0.671038713566676
-0.515893696482586
-0.760249601391339
-0.679197114088474
-0.738486481028025
-0.769646581135226
-0.666155004597397
-0.704086495285478
-0.701668013416024
-0.736377596013407
-0.705491768036931
-0.70650025631649
-0.6845821447412
-0.659163144851359
-0.750760447183877
-0.766251190973485
-0.441341621666112
-0.556323990485787
-0.513036269043521
-0.533266955769727
-0.716822505528684
-0.580101922898511
-0.487424882098525
-0.571313701830422
-0.641896785723535
-0.789366492525709
-0.664016816346464
-0.679032862762405
-0.634708426955147
-0.560738971946777
-0.614530580244656
-0.799050970557635
-0.542447825386617
-0.662136072365482
-0.583440507265971
-0.668579841402166
-0.646131842240333
-0.726221915269542
-0.607166602266589
-0.694786563921639
-0.706392241719777
-0.64078606970326
-0.566027666158469
-0.543684689246406
-0.715087521289752
-0.470568571195142
-0.620809323283337
-0.420607427054113
-0.511614308223087
-0.687602772071979
-0.510828738289814
-0.525958151565869
-0.508344783338794
-0.603291166178283
-0.628415284114512
-0.526049147054769
-0.684890529011378
-0.510255440207208
-0.586393538263945
-0.578379223231522
-0.634964683308523
-0.499615855801253
-0.486682461139963
-0.558636889236024
-0.508076581924137
-0.623953634858147
-0.462079423691108
-0.595110782633381
-0.686302124002332
-0.577286740687769
-0.489963708921645
-0.520728247342942
-0.537952267072682
-0.537557259150978
-0.575596875486405
-0.47802095471937
-0.458197373029429
-0.569768624394758
-0.606020818560361
-0.650031514224291
-0.721406155343503
-0.498175650688987
-0.47455789931204
-0.491543235258846
-0.477964340297068
-0.463664921753737
-0.382097920089818
-0.494613110004164
-0.489952988357002
-0.558378057271016
-0.379218972520014
-0.559261744593456
-0.566792026941749
-0.570524266378635
-0.476211943500909
-0.507912731205701
-0.505421721165842
-0.367743544007886
-0.462980910350858
-0.584979869320032
-0.383478868638865
-0.379112179198249
-0.373387987141187
-0.401429111578625
-0.545474211472673
-0.522671279411184
-0.523589415602836
-0.389154472987153
-0.36688777583188
-0.385336281592151
-0.548876300552753
-0.243469913119431
-0.46128089039879
-0.431111612535176
-0.386849439450446
-0.483543197269825
-0.396198800604052
-0.480512307757796
-0.369528874837849
-0.382199312184367
-0.334140224392387
-0.38398899297825
-0.387097699989575
-0.282531330622135
-0.547298729769883
-0.276481490161421
-0.41454982881477
-0.377636772916521
-0.413914208032438
-0.451002183841492
-0.293719850677207
-0.313141909763036
-0.42794312862046
-0.364501444606489
-0.365292801436841
-0.404072057366008
-0.167962335391256
-0.315201067756148
-0.442096356849778
-0.266487096542559
-0.257352693670247
-0.344732043466318
-0.41992487509897
-0.442757026073397
-0.387249455768778
-0.401207824343375
-0.477651222608576
-0.440711054563864
-0.365247837874441
-0.427094616395472
-0.411581256940092
-0.265484709832141
-0.343966385947738
-0.380417486208633
-0.275275973252596
-0.290527727772725
-0.394119362012654
-0.481717754430081
-0.461324066533195
-0.275120719098769
-0.219483817473922
-0.359816480134198
-0.303161012430977
-0.268810670311
-0.363502152245133
-0.327790198949986
-0.338115725901605
-0.32369520452812
-0.243891610274642
-0.372692043572677
-0.354933379636807
-0.22071639622529
-0.285605492022441
-0.342248964744116
-0.317443306698843
-0.39816391838843
-0.361909542926554
-0.347744766351488
-0.242360994059767
-0.364906569975377
-0.346832378245083
-0.279102382841496
-0.207211468052608
-0.242619686432472
-0.317768947056952
-0.254135389127045
-0.248005093363985
-0.217022282138029
-0.288466995549922
-0.212143591069186
-0.246442965962717
-0.25557185450931
-0.382224223325298
-0.195341786666073
-0.302122788425129
-0.313563099847719
-0.227677603717393
-0.381196706048335
-0.258813512767719
-0.395184429749462
-0.3340468564019
-0.193588711598906
-0.313979411500063
-0.380451714793714
-0.277527804050315
-0.112227370055888
-0.213932461914246
-0.309516643457816
-0.115032949419017
-0.144324142268302
-0.342645509196429
-0.320149679844681
-0.158202727075027
-0.332947948826041
-0.260158588440748
-0.283547979809907
-0.360303223633681
-0.264294805805627
-0.282812224358837
-0.352289169102434
-0.194645640655937
-0.366524439721888
-0.168677966518438
-0.457115248829732
-0.273433973110293
-0.267584236476426
-0.244533457299566
-0.209305312423125
-0.132026662858173
-0.246018169396806
-0.29101472162365
-0.200489166644681
-0.186422718607469
-0.222311627228915
-0.147293279854222
-0.20632824151155
-0.202020128057828
-0.0395276139007154
-0.307540611405848
-0.200063661201189
-0.170271956009322
-0.243400957242621
-0.0703395467405602
-0.215645825887031
-0.272756138960947
-0.209099595829932
-0.197253239591967
-0.36006687682844
-0.213538350285823
-0.230634606136041
-0.24775890446872
-0.127551894638092
-0.213917203150864
-0.152268996965488
-0.108415183376314
-0.184916035191272
-0.169177363718466
-0.133636421515352
-0.163030585052343
-0.224456981111997
-0.253159517799009
-0.127065857378142
-0.0481228775771448
-0.0540775493431061
-0.0518121781894202
-0.266333048017035
-0.259295105522795
-0.0605877948129826
-0.196495468256503
-0.241720892172404
-0.103869331526319
-0.00479855407549105
-0.290687091896701
-0.206409889958104
-0.193197895862408
-0.176145675296118
-0.193963578631531
-0.352758978942472
0.0250496796756773
-0.0652882750222333
-0.102746873232736
-0.0481872476809257
-0.183308664378174
-0.179873394682435
-0.233509722503266
-0.0247586874251921
0.0550873166786067
-0.0237231307026668
-0.161786712550589
-0.214432085292598
-0.00841545023394935
-0.0892013141054246
-0.0241128271648345
-0.0764915813471691
-0.233748396802248
-0.129532585864073
-0.110167464828151
-0.170764803962221
-0.00476874302243828
-0.146687859211646
-0.104799117117376
-0.138775944486339
-0.0176120264229691
-0.00906208040907234
-0.153251054648433
-0.0835420937956291
-0.0180318550585742
-0.157621228047033
-0.00200232837796114
0.038802042211935
-0.0946381184380169
-0.09702235898415
-0.0194490052280229
-0.0563048415227035
-0.198062463287303
0.0122971378973669
-0.0662031507971322
-0.0875992551907092
0.123159885164928
0.0272278531464794
-0.10154882506607
-0.00334850787234095
0.117594945670786
-0.181272414781788
-0.00684162539152484
-0.0882663835088118
-0.0661534279367192
0.062398443768762
-0.156474736942183
-0.185989622180928
0.0150017743030198
-0.144821882440573
-0.0328428169441921
-0.0435702635132306
-0.168189868262694
-0.0814527862724231
-0.042035288037179
-0.064563650295513
-0.0277186396820675
0.0620213538235374
0.0295976195544184
-0.0317002564980121
0.114436691283619
-0.108766983126603
-0.0675314814552789
-0.0310775841317279
0.0804643043990802
-0.00293159279233661
-0.0858745931687659
-0.0151760267748562
0.0915463623438149
0.109969340600484
0.0456362907648355
0.118251746726495
-0.0371219882004357
0.0104804082408568
-0.0627723307606292
0.0677855537591812
-0.0210818290216992
-0.0516000087778748
0.261471471052937
0.166250335939072
0.13181505834592
-0.0196135582577979
0.0316458274178105
0.181750098603648
0.0430619934944362
0.0236417123393225
-0.0392993844838701
0.0645403754645551
0.218294191207486
0.177120333975697
0.00629758375056433
0.0679002851834934
0.0477542658161311
0.14276622913391
0.0706370199268122
0.040146393906747
0.20856823566665
-0.00637003224538198
-0.0252462349692409
0.0843632799736628
0.0839590587724719
-0.122516920042754
0.00272645756469797
0.215451161315962
0.136388810725885
0.159488330785694
0.0888883190080029
0.226645580371926
0.217801073753997
0.152070882777906
0.0645417198682432
0.00370716282057913
0.144051917559078
0.033713607339272
0.116316732203169
0.1837905710119
0.129448844752274
0.11244040211523
0.160324664285593
0.0505649494135923
0.0766660797819268
0.209450072930136
0.237545329328585
0.213462162212466
0.16126354295929
0.135299872288822
0.213641986909896
0.312903319159947
0.237691711567463
0.26962848871545
0.177326753530071
0.151989077907317
0.123379247992431
0.177255767080542
0.107422887408365
0.178365575125708
0.11461026399654
0.149262632137469
0.117086713538423
0.20616357120291
0.0818047324174753
0.250488581817887
0.0226294767002501
0.340091000864335
0.111762562463668
0.276801796079702
0.161608468363011
0.231535173404479
0.248505269044973
0.144628516223193
0.167988125160992
0.296995124808629
0.244558964089522
0.0935210187309166
0.252969635721248
0.157342760394047
0.248393500379026
0.307437269160765
0.261414418376513
0.321712576620511
0.263525645940139
0.144812153096656
0.243231255970319
0.300333436993948
0.208887720896925
0.436222054678445
0.166445577291351
0.18838305676691
0.210362660992543
0.209731148021602
0.12267150685607
0.368439540226631
0.243386906359025
0.25666231392935
0.181316594487642
0.306371730441081
0.249227570691564
0.151106108062853
0.174282620288515
0.342993784297089
0.211610346384053
0.213111603685589
0.145005924060924
0.39463448401436
0.391348611104738
0.327570803988175
0.385635628064745
0.274654218349844
0.214642372392956
0.315600066621163
0.463197743786876
0.159952947301467
0.212670563259353
0.235424364996385
0.252214302992398
0.171073575578489
0.228105647122195
0.258361781900506
0.261198115967787
0.375151278542177
0.20456075982761
0.253489706423118
0.302155997586653
0.263938970942588
0.386630380243328
0.44158271343203
0.245597648078785
0.401101777002461
0.266608628441565
0.406606252819364
0.245769523828838
0.421521191696335
0.308936839584286
0.342084524648038
0.10466589471747
0.448266094603444
0.340145605089633
0.361499409403138
0.327763697015125
0.244969245576354
0.270183230974212
0.299894932920984
0.301439543462348
0.347328853753085
0.183490984796678
0.30668803258863
0.26638841424173
0.363177388343928
0.308361827162523
0.223406414460316
0.346942302458747
0.469397799081658
0.287261909404169
0.384762902301265
0.323522337130023
0.302869145764266
0.373697049348036
0.448769942534938
0.492770140395974
0.276634452123418
0.438268515214599
0.431342542839449
0.349565188596005
0.392086520704911
0.408766396241762
0.464681380550999
0.36136286481637
0.446999219910477
0.47328058212001
0.470970930755012
0.303211162741024
0.42747075242547
0.555878802275593
0.413061127905459
0.379219947045874
0.410290801602489
0.460487059540429
0.646271096087486
0.433856215164056
0.476556828665693
0.337776787786304
0.219217169857642
0.364835153099695
0.363878216386551
0.503559257928701
0.346661520015596
0.449963431023797
0.261281975376542
0.430731882467909
0.423691221542689
0.408380706467466
0.532998219939013
0.446820287045361
0.632650534205628
0.560669252110067
0.500693222034229
0.602637840540965
0.600806852956168
0.41516925172141
0.604294876660223
0.432924374815594
0.439120979079535
0.475892011814996
0.344699676580623
0.424113731701402
0.557367140648475
0.65546224232394
0.706003904849631
0.402107723301175
0.485714305464096
0.400322371855156
0.58679950794324
0.474166183288928
0.498615359600122
0.429892845750028
0.323010671258907
0.438139237274515
0.423106391137221
0.503923400701897
0.566704456962195
0.522339625583214
0.50010563084147
0.440851606180433
0.634015670779957
0.438916890081672
0.45675449712771
0.41124410077549
0.506967578111001
0.454386592268814
0.327101007877898
0.573099083707358
0.518279637701596
0.492331560200853
0.56576135070624
0.523743284550798
0.460133211742715
0.424375966782151
0.495889338128519
0.665879457437974
0.619871648910899
0.466488203441149
0.427117755083364
0.585187767203272
0.503721245555813
0.602451696390121
0.585803312011953
0.50520965558844
0.615584902355803
0.585634218374239
0.56644276855654
0.541354471109238
0.66924640484693
0.48603828879795
0.498030984955926
0.611866250680122
0.626825305378699
0.499307156268994
0.593912223474738
0.566850185340425
0.325146441287421
0.6403891271281
0.477809983869331
0.345040440485471
0.761676391336866
0.634528186308231
0.581123029222521
0.531308430869699
0.490888758473853
0.630351219696571
0.564616183544516
0.675578567917206
0.60487705795609
0.625179395846856
0.633855237452441
0.68219276692115
0.632204357564827
0.603529233771088
0.634351639840829
0.580782902149082
0.6687079512084
0.776480917217622
0.564579399848151
0.471876197107867
0.516438025305663
0.748100774308932
0.658389210964812
0.717385603432082
0.516723459620117
0.650329453661004
0.555036583708277
0.630439928251353
0.514958307978671
0.583934644376112
0.643083098571535
0.737567202842489
0.628848601736952
0.728557655177499
0.644136464445529
0.63128103924135
0.570235831978043
0.541730956565213
0.700311470159335
0.863993776253545
0.687210095645755
0.721405998171363
0.601314317078094
0.762413091409123
0.787775120533755
0.545773824103125
0.705227558861645
0.621153655476467
0.636814106075453
0.64141245659588
0.741256498703549
0.616473452325135
0.639359756167714
0.645641280208194
0.547160298564375
0.608176788494854
0.724973057455523
0.545255554233907
0.828623951053918
0.642904372037817
0.693104856383886
0.575757891439192
0.768048547452991
0.66607659060683
0.729082238891162
0.803800516962285
0.707006273450495
0.800124451121417
0.713050231392709
0.697346088283188
0.774114854842359
0.824276316832921
0.878252726574738
0.609746778421411
0.685678877940987
0.810202769498764
0.852378160293867
0.715052889692435
0.660966541670147
0.66912542711394
0.732975407237478
0.729385716010663
0.649869485592888
0.684703785845686
0.714299236372004
0.815089564060746
0.7020939065151
0.727424671178985
0.805485938865301
0.863356578801965
0.746176357634562
0.73580269096559
0.687782825418477
0.721808511116226
0.60766915159877
0.77125171294484
0.612024383085352
0.768794824009686
0.67889296484744
0.872804694644486
0.891510153072406
0.793824917640394
0.888234276654798
0.764031113275514
0.818621641972489
0.772725514478249
0.728256405350179
0.713477927956235
0.722125001502746
0.733054031613413
0.703426770152422
0.671069323228614
0.653241928176808
0.804345391737295
0.699166393012804
0.787464095236377
0.739458776953459
0.75741383348803
0.74907121237989
0.743424148249021
0.798105312493952
0.845559196698701
0.813753885245431
0.787058055958461
0.725486185145586
0.861387508087529
0.923586862700232
0.981644117646257
0.806170491213153
0.825110564483476
0.891126068272144
0.76716211949759
0.927700479066267
0.780559690682742
0.846325956686132
0.873679277485554
0.961797079317383
0.997036551677957
0.837782391206809
0.825443540566328
0.818268247095314
0.742245616261638
0.790206793153271
0.895529169632002
0.959786831452539
0.890475860520769
0.977725185977552
0.738280412219688
0.924116430890672
0.891755160210927
0.726241961345945
0.766104088134084
0.902122371494879
0.804994051877166
0.892523892055556
0.954009959876083
0.90486937308804
0.933543846024904
0.864147092874912
0.88443395074197
0.888340508634579
0.940460223627842
0.86987949597125
0.975610983113444
0.868379215710346
0.894086548008618
0.973454149584777
0.80704299324918
0.944829003225847
0.9161985887308
0.736401483043086
0.72638050347202
0.913470885277521
0.841093705077211
0.907863311677706
0.817713099042493
0.921696836476441
0.905907028602171
0.9920422636898
0.920202513934312
0.932002333522
0.923619912086059
0.816318617059419
1.09227078242809
0.984907572598885
0.939504307267595
1.11413696787766
0.868106444088233
0.914220126226389
0.973390268346632
0.996179482225028
1.00269621925157
0.85001284308647
0.990726358782082
1.01285981670122
1.08177347637467
1.00917626383447
1.17118761958323
1.04890418047341
0.940172046192376
1.0516940012775
0.8722266044098
0.958231284226684
0.997054248809117
1.06660608461071
0.953435665592707
1.19026333465032
0.930564200903337
0.989760735906605
1.04522476882087
1.09066722125624
