-1.00530466028544
-0.909989209263941
-0.973164032115229
-0.952150241059525
-1.01031811384252
-1.07893790539771
-0.974429290942337
-0.825890272110658
-0.900506622936518
-0.963594530571564
-0.988626258067542
-1.03306570322202
-0.968369187250252
-1.0718812732155
-1.07325681769701
-0.959804586170894
-1.0111354147072
-1.16598123182793
-1.00661078745519
-0.992226328724948
-0.981031426864207
-0.949992175935121
-0.853331834326656
-0.957217614009477
-0.840540216784154
-0.950152386216924
-0.892981424522504
-1.04522359207325
-0.930384432024731
-0.771147574560164
-0.90281654468678
-0.869460323556406
-1.15672366151925
-0.867261115106261
-1.05831032665046
-1.0452370110788
-0.841076102610736
-1.08323030742726
-0.945604875494503
-0.805709991078489
-0.964424183359971
-0.863655987750149
-0.702532801801717
-0.725458519844268
-1.04968711651409
-0.834387025172947
-0.987614413082369
-0.982371620423791
-1.09557114141462
-0.77731034529915
-1.11927112740413
-0.989978999474989
-0.951891178070569
-0.711356889640295
-0.91912168139348
-0.786528672597617
-1.03178638420473
-1.00093030559668
-0.744866106995249
-0.930754646727246
-0.809733958673664
-0.979242029944307
-0.845619135809059
-0.84834746223995
-0.858511286350423
-0.802055031516669
-0.82277693558748
-0.926880777843368
-0.826236665622354
-0.828461536031714
-0.914077867672613
-0.812997899667777
-0.940319268148357
-0.682989374044763
-0.755539610890648
-0.720915166434389
-0.851147414093476
-0.765575072914988
-0.844557299098952
-0.802162030815017
-0.838978444755721
-0.765069823987827
-0.896236627439313
-0.755819436784827
-0.758845863690566
-0.689689202272887
-0.74233253435862
-0.992254133820924
-0.854883527545273
-1.0252093562472
-0.832165415226176
-0.800892630513626
-0.923644264647836
-0.798555177229981
-0.778229205678443
-0.679039603516009
-0.780763033484971
-0.900881351262126
-0.725596254149668
-0.794256916162003
-0.787028487269816
-0.852414969689068
-0.846063468634317
-0.816476870202815
-0.797345323379236
-0.841431403743955
-0.808962001800104
-0.967093920931177
-0.762827272357786
-0.762271080175109
-0.777533946614192
-0.821893956382306
-0.700635531751653
-0.803806596939065
-0.765370579415946
-0.656030347675941
-0.809584765553481
-0.637912065591825
-0.767396181821997
-0.689953382717454
-0.747490609477785
-0.832853827924172
-0.69972728168955
-0.870497971695827
-0.653120339369395
-0.657260557684202
-0.801419183027647
-0.73132082044422
-0.846597160208243
-0.694559842103512
-0.54164995884542
-0.753796026174582
-0.66309533814966
-0.86716749576687
-0.47594998757166
-0.739275183901341
-0.749323171324896
-0.778388345669601
-0.677511024072782
-0.651151025926216
-0.563757117176503
-0.577614673545308
-0.651127887048843
-0.677479716191013
-0.820125427858273
-0.812861702762628
-0.750954694158276
-0.719901076089211
-0.657258676008055
-0.852282456248241
-0.711362063682525
-0.75375531939993
-0.705582975956227
-0.800079106226921
-0.652327030044673
-0.625341407492472
-0.774244930936049
-0.613742662627803
-0.659333890897689
-0.698581940325925
-0.653608195948147
-0.682798246600018
-0.755579205939568
-0.712941128951228
-0.576196947885086
-0.59168273605481
-0.852677623539246
-0.521198033118116
-0.719533704881805
-0.635485670098871
-0.648027265766035
-0.695141077742872
-0.592040541465393
-0.650154989676737
-0.590019798337386
-0.671157348539969
-0.6483720117611
-0.506719620464876
-0.786511138741152
-0.655369641089782
-0.692395567774348
-0.570732977484582
-0.653026788519504
-0.527963815369033
-0.608033441681906
-0.589063526136768
-0.654751708725813
-0.538559683966233
-0.646709292121217
-0.579525953923356
-0.518380178822076
-0.710847435650389
-0.6646213135439
-0.611845997078095
-0.598396209798988
-0.744383676215271
-0.542217755335013
-0.611228080913867
-0.673793289282698
-0.709815571536438
-0.451339454278151
-0.55750268064174
-0.714742006409235
-0.591321094342376
-0.698665213872347
-0.662140209314728
-0.766605465890901
-0.644852501849526
-0.574555673190601
-0.501247514854427
-0.644236097453818
-0.557163272326184
-0.567806025719592
-0.536829329079626
-0.572856679128507
-0.520721293326163
-0.56989340836521
-0.637938424644439
-0.626127040328556
-0.686958370006198
-0.542478476373591
-0.565414149294286
-0.585287844355787
-0.587286494092408
-0.466735748665485
-0.45990155666052
-0.65566371452515
-0.530358938245608
-0.593694158852614
-0.523384453578562
-0.346251067252581
-0.527776485578172
-0.40129451325871
-0.604608334825759
-0.462471784701568
-0.659868626556244
-0.521220646903654
-0.537371336941501
-0.54929953850182
-0.582952669638487
-0.461274894197181
-0.546991148531171
-0.627519774235487
-0.641250455990018
-0.418985442147108
-0.439876126428587
-0.427543669419446
-0.551855546801538
-0.413830043805845
-0.479700776821061
-0.525734164737345
-0.490056150372919
-0.412045416487918
-0.576814717033057
-0.603277308068296
-0.522141518678814
-0.464595757129202
-0.426435851176728
-0.463174460247307
-0.376666407576071
-0.439192329805975
-0.59517596608006
-0.365299112459814
-0.604163028895018
-0.576164622075719
-0.482131485940495
-0.423062918469069
-0.283407951158739
-0.351353104717952
-0.306517357738416
-0.410907830519243
-0.431991344750343
-0.503375652723414
-0.531468395221325
-0.384093267844322
-0.472988228043611
-0.516571506097291
-0.434670996079453
-0.428257155519534
-0.4721345165692
-0.495985701647329
-0.388483660690439
-0.506867006010309
-0.283097030671811
-0.388135506410665
-0.388248746423977
-0.438712723064324
-0.452287981312881
-0.486673096036743
-0.321706538839684
-0.409704719523833
-0.482477267680786
-0.468953130529467
-0.416347327388721
-0.513393296747544
-0.298044701214085
-0.45333153888059
-0.444199133874207
-0.619326214200954
-0.42812863055729
-0.433052459460334
-0.390076145917279
-0.276436337667405
-0.319539882717832
-0.387371469105487
-0.370827440237833
-0.328966469175501
-0.272448913589432
-0.350790958896508
-0.331074612630742
-0.493731288881163
-0.432443446328476
-0.149188867196263
-0.520698393897522
-0.324381708482315
-0.366402582147452
-0.394077143199737
-0.440995231404779
-0.439714462623452
-0.378417278313459
-0.349427908020186
-0.33000531949849
-0.248227072108539
-0.358302400294336
-0.317500555969893
-0.296277664861493
-0.110112848461134
-0.312650905156367
-0.350094016648441
-0.180146882455602
-0.495707936038551
-0.395168863166071
-0.314884905641158
-0.278158409176096
-0.275086739473331
-0.229394194490249
-0.420714042682863
-0.308272106619993
-0.318953763835346
-0.365165659494367
-0.291664051984306
-0.19071697099367
-0.269345968916751
-0.450899075421396
-0.224170909202808
-0.170437062975953
-0.23992380518416
-0.214031491231637
-0.341148342025587
-0.296601040813064
-0.197678650032557
-0.37610128972071
-0.210590554175974
-0.333067875649817
-0.30329410467669
-0.27682220888591
-0.2389844813936
-0.289109336664868
-0.261360410974958
-0.324936867244774
-0.385918453758816
-0.322445905585128
-0.31205551293421
-0.186467735897392
-0.191811728721528
-0.186992601305861
-0.336027428211601
-0.276831662911309
-0.248134713178504
-0.163441147669013
-0.346627750117436
-0.238256986628315
-0.449668159081659
-0.181370968492437
-0.312644179013303
-0.292008492149046
-0.191124102221266
-0.283720326781009
-0.204230997070803
-0.238235714243085
-0.378618470875327
-0.272576706953972
-0.241917241610063
-0.354624457871818
-0.258725678877183
-0.265274311252646
-0.379906213656053
-0.204434125150875
-0.0739260666025016
-0.231480409947538
-0.171699127982607
-0.295707547795911
-0.0907338194898901
-0.134375648285963
-0.302808773564316
-0.300827260922463
-0.106569920104789
-0.224240057994066
-0.375554421492192
-0.147520366617258
-0.197515529457775
-0.224737512132901
-0.222065706022132
-0.241411675369543
-0.296381678331895
-0.120605529695571
-0.0781550473189326
-0.327237985052772
-0.120651100337284
-0.145341345036599
-0.137441694228798
-0.221974199919047
-0.188391615499728
-0.243728604249853
-0.242059374820386
-0.081096391314955
-0.223656178055977
-0.307497370801515
-0.190506223454925
-0.174607371974455
-0.016631522966011
-0.225726758059582
-0.194104619246652
-0.181468858162346
-0.245577193967694
-0.185830992517467
-0.204571594131162
-0.155448009840917
-0.116151721509763
-0.0604374795212533
-0.125396930893041
-0.144031497362617
-0.237137004676397
-0.102238565458894
-0.0456331164062119
-0.142973802642271
-0.125820864272299
-0.363885677520928
-0.0960847422168499
-0.201786047884316
-0.0578615590875854
-0.137507147597416
0.0220450079829854
-0.107001519205678
-0.0367012150425393
-0.137295316117311
-0.100433068950822
-0.169236673463402
-0.0930853177730283
-0.0318385673397306
-0.273544109730087
-0.133302440832674
0.0744458214248912
-0.05026390310716
-0.0203695109473272
-0.107412310648136
-0.071103940187918
-0.0805412903628621
0.0267506241425044
-0.0058068144271372
-0.0606136691680672
-0.12227966758561
-0.0409628757727819
0.00792803890000891
-0.108124750615258
-0.126430125978911
0.0888873881532687
-0.174483423464128
-0.0239582528298643
-0.0196345860373142
-0.0629193333866282
-0.131299274757276
0.0155434502254332
0.0507830053494862
-0.0690589731177089
-0.162610365371562
-0.310790878652081
-0.0404550717970862
0.0694693866862728
0.00125127424703394
-0.00523970622583839
0.0236931661265071
-0.111330735980247
-0.0741262905255364
0.0603442933725875
-0.135752681558196
-0.104097666323433
0.079410082655406
-0.239021998222181
0.071575425312381
0.0393244583215796
0.107958399505534
-0.0913703155753977
-0.0479422785997968
-0.0812810055172375
0.094480349333148
0.00484109767706246
0.0336985173566775
-0.179156227560071
-0.127989814711141
-0.0586057586535116
-0.0831406759771976
0.0173167794112497
0.0109108765421142
0.0564666320118373
0.0786679939774321
0.0159190698176522
0.099489874689906
-0.16285656634639
-0.00600468723155448
-0.119780640100588
0.0647858655242879
-0.0589542600918852
0.101562118357821
0.0564373402252543
-0.0358329330718601
-0.0743469178553124
0.113642127850666
0.0286357425468544
-0.0354131304167095
0.0326330696116893
0.157518965750037
-0.073220532224009
0.0613289830636514
-0.0123722422905497
0.0779511005916787
-0.068805800168116
-0.113541639496209
0.0560932070929557
0.10365100862002
-0.0428436909367124
-0.0713681870618129
0.145285603172322
-0.0315477179458737
0.0804901857885008
0.0102340067886394
0.255419827082378
0.0714443619186111
0.0143929809262067
0.0509789122966336
0.157699892437821
0.0359319869644222
0.0646456213007141
-0.0348606116369519
0.0273345118748626
0.074581300282651
0.100511994047682
0.068964706684117
0.0985467177889013
0.181916096600018
0.0876160936455005
0.00612433465345507
-0.0952108305989991
0.0382347199433292
0.140011460029503
0.0931064390827154
-0.0471000051961457
0.169366153379263
0.205596265324655
0.0644166241077681
0.110610588579793
0.0830753732601073
0.188590278589699
0.269888703318848
-0.029508573554792
0.22793374698421
0.1956012544945
-0.089407042248736
0.141168350748498
0.13923174984974
0.0696695893392332
0.151305657038183
0.221871721624026
0.0865551605602107
0.0377207053391942
0.0692555712131337
0.333280917711526
0.262068212513253
0.155053274070966
0.176572298709985
-0.0220814469574954
0.238190382386047
0.229928538364277
0.0697611449769208
0.0904170497424239
0.0662573973854933
0.170933920548165
0.202019329365709
0.227912000040795
0.0757739522372075
0.102350060227926
0.290134416315888
0.120060562621467
0.241788661734008
0.0736576703895038
0.201865558316475
0.2866477008325
0.253416231380341
0.158050656623189
0.276639923227802
0.107590009565277
0.322825016606295
0.163996730472856
0.329455869400203
0.208620806281281
0.0225578137906291
0.19316487252683
0.292702769862508
0.275503430776628
0.371397677392786
0.194929923597634
0.17902066615254
0.37726498817902
0.318043471366716
0.282671657057172
0.155487602601633
0.107775795823256
0.278369942935073
0.27323851325639
0.0294814920652458
0.248069517698343
0.260243074201622
0.176989550901286
0.282942078655386
0.178367121197436
0.29841985683936
0.132424917982953
0.271583481423065
0.20710251136409
0.37559242485085
0.386194740400581
0.247816017703622
0.11846757754282
0.265910254967356
0.252370541275071
0.338707683096835
0.120260785307726
0.404690954289632
0.27894973102464
0.227496279186785
0.153967206575476
0.309279352271132
0.260594591521335
0.289115069714592
0.15862850629989
0.26149177592805
0.284739678582982
0.341031977554801
0.238152288300734
0.299362697592351
0.408331317283094
0.270756689827282
0.410584316987204
0.450965633482828
0.31473958251819
0.380600702112454
0.303259278827283
0.35170083483631
0.4185112564366
0.271879099727664
0.30286008521017
0.309608990297844
0.368061852240178
0.408305383230598
0.552998188135251
0.423550165458032
0.353362348947589
0.335876410841188
0.295685574563817
0.476188566520287
0.308345432777207
0.394211366509885
0.332823147599017
0.436547599840292
0.234445322306774
0.388876302036163
0.228189506998437
0.251067757146893
0.25802986515145
0.280424003285505
0.44394110919717
0.237073642487792
0.349555677221508
0.308107657252584
0.327575929533192
0.481764403133223
0.452879060891996
0.34961819557534
0.412094282008078
0.437318974188097
0.318147650143856
0.370406709839582
0.319792361980461
0.311915650186996
0.417714016866588
0.425664170357395
0.375154709852976
0.514246238406504
0.48596436595523
0.248239157560114
0.415374703730591
0.529927801378962
0.474771519188791
0.42986761624106
0.34747697093932
0.391454981190394
0.361553129633295
0.410089016396142
0.253749745882819
0.432483576799314
0.55436352649722
0.339556867736871
0.46580616485591
0.595084526599844
0.514580931553454
0.476101260902226
0.364982684526593
0.550716543417715
0.353488828217304
0.403063809461063
0.461367159198111
0.31347048278428
0.47285338597515
0.365607008213337
0.460137219485334
0.365565679223905
0.534566088236978
0.518815210576344
0.359605842332596
0.438480161411672
0.48077049923205
0.466281533921192
0.476466149373075
0.549927258875709
0.361995963203874
0.445722880607199
0.45721198365225
0.585922325567137
0.291919224513373
0.49596967170184
0.424233552431817
0.61940971767543
0.633297921305081
0.415494268749956
0.68595867591327
0.482154600520624
0.525824894811281
0.581056353519032
0.427726694354165
0.482270964077375
0.469890842221696
0.492133159688021
0.505350067679887
0.44212187639951
0.533607893321761
0.427963074094143
0.520581857108174
0.560598431991346
0.389890117786443
0.523799989804537
0.55154130880498
0.486980368132666
0.528959453124406
0.485713715892924
0.505216523313063
0.485639789786123
0.609948259474409
0.554563496299938
0.633482822761215
0.483196422690777
0.436468277608107
0.544706545821894
0.53036049931916
0.531534671437391
0.531624000455062
0.531862710588637
0.506157174975512
0.524202559569349
0.582196408573611
0.584747132542087
0.55881034707597
0.487060508265648
0.571161808937799
0.435904241858756
0.56517572419293
0.486443043993272
0.552433134141792
0.695493403435106
0.518592742096796
0.641487720042789
0.527062516764622
0.526345051533558
0.586603619601687
0.678930882094643
0.510104283844944
0.503322654788944
0.584214028711947
0.614545366198827
0.498151682987153
0.627545017188673
0.536113733731454
0.66982657366673
0.577403062635589
0.605148292508219
0.578261787451051
0.712720821501766
0.591001113521201
0.522020632730564
0.471989023763718
0.691095057792023
0.648950149307392
0.576698171089276
0.675444655933083
0.789707075209257
0.682788101247757
0.617192250705858
0.635809005240029
0.6645985438423
0.509383817679021
0.591552491222612
0.612732899048069
0.704273252901067
0.584362379721276
0.707943479957342
0.647306409707512
0.539932185761199
0.752755012976454
0.704197559696572
0.720106633746787
0.70370379122113
0.547213158354899
0.576892845816073
0.643852554713165
0.811610326009195
0.576508726784553
0.644448782423273
0.67629292090135
0.863475419698204
0.634271984833936
0.698890700213292
0.708723281627086
0.75150621467057
0.624795198368012
0.797771205731309
0.663167870743316
0.830176146028813
0.644317053385883
0.833511302139943
0.690487317624381
0.60371787206811
0.722865850292745
0.664668179712595
0.8094461576368
0.684694058575445
0.760022577218559
0.982079789629421
0.800890594224964
0.575665166049479
0.682425694776977
0.80625354174398
0.647158404095809
0.617197917657593
0.630200249175976
0.886225202540235
0.760375629752122
0.708683521991027
0.627321700673348
0.831365604679365
0.728177730546219
0.697408627287981
0.710711725769983
0.784025441656347
0.69885183650921
0.701262762167511
0.790609028169345
0.666464888751347
0.81659441184596
0.768383010616778
0.97418627243758
0.711191311547576
0.613842601904004
0.8241193074082
0.750642699851369
0.700663138612899
0.821495858376618
0.888204174828691
0.760839446332499
0.57790881295644
0.854590987655278
0.732557052793351
0.784514092214584
0.7380892600218
0.878453990619886
0.727333230042027
0.821229668617217
0.814173655151799
0.71945468775496
0.845018227190926
0.639627129519013
0.889661515914329
0.878356874294394
0.729546631306246
0.731335444089851
0.79467228466927
0.746247743890435
0.654514682119491
0.801002647988019
0.864930306731125
0.803945313950049
0.824330408291765
0.868075892643424
0.841987901159285
0.859546812665673
0.869610393609924
0.840548203927243
0.681777306253345
0.802800095364276
0.885164123445369
0.909325145005076
0.82928908478139
0.904289808395575
0.969455671063265
0.789016149103156
0.849093089468232
0.875343635047715
0.99783010423347
0.798606059723263
0.841707248479404
0.798673866251409
0.814794223817373
0.866876837055006
0.731762391834186
0.820949954668946
0.860336850865615
0.790017665676998
0.688116390155684
0.765472328151452
0.81698862625087
0.818220133487581
0.791207956495566
1.02098037582403
1.03730507736806
0.930846033615842
0.832112180373259
0.762993556667174
1.01852599992157
0.779597976053097
0.9908867976604
0.927372747899837
0.743303507222599
0.979988970852464
0.872136428235508
0.826676468029568
1.14025538923503
0.719158288591944
0.877395111928256
0.868392215049455
0.911615655488949
0.910558640280659
0.871452697421691
0.971595751755049
1.00154923136333
0.924305419033401
0.780611297747289
0.937788882190893
0.824710621292691
0.777649944526771
0.972609967190708
0.874727242040328
1.07092572425461
1.04436375491349
1.05526076853635
0.984577631079315
0.831821457498625
0.901701114395936
0.931006382173063
1.06042441474983
0.797004213863344
0.915818668495064
0.910974185681126
0.899500102597152
0.862550781714415
0.899222720196616
1.06322026225114
1.00098619754202
0.936017116627298
1.0430769466173
0.984626658603138
0.842685232639449
0.950582159299003
1.0311866715286
0.916250082875061
0.95942513020082
0.925492949713499
1.03131701787667
1.07331788012271
1.0172907222026
0.947812851735447
0.963087389191106
1.24337220497468
