-0.879643945968238
-0.973309519215996
-1.04242951653701
-0.933123304372785
-0.798624673948477
-1.01719718347091
-0.929826863809093
-0.992037327208083
-0.958565304657588
-1.17096077136645
-1.03345462600571
-1.1294625551341
-1.05090070075302
-0.947379656387721
-0.866542515723888
-1.01051880564746
-0.934665060405579
-0.912312019760029
-0.936077981397645
-0.854055757778087
-0.848927521618207
-0.975690878683272
-0.897859548482976
-0.891465845085314
-0.907752734677464
-1.05177280776247
-0.971038530580168
-0.879521732457901
-1.03254818149695
-0.904591803104696
-0.898212240764154
-0.884658517662863
-0.907742960757542
-1.0048713760097
-0.779860473480438
-0.936095575208523
-0.838730634920972
-0.942562368685976
-1.08162486491713
-0.788518062172713
-0.726799593604369
-0.787132647167828
-0.861992419427129
-0.926969135683201
-0.958894816577047
-0.849196054573376
-0.878715217868734
-0.883182100357872
-0.835840826716733
-0.947476695207103
-0.983050462754733
-0.904754773383276
-0.879891651111007
-0.924098361762093
-0.837632522001613
-0.954831003404787
-1.07712703482908
-0.924546433007656
-1.0773884574788
-1.0024270179368
-0.784823868691923
-0.878693688971112
-0.887170961127543
-0.881275288209214
-0.746262186720059
-0.944483293703386
-0.834595264354547
-0.853113873658447
-0.817073795658818
-0.900868397324397
-0.760679476375201
-0.825466628093953
-0.777370517773834
-0.871125701426149
-0.815046493318768
-0.840631931409137
-0.981648653548905
-0.879060173699114
-0.836209224279353
-0.814769555550579
-0.797242625911969
-0.764496632076409
-0.8945765470617
-0.732217776365593
-0.878817191848303
-0.941124984391758
-0.756675217061117
-0.862282163182846
-0.764098488839523
-0.824394829284137
-0.879546754006751
-0.636366007023705
-0.78392415584103
-1.04162438624827
-0.833258347904536
-0.623605795317218
-0.817078191971289
-0.946813118966708
-0.754701598101274
-0.781275389198149
-0.760140022350908
-0.731188249139239
-0.824802628202189
-0.884849735152015
-0.672376495320244
-0.771377137190026
-0.826848750319631
-0.853618139310212
-0.779901940228392
-0.891458381673533
-0.751228596991515
-0.749536566328858
-0.762066021486682
-0.696911879913988
-0.85516078369833
-0.728660849764976
-0.747537713709889
-0.830034039037586
-0.737235934371035
-0.836683127562348
-0.930686640660448
-0.766131329970674
-0.645843911658129
-0.616355251755825
-0.571040518310919
-0.673630900097694
-0.800920520180169
-0.739187681294793
-0.843514631718787
-0.607576861605576
-0.632769669301609
-0.726730229972749
-0.746445891292763
-0.759397124212481
-0.771634866080668
-0.773578760311544
-0.716823973257131
-0.556120137239438
-0.731361182649484
-0.599541308854829
-0.675973523981452
-0.790364425054484
-0.659154701794777
-0.897034693634944
-0.730823323971852
-0.611937328882011
-0.618155192912031
-0.70119463637425
-0.725208272511581
-0.564629801182968
-0.613775485112264
-0.692690856660465
-0.623595321569387
-0.660322936524231
-0.650317282671601
-0.766635949744835
-0.670341507039258
-0.884134038991853
-0.712525631321218
-0.84241512707932
-0.652322702714887
-0.574921853451419
-0.686005407118851
-0.754755058579608
-0.80433553608326
-0.728464849485871
-0.70826355960047
-0.676003520226221
-0.598226197797054
-0.6599735565183
-0.753233937390167
-0.724738173148512
-0.624469380880599
-0.665240785126804
-0.552960595498568
-0.461838219903866
-0.650859218069432
-0.64194367763697
-0.619801911099659
-0.654847819604596
-0.827586042761745
-0.699425489778657
-0.695325066079671
-0.811075208121688
-0.690799657256588
-0.702431811233462
-0.633728680009746
-0.670392347375857
-0.646649847332704
-0.502570519036261
-0.67583313005692
-0.601278176742142
-0.626647272297318
-0.672203273855652
-0.621062554041465
-0.58840661574252
-0.445990701815722
-0.680826225441011
-0.666578685415801
-0.639586302486847
-0.517381366618382
-0.553387737016459
-0.448192468325399
-0.581356319687974
-0.555400218902232
-0.402118401132025
-0.540092480369692
-0.505172969332233
-0.484202696214386
-0.577855560209788
-0.570222518375122
-0.452758003705634
-0.604509954595232
-0.493519183036996
-0.45202516357915
-0.511764572111801
-0.577957756813171
-0.398174278012463
-0.748625732881568
-0.46119654339813
-0.51657660039383
-0.441938690427205
-0.642026574354689
-0.645990215242342
-0.579611057093831
-0.602250877756618
-0.563328564390419
-0.53786615359869
-0.471011475071559
-0.548735913628087
-0.537530963700542
-0.620415802110246
-0.420454640241363
-0.481482879724903
-0.535532111413799
-0.510356140184297
-0.536105922735169
-0.511232260146897
-0.621088710898692
-0.488897379129109
-0.526190929111387
-0.64584400560935
-0.407090105096981
-0.663229142561636
-0.592911372410825
-0.559399798648872
-0.450676086316676
-0.462855095092132
-0.436968519948101
-0.53937632386243
-0.3149166739599
-0.449408564752014
-0.396736012329958
-0.503877053413096
-0.521045765405769
-0.49662408869826
-0.525941213359132
-0.650862401171235
-0.488171690462357
-0.477072632886467
-0.562215257963252
-0.517759955234075
-0.38121341418807
-0.502903021581985
-0.543480397391555
-0.354712063598963
-0.461324525357056
-0.394914712249308
-0.557290588638116
-0.428625987306264
-0.384088907280127
-0.534896209427104
-0.567362566172746
-0.590555456946627
-0.427656729054272
-0.398174171866283
-0.330308440758762
-0.380818300760919
-0.595547985229421
-0.354802517605512
-0.470596434080001
-0.604810918654975
-0.441766437481215
-0.467317120689961
-0.492342189680076
-0.434315311857269
-0.409968166726874
-0.450830161420394
-0.419745535965059
-0.467975133986173
-0.51826605019448
-0.433514011857168
-0.339629166497842
-0.387277529665794
-0.459390447196766
-0.303247904642889
-0.227288330537491
-0.394384112300974
-0.307472536137437
-0.463606747866531
-0.515862905697418
-0.312761645972894
-0.388989493695483
-0.403061926700437
-0.312106453886761
-0.262740299615282
-0.324341881932194
-0.353771406707349
-0.322227940621708
-0.293879690872942
-0.395276115204254
-0.231258943409681
-0.515803908108436
-0.263706283548517
-0.335701899270433
-0.433461242553726
-0.370771713444275
-0.480968914079484
-0.29327203361223
-0.286755405414139
-0.348010925636879
-0.337254831740995
-0.38480139368976
-0.288110591848983
-0.398396345266443
-0.245821086194561
-0.314850321137707
-0.362327711630866
-0.399789221998898
-0.402433548125596
-0.383111897241077
-0.283935718541316
-0.1801613924915
-0.396226433577622
-0.42147719941256
-0.180692918591911
-0.250615662501616
-0.353079651830734
-0.312246754446058
-0.245965821233231
-0.337967971836151
-0.270315340120109
-0.257422900065136
-0.309058076555059
-0.420592711818649
-0.298956364129395
-0.289941870931609
-0.240897739300033
-0.272141959531229
-0.36568766043726
-0.285285364886777
-0.356950184261181
-0.313256715395505
-0.218626680372821
-0.429132733461244
-0.214590143594961
-0.161909335546654
-0.31051370711521
-0.243710901807233
-0.332301018222162
-0.280823346135629
-0.338102987501636
-0.274031345949103
-0.134082275369866
-0.29684368516371
-0.514150493517029
-0.410078125758978
-0.270002618249872
-0.18086030149825
-0.299621514670602
-0.163891857847632
-0.282938928346402
-0.379537963424396
-0.274278086483357
-0.245217110417588
-0.359919905003891
-0.150544726841729
-0.316895568803732
-0.246993160068953
-0.382396014121795
-0.242926373788486
-0.279092673292399
-0.358562632984597
-0.315959171633484
-0.133197809916802
-0.214287119663499
-0.273394601893897
-0.184845726701716
-0.309997593261745
-0.259128235578146
-0.246907956050401
-0.16611625927898
-0.100890078648663
-0.122676340032947
-0.254113203524975
-0.308584427706228
-0.305512368440205
-0.221348702012253
-0.138766261110033
-0.207380464900925
-0.142656789756622
-0.269582554894634
-0.13860382965266
-0.121485033799069
-0.212871181914399
-0.128620107518741
-0.0883616158667048
-0.196272304754312
-0.339099207943992
-0.102520607120735
-0.103670334653606
-0.135930067329853
-0.239675337125417
-0.354604831575963
-0.0721909565043709
-0.123630442555053
-0.229371736505581
-0.0220245523500827
-0.311323734003308
-0.112354956000973
-0.029275231530771
-0.21431543254381
-0.158871328855888
-0.0825880002134592
-0.193236926424896
-0.12269839936732
-0.107767844070026
-0.21016095353048
0.0475286268344508
-0.193948156886696
-0.215651945414131
-0.00652959154244159
-0.184474921224919
-0.178985494871925
-0.177653391509701
-0.0628134919514911
-0.0414305068506902
-0.155408910424208
-0.172367681604425
-0.11687846755227
-0.157490400005492
-0.0798808808263251
-0.0793597298052885
0.0226232622561458
0.0206264241985855
-0.205910219634902
-0.0450943596955279
-0.188224354452688
-0.214805557357377
-0.0696809313077759
-0.281981657281605
-0.051194135151531
-0.0492699108072667
-0.162530985706963
-0.172904998550031
-0.0210715209861942
0.00774119988527575
-0.12909631974488
-0.0762882580231648
-0.163480091982858
0.0139010969513323
-0.0100005109686489
-0.111963935690719
-0.0387246194312587
-0.145113297118625
-0.0824303084765571
-0.082633833787258
-0.0591225299093323
0.151006178654566
-0.0722869732492789
-0.0706889355803515
-0.101570589786005
-0.113781259489522
-0.00544525352927965
-0.0190897097740716
-0.116609458728073
-0.0702225363490576
0.0525837620025357
-0.115388471589239
-0.0170947636633573
-0.109401380742363
-0.0414151650270268
0.0041768907705794
-0.213294053323962
-0.0932603967463327
-0.0977213940182748
0.016864951158684
0.0507661682290616
0.00248278958444729
-0.103996489102727
-0.0320582987836052
0.137545237823055
0.0255048843007461
-0.12132982203454
-0.00387713754565867
-0.02408169438537
-0.0979058564888644
-0.0267464163770215
-0.132655661513361
-0.0890459506685493
0.0635388735151531
-0.0441513883460525
0.0403343711126762
-0.0562820256574887
-0.0185828045594721
-0.013645398879423
0.172925066797769
0.0233125107800265
-0.0575293071240572
0.0984918014174488
0.125543144246303
0.129242721014831
0.0566314784580106
-0.0186195015508721
0.22094513419832
0.0189273705371844
-0.00277025460113326
0.0232552911158856
0.0978950657931344
0.142064229171849
-0.114998437155129
0.07514441434948
0.0231876046513889
0.0476746629903882
0.0543089002543011
0.0422159367736711
-0.0443853820972267
0.0908697733846973
0.108647935457439
0.098334726315781
0.020962299660507
0.170426458611264
0.140032685473819
-0.0456634344325633
-0.0302082436733977
0.0536227654702333
0.279312126567611
0.070416643154602
0.00311265892037664
0.0264634307663453
0.116993151504962
0.125109081678064
0.132494336382811
0.046346731737226
0.0907549204954933
0.0128880794061728
-0.0551870456588339
-0.0335032752946316
0.0128911993616356
-0.00431340865779256
0.141295927765231
0.150762805869894
0.13755261471429
0.188041747895129
0.214475503130924
0.126605033662871
0.130003193754722
0.181509624303764
0.346855194970031
0.0637182288283704
0.151913304842624
0.191403176673362
0.330650669592494
0.107715817342302
0.281698728614463
0.119270605141209
0.168117137933337
0.268273810018271
0.12696003533079
-0.0172199115963834
0.208658306471992
0.26124235501436
0.220652125448702
0.0641986080435739
0.205958713890253
0.118974145276707
-0.0244282936857499
0.094363694231825
0.178129765672164
0.0815574474565682
0.0643110268849021
0.179171962710568
0.100074456502909
0.304712416595865
0.113745565674197
0.0431256297800876
0.0936855171698882
0.132854518155485
0.0524447608841106
0.314078854581285
0.0356892031972361
0.192178104266616
0.192630159418541
0.170294488304654
0.284965114105997
0.349405822862756
0.180031618326234
0.119896820326655
0.19810827094357
0.143808346207269
0.322208344792812
0.153456259990256
0.279135263134996
0.190927325760832
0.132035799866102
0.180840159178999
0.213705782900981
0.252655266376103
-0.00965269774634082
0.263239945814221
0.210812009185915
0.180136822773199
0.0712442344550842
0.150383958500864
0.133680850291589
0.110131728009964
-0.05804148484686
0.416006058076762
0.0860645170166288
0.235730457287854
0.29155244970237
0.297527823522089
0.195891953581125
0.222679710963864
0.260161156848156
0.211355802757982
0.245896890477875
0.138676565289896
0.254082375872059
0.261296098183442
0.241190072164516
0.214022374881097
0.307354189660975
0.236940533677779
0.271836222202129
0.13797660693845
0.282613429602113
0.208085938935665
0.274400500168063
0.322555928033463
0.233266419999451
0.323361821057981
0.0955654814677382
0.359531328331646
0.354821509592242
0.342823872956803
0.259506582032432
0.281802420032845
0.43837356562849
0.265783469856555
0.274664477859161
0.433245924575673
0.279873151692693
0.295439189990204
0.349889157342347
0.344714651386815
0.361621840405562
0.282624467171865
0.371554326496849
0.180518432606626
0.456139325835591
0.487622146439239
0.401986384925496
0.412360867486856
0.419662836878846
0.418984595452476
0.380599688795471
0.345246474728444
0.369257007677601
0.262169050082997
0.448358415501719
0.287906395769891
0.305801676368106
0.120004097899095
0.298919660991838
0.250275600562814
0.31575655437298
0.361916900450869
0.392774060363317
0.379730740600725
0.359654857098844
0.325783888993619
0.364467428940368
0.390410654408083
0.418544507397937
0.466133888074402
0.102037237073144
0.220169904045478
0.41455035779412
0.520741521874094
0.455389296000451
0.379702699948951
0.288058958644124
0.266446754126468
0.251875087261144
0.481296130440943
0.338498462571409
0.583495697297373
0.471139691364704
0.317246511527599
0.473095127527188
0.377699889414573
0.376551147343985
0.360884254381192
0.433651068060932
0.235690929328077
0.328763208426637
0.450976085833743
0.438571200041812
0.447043956461247
0.45606510814584
0.393978957448734
0.519619231723724
0.388812865012523
0.383063680042387
0.525717414360036
0.46220315712913
0.557847170690728
0.528799636279414
0.369510160872757
0.580332573890403
0.335962755499981
0.627791097413232
0.503716866084679
0.529242604305323
0.412653353911782
0.452139820685689
0.403403362941199
0.379835857336063
0.591391986591279
0.484453354941859
0.328964670850303
0.390524999287782
0.313373655687739
0.413395748147948
0.463941839817623
0.456473176394813
0.436565204244888
0.50288222029489
0.373521367499837
0.546588118561226
0.462658098363579
0.526816355035891
0.345428627309681
0.394640056259932
0.53476682702182
0.546868782822203
0.43889680472086
0.406373414677271
0.469251382978336
0.522562380144342
0.53162554463724
0.552293550405335
0.380536574184441
0.4774960523698
0.527739610063733
0.563841770814351
0.50090094090842
0.53196395622118
0.608449012254431
0.38778097886405
0.592980212686407
0.565108447269672
0.429820583679634
0.556947720527454
0.690809942034015
0.45351492589507
0.504803319698451
0.432134921466034
0.560690509931428
0.531368799810782
0.625761280622549
0.506099566012374
0.644100139063429
0.526112969004051
0.407385579744539
0.527567854397411
0.546030496605444
0.58046557565022
0.516687826900248
0.558131005142023
0.667115440550455
0.528850896970074
0.529969977087686
0.550165542627939
0.670599767892085
0.605098987389336
0.584445408465484
0.588553343122803
0.580466864545484
0.577250611162355
0.55951991263553
0.536778749695407
0.570477624960134
0.712375711046752
0.537564756260271
0.683121248624336
0.513899838917925
0.561177210391633
0.501321200388091
0.648974678732135
0.633942288999774
0.447777065733755
0.748779936394355
0.788686109667776
0.756094397554078
0.641640322149024
0.58003421538125
0.710848223154327
0.691452346836658
0.473008535548891
0.662880471687426
0.628422114286816
0.69086886902574
0.708874195771995
0.514266350592224
0.661959087615347
0.534400945125583
0.617757880777654
0.720037916077021
0.661251690730711
0.732636953787426
0.547728811062118
0.595392949326387
0.710492990283571
0.554374200740753
0.646521670213911
0.72282468405702
0.643906065935285
0.610276409327453
0.732804518571986
0.7848988731582
0.707939821034614
0.675134338448537
0.703444400513024
0.738952611599631
0.521530821211141
0.800001725758336
0.630522298559167
0.82389244014767
0.635716645144793
0.792775651716338
0.647809858915092
0.652876907781282
0.662163718621737
0.616231138276809
0.689839009629978
0.66804330131503
0.830539324575516
0.69458495535959
0.631808121962559
0.693466520313892
0.750907433140237
0.631357659080101
0.622411903752299
0.879120280739752
0.668471337991484
0.691215575020604
0.763791151484023
0.843612361983813
0.596093287278861
0.642738067028896
0.557468365914349
0.84043081959642
0.610223974753411
0.711583967613297
0.638713705395444
0.745068311090388
0.764122285776451
0.836509550332778
0.630534504121384
0.672150035654748
0.720520678211639
0.871173807668367
0.758904733567206
0.685684704073734
0.755978436588154
0.790168104327681
0.670047099181803
0.663373848317724
0.789522988919765
0.769044698615661
0.755823196458117
0.721816118514432
0.792213802883607
0.846612764378115
0.828550713285139
0.626673414396602
0.673293506891072
0.721441506880761
0.667300441734689
0.741249890888074
0.853519243706157
0.705172810400803
0.945669713630298
0.703692864870739
0.677699493237781
0.82776980222065
0.7868836294307
0.754849209626824
0.829796917856662
0.721196375505628
0.904512631067995
0.844402713862993
0.72810014315469
0.793518663722329
0.887853388665379
0.755741838986554
0.942377443300502
0.804289857290147
0.950727411521148
0.823061768766236
0.76338553665512
0.792916109602666
0.683809232904737
0.796056248122721
0.777890627080453
0.820121203837157
0.740629350247988
0.896706109805661
1.00534042872967
0.885951438895838
0.80548814240089
0.888453995935151
0.831485915774421
0.821869456501649
0.753184140033978
0.790850373532962
1.04308087551934
0.840116481328859
0.71792192279731
0.946520015222408
0.880224396546341
0.929313315334222
0.849040464485227
0.917824696930964
0.89224870850112
0.859619214153064
0.824051348798655
0.724201431397246
0.903941244873697
0.949663584474326
0.988581842210316
0.985989307513654
0.861345140104852
0.847823865202532
1.00267589576664
0.849457287073723
0.879901668897611
0.801976779920673
0.904822035180183
0.699724152415059
0.793599950004696
0.923021499793347
0.826481096639316
0.912295162009934
0.780977136485882
0.953420065699133
0.970523491860388
0.944226373085141
0.914595756809857
1.0241967326708
0.904402702904682
0.796196394757293
0.973153686318832
1.08675983260885
1.00768057219076
0.827398460301866
1.01794036669581
0.970310052330792
0.809848906105894
0.835843811078573
1.048268790134
0.916218521292752
0.950587123257025
1.00164846703805
1.06339835412332
0.886960179834401
1.12836492760018
0.828056298843143
0.981415882470692
1.00216347581294
0.956731568107353
1.16190195737459
0.834307503491357
0.91649668780852
1.02625292179447
1.02609781632677
0.877474321898251
0.989346505266104
0.926803697112873
0.963721817940857
1.00426623347204
0.882258564110311
0.889248272500769
1.0595414627153
0.936403840679677
0.950864456283928
1.09942575322143
0.9904846229242
