-1.0867535230405
-1.03754100816068
-0.828569314782391
-0.926566941184279
-1.22259795946366
-1.00538862961142
-1.05229803030612
-1.10394148017987
-1.17024717622155
-1.05889586213678
-1.14483714796177
-0.887956124024301
-0.98094988094383
-0.910386105817777
-0.983308068509505
-1.02201852124304
-1.0512098034033
-1.07018221201152
-0.915643323581577
-1.02719950877563
-1.10412072024801
-0.91592951839406
-0.822974677701423
-0.930234159249347
-0.894578267661597
-0.980228817539677
-0.920659905869449
-0.94572661482363
-0.969444365195264
-0.853933555957438
-0.851443588816723
-1.10254301298021
-0.856274831994845
-0.807607403311247
-0.863700843600471
-1.00532624385617
-0.787837153499051
-1.0833442888167
-0.920870488916342
-0.767595916023272
-0.852556611124996
-0.843896797504115
-0.91090571530736
-0.80912001435015
-0.830285532589138
-0.954107171296722
-0.810879887768693
-0.911814013048616
-0.856593431125774
-0.857716469449936
-0.927355570957899
-0.937233193111722
-0.938558538851947
-0.911056878124986
-0.887436858243296
-0.921518115742264
-0.937384180720586
-0.885581048811477
-0.922914120271869
-1.02271241987024
-1.01097698799479
-0.81681884771649
-0.832153420268223
-0.884052627045132
-0.876386398542173
-0.796326253581918
-0.818665589636803
-0.840249920894147
-0.834400634666626
-0.850726502541097
-0.883610033664044
-0.950640205239035
-0.714976189631512
-0.77954538406916
-0.858299979724081
-0.848283075176835
-0.748972664629768
-0.955831465630042
-0.816455776329509
-0.808090821490812
-0.848238247613918
-0.925409531099264
-0.803308931598717
-0.874388421693332
-0.808413998373783
-0.773684682202434
-0.765532469636296
-0.945833309166672
-0.948716779010875
-0.868535709175252
-0.777386256698957
-0.891899047366556
-0.889136578883411
-0.786447470243747
-0.912460781711625
-0.906753876749989
-0.804970856995017
-0.9279497607749
-0.77590005306605
-0.745578302755054
-0.673661782360283
-0.94067796881549
-0.569226651419735
-0.797068573303965
-0.81382395610844
-0.772176473489617
-0.64172185176247
-0.762082681702492
-0.667892794105727
-0.592853420266068
-0.820223570242915
-0.690260744841111
-0.738931425997516
-0.746178363478708
-0.83418136015829
-0.68132562486271
-0.769239493001123
-0.712663969467489
-0.8081111314643
-0.686578782737967
-0.716904296834185
-0.729678160783491
-0.759704961088905
-0.841768916769466
-0.584857150006022
-0.879711042169428
-0.825070932823459
-0.702533696841455
-0.751308095508031
-0.90591593660414
-0.765618126267291
-0.723304862881751
-0.780991095244337
-0.634851278286057
-0.631617763160024
-0.601847471233311
-0.7754087944226
-0.700612390906976
-0.615840235155208
-0.642861084015418
-0.673438538030418
-0.599396647296109
-0.814461147710694
-0.763460512107852
-0.820797905377499
-0.657226053918278
-0.538431905348354
-0.630141777923744
-0.707971728772515
-0.649277503353027
-0.61500115309523
-0.719726111026519
-0.703860261891001
-0.69116408767705
-0.629477485968716
-0.73489235532351
-0.757202441698663
-0.708194064468157
-0.679065956309252
-0.740604872441991
-0.715893501486951
-0.848426000612114
-0.711882980928454
-0.651409770164524
-0.60246530647003
-0.589710597974422
-0.534368517357544
-0.652986718649822
-0.632777874249761
-0.695854318793294
-0.738793304832738
-0.758427819664594
-0.673003312711511
-0.76812044114919
-0.762756940780779
-0.526224480721793
-0.632285811408029
-0.656380578750379
-0.709240739176935
-0.690762557220448
-0.634246017700644
-0.720857718818044
-0.693221911487986
-0.623310963032781
-0.527619201198882
-0.59768615323405
-0.719937711499915
-0.685045779769529
-0.585027814610563
-0.717954325805427
-0.753434143297172
-0.609741848984506
-0.608218398636577
-0.594212700997527
-0.679253456618568
-0.622022484767619
-0.670055464161772
-0.298789012025662
-0.659990219841814
-0.668987661505544
-0.518305458171938
-0.568571275978022
-0.629683174913805
-0.527233618202895
-0.679998029551208
-0.61675661946029
-0.769885146236839
-0.649291141249432
-0.595466330328005
-0.527071346107297
-0.604669394952665
-0.531041551263684
-0.406911197879792
-0.521271249711125
-0.518782106288948
-0.54780635189957
-0.697055563148203
-0.630552400162493
-0.501124686892716
-0.601968557898535
-0.518696126908698
-0.515846094827622
-0.610791237087591
-0.487845361399418
-0.610901814350262
-0.6425630489672
-0.59132306801909
-0.511458138394892
-0.489477069323203
-0.613870397935278
-0.514237987722867
-0.506925528412983
-0.536127759648825
-0.566858219553772
-0.574969947367231
-0.442731965272095
-0.447011320475183
-0.545171003295292
-0.560287950085389
-0.617264766967341
-0.460080910407583
-0.412029752659823
-0.558169586756253
-0.314020277209855
-0.555210275672751
-0.55657480555083
-0.543691918381472
-0.570618413144246
-0.319309105374069
-0.556572107057058
-0.446933462032124
-0.4773133020711
-0.508777760721853
-0.491271087285074
-0.359676208347093
-0.435399697851999
-0.497477089595925
-0.388254502148487
-0.558320241736435
-0.44442576288603
-0.434496827567848
-0.458825263239019
-0.543738271659107
-0.407128378432846
-0.514146872037254
-0.558632001445019
-0.525940510711927
-0.508423704904778
-0.47945276191617
-0.597382942654559
-0.515333764724032
-0.473780847538487
-0.467740590887409
-0.441081345328461
-0.469649894608414
-0.651133610272569
-0.595017328170427
-0.233479475993783
-0.548611889463313
-0.360955620149528
-0.432791966421309
-0.525765296968689
-0.438010757260018
-0.370227151034649
-0.379508504842509
-0.417492926923864
-0.521426877021184
-0.465494734848948
-0.357536681977855
-0.367573758448522
-0.460931526585137
-0.311409249795201
-0.381216255407301
-0.499940995892003
-0.44828405663877
-0.475175752061175
-0.476868222143041
-0.269256137315872
-0.420170137623088
-0.409721897103392
-0.41071084313307
-0.395781790468958
-0.423146353802885
-0.380479832146746
-0.480779531365015
-0.546249163431886
-0.511812322843918
-0.360955809809785
-0.379420232461874
-0.380629878357057
-0.405219590215592
-0.272720672263797
-0.448935446241854
-0.324621229764399
-0.259384981909627
-0.5286008715806
-0.290894867092126
-0.401788294103233
-0.33833062752724
-0.274256347734487
-0.384891340928101
-0.507477029621761
-0.320895082296918
-0.348363762119202
-0.230667236838221
-0.295296160169675
-0.371395348259328
-0.379407411580174
-0.40944113759792
-0.573680056059907
-0.213909982399194
-0.251232256506974
-0.182631089022366
-0.257821295599449
-0.380107175509452
-0.384264641029438
-0.206696413867356
-0.446452545046278
-0.313907835500736
-0.27317976617837
-0.363698629339875
-0.389745544807415
-0.330528394753437
-0.396261622269641
-0.203357806663641
-0.274248799101816
-0.20273225773382
-0.348316544330378
-0.343429093413588
-0.219824433102664
-0.271545269098408
-0.294546371874119
-0.311584237301569
-0.41064869270394
-0.250386362520587
-0.111777076898637
-0.122384629832905
-0.136871661195754
-0.216017425787131
-0.492083476770658
-0.216237473165119
-0.43681980900423
-0.298372346503004
-0.319549182318689
-0.230620008855057
-0.284114827034197
-0.296807928436212
-0.416710054166558
-0.230377733515341
-0.325220312208516
-0.239313146083202
-0.411596559816877
-0.263375461139417
-0.209469204997776
-0.278641395958093
-0.266626566876973
-0.432472363287169
-0.116290696182423
-0.106855355102467
-0.240099028009836
-0.185340614175597
-0.162432304171952
-0.386245618707164
-0.315997341372082
-0.284097196491932
-0.254794713180114
-0.19323731046137
-0.271965142552436
-0.21658511882992
-0.183543715902918
-0.306398887266063
-0.0387350507295241
-0.245761616650259
-0.16034847234482
-0.20679192331721
-0.103109423335864
0.054575177399874
-0.322147630964726
-0.225138834211544
-0.169394239324772
-0.219331801138609
-0.2147216195302
-0.0571349797670041
-0.155857114410706
-0.326107694622337
-0.201067564285177
-0.218088258210003
-0.141297918356757
-0.252244396371605
-0.223796543719993
-0.260989707559152
-0.114161828042888
-0.120166038879873
-0.157413191704205
-0.184379273888187
-0.154496328017249
-0.105426837976477
-0.155771088227398
-0.210688650456036
-0.0947584328506682
-0.290628091054841
-0.193724412652225
-0.140180966636594
-0.071172342549511
-0.169665350139926
-0.29863552736434
-0.0921707716757608
-0.140938757115873
-0.133479115592022
0.0137364059110035
-0.0418155747254261
-0.191223393106056
-0.124853764710659
-0.190528534376387
-0.128922822214435
-0.286008186772609
-0.215551208346079
-0.14753360368951
-0.102982483535479
-0.188817495544896
0.00105406323987418
-0.152750031449365
-0.0597004536326884
-0.125540435759794
-0.155063672187424
-0.0486570847956045
-0.160271539729214
0.0381237658382608
-0.0478536108552453
-0.161190828795045
-0.222942354451554
-0.0617226503257983
0.0210291458708345
-0.074756145006627
0.000305446284665947
-0.119731657314359
-0.0495791902004532
-0.0296694967176199
-0.0288273303283669
-0.138668617393638
-0.0547898430321279
-0.161087843155823
-0.0145282173731587
-0.104657522708517
-0.0726017103773002
-0.0571332339772295
-0.0797355258054833
-0.148929069689137
-0.115788775238347
-0.0861892249941653
0.000254692784802479
0.0359326798055207
-0.00959253378719528
-0.053984186118537
0.0547184073879321
-0.0431016725289401
-0.117076505308917
-0.0172958939943809
-0.0608912105695047
-0.0323650107164817
-0.0919149628370305
-0.0307635983889912
0.0391401642900619
-0.0627462937871755
-0.0789136731443024
0.0521121960648129
-0.0653507517447224
0.0725122932639612
-0.0111820952457818
-0.024149829436885
-0.128273849238164
-0.0762340336620108
0.0386945295636794
-0.081498043539613
0.0594235292414213
0.144058592666269
-0.0767885893901607
-0.212935748755275
-0.105438995166214
-0.017630254863662
0.0332898839064643
0.0368246165571513
0.102874352594904
0.119200778252833
-0.0178679519801226
0.0132870710181958
-0.0561803325879141
0.00532634728912661
0.112214437662384
-0.0221675237477188
-0.0459534855075998
0.0523551018876549
0.0545962254355823
0.0338725818778947
0.0962502760492659
0.0349340492675578
-0.154701176926005
-0.0155488586115194
-0.0327104816198195
0.0427189550833949
0.02146208720296
0.108749394268934
0.0119270372613789
-0.0812188745651441
-0.0127975185644362
0.00898804226996091
0.023673824500819
0.066611520206303
0.101917219944886
0.0121515506611735
0.126824446588584
-0.0607025736225616
0.0190180475695864
0.141050352802651
0.151197675705189
0.0722851561322405
0.128927064702475
-0.0284939187813403
0.101996601216505
0.00974756463410588
0.131714537390999
0.072768747807136
0.0223907025960858
0.085089093676648
-0.0673913102644493
0.0373865815080158
0.000369515159712066
0.201429986132031
-0.0122528873998412
-0.0085943145050082
0.00399777130789786
0.0270152363807553
0.213263232685384
0.166309737036461
0.109209972275015
0.0654570471144102
0.207238152859056
0.116730479327937
0.14547767639685
0.128964253654986
0.116730628660518
0.135899616141688
0.170841894472211
0.186757898027618
0.162607461425004
0.31848379600449
0.100406550644517
0.119074366900642
-0.0704819007447218
0.0273591558900072
0.23003805734662
0.125303562471264
0.297234484070578
0.177092078398259
0.0386177691199903
0.186505791292535
0.124833965251284
0.134015447132244
0.251681111899147
0.21960832602792
0.0612067909930714
0.0607105561131051
0.119569416651778
0.284605948929819
0.0645088515218025
0.103856923417839
0.106403462297474
0.249671784839518
0.23121934488401
0.287528173478303
0.0533539700326486
0.341776850346892
0.291960126737485
0.127252369891849
0.176187609221731
0.221238176467737
0.194223527459393
0.102860742751638
0.223303070393671
0.143238723293285
0.199797696938818
0.114695154943597
0.200028131229097
0.0844948043384788
0.321569207689385
0.30663325742661
0.23638097297824
0.289700331627331
0.357608784387981
0.134326422374841
0.270966390949809
0.182758496511753
0.291736464092071
0.336432915354725
0.209662048854283
0.167529859220295
0.0999208858147082
0.304488087265687
0.225322583837314
0.263199554720029
0.215767985837075
0.204672240595461
0.240513991170075
0.147579768517756
0.123544756840728
0.284653876692184
0.252541629359541
0.302077530054067
0.385588633943558
0.284682167944209
0.311491196132625
0.236820290189756
0.257439623236348
0.238922504012441
0.287717012140361
0.288930322895173
0.336422233316205
0.33071212590231
0.388768191470743
0.15750831176611
0.343059169513005
0.341521744994572
0.271997412520493
0.317178765457057
0.228563704174091
0.294231821156305
0.33902033369606
0.299635965235677
0.336175440854988
0.250493012555019
0.290011756030845
0.31453712843213
0.363894229206117
0.397520378054336
0.267955651817337
0.273022597389921
0.340433054752423
0.336820694198615
0.260777198038448
0.297080588184405
0.347602170143376
0.216783464458406
0.331596987046122
0.350845113425502
0.373838416559688
0.455380691985884
0.369538678072957
0.381340181223084
0.290318374914936
0.270640399491175
0.230736969287316
0.382885560234272
0.319127793061051
0.205019428568989
0.360215205484275
0.375097252740093
0.260220971730834
0.402807058536382
0.382753087988433
0.33526193322969
0.241755538037109
0.377010018921913
0.465386366801524
0.326178318744179
0.232958918575675
0.289673367412793
0.348271913647893
0.323283392190789
0.482911566215407
0.506766313799917
0.278849452152362
0.385033061035301
0.189568574684039
0.504944840664984
0.389648120417765
0.291670369043068
0.405401190586718
0.416808724007774
0.351336546347681
0.534591667531035
0.30041933845353
0.51664350830095
0.433601879891118
0.365785651382923
0.48552884433121
0.505632629857689
0.208857578801402
0.389740964803065
0.450068030269535
0.434364604187071
0.456184279936244
0.632262268524023
0.355740104729486
0.420523536425794
0.415597781603193
0.375755974534989
0.471713853745287
0.427695165074361
0.352002477113197
0.394924138271056
0.249590913262625
0.490175318717369
0.39957271770314
0.416633629732523
0.396887341760076
0.409588352089252
0.55567536857383
0.329336281024826
0.318040552426607
0.368580623040574
0.31883435340437
0.455033412931889
0.353499490261679
0.261893572932499
0.449311890783509
0.514572739598142
0.397583153681737
0.534561257025831
0.527297041850738
0.549982404475135
0.516418679667329
0.440012836639228
0.622879668244533
0.37740613713097
0.550239620989182
0.579106035387246
0.447310718460194
0.464837106741219
0.473794549103366
0.557913014981278
0.491609490006797
0.588506338341768
0.443796949720327
0.623165002691622
0.56952518032376
0.512584298003293
0.505454947517532
0.615349662400598
0.648802007232618
0.586908009226817
0.474813566693491
0.495132801563178
0.50753245287946
0.427698158177581
0.612195674154528
0.578012373461981
0.701635125057695
0.588773714788635
0.490631285785026
0.507411418113643
0.641134767179223
0.499512913749403
0.385926681223534
0.594019116519597
0.558711376250369
0.599670702342608
0.495812177255819
0.634621295750241
0.717423085741547
0.527033429074828
0.59129577963017
0.425166179755834
0.486572577788553
0.6855534395835
0.670927861557112
0.664049494033663
0.570310498865653
0.674964957372975
0.59308454812095
0.767218021885451
0.590443343718412
0.463027596311719
0.474159298047222
0.584779015378963
0.443976715565794
0.663740821191702
0.540050694903343
0.407288357758927
0.667649030772739
0.430474356481244
0.607712724143229
0.505781040206592
0.595227752904623
0.613740974825795
0.518224865275957
0.761132377850478
0.593367797631929
0.61072507774569
0.731159933535299
0.623003690662408
0.555640531559723
0.60898556499163
0.566230920148196
0.640449118906374
0.522247213897222
0.612232745135634
0.683109122906371
0.559626526736042
0.679884787419806
0.547145174432168
0.675144381078805
0.663047161737554
0.738352846051653
0.713422469045714
0.774258014828958
0.690461744701518
0.650424568564312
0.732734652247453
0.67090026766802
0.722365685163077
0.626338868743568
0.782724387357381
0.642752890266145
0.677920726424299
0.698129028398726
0.71900976566573
0.867949717921359
0.767590488001029
0.696673103883636
0.629470036842309
0.705399974437723
0.581158398319069
0.651300278246888
0.670060918899663
0.673147266745912
0.745391296803761
0.714405274022705
0.548346890556796
0.714870152954707
0.639118251915495
0.726281852592283
0.828720931238877
0.637490884079508
0.789359349324192
0.732613904836908
0.85917445243326
0.698565423621826
0.71738870614054
0.602797400256062
0.752803150987559
0.667113753299474
0.816222055525312
0.651553020495368
0.73321089416641
0.791268430552751
0.79289352495842
0.698856651809796
0.731343881032039
0.831563450702071
0.702487750462245
0.769432231336749
0.736358589994835
0.737502540558058
0.813201981313833
0.707807159272234
0.859612467965276
0.717143495060966
0.765251750991329
0.637106595844104
0.690463628310781
0.685114688910796
0.786387066698366
0.849351777833778
0.837853686290732
0.695578278256725
0.752019066431267
0.705250261064051
0.835560996317048
0.675394176417773
0.780129515571436
0.768197717509612
0.677360574896453
0.746711336304651
0.688115438764213
0.653488134064328
0.912212989268302
0.679862670827016
0.754491087274291
0.826067747894175
0.732396999157844
0.728849529371778
0.73305377127445
0.79984216289113
0.732100876237103
0.925384953426941
0.885217096733108
0.719442936589159
0.918029877154229
0.860961384300945
0.976407463789529
1.01527920165599
0.802148109124934
0.79544092026917
0.751810999924608
0.827480398791722
0.819174328012322
0.84845676774825
0.797933461216992
0.99477559468856
0.785180941419214
0.760433760724365
0.79292616886095
0.906559880896132
0.83428243464892
0.870143330504187
0.827707286783795
0.909025748507032
0.89800064824419
0.838338850126302
0.773591450370069
0.804627291019863
0.813253411846586
0.806451949321597
0.810156923403401
0.825991191589473
0.912997158872964
0.919899637993249
1.01182059805885
0.78383257983649
1.01532249275068
0.738282304813887
0.942447880225946
1.00367292281286
0.936116268023847
0.976104950439978
1.02382313846061
0.872197792086921
0.854489694122695
0.972857527325629
0.886145899831195
0.951348925865338
1.03475159029064
0.991136296931415
0.923951289735267
0.891397282959198
1.10606460948426
0.953692454610694
0.95664853566122
0.955396379936859
0.944906118590857
0.94122944139279
0.946926563490348
0.854625665752562
0.996183513509848
0.845648561498995
0.91422711651794
0.924249465118014
0.9187544684696
0.867187669097163
0.904749622280796
0.771634645850141
0.835813693889629
0.910550832214674
0.97331294891384
0.950174894734024
1.03581328644621
0.95168902801153
1.0497637320211
0.944602249639715
0.960773262488825
1.02676955774711
1.01184071398799
1.00236868336476
0.900511079231594
0.955490249631076
0.952465432998766
0.954361360783363
0.907296711800363
1.05827492391354
1.08809600890212
0.846272127162941
0.923735336838475
0.987614381589326
0.906811557138429
1.03844031239737
0.938093169231835
0.977845648177729
1.12733663747051
0.932446944429299
1.13030407883588
