-1.06937928100184
-1.01656993968931
-0.831243786527479
-0.938049393458975
-1.22349270172308
-1.01488511409683
-1.04817127337975
-1.10557108984528
-1.16456717775698
-1.04692514430357
-1.15519115764422
-0.870829724360543
-0.986283580810336
-0.925211833248305
-0.993677732477207
-1.02525192440915
-1.03557927153117
-1.07125044916398
-0.919966352559591
-1.02703594409524
-1.09591042778116
-0.932986012566779
-0.810798435030818
-0.931862340572116
-0.887003083847515
-0.965666036989342
-0.913432501545332
-0.952141204365767
-0.962917087293487
-0.829780580524303
-0.838791151808775
-1.09190802960814
-0.848689562583772
-0.817788512022809
-0.86429163902789
-1.00429290475163
-0.780514105283141
-1.07774907183502
-0.906520525076298
-0.766671811585922
-0.847297192208162
-0.826081125564641
-0.920576728587508
-0.809244111995062
-0.820870789851107
-0.965516620328661
-0.793753540361571
-0.880620660367667
-0.849163184417782
-0.866194836599501
-0.918999525745686
-0.949455564725786
-0.927333101603378
-0.93180586298865
-0.907186659482678
-0.956258219645326
-0.909532553752207
-0.876940134215073
-0.92474646598982
-1.0145928656607
-0.978136569199362
-0.811307108569309
-0.823252730120024
-0.888882157541452
-0.871917235713652
-0.768628384305403
-0.808280116640591
-0.848734179003222
-0.843465476300705
-0.842003542629131
-0.899703232607885
-0.952715049119047
-0.718141589613975
-0.782258909626509
-0.872460388804638
-0.840132549484484
-0.75874265232236
-0.955792618941798
-0.822365347481756
-0.818160126273299
-0.865573425632911
-0.929851236381594
-0.803714929197081
-0.86812097247165
-0.818347701860302
-0.770484847324085
-0.798706274868896
-0.936290498454175
-0.956728537060339
-0.871955440753992
-0.799272432803931
-0.883979167943646
-0.893493593179256
-0.787543794552212
-0.902725912921703
-0.897538950261385
-0.790253201350647
-0.932862959054033
-0.76707085337605
-0.760027315577505
-0.68462851410808
-0.963518168283868
-0.569668796077862
-0.808746981874695
-0.817669998678098
-0.765530215827995
-0.62565277358049
-0.755671691134246
-0.682443343060707
-0.598050949170346
-0.811195874556691
-0.707412585296881
-0.727399327013789
-0.734962292894761
-0.819142972338593
-0.699337617076416
-0.753324513049425
-0.746493408184362
-0.812450837878746
-0.679944960837684
-0.691300944088389
-0.71824217381492
-0.744748673385725
-0.843211336116462
-0.566189594011087
-0.864567955704022
-0.799803971562458
-0.723320908740587
-0.738956731344976
-0.890871219251593
-0.771781080963988
-0.708905021577204
-0.78041412466646
-0.627491387046268
-0.643648828309717
-0.600816639237429
-0.775398074008518
-0.692427672685648
-0.615399714962631
-0.655835673155593
-0.672689364530508
-0.620480898601915
-0.806229231698194
-0.744284793216396
-0.818716746251565
-0.656347311532833
-0.538929230720865
-0.634486210198824
-0.676709364285862
-0.655382113199377
-0.604112156021179
-0.727055625602028
-0.699284953393991
-0.694821143606843
-0.645900201129046
-0.729587614966168
-0.773412219113261
-0.710517276414537
-0.677154219830402
-0.751320946817541
-0.691127340932176
-0.858978311642414
-0.73741293746407
-0.672126130778779
-0.622729917260603
-0.604891929962547
-0.546006851606022
-0.671621316836551
-0.632122813545875
-0.706073289723759
-0.759888216039172
-0.758855603026891
-0.666057929532892
-0.787141490729009
-0.736771340843738
-0.507900433761769
-0.638954517821038
-0.628006629982759
-0.710985765198531
-0.683889806078209
-0.647230284687097
-0.721584159968416
-0.677238937893194
-0.642156023060804
-0.525631231998711
-0.609929229805247
-0.713049009859249
-0.687853991732618
-0.585435638421114
-0.736855362853877
-0.763174838872815
-0.605412034318392
-0.601624719836311
-0.575909205740773
-0.661403109492187
-0.622615193829431
-0.664168233778686
-0.315723059589118
-0.665022516239584
-0.657131673449089
-0.518177921392968
-0.572561039674782
-0.649553509935566
-0.520719553998643
-0.681559770103453
-0.630631823302355
-0.756821304875024
-0.656729447958877
-0.602444041076202
-0.539149625995076
-0.583494247370379
-0.524945565518424
-0.411631343631619
-0.543246307902055
-0.512200331818189
-0.545259895333667
-0.725275042772274
-0.644881444415061
-0.492060099975711
-0.588738785692321
-0.505049433641296
-0.52909173397958
-0.604450622398352
-0.501039289588047
-0.619891544608364
-0.627712307432298
-0.598611310784851
-0.502070376935241
-0.493011714987666
-0.616754950946047
-0.529112911494892
-0.522040141425971
-0.52726724420523
-0.575863161896616
-0.567573090978694
-0.43302990571644
-0.468573179160763
-0.548686719206289
-0.533931980461934
-0.622583708573196
-0.474018480145032
-0.376686724651838
-0.548782909472657
-0.305073377801004
-0.545494210049108
-0.554073768877211
-0.559162046961394
-0.5708538816483
-0.310250907204932
-0.566541386995931
-0.436451775189345
-0.48748710823701
-0.525472758067959
-0.478229516399126
-0.360472989565559
-0.449298379214875
-0.506016329719769
-0.372831044795173
-0.56572496480179
-0.455871098221003
-0.432776369528065
-0.446747924390674
-0.567327965962382
-0.4171214182743
-0.520621212765953
-0.543434565878608
-0.510919031658182
-0.506812258028271
-0.470313388720733
-0.60571322126886
-0.489142815836958
-0.452530994556787
-0.463922289637449
-0.444579963066106
-0.488624873268773
-0.659041255821569
-0.574762238665575
-0.230208166880649
-0.516495477238858
-0.351448625512667
-0.421907499768361
-0.518752331701883
-0.440800667979812
-0.392709633908764
-0.382687556353167
-0.419908815747865
-0.531339852245903
-0.462610556154407
-0.365316115751058
-0.340726007614462
-0.451144497916235
-0.315477504865955
-0.398340933334983
-0.497557774914438
-0.438919988854712
-0.478749171266915
-0.487687152198717
-0.277716719570425
-0.414114960722732
-0.391572363250003
-0.429525212024286
-0.403989664870715
-0.424448581193649
-0.397041841532793
-0.490072785486967
-0.542210361015498
-0.49690837394174
-0.344960331166206
-0.374264091172662
-0.381035326123281
-0.413476877317843
-0.280316994024566
-0.454552175924366
-0.311630302749413
-0.257237026941017
-0.542798701145004
-0.286906804240022
-0.412191714681296
-0.345295705179519
-0.272340628006082
-0.398829451048386
-0.486567678977406
-0.314852880650942
-0.345254483104424
-0.22764675702049
-0.283422620631718
-0.361533277803695
-0.382160304549431
-0.397410698652285
-0.559149992842144
-0.196901329768978
-0.249308247092563
-0.173807830514833
-0.252904772213467
-0.389471752346277
-0.380221663851855
-0.19452568225293
-0.443712202578021
-0.291705006300821
-0.288735440395651
-0.35308964300959
-0.404957154406484
-0.335837674492384
-0.389192767516681
-0.216533243846852
-0.263310667998295
-0.214628357172548
-0.330105625743434
-0.335125603405931
-0.231434373488932
-0.294087694197533
-0.294090335165931
-0.322944835626446
-0.43033518910563
-0.257406614010193
-0.0994765609564595
-0.129267424318605
-0.126682586869289
-0.198874029279618
-0.492948259487241
-0.228624063400193
-0.433498770464046
-0.294024615184562
-0.314751601929862
-0.229859726830928
-0.278926292866095
-0.305342526801249
-0.416493594380849
-0.216991490988499
-0.311510675709683
-0.242209920273947
-0.402071433857734
-0.288347035461147
-0.200091641657764
-0.27923661608334
-0.277490346407513
-0.402465817121072
-0.114803619235285
-0.112125507641196
-0.22747182802215
-0.174484979765559
-0.156292582076954
-0.419561583471532
-0.304833762375844
-0.282741013755088
-0.233110896616181
-0.191191728718355
-0.264665635912592
-0.225407660536532
-0.198903039933625
-0.321291912646427
-0.0471274330187372
-0.272504609144885
-0.173847942419989
-0.239927800016996
-0.0832841296704833
0.0154394670400429
-0.321427716591505
-0.18477972426409
-0.174669856165998
-0.215619195344231
-0.192350979793843
-0.0592035208987758
-0.160089013640197
-0.319303589704946
-0.184324862885497
-0.230898647815435
-0.133335337648741
-0.264735424344532
-0.220125532186813
-0.268840128549887
-0.103286124535102
-0.113522850645955
-0.162621819772213
-0.179050044510553
-0.139835421314506
-0.0893001525492311
-0.132140877830871
-0.226704167497554
-0.114970951243843
-0.289570508997777
-0.193587938689082
-0.144511834210758
-0.0589982609269164
-0.160380417990264
-0.292616489753172
-0.102077421940295
-0.142026439952236
-0.152454724673906
-0.0145276742360361
-0.0474204344306564
-0.201738569378818
-0.164317401330314
-0.20144035783127
-0.132289679814171
-0.273087496214815
-0.217857601049835
-0.149292232234847
-0.108187530876618
-0.174171884758497
-0.00511220938083876
-0.165141123775996
-0.0522754305475727
-0.125383246612665
-0.165058743602249
-0.0388389388387291
-0.144779220382838
0.053503445711968
-0.059356231249413
-0.161752190094881
-0.221421120573753
-0.0721883334846936
0.0256401202705091
-0.0489118979804446
-0.0112490754899804
-0.0964630576791368
-0.0591444569020043
-0.00979162088454374
-0.0205646547963277
-0.121516957438747
-0.0143185767833791
-0.1581118619566
-0.0169025684382726
-0.109336733321121
-0.0773000277407122
-0.054248523058139
-0.0952550766056449
-0.154439145925944
-0.138303500830795
-0.0660714733583499
0.0302756908366186
0.0374753685084923
-0.00986478734854771
-0.055657846696955
0.0466673884633068
-0.0399686256702361
-0.127074678783833
-0.0152212782446984
-0.0779816289816679
-0.0469806377970305
-0.0788689267692217
-0.0337123511026393
0.0429128680474037
-0.0746879078617253
-0.0481725333741416
0.0774996685197747
-0.0584725427357061
0.0807122695041019
-0.00356771376910491
-0.0136366000870701
-0.138062910573508
-0.0697971538531876
0.0571062430683326
-0.0768636914018852
0.047437146553024
0.112027629796999
-0.08566365806225
-0.190824733244839
-0.0907340003555963
0.00592274095239557
0.047338381643189
0.0122043282043105
0.0990985124962277
0.113982225115946
-0.0172586663691193
0.0364248262750469
-0.0530111218795718
-0.0040260507461213
0.0994705040290152
-0.0216257456959961
-0.021804278161555
0.056765496027193
0.0557960468908353
0.0213035781539942
0.0922715303637124
0.0189501778475667
-0.124037479210479
0.00670401914471751
-0.0437004451047616
0.0629656558863262
0.0311725454846986
0.0969050902712682
-0.00641479880227547
-0.0715799617102508
-0.00479759812137901
0.0224797081511146
-0.00350330701724154
0.0907120921867493
0.0930423498627587
0.0142466741027352
0.125374059358657
-0.0753955536169938
0.030058705292276
0.142685126014945
0.15380347348399
0.0855288830745386
0.142331645306577
-0.0162798611972531
0.10566247504544
0.00215375483078973
0.124309651098476
0.0806036216556188
0.0138043726022815
0.070470631241336
-0.0545382423584878
0.0449480927248861
0.00210089381908448
0.17983963907889
-0.00319151487812851
-0.000288293826247189
0.0064721305438106
0.0333270065814288
0.179479355122605
0.153617333942644
0.131093534205108
0.0766116695212041
0.221785830505066
0.0857494835597635
0.147709668968856
0.122452562067353
0.118242275004915
0.137384176418295
0.168517644208621
0.185643764896191
0.149468274779452
0.29700639995345
0.0938700020166729
0.108779407853522
-0.0832087373286261
0.0368354306257037
0.236165614981844
0.110586525017399
0.291382554185372
0.171564527253658
0.0455250481019777
0.17088558764569
0.12331384543155
0.122466775228164
0.256890038940237
0.212083895343823
0.0606151477338266
0.0629598458847665
0.122700203920689
0.274505094665549
0.0835606590714091
0.0907709265677335
0.118668661779968
0.254209015882056
0.2218263149974
0.282046519426918
0.0719903571595371
0.342410376663656
0.281923227220729
0.120638772293381
0.158992455496445
0.236158289159743
0.209748042658606
0.0959505799970402
0.219973784571088
0.127728802243998
0.221235989642309
0.111909257664563
0.197813252229559
0.074879275670332
0.309280537782946
0.319578126233243
0.223166417306538
0.283706517519758
0.347239312377898
0.150395023939229
0.277756776874474
0.170829078537437
0.293851958492828
0.327210570357335
0.208907975112021
0.140969358171612
0.0885394352378689
0.29274837906003
0.243742463070187
0.259377143457416
0.21112100806219
0.192710966099973
0.266958890935209
0.142170095694028
0.128523280613611
0.291647404667138
0.271267656602041
0.297748410611346
0.397608913880454
0.29930896736704
0.324704379175837
0.240321004744132
0.268579776011851
0.252171242220355
0.293518947755969
0.310279257787918
0.335369747703864
0.316576639013946
0.396889651856979
0.136871727309158
0.347543991266796
0.332663800815331
0.272693196792304
0.322096943801294
0.232260779832546
0.298717501832484
0.349870545179755
0.299329649685991
0.351091811964793
0.235341014971747
0.282940997085416
0.3066719166845
0.33824443886518
0.38487237440262
0.285235726510644
0.260560179451419
0.359732804802633
0.340933145812652
0.248704160593179
0.29402412474938
0.323808352809902
0.223458842648118
0.323981195854903
0.312592100365364
0.355131415443562
0.436315359433852
0.345881664243694
0.375787050330216
0.315376176658666
0.280420935820741
0.248340511836687
0.395420391220811
0.341210339031501
0.215754371064886
0.369471202980386
0.376938451150966
0.246328151297358
0.413972751059853
0.413496154918179
0.33290598250416
0.237902139689094
0.396788480621016
0.456728696065278
0.340826480764848
0.229455371096607
0.302962991078611
0.330648005233604
0.344872800498949
0.493598322952127
0.528457896585397
0.287586830115581
0.371279834337246
0.207992081569024
0.509814420834546
0.364428908446793
0.297695659623577
0.374975027010073
0.419360568775867
0.343824010482295
0.528256178347306
0.311459596526204
0.531736835865843
0.441407523812143
0.371656257634288
0.484087517155236
0.500897626299551
0.228459859154406
0.398291143659747
0.44466146676073
0.44028186761456
0.440607706526241
0.613253525249148
0.363033619624653
0.426007419520021
0.416693872886175
0.378919340200791
0.470260205462185
0.438417044920968
0.369748880690559
0.398843209366302
0.231181759119459
0.486892756999092
0.403805596781838
0.430912292677714
0.393706306757191
0.416815961379116
0.562333324340897
0.338881327289587
0.322149935917376
0.367724277995907
0.323070770040792
0.436990089426883
0.367025845762865
0.266121014412483
0.448372175931678
0.49601985026654
0.393803099863663
0.555375057012269
0.534922874703173
0.549588739764215
0.497733780750461
0.449927037692148
0.623611597805766
0.382288811464633
0.548996304015409
0.556971985701601
0.469797066224645
0.448403679648928
0.457716515457531
0.553638345240118
0.520047951736188
0.577151202595165
0.464023610339975
0.597922315267655
0.562565811599166
0.552561723090491
0.518546246451862
0.599047491852849
0.647872741316108
0.610366438069557
0.476775953744279
0.504614503798317
0.520293441224851
0.408071244735397
0.623114757232621
0.556288314305443
0.713011475517669
0.60379462039152
0.45561098787767
0.50613959712546
0.650244510557213
0.510298782516026
0.394355030611395
0.597805833056226
0.560110887255211
0.606348322278957
0.508197697929617
0.623596151129238
0.723234450925144
0.510884592317871
0.580266896198212
0.413652690328148
0.504134493367452
0.694425588415732
0.659089665072584
0.668522422863355
0.566544579772409
0.668681267303357
0.573338013454961
0.773000479202468
0.574009000470857
0.45599209063667
0.48083856848055
0.550142644878183
0.451977133243963
0.675650836912492
0.553556438990989
0.418368376902672
0.680504890051765
0.441462155408249
0.595555250982663
0.508331083499894
0.593788227168979
0.623943619410093
0.510720482598479
0.749877614519473
0.584700703599747
0.609676632960576
0.715162387209978
0.633573329592951
0.568839220958933
0.630577197428619
0.562238001590272
0.629527772688842
0.514193129559161
0.601581818277914
0.703849262424816
0.545928990111561
0.660650939300053
0.542154837853308
0.67016521766036
0.659853554986059
0.736645595850527
0.700594361353923
0.76426954185477
0.673492185371759
0.646052047359763
0.709763167394857
0.683618095446454
0.73247019334731
0.606319146122044
0.750731823339978
0.648511231085934
0.690717332553431
0.687088643031514
0.701028714268651
0.858548211961355
0.744116330571815
0.688654201399887
0.621726000910608
0.697414981657857
0.602201154560707
0.649086664721536
0.675111908600549
0.687855295054618
0.736123548636977
0.712433565474279
0.535452066289598
0.714343054408106
0.641238078169262
0.734525229726068
0.82104568605955
0.606345171526524
0.774186696664357
0.730086907010532
0.873022599139053
0.674317816041152
0.719721203673949
0.576364808712658
0.740773748677877
0.669297093884061
0.808740203516814
0.635536633858433
0.729698510630205
0.779916778338912
0.8071274334666
0.692651538766224
0.72471748446257
0.815758115249318
0.69849185174304
0.763977178480654
0.757536764980531
0.74513339210481
0.794325061227566
0.712525969174155
0.841720400337312
0.691578983530241
0.757375211477823
0.650807737324518
0.691899046578348
0.69234126185798
0.767551068859098
0.867546911410222
0.852221107211694
0.68460315824306
0.747588606549676
0.718169290646932
0.863755517509412
0.68182162421027
0.778126926211866
0.789432620491356
0.691270261279176
0.746121061076731
0.711679984025026
0.654706505235022
0.911779257531585
0.66230355132634
0.754392460110183
0.824900315362048
0.740326262416592
0.724605290989073
0.719399360243532
0.786645039459746
0.702548709746289
0.921298922308325
0.902309689531356
0.724897979165335
0.914376683793268
0.85417154066183
0.991685077126686
1.02094542808624
0.814072150067048
0.801819554701175
0.76172128686737
0.837353774513169
0.822417057246347
0.845270887020122
0.813350348782224
0.992985656871197
0.77557558297023
0.770180370528099
0.795394884740864
0.894097609676001
0.838717210745603
0.889623683750732
0.819787028001511
0.911963438007631
0.872797062124201
0.839070537480009
0.79613903176827
0.795850728976849
0.815973757425943
0.838546063757429
0.810800266201519
0.842344979405374
0.932641673935543
0.913309222637627
1.01553034277717
0.776260666425713
1.00624554989643
0.72915857535866
0.971325563451674
0.999680475757845
0.922159894450052
0.985214399786948
1.02097685887771
0.869322540571589
0.863528878669789
0.985256897084867
0.896170173407942
0.926094032986724
1.04737925375134
0.990096534026497
0.911191645396782
0.884374040620891
1.10034658620969
0.953175335659519
0.971878496513998
0.964596392736834
0.946364414649557
0.920740538461808
0.950170718827014
0.87042750493094
1.00879109935631
0.848874185579238
0.901682273354326
0.921905365487554
0.910286377286894
0.886362954890116
0.895143895059388
0.770836241161268
0.822024925283929
0.925550645393309
0.964464022618845
0.949618978744336
1.04022456310279
0.958527475642477
1.05521481810798
0.936618835322617
0.970815739697888
1.00362871608979
1.02427406370432
0.994636257405047
0.912651214239646
0.933931545091695
0.938081035297713
0.948391452578379
0.914606952921462
1.06222400065172
1.08314890463225
0.858396054817953
0.92093415207163
0.991656426912506
0.921213809521894
1.04177857316561
0.936729974094454
0.975722373316478
1.12081688409419
0.92900124576655
1.1383876925385
