-0.919660891693548
-1.08703769693623
-0.978894363389242
-0.909690094457453
-0.938822258393199
-1.01107888825726
-0.980547675981154
-1.07575704998124
-0.982783174197905
-0.873536753470811
-1.04410754323085
-1.13436045318265
-0.996986067725317
-0.938107190899584
-0.941430539734464
-0.916939181987865
-0.912798354932601
-1.07127291329032
-0.993017506322971
-0.72598927522338
-1.08570197943846
-1.01719721736438
-0.831273768497244
-0.887203934271081
-0.997544944089944
-1.02960570195457
-0.907678298676745
-0.818519380376921
-0.972782696022291
-0.982485020020547
-0.820871537350157
-0.834474489734623
-0.958898910432439
-0.9285250820293
-0.933341949441681
-1.09755829344409
-0.795240863256341
-1.00442241781891
-0.774995051406356
-0.867516350190536
-0.914809295311858
-0.926655670326752
-0.94447733274753
-0.858869852150765
-0.995576516483535
-0.926085223581981
-0.833287967587007
-0.92506059778371
-1.08064430451517
-0.965459384402387
-0.910709228017503
-0.899784416074634
-0.830468384054116
-0.961066703110566
-0.74871689620097
-0.833563931375648
-0.811592869919319
-0.867033571244797
-0.923382339427852
-0.868052815443542
-0.875119997523419
-0.869376263367773
-0.864689123616461
-0.913747710218731
-0.799938790920187
-0.938137586768648
-0.869936469295536
-0.871363809128494
-0.778908717008121
-0.776618668636862
-0.742154379651144
-0.737483789816137
-0.682631779271419
-0.901046816838501
-0.853193785817038
-0.819595944280122
-0.848901447166675
-0.707021202864812
-0.945067806790533
-0.729657908577011
-0.863859260247254
-0.826309979352252
-0.820369560252031
-0.77026089856224
-0.857521100105329
-0.804048758725932
-0.929094683963428
-0.85564221446473
-0.762357248739253
-0.645647185178674
-0.837002605840518
-0.720033268402841
-0.700838528539169
-0.906125651856655
-0.801484972574422
-0.997751286387362
-0.708292630032773
-0.80733248807046
-0.71962487565108
-0.762533801400125
-0.698967464275026
-0.843083754189329
-0.709470989035323
-0.865066255889496
-0.772986469207248
-0.732559319317041
-0.68027042897241
-0.650266713067694
-0.845444475187115
-0.904276796640505
-0.669813031958477
-0.824128446545402
-0.672081015646854
-0.732635318655152
-0.828106094735724
-0.782292855292499
-0.737306590056459
-0.754564181812562
-0.596762255808594
-0.614266195600735
-0.613960204814562
-0.674536494634118
-0.770657013218787
-0.713778313650357
-0.833206198020637
-0.795967883969875
-0.562657362839956
-0.761440685600768
-0.732319639483048
-0.603823317833799
-0.722038398357196
-0.825196169634028
-0.567222027483695
-0.84700251455696
-0.743757680350827
-0.684471326196702
-0.755208722068905
-0.661021377782135
-0.773703267163642
-0.813896908274106
-0.768124939216278
-0.716092027823312
-0.761367843139411
-0.757894334621517
-0.751760469723969
-0.725310680578646
-0.723501065591672
-0.705008489862378
-0.77277872527677
-0.710985281868703
-0.57047024646716
-0.740429871812553
-0.660575350270396
-0.592317933210359
-0.583922899158527
-0.527209280107052
-0.660785587158309
-0.640531149921525
-0.556880138580327
-0.61464099110483
-0.730407410115877
-0.663502517304549
-0.710131799452928
-0.786146501930028
-0.690885279657779
-0.517365341760523
-0.756067994815736
-0.68290808460997
-0.735781388941548
-0.755506898543399
-0.670400042962682
-0.722696146844334
-0.699206260349711
-0.706399105759404
-0.714901066716268
-0.712656708741895
-0.684706529314545
-0.644081780366868
-0.737592280367976
-0.762124049849511
-0.451601617713188
-0.546984753056305
-0.507855040659105
-0.530730425203101
-0.718457591012199
-0.616467788548092
-0.500383265607535
-0.557823553380211
-0.649383811297177
-0.792038182613696
-0.635912011060106
-0.659759837171968
-0.613307601050837
-0.558227147802314
-0.599510730470559
-0.813689720004648
-0.541412040617415
-0.6706354066601
-0.578417912993134
-0.686246665494971
-0.638284701634313
-0.736515318574138
-0.595165915628716
-0.664356979333834
-0.704953192333259
-0.636894854093037
-0.575309433519584
-0.523454698083797
-0.707371963325202
-0.464423888475123
-0.620923100162516
-0.442502200391442
-0.510631823901907
-0.68160064177565
-0.52087808321759
-0.532473191156465
-0.51575507630299
-0.609338821762762
-0.6301320862068
-0.508873390482233
-0.712211681887737
-0.500967269243544
-0.585205554582529
-0.575047249384391
-0.618433054829653
-0.507053158467858
-0.493285097931371
-0.544935099720058
-0.512001080560873
-0.640991779246725
-0.471041090311717
-0.608539370367295
-0.676697315647139
-0.560878540295375
-0.500482012599757
-0.503347765118213
-0.54491098843978
-0.514284647234471
-0.571440809640307
-0.495343899909336
-0.486158705391894
-0.570496555590769
-0.600634545952193
-0.640888182854505
-0.707642269013371
-0.516714068913139
-0.465770797484414
-0.50304625741346
-0.478924932890249
-0.447823407906326
-0.367624913884337
-0.517957496709475
-0.479130644173076
-0.578385247559352
-0.377059685399019
-0.555185003876494
-0.564128433982117
-0.580069782459946
-0.468476430075158
-0.497443374590478
-0.510913827758434
-0.367457380559112
-0.459606981998667
-0.565148805186625
-0.392298245582127
-0.354904109381759
-0.374645562792814
-0.393213537670895
-0.552750847181545
-0.516616243361511
-0.539025161140233
-0.393519847562277
-0.363901848423431
-0.376488010741823
-0.556653958993892
-0.25388293938786
-0.466644957283221
-0.44117479869565
-0.419510629587535
-0.470866600500477
-0.390750251789522
-0.494027609859406
-0.371784036416343
-0.383406840666595
-0.336363931145596
-0.403139712744681
-0.386415506722469
-0.28485131864583
-0.555041470281094
-0.271186638378346
-0.418892903727093
-0.390712243416458
-0.407183060995199
-0.469905444806739
-0.301579684645293
-0.320994616196009
-0.413719431486795
-0.353882570715472
-0.345226249678094
-0.421663161435337
-0.176721550015571
-0.328349679552748
-0.454457542129241
-0.271215428212319
-0.261999307720712
-0.303964730069294
-0.410856430547361
-0.443625812468583
-0.357307920810703
-0.415942736068207
-0.483388467676088
-0.440705394913701
-0.376938990534504
-0.428976517943061
-0.418117065734294
-0.286321589147502
-0.33522932924056
-0.382489700037769
-0.269968636211837
-0.300579700891584
-0.400460502387468
-0.487155756773417
-0.447798373460072
-0.241288711631883
-0.227363338153998
-0.385935335615928
-0.311430108103428
-0.247783628312012
-0.376521073183138
-0.323955503923551
-0.318913228037462
-0.3212563520956
-0.269295479564742
-0.372037186918076
-0.379723201054873
-0.221530914572431
-0.279693067366894
-0.324452242796417
-0.313889078315413
-0.401409781067001
-0.371950662148945
-0.355065903616253
-0.236345540072884
-0.367645673012893
-0.368768682242908
-0.271728776880022
-0.222447515203074
-0.233214522651441
-0.331216447433099
-0.254081354709016
-0.24630794566673
-0.213689841899321
-0.315203111927281
-0.219979282794402
-0.246669308444867
-0.274898230604719
-0.407208873165084
-0.19282830980813
-0.318712764420198
-0.309175856783502
-0.213322267632239
-0.354039045025752
-0.238552336255687
-0.410755135856777
-0.317563742075239
-0.204487401035532
-0.313352330295877
-0.360364713229389
-0.308564423807989
-0.132396669046694
-0.217249369520294
-0.306429358700934
-0.106335022949073
-0.141522576932363
-0.338358074922676
-0.312277423584741
-0.163511878029037
-0.324077158007824
-0.282070599845962
-0.287601011050596
-0.360575635781925
-0.261432116742183
-0.281264268918141
-0.33098511435769
-0.192146329259805
-0.384093087983387
-0.196848853615322
-0.445256856253476
-0.240646908267894
-0.250346399554956
-0.225407812642558
-0.204749297023451
-0.109260940723234
-0.250390947147508
-0.298095469920997
-0.167152770911588
-0.173067275538553
-0.197586751162519
-0.12794975527872
-0.214310061407999
-0.225190668753528
-0.0631470812115133
-0.305191740923782
-0.190085406768535
-0.166368743652976
-0.255594499475323
-0.0544758626907952
-0.222348937569515
-0.267899925674754
-0.203487795427029
-0.192004781689101
-0.34756260592652
-0.21286189991015
-0.225452294700197
-0.236634701521716
-0.117088785722279
-0.206137214196115
-0.187054841135916
-0.130165553533885
-0.208135920864267
-0.173390891550587
-0.141391324572971
-0.152715675603234
-0.223373784568303
-0.241987284539058
-0.129433769788682
-0.065798263280159
-0.0470496800304763
-0.0959533407739742
-0.243640935265087
-0.270236496351064
-0.0518736757799923
-0.201814009849292
-0.240793388645439
-0.10592182549745
0.030764626307812
-0.271891026964406
-0.202105024786951
-0.175756773421837
-0.190260723270927
-0.148391301048765
-0.356538450969309
0.0310911696388236
-0.0750717612085809
-0.0924525003686365
-0.0312559396863056
-0.178201327093169
-0.169968432933538
-0.219594132035017
-0.0369022564902317
0.0317953780235318
-0.0219329034003299
-0.155059414276989
-0.219055916866417
-0.0302407742275294
-0.074064005971447
-0.0229803328561358
-0.0765657603926938
-0.246470454680324
-0.134852651015456
-0.118720979193234
-0.144119059959019
0.000435467125887729
-0.137614614690099
-0.107174384419784
-0.136960558617248
-0.0175110783545182
-0.00118991503828016
-0.159476540931931
-0.110949874651661
-0.0238275327393699
-0.144241830880674
0.00765782625454709
0.0503643695567763
-0.105238650143749
-0.0867409956139365
-0.0143413404113847
-0.0568334212656958
-0.193002807007754
0.0120795033232148
-0.0624916743767875
-0.0750021108677073
0.102077742861662
0.0255560529445257
-0.116600308468288
0.00544488026792863
0.129808546663654
-0.175301417256316
-0.00206552680134694
-0.0828691458176584
-0.0633783315486985
0.0807155848543454
-0.153651548645204
-0.178300728334894
0.0191379706842446
-0.129181978665359
-0.0472736375058211
-0.0396857473902622
-0.171877122919688
-0.0963724839119665
-0.0550366991662461
-0.0788595802625387
-0.0157312942028588
0.0743298539286986
-0.00168847129431836
-0.0345971855204731
0.126145854791921
-0.0997920235874886
-0.0643804434080825
-0.0297471778866061
0.0720973172279638
0.0177294477267806
-0.104703794121354
-0.036080914932553
0.0896379823899075
0.111686509425546
0.0436444074288204
0.12723962041154
-0.00680857833831532
0.00419500234250713
-0.0791597509020584
0.0723463198540408
-0.0246737198006412
-0.0703192798831928
0.283996673136501
0.176001330021359
0.113258903181389
-0.00813391051110511
0.0301818116854322
0.164145941540433
0.0648516668240807
0.0210449692116542
-0.0213730063266087
0.0785197731317826
0.212559865911778
0.207031693544058
-0.00346526310931737
0.0525610285614428
0.0730900349408293
0.128786797344453
0.0599370280736031
0.0344504835560052
0.19713774801283
-0.0135972819451454
-0.0176486480025181
0.0631907703347815
0.0739635761175154
-0.11229433268986
0.0224615095185458
0.201107428770094
0.142767054322197
0.173599772093786
0.111910380722591
0.219772839778291
0.199917372037254
0.120781898270912
0.0671202167606321
0.00290466178383763
0.130299890486306
0.0447492889737243
0.103851386580731
0.170999961528077
0.131141782815754
0.100778707599178
0.143230804216934
0.0644705762011442
0.121557077414938
0.210669673209627
0.242728038443924
0.210519785670903
0.162606605731315
0.123538637310748
0.21409385911132
0.339414154912346
0.247030268652309
0.263977638635883
0.162481320243634
0.153514921104884
0.14536835086733
0.16988279224197
0.13027240093516
0.166159554135991
0.104002574547282
0.169086385717815
0.0972785584581995
0.235454461600189
0.0905143746749846
0.236592981611776
0.0386023235034919
0.343943783873224
0.0919499555426809
0.254109379618682
0.15440433484416
0.239033758104208
0.249746145401706
0.143333257953888
0.173094401690671
0.316814918783425
0.245223720320383
0.0845973699755112
0.242016092106697
0.152185561980651
0.233538720440136
0.300561005279344
0.270349876679412
0.321766742143175
0.256492590096702
0.122742496886274
0.22134078369884
0.328436420463646
0.205331576743665
0.437983005660725
0.168921589482302
0.196449938778951
0.179951469570854
0.203350461145785
0.121318471235529
0.371064086812386
0.248329643477051
0.252395412747698
0.17281807706668
0.30534950533747
0.280910935880802
0.161383737858534
0.177241045307014
0.354063749651575
0.222840696817288
0.202775971136914
0.166481362105932
0.380419895772393
0.401128536011197
0.338346268890579
0.388222296520579
0.255838919213534
0.19993922636129
0.281968892418417
0.447583099557151
0.179121498850265
0.208538532817285
0.235422533683733
0.235103172209545
0.149989914850897
0.226177708743126
0.24228265865691
0.26104324434649
0.353269547694233
0.205877508333441
0.26571771833921
0.287711442541153
0.255712518624252
0.382532199038733
0.418868714324635
0.255956516935939
0.412568799045589
0.272807221441761
0.422760755700191
0.233161834547347
0.4046350867754
0.317773343695498
0.342306885811019
0.111810085718823
0.460395652047915
0.350282312696499
0.347386851712305
0.343159193808488
0.231885384904163
0.264456275657403
0.29249321205955
0.303496850839223
0.355131669549428
0.188249892366853
0.287834545228963
0.258288420946763
0.344198180123587
0.28909155093799
0.235378682193603
0.330564992824121
0.495665554514809
0.289798645180449
0.361720788315658
0.323136535771131
0.307895253098717
0.409479113028812
0.41569386438555
0.490342502430283
0.265664710619219
0.448736431302733
0.439317590731886
0.378145602375589
0.405181279388975
0.412404402537085
0.456616140734467
0.364479119886368
0.471894099383147
0.485766806717283
0.475472127355708
0.321404922321267
0.458119696633329
0.528529589639777
0.429244469306579
0.369473011560648
0.393653790005962
0.477625871916693
0.647862395391032
0.440850970734441
0.485406734721339
0.322367013570966
0.223957281210243
0.357851330883755
0.376707844282625
0.515287420224361
0.341382303617133
0.448748650875332
0.253059661607249
0.421332224449276
0.427130286066324
0.405528916437914
0.53494658631513
0.459220685573128
0.635499376464494
0.55504607369703
0.472834480248387
0.606113171033432
0.606383843070402
0.433879024570478
0.601564580280068
0.424399414114737
0.427607782809752
0.452321755398229
0.343577834248372
0.448871306831537
0.551896926858633
0.651379251685319
0.719130186273071
0.387427878603794
0.493025664376837
0.407359474447531
0.600835858343958
0.474858505577923
0.497122953739527
0.414134004543349
0.320116621757549
0.467775818008425
0.426908491824948
0.503817974674933
0.551860620018104
0.543578884816154
0.491874661073897
0.423780636720295
0.630048174171602
0.444914462404694
0.45251133562334
0.402607256020827
0.501836787698174
0.467757315601424
0.340068336777028
0.572450655320405
0.536128603232775
0.494812738467341
0.57003247931791
0.553185378954493
0.462692989289276
0.402232021119131
0.507993210480589
0.681849192048476
0.608925739271733
0.480619467678997
0.426677976450317
0.574634426806186
0.504528859156338
0.608266628775467
0.583278348486557
0.506723289805673
0.615762747951802
0.59703001298477
0.552199445278624
0.523684287943565
0.680423250373225
0.490990634857749
0.491489592999719
0.595552805423752
0.636045018373955
0.474197720672886
0.604314381578631
0.577527682427821
0.330648362481315
0.653235551506506
0.484859334899449
0.361823352805011
0.770718865884789
0.633368999324912
0.585887964256457
0.541509950393562
0.505086578285711
0.657258002062346
0.565912651083933
0.658445239104057
0.621486099779447
0.637484779427918
0.617849827968159
0.693674927681337
0.623206550295361
0.600698560831483
0.637078940454677
0.5938794725614
0.68789434125168
0.758123286856331
0.56198922654834
0.502183322308582
0.511967991829434
0.757746201757904
0.661705740985652
0.731779826947479
0.509886261931954
0.629399078259774
0.565220519690509
0.6341641590013
0.525854058993048
0.600598250230808
0.61481514823716
0.744670035742548
0.625493080465046
0.738245762796516
0.660790948833997
0.619645703771568
0.575287113987092
0.543268049391672
0.718919861643535
0.860629855659333
0.677915754017718
0.723424200559985
0.608104522134958
0.726981268164463
0.802372862601194
0.576619950983929
0.678189016918519
0.619593813718668
0.613917757447459
0.629145028438371
0.733637763510196
0.614008400825693
0.64640483186512
0.647026674533562
0.530595467843317
0.627400824944877
0.728255114279458
0.537433486298798
0.830845342477831
0.635540827729433
0.698138856260868
0.573134858250672
0.786260311535304
0.665679397778435
0.731310764181939
0.818317480639492
0.686375803901552
0.793803562220662
0.715203639170715
0.688439126130498
0.783370975341128
0.807367968531409
0.863964105258186
0.597054324729214
0.662434660865843
0.78715534122745
0.854150796982293
0.726680315360115
0.649852195376184
0.648238713086941
0.746280186787685
0.702045790166006
0.639606019275435
0.704638518594102
0.735601176980608
0.821129490339101
0.686967045931846
0.742562983683964
0.824591096567161
0.872771979390561
0.736526990813044
0.743909591318866
0.703661887274407
0.716110276744743
0.622070689821797
0.73674321386748
0.605156576797958
0.764299554855765
0.68019296380732
0.881711685245755
0.901574564477459
0.794276623525874
0.879834763255583
0.763140212665662
0.828889547536376
0.78024840953796
0.707958973749508
0.702635301298026
0.70945656592418
0.706223189462382
0.684541452617924
0.6536096719348
0.648653538203736
0.827119608912488
0.688449006552718
0.771104301051546
0.70727913042888
0.764178694764402
0.740201728802848
0.741841569714317
0.822554195905968
0.861256789542838
0.799519578243824
0.782397993475686
0.719943820070158
0.869929038469185
0.932875488713138
0.979262071020936
0.810057988460719
0.800855176866407
0.878730140941488
0.762440698691923
0.920650424579449
0.797992373424865
0.858190969412861
0.8945987031351
0.958130827594894
1.0229436330274
0.842495241705516
0.830132250539491
0.796598552056052
0.732830250533301
0.789984042358388
0.922349745269262
0.943069096623669
0.920678673940566
0.993090104574897
0.749114668296717
0.919269617427585
0.905384799056547
0.736526559963451
0.747195831036683
0.901270648969912
0.824423241581846
0.887664520301905
0.949814228333108
0.897284911631335
0.928700364288219
0.871367565230367
0.886891171620437
0.887598849442714
0.948883506896997
0.88461300084217
0.977779617282101
0.858078294295516
0.889816290884914
0.973408035823989
0.774012405454362
0.953332496404677
0.908867383040664
0.722515937599876
0.735883001547414
0.919693883290751
0.828557459431561
0.902232963985529
0.816629072500616
0.926892022119941
0.930320523880055
0.985959815169198
0.920190111495915
0.971675082310789
0.926364289864087
0.835558676376332
1.06519836104008
0.966639105374333
0.955106776120656
1.07590818657398
0.892810813103947
0.88867430113371
0.9672762895774
0.989371628054558
1.03442126424616
0.851635607792333
0.978000310870285
1.01625910313067
1.06776202872582
1.0173727484632
1.17975725844303
1.0707937388705
0.941338382738705
1.07628980464821
0.876605715242688
0.963006036146488
0.99245454444496
1.06642820010036
0.962666627478849
1.18974539279661
0.913261733301695
0.971149295170803
1.04654163988105
1.08444543722991
