-0.896371759987396
-1.09198129094754
-0.994722628149008
-0.908000794920443
-0.966163840679177
-1.01210032107045
-0.974079393783259
-1.06013310871843
-0.966634927379244
-0.876335631633162
-1.04865010648493
-1.13453300476148
-1.02338479151707
-0.948626625399821
-0.918430970154757
-0.932262961735624
-0.914757452327398
-1.0829548964834
-0.984707321580375
-0.741950744875997
-1.08529587329047
-0.998519003216183
-0.843397989693868
-0.883123316579889
-0.996461411937214
-1.01049058602944
-0.897320320914329
-0.794786503297486
-0.984568054745552
-0.999492828135833
-0.829245168360208
-0.836014577259291
-0.941513362292552
-0.927618824326985
-0.965422791148294
-1.12551693126702
-0.79613795143713
-0.99394157263127
-0.790439679729611
-0.899185756909274
-0.902482120991064
-0.923020727007924
-0.940983475441222
-0.858791724586524
-0.990210437647419
-0.94414871492762
-0.842823896790328
-0.906783667076641
-1.0664325108874
-0.971409822445858
-0.92128017950605
-0.912431125426631
-0.839367007611788
-0.947078138121808
-0.748741182929388
-0.843818146814808
-0.821188230186319
-0.883653137321855
-0.905394769702923
-0.865095103938564
-0.880366502494802
-0.866523364729106
-0.856818509148809
-0.914950635059288
-0.78074215011765
-0.947143358733472
-0.868941404310521
-0.905298734454109
-0.756133853059423
-0.789328352567846
-0.766822057507157
-0.757406285743183
-0.680386084328192
-0.913903574734122
-0.848048098756125
-0.811474395534424
-0.843495202543712
-0.688888938779363
-0.951223881808458
-0.757335677822409
-0.858263540076001
-0.831966328896721
-0.819363806127843
-0.777868511525332
-0.844142045239478
-0.771994008506557
-0.942330679910912
-0.838903568102765
-0.729311062950123
-0.645477127731037
-0.840718596857316
-0.724730689692466
-0.707644544972225
-0.890653163977549
-0.81751625404247
-0.987395033672497
-0.707284207178027
-0.806453953181964
-0.748392003369202
-0.785335084372407
-0.686219521025025
-0.865187380900554
-0.693852040974932
-0.877548738752884
-0.776545098947693
-0.724715840466207
-0.667585432798073
-0.67377562766748
-0.846163618069106
-0.918308125675679
-0.653488452827558
-0.820644889200773
-0.648994636055908
-0.731252466764355
-0.830820166315749
-0.802036060018225
-0.755042303946358
-0.739056963705509
-0.595564977833871
-0.623917996285935
-0.584280672151736
-0.678109635849415
-0.757968665194681
-0.738678089052412
-0.850516740584185
-0.785703798439912
-0.560215994969647
-0.733163673557153
-0.751747885188647
-0.610799263251696
-0.727775207071457
-0.819170421492338
-0.559951062689053
-0.856732829992611
-0.722927769834372
-0.727809650181363
-0.767861515470079
-0.66284248238179
-0.795193635107663
-0.794633274291331
-0.788724928678474
-0.722520186442968
-0.755686935266823
-0.772864126722838
-0.758012741641962
-0.734415436339784
-0.717802842445568
-0.700357825632974
-0.775898455177609
-0.710809069466132
-0.578523474286949
-0.759148245510292
-0.66870828553844
-0.620968826066588
-0.582228368423811
-0.524898813454562
-0.671336569486974
-0.644907859863139
-0.568658191325187
-0.62654864425638
-0.717141663745665
-0.667920385724639
-0.709569012287486
-0.798127062928647
-0.692137037109695
-0.520160468216
-0.748567294460713
-0.681551929526043
-0.726268587209074
-0.749837628750055
-0.682778686833979
-0.713443817175579
-0.711163341846119
-0.729109407482718
-0.727287002881031
-0.692495283539644
-0.673965977471254
-0.648767485432269
-0.754864496727455
-0.74717910192202
-0.445779335604087
-0.526100964099578
-0.531615161742253
-0.5356144667847
-0.738265312614074
-0.589316979564913
-0.51733091979808
-0.553020131704904
-0.663450452950915
-0.768713685369451
-0.651915810369188
-0.66391022096318
-0.633264991597539
-0.566472303324639
-0.608000440026145
-0.808285811371402
-0.540389260568623
-0.667293439038121
-0.586025622582802
-0.670356113386005
-0.636907193808079
-0.733297942502815
-0.610198602815576
-0.694822349687947
-0.722124639592198
-0.661375657885433
-0.550316275780327
-0.54016468986049
-0.710083748241851
-0.470060308354088
-0.624927457202346
-0.43367155316889
-0.533982651913723
-0.673313865483578
-0.521951686141315
-0.533560388268333
-0.509995925713618
-0.597316567435328
-0.647523423039527
-0.528330761398076
-0.710434166664635
-0.485378610940205
-0.586490574454608
-0.559871172243838
-0.627153253605012
-0.469654754505128
-0.492931956591014
-0.530991939335663
-0.523008029588999
-0.646786599090043
-0.465356311794782
-0.619011697959608
-0.68125817980047
-0.584018637148828
-0.506758264812244
-0.508158463241867
-0.525364134544515
-0.529785649765878
-0.576311368839037
-0.480775312663813
-0.474982883688417
-0.5815670458271
-0.607487494873242
-0.624650247688815
-0.729707153593665
-0.529937302442228
-0.461394132812257
-0.479804846874834
-0.480098111944663
-0.448487720513065
-0.376529358117304
-0.50502375622161
-0.500737633164477
-0.577541161366044
-0.384351191652963
-0.546837326167186
-0.55960702239097
-0.559317764045022
-0.458660148048515
-0.515145828082684
-0.495298405826273
-0.378320799944967
-0.459319180882235
-0.579090014616637
-0.392283457309654
-0.366079195856952
-0.37885104315255
-0.405165550542953
-0.538625793545064
-0.512540420437607
-0.526111985529115
-0.378712382728643
-0.372463366883364
-0.369902073869376
-0.540895015128351
-0.236058341569838
-0.462607699878078
-0.420683604916486
-0.418472429340749
-0.476973223110463
-0.385309436816891
-0.465549412759482
-0.377145964671854
-0.399421582652088
-0.343354551924294
-0.380251818672251
-0.37985527779714
-0.281691293198387
-0.543163834079223
-0.274871764517986
-0.413846561681269
-0.382037845516167
-0.409531517932519
-0.445724786433976
-0.296435882246414
-0.290645256613884
-0.415689575517224
-0.373813260276508
-0.352820049985722
-0.415733514225387
-0.174267685382212
-0.330322776694986
-0.472481996470116
-0.284718763661521
-0.257675435091583
-0.333546963436876
-0.419962151624019
-0.446496635094754
-0.384330864502163
-0.423610906214785
-0.489415260882103
-0.434742248214333
-0.351696728160352
-0.436103882962721
-0.400175695006048
-0.283485263087513
-0.329391040688273
-0.365746879074084
-0.270604967138267
-0.295409112538601
-0.419944755492401
-0.479053090286645
-0.42325204557983
-0.268051665448182
-0.240131873693561
-0.386497283587732
-0.28464657099817
-0.250046323885021
-0.356281572198151
-0.331689170248165
-0.337979859400119
-0.316129785574925
-0.267486406720625
-0.362693166410341
-0.367441926927971
-0.217033645834562
-0.27442103689026
-0.346167174155446
-0.333934076025486
-0.398911371448421
-0.355873164640131
-0.340127692724406
-0.234615164742617
-0.345274750797276
-0.355169426787056
-0.30545856858923
-0.226929637376224
-0.268258811298954
-0.316635050400575
-0.27122464204405
-0.249363794795464
-0.235365476690618
-0.314331150230207
-0.194277836928238
-0.239979047843872
-0.265356534962313
-0.383827603062208
-0.1847120326799
-0.317324969697418
-0.320362949806684
-0.213561964085953
-0.346098606885369
-0.257539362642004
-0.406503013138773
-0.335879679331697
-0.197911410524079
-0.307184440003592
-0.392039535550416
-0.312576918143741
-0.129456731510168
-0.208298109112884
-0.283611175508487
-0.0988288199703496
-0.142293166306245
-0.334796414358659
-0.286889375073012
-0.159308556576724
-0.32821612131669
-0.280122299042973
-0.298782847158622
-0.366465056865178
-0.280842543352246
-0.277500232999863
-0.340191731511127
-0.181512339151405
-0.379520330094185
-0.178202332657822
-0.454726592731578
-0.25759847283504
-0.258804462205951
-0.231183837870334
-0.203383996520876
-0.144687917823672
-0.248582954080343
-0.303350921267024
-0.191112664427554
-0.171760184328591
-0.226586029135404
-0.152107044206747
-0.209703193397079
-0.214316519714841
-0.0326701679969459
-0.285179933517265
-0.187623383093986
-0.163042588352188
-0.230118190479691
-0.0565550750340131
-0.207429450044904
-0.273065685049057
-0.188776339255885
-0.210256891108748
-0.359044892028707
-0.194681421361394
-0.233445621452351
-0.237874617503477
-0.13576385151722
-0.219706903461942
-0.167035538227502
-0.11479717722296
-0.178920834053464
-0.177488826867929
-0.113361046533225
-0.167279226762553
-0.245223676406282
-0.242169476952463
-0.145173721986933
-0.042873705262875
-0.0296569603094073
-0.0753925821918632
-0.244033224176278
-0.250913725037917
-0.072418382495029
-0.190121039104859
-0.240160157343555
-0.112830448562271
0.00206680370306639
-0.275101696586385
-0.210001286186193
-0.170661567321651
-0.192435690567257
-0.179969324023428
-0.324049291876924
0.0469571531918461
-0.088822443351973
-0.105654077903427
-0.0539203877376924
-0.148172213386628
-0.175326058077743
-0.23024186238989
-0.0556190918749007
0.0224478390062347
-0.0204323970256472
-0.1595363092494
-0.207519385323647
-0.0179415550906272
-0.0785258624831843
-0.0297843260821618
-0.0806167944347596
-0.223842087911018
-0.111785932582338
-0.104983401271866
-0.15313133641355
-0.00170330180973276
-0.149757852537964
-0.0926921083340248
-0.135439373784257
-0.0165105756904148
-0.00712675910508597
-0.144991208415358
-0.101541220828946
-0.00169638705755454
-0.149126165279429
-0.00527605217883983
0.0372214013173674
-0.0987627734190081
-0.105590938972688
-0.00773925595920403
-0.0424433381959908
-0.187641139412232
0.0251167395625657
-0.0577946954082
-0.116791891441379
0.115054099284825
0.0244992311678658
-0.111428704651566
-0.0170684602749088
0.121494493632456
-0.160583665195055
-0.00961834007670962
-0.0806228050053364
-0.0632797641507516
0.043612227131159
-0.140403716400011
-0.183573888121833
0.0218905373587179
-0.137389235312703
-0.0519360259964322
-0.0529010567090441
-0.171020954759113
-0.0677199576495414
-0.0575633351125416
-0.0653266612565052
-0.0181984638885776
0.0489376110220735
0.0135923887920708
-0.0175035625819468
0.121007906544786
-0.0858381099582015
-0.0627026368000378
-0.0164651242824217
0.086272270229981
0.00919536986759143
-0.0916661371395689
-0.00568695758420844
0.0922901930696772
0.116362902533058
0.0417423997111092
0.116763525938756
-0.0298370198008669
0.00860786035475641
-0.0486249322264857
0.0730676736874228
-0.00836073275218831
-0.0602016202055844
0.25507403932306
0.152012433456723
0.123461685968418
-0.0198015575735806
0.0371678897895801
0.162258508136837
0.0441017758543938
0.00228190596358609
-0.0151853975806933
0.0557715277096843
0.239141301331647
0.187012084538482
0.00213535622044366
0.0521409471708773
0.0689472284731016
0.135927108237093
0.0709345769366604
0.053151027177827
0.197435254423643
-0.00172052471013839
-0.00264173106534606
0.0856659726957748
0.0861095558595231
-0.107920316118285
-0.00463091287842236
0.214924827514258
0.111262052756458
0.177617985721519
0.103082666789741
0.207479423088271
0.206752638854009
0.152005212182198
0.0597383776464793
-0.023282389360508
0.134185130942302
0.0542746545123061
0.108975737323675
0.161100553047966
0.1289069841281
0.105218097836784
0.171609778973451
0.0523889760347177
0.0714173440162161
0.233205588053601
0.232951522904163
0.201412353563731
0.147617078012399
0.142713184079441
0.23450483643813
0.306613134603566
0.24620066972363
0.280591566395389
0.166704449533392
0.138944978608961
0.14014433579472
0.181723722267858
0.131852272196182
0.145122154105309
0.116556392803833
0.184511605335153
0.106933187013921
0.232416069641829
0.0785361930328863
0.242131653307593
0.0257672699234372
0.356514516304959
0.10607121870963
0.265535163496451
0.140352761391053
0.251466032749705
0.256568839314734
0.163616125618104
0.165733251444563
0.297264647909703
0.24652376508107
0.0721459137681253
0.226614592501603
0.160368349431881
0.237815490702903
0.289915040021623
0.267762771148208
0.314585030832305
0.260607150097785
0.117651948966644
0.247782136248668
0.304478737051737
0.211991536823779
0.420224165767167
0.18897593440374
0.179625709022846
0.169921093153589
0.213122116302304
0.12794913079161
0.379569813965199
0.234386934677573
0.249956896005386
0.184176697737599
0.304833878155407
0.255073573114522
0.142457123214473
0.178378772734102
0.361590742316179
0.208901488193017
0.219267618162875
0.150754749508173
0.38290430729601
0.396002935098375
0.322965693303927
0.389182687637975
0.281015760246074
0.188209579094084
0.291510946455208
0.452884804744199
0.191514307846283
0.238209535002266
0.222345551417143
0.245543186623276
0.152252536903755
0.227183912594185
0.258625254356415
0.279793752963815
0.331654263952101
0.226670138299351
0.260029607944273
0.277592662862253
0.244852871519248
0.384278209263242
0.424754306942603
0.256273296840857
0.408659414302652
0.248148229532808
0.400567423621843
0.242079257170771
0.412474838391201
0.325490638654067
0.334673554578685
0.103841799179257
0.465680603045553
0.340895982694966
0.335111984921423
0.344300488793342
0.236085332275461
0.266348045362221
0.30868070840955
0.308101527197366
0.345027291394452
0.204768565133492
0.310026648263141
0.250180445254233
0.352403829289043
0.299961961492718
0.223771407397184
0.331137641673014
0.461490981626416
0.289749993589229
0.368840188187598
0.320581466035248
0.290658853173252
0.38947112039689
0.435005480620979
0.493162154112269
0.262325739515498
0.441195547849523
0.447295117643666
0.358258056028246
0.411885254855152
0.430447320951393
0.454655955395712
0.367204908007729
0.451166710262377
0.489953348356225
0.467080226650056
0.328475052099722
0.424964806227421
0.54092661676371
0.411681114927709
0.373832072279718
0.389772460302984
0.461608086272571
0.636752597969427
0.450333813269905
0.478895872494543
0.343016049238643
0.210398266272697
0.352637593114891
0.373383019405299
0.500843225836745
0.327925963748242
0.43077193717132
0.256636022448682
0.423026031671937
0.43854989291888
0.410456323019613
0.522327469057619
0.464913451172484
0.639051770743015
0.54820908514372
0.495387877686371
0.60478645749003
0.604882542865724
0.436833121312858
0.589494687793151
0.447272222247121
0.454727755344992
0.474017791333645
0.345701339020075
0.461524525744321
0.545217240544551
0.673642119270875
0.706900071457191
0.373141757192902
0.477742031470796
0.40436952825845
0.590682277781894
0.467226535918466
0.510879990384196
0.428259888903943
0.320338299346122
0.446104222977078
0.452541491405883
0.492165195322058
0.547807851653132
0.518882357527383
0.48596195323294
0.431145461081136
0.64592085979878
0.447185023341956
0.440774845489748
0.407635866496115
0.497462616852579
0.44636353307075
0.357570397217755
0.58356677613207
0.541187464588853
0.479447069974005
0.572338965184614
0.531603429846193
0.445925458725561
0.431167103661153
0.530953834762275
0.682672085484154
0.617435750842797
0.48279497725201
0.409132046396165
0.568639439778017
0.497476581713638
0.616911388135012
0.584977884055647
0.485101887299265
0.611264605422431
0.595916700376348
0.572383238000095
0.5388972890096
0.672290736916341
0.49986101970188
0.485147799426356
0.609949036552413
0.653296972574644
0.486733050674315
0.599925497409867
0.569995518209764
0.355190519433343
0.654184261852659
0.477067033835242
0.342199002177843
0.766574936231903
0.639383419112925
0.589443966542601
0.53427692919588
0.487887281926891
0.651009005130289
0.548998197909127
0.646665375288678
0.629932560296155
0.630116060562191
0.615051391349659
0.688034109007679
0.62329778347327
0.595056432719747
0.639695040440572
0.585428953276674
0.682230832098271
0.751471944405284
0.56040549929156
0.478692101715188
0.498834336744799
0.757651353013749
0.678044767245171
0.717181525087398
0.509320213246158
0.619441311742952
0.544783781370671
0.642244034198207
0.538940813637664
0.591318131269125
0.654181573520578
0.737469337453743
0.637139822907872
0.698641660687792
0.641734944616558
0.623144898979832
0.57688564020862
0.53893534557589
0.731118215971084
0.880447529906091
0.706923690014976
0.733575159021647
0.611053862114284
0.743110561106475
0.796585332418214
0.560954204426305
0.696057010671198
0.59923216701315
0.622770706016213
0.627636851704412
0.752656526130532
0.61651107226479
0.646990268167746
0.659362598481193
0.539924301201035
0.620063937475763
0.737447244023823
0.530448555859643
0.827786241766555
0.639097466923119
0.698067081459853
0.569531283443963
0.772068225521347
0.675190763611579
0.733621291720127
0.821253267765782
0.697271810546655
0.818865084804449
0.694387452533231
0.701208833940081
0.764417692367547
0.83314220294832
0.873733919876304
0.614616402164395
0.682462077639567
0.808188683259259
0.846126296888547
0.724766472442952
0.654364250038623
0.651472859728341
0.747496821525596
0.714664530148008
0.650044132778238
0.710719544003785
0.719350527733934
0.8469962883806
0.699384536071483
0.720312506753579
0.818239044206782
0.860808990316911
0.745926487174543
0.747671497591234
0.697019976826318
0.702205886410159
0.613371098139895
0.738310079038819
0.611601635086674
0.746865939685215
0.671834130278216
0.872653494230806
0.910616701329358
0.797762801457533
0.890436600065741
0.760914406484165
0.836633761656799
0.764381380386819
0.737333095720813
0.68511206071181
0.717725446034734
0.726138667871645
0.697913950296872
0.671209257065252
0.633132957577417
0.811842469869589
0.678822539631978
0.79077942549217
0.72008650206774
0.755651277694168
0.725103371896364
0.741581254758474
0.824857265919067
0.849968524028054
0.823930585906733
0.801091940748727
0.724241112568995
0.857271588858287
0.931727193027477
0.990844492929123
0.807166406523093
0.82574813902604
0.864451515592614
0.763257270549189
0.918147108611308
0.799983375630667
0.838891575071276
0.892251532138633
0.967673619634139
1.01740670019473
0.832787334448555
0.813228016919963
0.804346080301757
0.731337357731411
0.785000591991843
0.899394841847598
0.955021305005626
0.918967856078831
0.986052702496945
0.762499908991155
0.909763068317308
0.880111779935233
0.724168959959066
0.774661958201521
0.909393559538247
0.823904492685958
0.899881466120342
0.963871906469114
0.923035657222737
0.952641113564708
0.873501640301332
0.898798406150528
0.89718796002595
0.947514548830628
0.869834888432591
0.973673197839717
0.875405803971549
0.886899872599917
0.973102352632974
0.786154147130601
0.940697260506212
0.910048486276749
0.723687382137185
0.704257999920321
0.910524630330936
0.835172826813778
0.904199857428388
0.811605125358518
0.915676501594832
0.937021479730658
0.992435201958685
0.909729771186556
0.955114251969543
0.933387825927706
0.812763124894477
1.06686355528325
0.958021708538081
0.938740446917541
1.07057530094896
0.876004279425555
0.886267003216311
0.98387590343615
0.998916851895714
0.994865913803619
0.825620274218783
0.976547009133009
1.02610775153245
1.0703895934305
1.01676976825131
1.16977241096504
1.0641645432457
0.95319683918953
1.05790111729929
0.907121420378631
0.973557044053488
0.975852134885058
1.06795629472704
0.943051609527503
1.18103304723319
0.933843217667201
0.978763707226939
1.02266810895872
1.08764049166651
