-0.962635033306148
-1.00218017032349
-0.970830673167903
-1.00787315741348
-1.07682899658565
-1.10615215551995
-0.919104135857449
-0.893024793384808
-1.10691193461349
-0.822432482549509
-0.990473866647809
-1.01000910450619
-1.05575287676961
-1.01919955426826
-0.919177659184831
-0.950557374181149
-0.929579152787962
-1.03425085651988
-0.987990401034963
-0.948015914290049
-0.79995748779248
-0.953558883761154
-1.07732213146003
-0.907822194022714
-0.875657779291164
-0.890119399494299
-0.978632601099485
-0.986834802737299
-0.868220833803979
-0.886878358195975
-0.968289917175049
-1.05849316680447
-0.976126992068939
-0.983958978875055
-0.866126097228739
-0.843644155707831
-0.958793236986927
-0.777915228672451
-0.945116947421887
-0.876543059514594
-0.757156337217171
-0.852873243703464
-1.0510639396462
-0.984198762262521
-0.897342187339977
-0.869926163892161
-0.950375516082828
-0.865020089463892
-0.95326506400607
-0.801173306056107
-0.937644197033339
-0.975491307806244
-0.929086105461609
-0.878726802318344
-0.927139671728399
-0.875088045291299
-0.833872021099424
-0.834097975031523
-0.954525873102259
-1.05217203180098
-0.863524765767706
-0.996304145248936
-0.777263194118806
-0.761155002337292
-0.800478748851151
-0.830037129660177
-1.01689153078043
-0.854561618644065
-0.830456503334687
-0.764646053429975
-0.852256729851361
-0.91968860629142
-0.978040450059499
-1.18172379269988
-0.864669457535162
-0.837183822771185
-0.906220002954788
-0.97249170724442
-0.766221016043216
-0.834491307023267
-0.766081256554268
-0.859611243263194
-0.935598687335097
-0.889470236778112
-0.650023003754697
-0.770926183875075
-0.92285647879531
-0.83459492681241
-0.882485379963644
-0.942407789180029
-0.91622949607756
-0.761272943249431
-0.873381616257776
-0.738692654805706
-0.805672172952615
-0.787548433878869
-0.854908666207298
-0.71532672286559
-0.784570387856109
-0.771608827865528
-0.658449639507401
-0.750008170278628
-0.920378747843447
-0.853338442047734
-0.904263559515657
-0.623010847301084
-0.731884447819982
-0.727160843173528
-0.852608805298392
-0.654704006059777
-0.605093221399262
-0.696202115874308
-0.751104816716064
-0.976994852488942
-0.894058459381945
-0.897947957553597
-0.774948139844223
-0.736145429283752
-0.84737099213558
-0.753999257032499
-0.66321068598288
-0.907480997069076
-0.692280813582602
-0.816565278766617
-0.807197349783958
-0.686480449824638
-0.829615806286059
-0.615430024606499
-0.777722157160574
-0.769398209808224
-0.765425899136837
-0.770330490993659
-0.86454873657786
-0.669519777357143
-0.672473251455965
-0.751088076854688
-0.724324147790831
-0.727519756143249
-0.744603659108689
-0.743469444031372
-0.790212040649154
-0.650568636229185
-0.733021743950417
-0.672845015188362
-0.647423421392603
-0.586006817131747
-0.734848134839827
-0.672048357182787
-0.780857020346051
-0.575978628488938
-0.707924017672975
-0.789992198190563
-0.579777474307618
-0.757924182921833
-0.589151550346153
-0.654133153574223
-0.857647961180946
-0.593525195246845
-0.687923747878864
-0.600198239024236
-0.666010407236068
-0.681835051263305
-0.572790597635076
-0.691846659151856
-0.599759071495629
-0.682997809110679
-0.690085916428168
-0.625146408291241
-0.699208201530988
-0.584198392639163
-0.733309187605806
-0.657153249363688
-0.608195020664831
-0.688322403296277
-0.564636094129854
-0.544880942565846
-0.641213076793443
-0.734457869618736
-0.749688529863183
-0.694685787744133
-0.64158631839149
-0.548453835920264
-0.547872254900295
-0.555077598750866
-0.609495376090408
-0.6001486320017
-0.669349413532348
-0.530109681697132
-0.576003560307331
-0.770333197636731
-0.563300962784441
-0.598672644051029
-0.631979139165941
-0.617844574856242
-0.446632133802489
-0.751855520975034
-0.588830408532477
-0.573093393605645
-0.749247991651264
-0.580308338078732
-0.501111201286935
-0.678084419910281
-0.455788229078755
-0.693722695597751
-0.558122909464999
-0.626262672777728
-0.431788565372136
-0.598554608838146
-0.61125531921155
-0.62210142762613
-0.584406975462745
-0.70794639325237
-0.551399809363906
-0.54806951586704
-0.612426793607464
-0.518426665293222
-0.595283186840996
-0.530771808621623
-0.571058757708474
-0.594256238269816
-0.741820310762973
-0.651710043689192
-0.580756232863168
-0.479245769014824
-0.577731973566122
-0.602439620801819
-0.510763490636195
-0.567822863662616
-0.617076752635094
-0.621194983257347
-0.507351504187668
-0.539801974498894
-0.592678140570712
-0.62777810396346
-0.572865274311521
-0.548359789718338
-0.480616660206068
-0.626072330842473
-0.408950588111488
-0.484429997413274
-0.520451419338731
-0.536652536299447
-0.565800032396084
-0.53166125240148
-0.560419333139106
-0.583530434175628
-0.526772828087556
-0.589976547930048
-0.546072331474304
-0.46458048922954
-0.445035815325491
-0.516415132709116
-0.427091960039364
-0.435366559772115
-0.417794341890729
-0.436650079881891
-0.516189405051843
-0.435737757578212
-0.501010539041667
-0.580380448180146
-0.468174373212577
-0.544555505414563
-0.529363986769875
-0.534546901015072
-0.370430185095658
-0.247693368453108
-0.407434124133804
-0.43663884801267
-0.565468180071948
-0.467014102780976
-0.615005598963586
-0.464626120722155
-0.461906106055659
-0.420400091836483
-0.408232479275713
-0.4267583176913
-0.585879746533082
-0.44684216903722
-0.416463054597939
-0.372893490137655
-0.495468578760127
-0.349699266059766
-0.497482560504833
-0.641565439930797
-0.351784255223843
-0.495139760021911
-0.440080612301018
-0.439787338437764
-0.375919940786499
-0.463418953993873
-0.44574351629124
-0.280074853842912
-0.446058051576498
-0.354264733451311
-0.421897495759397
-0.28828372334092
-0.282383575369532
-0.438419153752849
-0.311486698264294
-0.277309535983572
-0.416745416393481
-0.341783095633109
-0.348625435180917
-0.248350876007833
-0.324389441339198
-0.333462559255534
-0.445321045500501
-0.421720921195123
-0.277048501017067
-0.499213554146494
-0.335820755026557
-0.402222966851195
-0.408283543078863
-0.37196266309566
-0.342254416975254
-0.373507836157466
-0.39237081546692
-0.410499252294497
-0.331775847915328
-0.424409800860513
-0.268533681619516
-0.441993955733968
-0.389425040667444
-0.438332132224522
-0.266046243231505
-0.441945520806783
-0.4690337590573
-0.260971009182712
-0.382828505607946
-0.245914644763415
-0.385677183867231
-0.456308063975965
-0.259424333757804
-0.528185108560006
-0.330525181451522
-0.186604344486505
-0.278745338506912
-0.389046977058308
-0.255862315977819
-0.323738520945266
-0.11538990773038
-0.382860788224867
-0.217224724450946
-0.333304184034536
-0.412989520065558
-0.242707453559591
-0.306804120304725
-0.283453880423373
-0.324279576630356
-0.351459290078783
-0.0666728444304783
-0.388267623860471
-0.335144038792391
-0.342384027045079
-0.212083989988748
-0.235137615479841
-0.385068209517882
-0.223734420961573
-0.379175801280299
-0.365709651238592
-0.24267799021151
-0.281710639554211
-0.357563264053172
-0.153861180024355
-0.227361826855439
-0.248898295424843
-0.242521992602809
-0.236604848916094
-0.232622587274883
-0.343910763959463
-0.325885127595025
-0.258384382276065
-0.285074531686154
-0.223195429265268
-0.316062486199071
-0.175669142716235
-0.248944659534702
-0.310492218754877
-0.285441615260039
-0.42521114433681
-0.320984002991735
-0.183311442463683
-0.166103656664497
-0.183159281726746
-0.245517491356641
-0.358131016768403
-0.305924477442898
-0.267997605619961
-0.325166621039967
-0.176517183083945
-0.264889923050641
-0.274433450648827
-0.147842685309609
-0.140671940411859
-0.222307126813214
-0.339977325970283
-0.0591876758777873
-0.146300585736688
-0.248944423797256
-0.378646656061633
-0.264996400791727
-0.245035289385778
-0.0967826842880636
-0.236231797113956
-0.327107236160761
-0.21080512936063
-0.194885578663105
-0.230779185887694
-0.0676221852572355
-0.170234942420404
-0.248268917846414
-0.157601575335794
-0.19100600573972
-0.129498934469145
-0.265390917253831
-0.31825008406913
-0.028746557604959
-0.242164518114062
-0.139842948402713
-0.173972247431643
-0.266354555484711
-0.106856556059496
-0.234172170405781
-0.202732640679765
-0.0833543380906003
-0.108391600969408
-0.0779892438909631
-0.0983860948747067
-0.300085061873945
-0.130403921149627
-0.289402103027007
-0.0289416041721666
-0.100089651540072
-0.205829769112214
-0.140121975476641
-0.257175780054065
-0.205861871135648
-0.0663501870426545
-0.171891912189373
-0.142876140406826
-0.192946336632858
-0.186919330203213
-0.0485236348071734
-0.0540858995102934
-0.242359471738955
-0.0623937976571412
-0.11701856989631
-0.147820794118301
-0.171977299107944
-0.26411314465479
-0.161069806001661
-0.170071847596549
0.0074544668711283
-0.094948958400159
-0.109302645741102
-0.0438906168767178
-0.129255270272984
0.00555256262673662
0.087286780097179
-0.0843666094354644
-0.0700606192928154
-0.0644212902119451
-0.234302110386835
-0.0306379575272914
-0.215858416159839
-0.0353830826057247
-0.10188996971921
-0.0696425654240072
-0.0459224374299842
-0.218876325759176
0.000841579649075959
-0.14967920534606
0.0658156342395626
-0.0887232011521709
-0.0462346919832573
0.0474289854371978
-0.0495673885695124
0.0304308529427286
-0.00357056990825934
-0.0457817926150456
0.0815023285882108
0.0937128820617951
-0.0276786814411051
-0.159902030810706
-0.120383053798759
0.0676210015041077
-0.0734497903209944
-0.198748019809173
-0.100835326338045
0.0349675211474242
0.0435057356160866
-0.0870570635295887
-0.0688544807459113
0.0933835774697957
0.0509514148776622
0.0719296522607047
-0.0972349418048632
-0.0389529430882141
0.0591745637779323
-0.0135170040475302
0.0768408810371035
0.0551252992578169
-0.0208588155178441
0.0753651407237273
0.0588667948621027
0.0638782110671011
-0.136144002172656
0.0268029556230042
0.0209740533850741
-0.184319299403048
0.0673072381444838
0.232909283224485
0.0711021148493839
-0.0258270157793315
0.0828936678254651
0.149244343445714
0.0889809538054739
-0.025039551284106
-0.124907329739504
0.138628973302099
-0.00697150757888181
0.137588542498636
-0.0263574925211884
0.0235886861180793
0.0780347699720317
0.000556035031935746
0.0832756939476954
0.0301625958665322
0.0543470145282852
0.10415843242736
-0.0287101862482322
0.0735194451021499
0.184529207569742
-0.102075016447035
0.104507546036166
0.160158181400912
0.0456783473181822
0.0370011492526612
0.0930534722420986
0.136322185859715
0.114211887634242
-0.0579982655946109
0.062131347622508
0.100992693540096
0.181289637947537
-0.0697508214110262
0.200590969747813
0.084242627591349
-0.0693116837336885
0.115174469378253
0.1618486529071
0.19230465263151
0.133464565265468
0.0348979244357246
0.166268008542175
-0.00820734833655689
0.206570074732094
0.124310591193049
0.101596932298117
0.0744609592263455
0.0753968117926658
0.0152567911519079
0.117366990192384
0.106858789095574
0.104102565476231
-0.0707835509840296
-0.0260030503691476
0.10865844452508
0.00366219142433913
0.0532117792952576
0.0568731530655913
0.272331520845433
0.224806142572602
0.244700140385413
0.25084392222094
0.13104448973618
0.0646221064111495
0.214016361728838
0.178975345913945
0.0972141736879442
0.0576928429314218
0.251411715887438
0.0339922345474602
0.314575352726901
0.145787577017751
0.246604986762647
0.280083162720254
0.221945147155776
0.148542268775907
0.269531713331053
0.243515634070564
0.180342025444559
0.323235457295017
0.0835385516391709
0.241163295174915
0.0639080416587122
0.116054804216128
0.0925968027159645
0.31899416841949
0.328155121713273
0.280092523474156
0.190951618457149
0.160432317331246
0.269404687430283
0.0903267822548119
0.294772848062465
0.206636559555763
0.30915406013258
0.1822147028647
0.0602513463384653
0.34169383991585
0.155326901495298
0.275564699425409
0.32561847396544
0.0697093090788795
0.2303681531187
0.213385863828063
0.0127570299327478
0.131177403598614
0.456366575821752
0.354151998798413
0.230391925049072
0.165848694518387
0.236046491462259
0.389424486465165
0.297313603863923
0.127656714163767
0.136349427037778
0.172240353498028
0.391329440497846
0.250484369174406
0.374216243991954
0.160655287174178
0.242484397455617
0.199631262525344
0.257366035500547
0.147828271851649
0.351957974718923
0.39843074904437
0.401689053287571
0.168837537516906
0.289937310891144
0.340460868368487
0.40677989636647
0.258947456767636
0.256972012486333
0.336507604032745
0.256583694824049
0.35406403125551
0.209616852559198
0.194972064998898
0.47119390952749
0.412514538043512
0.261041433038061
0.277822650901004
0.328104660968015
0.290616647869739
0.381472674287413
0.228722803204229
0.372454967505233
0.392623803508898
0.406914814372218
0.318942545784905
0.423603992688711
0.445105368990963
0.185980692870761
0.262932546553787
0.366768313693695
0.284469944687331
0.119284994754454
0.321588914093297
0.295829768838544
0.338152480433797
0.231260462011681
0.406100546231784
0.302698588085442
0.312809105536375
0.424606738861344
0.355600202760939
0.16787229248775
0.336749742983313
0.424201256663039
0.348757897659391
0.40154692419107
0.319035641148598
0.345036256242226
0.300646016263171
0.328972643575147
0.346530716963341
0.516572240986859
0.400311571150426
0.392715892010746
0.359193408153787
0.416562928273054
0.268525920624177
0.317425212422231
0.211527594992795
0.263791261766812
0.364253243536348
0.368125960986808
0.293922241457296
0.253716254283092
0.540084717973172
0.334508644869327
0.297362853906755
0.402251117615654
0.296985632597511
0.247108497266651
0.537229112278148
0.497164729400222
0.468402371744748
0.465846436471393
0.395531318888153
0.29504968099945
0.4330156793271
0.502547096165381
0.419962551486193
0.435799389618604
0.462666140802437
0.328104756288217
0.385396680740938
0.515167362608011
0.421919912014013
0.378366956246147
0.372096149046603
0.411196106262649
0.433351425127229
0.501075384380616
0.331858558940956
0.558413039034413
0.511438088610462
0.487635066548368
0.440004104336775
0.516488832395901
0.472344085485135
0.428863059182911
0.474709987651227
0.341170906075531
0.433960239365994
0.502608154946295
0.465984576149443
0.496698604194108
0.539388572431149
0.492981995591171
0.482338908103933
0.505379001635812
0.467937530955741
0.479754144544144
0.504043571355758
0.502566213351891
0.532114347468843
0.654356249541457
0.595595691359036
0.498337315546833
0.498451058105787
0.528427283927512
0.566561106508241
0.544886360422217
0.540796862354572
0.549951219181401
0.603921293264842
0.559719295909241
0.55778674837488
0.519150900506475
0.502580911870149
0.453964073487134
0.527969284424834
0.668715945852055
0.458653673517715
0.502934092545109
0.502219586329417
0.632934915302402
0.579827962912186
0.618477530351768
0.60731678014552
0.640761927570005
0.510622481612756
0.613005819679022
0.579813551417294
0.660975238982291
0.441573640199759
0.581030166519873
0.816923517920806
0.533598719601229
0.610064140457079
0.621939747653661
0.730577533386843
0.508341986114867
0.563090188975575
0.599272387509337
0.542124180086377
0.621621651668749
0.664272616092319
0.585183091157485
0.687481562402441
0.618157554684796
0.64575949149009
0.670976235118777
0.644165013410716
0.471439699998831
0.505466848540209
0.596352078607422
0.588637969619243
0.688165794044519
0.566861743876815
0.699541373561675
0.591736213959155
0.465863961365126
0.707946038445047
0.648980892720665
0.57653825449866
0.590102289018647
0.62070431854761
0.547681006499467
0.42590075530864
0.587440409736955
0.589942839705282
0.494159109242391
0.598159062347895
0.607177289577614
0.567732384842487
0.541099282741138
0.635401809929271
0.703077707296829
0.678302961920723
0.566707514026488
0.49722113044237
0.724369169034419
0.670855592110808
0.533389414937355
0.480584406239546
0.702983576856181
0.492578710092617
0.818950512790045
0.587865243496191
0.741287120040304
0.78830342165047
0.719325649561727
0.655676151943417
0.730881247991547
0.753781774653654
0.731565664264591
0.731038983508594
0.73489961488153
0.599007013032922
0.650296038162381
0.55437198171912
0.660381825178943
0.498444157369429
0.73121930170451
0.690499989053501
0.706006008803182
0.60164883597067
0.554445492214156
0.729915643753984
0.728232642417553
0.717264060730194
0.688429971956855
0.576370057530506
0.707086571032124
0.714768577063281
0.727526927267715
0.753524485904413
0.699743389298061
0.776639226233838
0.799586784586033
0.770500778448873
0.838986011093667
0.677615946816892
0.757330227810566
0.86605335104422
0.778498680059454
0.7592987584809
0.667662563222597
0.693913113807186
0.707935570692477
0.86860658334719
0.783553460778439
0.845755043439425
0.877606275333799
0.753899132345929
0.754462930171665
0.817555019555257
0.672310554987946
0.800554740293668
0.799257259098678
0.800274473560272
0.812058150031169
0.802953017359651
0.681840803643664
0.773682618614316
0.929152906803391
0.600087232084966
0.642878032182888
0.638553615726336
0.877563872631467
0.863478312000264
0.848442240673916
0.780587341102904
0.857544434162027
0.750909662659823
0.734047072104022
0.883794016707019
0.666241989266337
0.621841109736827
0.834780244811718
0.810550788801408
0.844576312016144
0.744609553512808
0.837419282125599
0.88392425193693
0.84684333464038
0.729540924422901
0.753649048144401
0.842388840823609
0.908762968058185
0.867781137333237
0.791112342150781
0.844031007638692
0.90099711852221
0.734133592262265
0.823514659560203
0.72057319674002
0.8995844823038
0.868103252209044
0.960062762188656
0.697586525817562
0.892511988839735
0.834594486810997
0.906681863463809
0.672461408800713
0.931228760786908
0.884155637851887
0.744845857248767
1.13023618762292
0.799359384536188
0.942115025491026
0.996367948781325
0.931369285457083
0.892357986305924
0.868887494740212
0.889625880966681
0.821219669345961
0.89131017572277
0.916122887813798
0.928044007835272
0.821656558535455
0.727062238203039
0.953753689451914
0.749857747933526
1.11469149361645
0.964818257114048
0.835931723484064
0.811300457296548
0.906339616573528
1.04241553090056
0.854892887760666
0.878931935895722
0.93592023112859
0.785628075132459
0.788013620935546
0.962546732354876
0.763696697603888
0.928756621065511
0.96646112506226
1.0107159800608
0.967902854799268
0.94902537514926
0.986200948241293
0.904115427876161
0.8276727142815
0.967892559128255
0.84542082780085
0.981177135414836
0.812031478495935
1.01334750102566
1.12391548520074
1.02112261500566
0.875192505712846
0.760314968750794
0.9184718701608
0.987043523817557
0.99260714163001
1.06007708075764
1.0356935064076
0.965482351083893
1.00677370189453
0.847352049046717
1.03434066117137
1.10065865338627
1.00826163269932
0.986659208447078
1.02142915998925
1.08778973332209
1.07842757827693
1.02259158807588
0.969585938572785
1.09939726014671
0.925255002918809
1.05662594828677
