-1.07737708121578
-1.03907383289667
-0.823299119530946
-0.942274575264412
-1.23694637828913
-1.00179657331982
-1.03963905589448
-1.13249558721237
-1.19282321119335
-1.0465182642229
-1.13447572605379
-0.886560145796803
-1.00072099617638
-0.900603112522023
-1.00489682539898
-1.01854153915196
-1.05731384202687
-1.06526978144809
-0.908845171228455
-1.02381126432825
-1.10834242251896
-0.921053637919022
-0.820184310929761
-0.947665834194925
-0.91182595308834
-0.972950097749537
-0.926388595030465
-0.96660400998345
-0.954345721045966
-0.831250220719967
-0.837773773894272
-1.10970610826152
-0.838850877308034
-0.805913642512934
-0.870716858897625
-1.02306715518764
-0.782835501353844
-1.07853008976995
-0.931605221427708
-0.772525965583262
-0.831743097758697
-0.818040802968441
-0.928710465722293
-0.808642572825066
-0.825881525240326
-0.9679997993316
-0.778281920366009
-0.892960474441126
-0.857862127612791
-0.856738044769285
-0.89768271636004
-0.927837889277019
-0.93534552661247
-0.924698186258741
-0.881756084654406
-0.938594044063271
-0.929302040858811
-0.874590837777163
-0.938897667064086
-0.991027461130697
-0.993907323946457
-0.822910058331009
-0.841789139070361
-0.893924178984673
-0.855808676568621
-0.787176169064503
-0.82806201219994
-0.829276288121588
-0.824758059294444
-0.86423400696969
-0.885555962840944
-0.945020198966496
-0.704405939263682
-0.775757386712517
-0.844330098809452
-0.873764418184505
-0.746319924432063
-0.962776109286674
-0.829378544522823
-0.801410527582236
-0.849284818883814
-0.917141945012645
-0.8151860433316
-0.86082528805579
-0.792906994823963
-0.775570041152305
-0.797255624369635
-0.972910533949695
-0.954314887399542
-0.894877776178689
-0.791713515053899
-0.884658585944969
-0.895943974963322
-0.778718811734903
-0.896155945418114
-0.898115399421076
-0.796160730357987
-0.957044766818164
-0.756283445156936
-0.753240126395628
-0.675094086993336
-0.967474315062716
-0.558881093667086
-0.82351675710033
-0.823754912582156
-0.766895710504699
-0.631062172128821
-0.746463839420659
-0.683410016128129
-0.597291139209938
-0.808449424450516
-0.699426380577243
-0.736760430681867
-0.732470352602311
-0.846825397403631
-0.687779493958638
-0.788386821851262
-0.733733948270386
-0.816148973656935
-0.684481717192392
-0.694485610159925
-0.724902720608676
-0.754445103853097
-0.825365084704889
-0.589488916180685
-0.873048949966849
-0.812167573703214
-0.7215705963518
-0.735264893929867
-0.90141243507937
-0.77562415523782
-0.712432884395379
-0.756572094080167
-0.610510657959939
-0.635592053160083
-0.618646285037987
-0.77698711496356
-0.697388439279196
-0.613254975868962
-0.64280192726603
-0.66982029600457
-0.606410567326988
-0.803641122630234
-0.738185886220368
-0.81420514064859
-0.647738334702504
-0.536359814893804
-0.656101433488066
-0.692314343242126
-0.627496373437166
-0.616227398444837
-0.706188862041491
-0.692124002345654
-0.67961695900018
-0.629809807440446
-0.726032361592723
-0.761160318316493
-0.707945542892833
-0.683377485841403
-0.738860946160052
-0.693409092573602
-0.835208525948793
-0.733366553592415
-0.649568515940541
-0.619815166827485
-0.607945823327313
-0.552248972944165
-0.66605294409773
-0.622143816879561
-0.700984880440847
-0.754502748207976
-0.768170091088098
-0.65180236382589
-0.794409270051894
-0.744312914449358
-0.491988783353896
-0.651193424149439
-0.666569667547398
-0.69527828328008
-0.677336356799294
-0.63104138538442
-0.744588658232333
-0.669989519671712
-0.636297468321698
-0.538382296086301
-0.593108896158047
-0.705571443336021
-0.70827116190466
-0.581562430198362
-0.721133333158817
-0.758388284265189
-0.63225449814311
-0.580364680827449
-0.587984593732221
-0.661473671227475
-0.627493783079445
-0.674664160891267
-0.299521999453528
-0.656778120305983
-0.657060435781605
-0.51839822325497
-0.562205250730542
-0.646265388760029
-0.518428728325637
-0.674388769530535
-0.61884242706201
-0.758665654646534
-0.665486368485247
-0.597091712563703
-0.541044730156801
-0.607806052875011
-0.517928141841401
-0.414913692541804
-0.515222131639476
-0.506822871913247
-0.536620403846694
-0.691749768661746
-0.627618928801426
-0.482193129338071
-0.595939264433885
-0.517471365559506
-0.520131535303285
-0.594289283625945
-0.511182452121713
-0.609854023425588
-0.63342112426849
-0.585731120288416
-0.49714208152719
-0.500037526204999
-0.605586623661424
-0.503376573096298
-0.516689774353293
-0.532718350016543
-0.569862834864958
-0.571862048233375
-0.423448777206274
-0.459184395359545
-0.555732945724125
-0.553776451300964
-0.615532432960189
-0.478927015794143
-0.401145031383192
-0.552131496031865
-0.301391569482917
-0.560573144611685
-0.572040546024364
-0.539717299846786
-0.577330942363907
-0.328505764149393
-0.546519727696721
-0.466055953942253
-0.485658698924802
-0.533055157138069
-0.492925439485692
-0.356421310544542
-0.453183014740623
-0.482312092061949
-0.376895930742111
-0.572736060498821
-0.43992992415923
-0.441977071693071
-0.440250119491876
-0.547244766387956
-0.429370888661852
-0.529647085714479
-0.553116661123159
-0.527794490740298
-0.488514400627801
-0.482272605673063
-0.602103670383111
-0.512625459150658
-0.47781344389747
-0.462078821806845
-0.430949778875808
-0.484611667182899
-0.672570809376695
-0.574165295853512
-0.227009614623891
-0.522259049224718
-0.344123556240239
-0.432674853431074
-0.516959910508268
-0.455796031413041
-0.376525693566533
-0.364905264163729
-0.421155858580874
-0.517569598417823
-0.471718719701144
-0.37878139536765
-0.344171369710711
-0.448594312678202
-0.305758582323304
-0.400262268716435
-0.512727792121376
-0.465885068889024
-0.466713695113962
-0.495627352106494
-0.249149917124156
-0.399630167961712
-0.389736420577248
-0.424351353716515
-0.410123160976631
-0.430247691184598
-0.38539206389771
-0.493453557479604
-0.530902626155114
-0.502546698929808
-0.335848420843263
-0.38821742667152
-0.369723708290543
-0.411154815000965
-0.304038447556953
-0.454335019730458
-0.308064969536259
-0.267654012357785
-0.539503044693253
-0.28199845044887
-0.396771877790825
-0.325239634517854
-0.279054761924686
-0.383827993376478
-0.483861200161019
-0.312342964435694
-0.343746600153644
-0.218689288206359
-0.273099382625612
-0.348344038770775
-0.36445501405574
-0.390283023872613
-0.580116689094678
-0.204350193966347
-0.254213161816204
-0.178317581501547
-0.266933431876553
-0.397956049512989
-0.400674419299377
-0.191282622303132
-0.450022907236753
-0.299503041486278
-0.289691009648947
-0.370304748822315
-0.395216570517344
-0.33444915141193
-0.381888533838145
-0.243820396468317
-0.285436593326686
-0.20835574461797
-0.323672709543392
-0.331759492143737
-0.218028804604366
-0.268534710773599
-0.313788426675713
-0.327908338485288
-0.425360273299545
-0.254280183559517
-0.105849420002087
-0.111014026286271
-0.124167219501032
-0.198443187881039
-0.491805803189481
-0.222573134637078
-0.447687513815461
-0.320237193175804
-0.311058419590726
-0.249958157390155
-0.292952775611084
-0.294770706534645
-0.408274657054749
-0.233606253536446
-0.327364027109252
-0.229135906220125
-0.399985467843073
-0.275102341262483
-0.202017605522152
-0.292589272562375
-0.283777179736971
-0.415813756593313
-0.134776238322744
-0.112450623261368
-0.228867271227912
-0.180497609122748
-0.139147397127418
-0.381007919512703
-0.301106270248789
-0.277736852419108
-0.225791280467503
-0.190159603438158
-0.275718827853595
-0.228684424566614
-0.190302468631092
-0.314618846302025
-0.0432057080764953
-0.260244210589091
-0.179308033460413
-0.221538537474037
-0.0969305632117136
0.0279215951897295
-0.322153311983432
-0.216488651415294
-0.168233799153204
-0.224642683586492
-0.22265409263957
-0.0836178436787025
-0.161618039059219
-0.318256129449068
-0.207520311163265
-0.219788255787091
-0.131338709525338
-0.249380845482499
-0.215010560750421
-0.250033255686285
-0.098184366720472
-0.115744247080172
-0.174084109024668
-0.178402824330698
-0.136326012177776
-0.0857397403636691
-0.140657303909309
-0.226479701099014
-0.0977795171263553
-0.282216462394377
-0.177678512791934
-0.144825013762899
-0.0704599466727227
-0.157047306509842
-0.309595468929263
-0.0969013798911122
-0.149844902391783
-0.160292414876588
0.00168956960675943
-0.048232312615118
-0.187737522030633
-0.154828121582455
-0.197389419199909
-0.132415759467875
-0.268679220981337
-0.205612586192636
-0.153382562527672
-0.114507960210327
-0.168519695597217
0.00131353309675297
-0.166773318289863
-0.0585264598107137
-0.134390913101819
-0.154592360108227
-0.0443049915597664
-0.137083039605601
0.0381656326051722
-0.0365499477475633
-0.166374048383853
-0.241418619543829
-0.0791167719747642
0.0315897154609549
-0.0564605928386996
-0.000940273137609573
-0.109006005664635
-0.0435214950702476
-0.0442445597990905
-0.0228198856913124
-0.143136482678903
-0.0229195763981928
-0.175760389387457
-0.00827032664758451
-0.104914159483482
-0.0765067403185321
-0.0484255299052567
-0.0997004111845655
-0.120033147721812
-0.134190638617519
-0.0466899477555
0.0128251029346111
0.03693681901955
-0.0301819292613049
-0.0576989983863497
0.0416057892870276
-0.0456032733664877
-0.144048432080327
-0.0185059783963727
-0.0599494118199555
-0.0410276976796204
-0.0959815949525439
-0.0295977467307882
0.041830655090935
-0.0623883498995295
-0.0529518436057566
0.0649830794606394
-0.0658390747493379
0.0760990122280192
-0.0139270318396974
-0.00486600801901843
-0.141706813661981
-0.100764384088408
0.0455148125925036
-0.0725282989598441
0.0477225938379613
0.108521083467016
-0.0856882853137261
-0.199768168958963
-0.107246489693668
0.0175907843207109
0.0283152812504679
0.0487914340954473
0.0933963137578847
0.107478355712011
-0.0205337219201969
0.0305661810937756
-0.0565844923141399
-0.00899141915309915
0.111998172635684
-0.0395820708219567
-0.0426524956318461
0.0507846798743201
0.0490264435565695
0.0412455008720979
0.103262168550984
0.0353724389582116
-0.146925990031616
-0.0117235126698572
-0.0515330863115078
0.0570490400022334
0.0367147094796337
0.10356289068347
0.0198902694631446
-0.0754839743717546
-0.00899447913901647
0.0253122210425549
0.00614315828838534
0.0459929802802662
0.0940147931071814
-0.0101551452141099
0.132896831305433
-0.0638977727609056
0.00651182611558402
0.137311100583794
0.160955685136633
0.0725555539269875
0.142253728079818
-0.0494426846401488
0.114656397733579
0.00785773522235583
0.120686629185292
0.0688587884491543
0.0434971724287364
0.0731130465658372
-0.0530131066198441
0.0375729134950658
0.0106123531061035
0.189318820696148
0.00161342288532496
-0.0421293570936555
0.0085549664157323
0.0276313062412067
0.174736475426433
0.147763960943525
0.118749578034122
0.0718803473370245
0.193615856669062
0.114464128405573
0.156456401025137
0.140055821120022
0.123493729782912
0.130375766006098
0.157672656973047
0.184189061579395
0.151678100174648
0.304285218041084
0.106784203070626
0.126191633883893
-0.0714458846705582
0.020309961242822
0.240222397760273
0.127457069854858
0.285084192195104
0.158770824419546
0.0495767291169622
0.181046401793206
0.126749978672912
0.146722383009554
0.249792081003557
0.224499265514516
0.0747017579422959
0.0597153002596957
0.143983733680196
0.284340995693515
0.0743639823860102
0.114611462765383
0.10375416915648
0.245717037400142
0.219604546212359
0.28795557784099
0.0512206383613229
0.342990949482074
0.279102221705296
0.126318156440607
0.178512005596123
0.244162230899702
0.192818603589801
0.102327241843742
0.217947179248373
0.12920304884126
0.224429693898121
0.123379772554861
0.206475516153357
0.0820913709186146
0.304792924421597
0.333522313995081
0.22017737111262
0.271834423008129
0.341384125543837
0.149610825963369
0.294038857680534
0.175341386523976
0.292465678690975
0.326979108722003
0.224738767484622
0.174329373047003
0.108359160719554
0.292788128926278
0.211061322176899
0.26557673517605
0.213681002492139
0.198496716510616
0.233185353268158
0.118332535160025
0.125221846507471
0.288858298413988
0.267323028880992
0.31035123726111
0.398384600207704
0.297341124870387
0.298530832970024
0.239547363572463
0.265721456887008
0.248600755969594
0.309487095930156
0.291979752561757
0.35095178992481
0.330423011952747
0.397759361177969
0.140890944978647
0.347921367857332
0.346030042790921
0.253455353230493
0.335313185873469
0.228774649331232
0.289434163163848
0.341486479313825
0.282304578626316
0.36550619493491
0.24695517828502
0.26817145807013
0.307655767648238
0.342621657294257
0.362323183505681
0.258271261937215
0.271678375174547
0.3435591655898
0.335080645858876
0.24623477581748
0.302389594736449
0.345662280320585
0.22258639020728
0.315995947887578
0.335441069587172
0.362457266815225
0.457026523020334
0.370785579467929
0.369053684400751
0.298667332432481
0.279586392347707
0.238541724442341
0.409183973751034
0.335914203713513
0.228642462268745
0.375565468182593
0.369882251472778
0.265699569043115
0.397044868955419
0.406689940322512
0.322609202756742
0.257971097855673
0.389109951764335
0.457369559002752
0.324699298158356
0.213134579779641
0.325985290650173
0.344505078504171
0.353430218282371
0.46354338938106
0.526278622470566
0.278906000847602
0.357318648531182
0.194478297088925
0.497882410815082
0.35815477923812
0.302820675252034
0.401713068429377
0.424618143254867
0.3706686672825
0.556250192897064
0.296996656412806
0.53970839353225
0.421065902101926
0.363468589177682
0.48488220965782
0.491729119368425
0.207271266806261
0.396617456036725
0.450013274788442
0.443999443491807
0.454766863447402
0.598449848897037
0.352140247665426
0.443575570811198
0.40552170902441
0.367980726794413
0.487759141645209
0.446646733600393
0.374016156929878
0.372604159533038
0.247881260348123
0.465079613712956
0.424587827608929
0.41936644092749
0.395935214651661
0.409832311336779
0.557056141975402
0.334543560051565
0.313938735038811
0.362837658437262
0.32702083261977
0.450307235478188
0.381148873115614
0.276919200448283
0.457181599552803
0.501730507844817
0.405824193296552
0.526236454399136
0.514465239496589
0.539617465587968
0.499182662857626
0.45713147268818
0.624431873560045
0.368178443303935
0.568554367367861
0.552376459110615
0.462065804457822
0.459489069045603
0.464430375777363
0.55307405658033
0.516522127114701
0.579505650911684
0.451652164991538
0.605105970017469
0.554155680693704
0.536988663540431
0.529275397976382
0.610043127901025
0.641189878971306
0.598214303231062
0.453777363278278
0.502885937744726
0.517528952989212
0.416557774051941
0.616608932212422
0.580615194724469
0.706137725519575
0.604780665862609
0.446189324733385
0.494313152915966
0.62926954784073
0.512698194174121
0.404926033508924
0.586184650195921
0.577005882307449
0.608886631567136
0.501645704058492
0.635487243186767
0.712666449704652
0.511383156815255
0.588176854988523
0.419795673606683
0.488878709653194
0.682985974452052
0.654361358640952
0.661769819177924
0.573421461180743
0.661561699101563
0.602977376130135
0.751776388732979
0.570224916573573
0.445008457325415
0.468617162489721
0.566335088608054
0.455848665505221
0.669116618046473
0.539230373684497
0.422854113093153
0.657454911676084
0.431750032356884
0.602659897008978
0.518340752090042
0.585566955707501
0.623759273793217
0.500019247948799
0.745151019242979
0.578403819637736
0.603019966572118
0.702600776863315
0.620262808079213
0.566401289400367
0.597455873288492
0.575775161487045
0.636204151300606
0.525700581241657
0.615099083886712
0.697209284733094
0.548783161252631
0.686600633458496
0.53920018278698
0.696495055943173
0.662772197936928
0.743042089327161
0.688990585189251
0.782485069061684
0.698135352306756
0.658692137482368
0.723052118389982
0.674804361976148
0.726487337964877
0.640333954630634
0.778336123881788
0.648386047643647
0.689194825577774
0.700281766200463
0.717885998252195
0.850020305885865
0.750860507931098
0.686581703717591
0.62464044578205
0.698774691352755
0.588587081999938
0.653883032551854
0.668036252672815
0.671909503983277
0.740194238550928
0.738848213301474
0.551943902174592
0.717224813702339
0.637546098627676
0.734204738706656
0.815510235860297
0.612614448745883
0.795194751424615
0.762653946894152
0.886929835528026
0.688960670296309
0.719136297661668
0.603201445867106
0.750596788152921
0.683839967775133
0.8133622698019
0.636899828958221
0.728857530878929
0.791460245662996
0.801330938139109
0.683850397116237
0.742555612854526
0.812994816779072
0.697199907970727
0.746014857724754
0.741197766468609
0.728940178616794
0.795288522891984
0.708982932880756
0.82853168987838
0.715578231555394
0.780865666773381
0.637934218271363
0.66276597620703
0.685297878760853
0.793714629052391
0.857479536662972
0.849831039290497
0.677469331637422
0.746575387431636
0.71092831868295
0.853714659733011
0.689716456648602
0.787992324799172
0.765375233747689
0.690164091506074
0.744597741322449
0.701971517773864
0.63495387438442
0.905382610428396
0.663907630275339
0.768151562897364
0.833878078608809
0.749921531727336
0.738915546359378
0.714703895277215
0.810422557694947
0.7222544289476
0.918008097831903
0.93042147991616
0.728420687083889
0.914330988174087
0.850560440483428
0.981919664753405
0.995559636659064
0.820702265254102
0.798610537327027
0.757596180526894
0.834524842287607
0.799078903920591
0.844736983376428
0.816929646582919
0.996033771022522
0.787477685195331
0.780278052979038
0.804884312260338
0.902961483768861
0.836870055567746
0.86799164840063
0.831294095608346
0.898232327712233
0.895972547016264
0.834318524656154
0.79926801265034
0.791652814475162
0.825313081813153
0.83097438949368
0.81123209797441
0.83494955338865
0.914582707437874
0.922558162150529
1.02024133927533
0.777513932618102
1.02227543758856
0.723387704031853
0.955021843518222
0.985099238279865
0.934989152791248
0.958924507514483
1.02199601004979
0.873063607126678
0.848093469198582
0.989276199569705
0.894424087579274
0.912134398521261
1.03854527121353
0.984327915537624
0.922425495525465
0.880662008785061
1.0885599726943
0.960860887682813
0.973514432533626
0.951432896068486
0.934789814639094
0.929220135913235
0.951388252316526
0.868833895828704
0.993828478484858
0.86196298438449
0.909021307056344
0.905914737967396
0.889975422874931
0.891739212489147
0.87164417750204
0.766725488726589
0.814007009707521
0.932146080313845
0.964449361792821
0.942981981184005
1.05267781579513
0.960921157234653
1.05409764211701
0.947832830162166
0.979611419519977
0.998041054805013
0.995563588244562
0.99381039379487
0.904755245648184
0.946165632884945
0.936266946095712
0.967870264410942
0.917645054504203
1.04634981187104
1.08662504761874
0.858326674204457
0.944341137498259
0.993171440120658
0.935209683036946
1.05511576246086
0.923624204004869
0.979379931321695
1.12475008290998
0.953670304875061
1.14367277700361
