-0.952649948862977
-1.01491619457504
-0.978135485132172
-1.01709702029826
-1.06065647186547
-1.11243194426274
-0.925621167235917
-0.900242536165632
-1.12577463131988
-0.801499567871238
-1.00099202704853
-1.00436917085825
-1.04896168685777
-1.00388850895148
-0.900867372502562
-0.928577963694065
-0.908630553056986
-1.02927162100709
-1.00060230960523
-0.949572003684625
-0.798941638224134
-0.945400475506438
-1.06665471552379
-0.916018932980694
-0.861898264912219
-0.903458010531623
-0.987047258953431
-0.983858620366618
-0.830207994610759
-0.892144179089427
-0.953425107751013
-1.07031854277589
-0.985906775685303
-0.973227909056091
-0.851326546520889
-0.832983379527766
-0.937046963285663
-0.784692975832287
-0.944536108426034
-0.876080541654085
-0.764425626841947
-0.849784388604783
-1.04477997475993
-0.968626056563814
-0.920620366241004
-0.877500862179868
-0.95626834582835
-0.881913232777448
-0.944160371032839
-0.809806962750487
-0.941079644349672
-0.989892430074009
-0.937724146654843
-0.881925824590991
-0.933583461343467
-0.883752566529525
-0.8280495622654
-0.839518214465512
-0.951685073326934
-1.02792061445656
-0.838556063270941
-0.980120213749918
-0.78991479951195
-0.767185196477632
-0.782899138278986
-0.807068182397482
-1.00935787807697
-0.829376749463884
-0.827300437162549
-0.768867226222008
-0.859048785852959
-0.917252326508897
-0.985326471806451
-1.15798221890777
-0.834273081091758
-0.846262704808203
-0.922415718966075
-0.980005746565969
-0.750784184160812
-0.818125042655718
-0.772653102110219
-0.868971023018674
-0.927802936760828
-0.893626535927327
-0.644943552668051
-0.788052206458654
-0.903639102853481
-0.84310103651889
-0.876672081074521
-0.933420948272419
-0.903057101003473
-0.765040251334453
-0.873722974093663
-0.718972201902
-0.810051280731464
-0.771344519221262
-0.848125275417951
-0.72918269817388
-0.782395676340577
-0.747528299162349
-0.677061045051221
-0.72446216252458
-0.919642567282451
-0.833309517814902
-0.893555088972573
-0.621772284191133
-0.757726527678934
-0.732134522702939
-0.861928141875157
-0.643723464392278
-0.593346277312412
-0.704015683082496
-0.771733764940595
-0.959234001902576
-0.892421310452611
-0.897808606329987
-0.749494930421542
-0.753045951023404
-0.849833126004161
-0.746426470531685
-0.655390178505526
-0.896016309564235
-0.680091810485119
-0.836950309646356
-0.778211610276525
-0.719696917672004
-0.81529460577242
-0.628880415169052
-0.777004819005372
-0.771802642213538
-0.755483030658506
-0.761984409396158
-0.868055938409971
-0.699329057901177
-0.665911794297577
-0.743962327147303
-0.717582173891571
-0.721406510432845
-0.745892040942727
-0.76442332105913
-0.786563960241488
-0.652946958099392
-0.711257986633873
-0.672062910120564
-0.665376717938494
-0.590309776655874
-0.74639558708185
-0.671834637334173
-0.790414724674817
-0.58946062723337
-0.705458008892627
-0.79097023795285
-0.566577786835884
-0.775264072259255
-0.628529336019939
-0.658026709598598
-0.859272269287637
-0.614979877351554
-0.693493360162068
-0.592632952541105
-0.649930512332588
-0.685268614408661
-0.560625287679404
-0.699176970978569
-0.600616119717419
-0.678242776894678
-0.70813174115032
-0.635667740724192
-0.724228351896744
-0.600192625480586
-0.725899006679051
-0.637155951816372
-0.594127779899912
-0.67533281562335
-0.565220684601315
-0.51607933960592
-0.635195121547413
-0.738607242717961
-0.764083220527909
-0.728599385244584
-0.62867406455349
-0.529950727749267
-0.536488794060923
-0.515680185362592
-0.644334477972166
-0.6096906934149
-0.678193688132629
-0.532575115209554
-0.581443405370124
-0.767388687257481
-0.561772323359957
-0.601000999928204
-0.63952872556321
-0.632014248906624
-0.459499516261194
-0.766489054862929
-0.595651250332594
-0.588383430108905
-0.750987400967997
-0.562426686068975
-0.490915369396752
-0.681731063648656
-0.44441573918112
-0.679021600008462
-0.564026654616816
-0.642563063014547
-0.428551980748156
-0.608395420575818
-0.621357561394577
-0.615813348841061
-0.579787669897305
-0.723495076236351
-0.522763127565066
-0.535328360561054
-0.595945093141029
-0.525825085333104
-0.59124155481015
-0.518835811811743
-0.576242668651185
-0.6040163888307
-0.7351615270503
-0.657848836003351
-0.575634603561038
-0.485663254074254
-0.597371475216189
-0.612485775432511
-0.487118552467207
-0.54611164078887
-0.634186339039383
-0.596003261807813
-0.51529852263949
-0.537967894048256
-0.606920561863352
-0.616901978888362
-0.557833703486967
-0.552916388403683
-0.448684253952567
-0.621032715362987
-0.395999710572876
-0.507549212758499
-0.529760108410929
-0.521600208839889
-0.557751219362188
-0.531929847148342
-0.572103876409821
-0.575979798222739
-0.515909146008282
-0.594775150185969
-0.549479450655275
-0.483576343966991
-0.450886808592465
-0.521528099220451
-0.427480672707302
-0.416445172302013
-0.424870995118402
-0.440552539895605
-0.492679400470759
-0.424571716942754
-0.496272277492701
-0.587175084333505
-0.466226536333814
-0.540385315036983
-0.516241748276864
-0.542463960257346
-0.398409087269596
-0.253524093567624
-0.387551083787504
-0.449411779410522
-0.563480301303053
-0.47321018713219
-0.62847435210642
-0.501189984274276
-0.445245283164627
-0.405226894359614
-0.40446486766101
-0.409492327728642
-0.611563041585606
-0.453082369092218
-0.402147575589856
-0.357381137064068
-0.474134294121549
-0.348042241238847
-0.478839968981294
-0.651813042412512
-0.33146104693768
-0.511412255376527
-0.447260017141116
-0.435486395769977
-0.386842148768206
-0.448901268267558
-0.461230555800682
-0.260312591223584
-0.457121794466262
-0.355474061332023
-0.448808061091272
-0.308894811586423
-0.286774743920408
-0.424747437188865
-0.337302180066012
-0.280157316567947
-0.41776362516928
-0.338601243125987
-0.346663421895906
-0.259948351320569
-0.331931367231563
-0.327814986405328
-0.461887712320042
-0.435720522567953
-0.289470202186207
-0.468543290971034
-0.319445202412392
-0.415518242698914
-0.410117098483726
-0.385697567642239
-0.346079833590175
-0.377942091618227
-0.386453093417945
-0.392261788852057
-0.320093618377419
-0.446206931490402
-0.266287775978821
-0.444122239312795
-0.375350061465757
-0.434389658365987
-0.26222247597576
-0.452565317615289
-0.459157218362331
-0.271182275924694
-0.383651150432753
-0.24925133080957
-0.391928875063328
-0.452539738623629
-0.267646801381837
-0.515301850979338
-0.332216710651981
-0.167838755167405
-0.306471421038544
-0.385366468201547
-0.247057923747234
-0.33795380105759
-0.123209578777888
-0.395453745707657
-0.233716531385021
-0.326091213559303
-0.393396113368423
-0.218848897490046
-0.289414956631219
-0.27326290432164
-0.325127914999852
-0.340806444214187
-0.0501889520062642
-0.378922863827499
-0.358419848373425
-0.35888201134932
-0.23522708629139
-0.253602116547226
-0.384296308868007
-0.202818247834455
-0.371861843379889
-0.377881469364244
-0.253502372694808
-0.298676443095291
-0.368967591825191
-0.160350175863746
-0.197954220036911
-0.239415150224573
-0.239018054635758
-0.233750086730254
-0.231745818321263
-0.311383418696648
-0.329699916624906
-0.262368016776198
-0.284533628832227
-0.203819206065618
-0.347258648188272
-0.154848619458805
-0.27568068423859
-0.308376724988396
-0.2680270832351
-0.419682334794653
-0.331069094693731
-0.150862073776667
-0.151454242037664
-0.172958406222898
-0.225477812527863
-0.373560271628604
-0.291955396319464
-0.278196037542961
-0.316567946294607
-0.17252429616289
-0.273191129942724
-0.266717343615648
-0.151725219496103
-0.114059891624259
-0.198599433384407
-0.338278284755055
-0.0351597709178358
-0.163339585543845
-0.266964372756905
-0.372987113533931
-0.250275959157945
-0.280622227671136
-0.119979929839277
-0.241760042407273
-0.32277591162428
-0.176909239733183
-0.206822970963153
-0.223803632665034
-0.0677036923513324
-0.152186333463688
-0.24429103107022
-0.165695788853989
-0.206697391013513
-0.147692983837297
-0.261921225205999
-0.311214042238303
-0.0228593567158545
-0.250393608523634
-0.152749715542506
-0.181900640365145
-0.260364275367531
-0.101650149714414
-0.22632132314561
-0.224675400288357
-0.0825379199047493
-0.113013815287815
-0.059585178286887
-0.0936402673049826
-0.30123911881113
-0.110915038356387
-0.29509212898396
-0.0269344744843305
-0.108123628183876
-0.210917985579459
-0.138644935033408
-0.245426476617035
-0.193178403854306
-0.0733699133898433
-0.165807626134862
-0.162948345786514
-0.170668301254793
-0.18885832045619
-0.0405001882705217
-0.0544754681559606
-0.229970454057033
-0.0936551306205172
-0.130260863770786
-0.139729637118177
-0.191805987969303
-0.267844744841173
-0.16674414419814
-0.151964650459238
0.0245015442431107
-0.0901066085465204
-0.107863602865413
-0.0427636464110379
-0.148001616598295
0.00746967507574439
0.0929436249794126
-0.0750947124942694
-0.0863665935092818
-0.0503832075418264
-0.211129015676765
-0.0262145375433866
-0.243694989969473
-0.0472028668383085
-0.11525529882942
-0.0927562176574755
-0.0371816139379764
-0.209031861492767
-0.017711187518263
-0.136421912182929
0.065035599841481
-0.0739300239498148
-0.042959044810628
0.0502896175650463
-0.0678385002489219
0.0046292693003544
0.00960333488297527
-0.0529124951194696
0.0924021444918353
0.0765526904757488
-0.0323193839220152
-0.166490455787979
-0.129940766272442
0.0594363856061111
-0.0905700044574594
-0.199652704137754
-0.0941836754883178
0.0425079027600844
0.0342749350214187
-0.101556323049838
-0.058436713115783
0.0832594736645765
0.0523869371488347
0.0732968980389489
-0.0979067214080655
0.00123329598908006
0.0524898623426648
-0.019316134471088
0.0579863846472509
0.0485024327084419
-0.0219070957389042
0.0697077623268505
0.0798089359417202
0.0477905717576051
-0.143885628622623
0.0305569006994794
0.0091431410697701
-0.166201035327801
0.0688718176713321
0.22587642330522
0.0598629317518406
-0.032654261275223
0.102862844936944
0.139437220467189
0.0900278951459431
-0.0135525798226805
-0.116624539394011
0.122619072506511
-0.00295975836403302
0.125086673843932
-0.0428554180231252
0.0150335924728431
0.0395121752122979
0.0107970824087597
0.0982688261648529
0.0471953554853383
0.0666875354556858
0.104697726184542
-0.0281518964990501
0.0727940535765575
0.188339597493034
-0.0959134914114615
0.105736505279364
0.155342553364925
0.0518221144969752
0.0418866514567471
0.0901558822573697
0.138904608418703
0.0988767616596957
-0.0534196699590661
0.0506400593988202
0.119908388885071
0.174757214419845
-0.0777100160313402
0.189929149286164
0.0984058453699219
-0.0612467401004224
0.111343990951119
0.153023488065603
0.198411829716418
0.13073450562312
0.0323461833051929
0.150382460871644
-0.0221827567578068
0.222090954259586
0.132927448732341
0.122310667619431
0.0578144847608794
0.0867448989411289
0.022660977050413
0.105117903171981
0.0923525267893435
0.12947304395501
-0.0864512767724109
-0.0177941336414929
0.102024435316501
-0.000739168474703257
0.0491227045080449
0.0517256965292816
0.286757479265083
0.231359212549986
0.218503874284939
0.30137669291019
0.132083180121137
0.062298012538884
0.195902162408451
0.183140762035846
0.100448058122794
0.0708503876930232
0.26803262293479
0.0326129289259718
0.289116847935521
0.166772810481258
0.223137555222363
0.287460033127421
0.233004384356527
0.139475139181317
0.293260335844595
0.247215017718706
0.183530127232059
0.31949813338376
0.0684166764150631
0.2482907201682
0.0614752184804145
0.116921966097736
0.0696256197389619
0.321474289920297
0.310400529093232
0.276339337573763
0.161431188666268
0.166853611714275
0.273305101031186
0.0738118365838728
0.286504953219934
0.220404950807384
0.297686926661979
0.164769395165085
0.0711377162645253
0.336745299090401
0.142287335051599
0.285911842448178
0.328404479371246
0.0853248274623977
0.254663234967435
0.185741911618533
0.0101778897102682
0.128196385462465
0.457152052335356
0.340442135630919
0.220753386946978
0.153485490797085
0.243959489622987
0.412457242489748
0.29263211460543
0.106242987456975
0.128104819758993
0.185494897660652
0.38391623855623
0.252022995825166
0.355635881310295
0.172245655172644
0.23278424467383
0.211384924378287
0.248559299970972
0.150755464221182
0.353408017790902
0.39128247414627
0.389275848642185
0.185559029323014
0.315868442877302
0.344413661723391
0.393563002690675
0.244386731056605
0.24525038588518
0.337214574464177
0.266705029454465
0.329562842047006
0.238771684811779
0.213587402666594
0.482597116602514
0.376612856545781
0.243620205060973
0.268126325942712
0.327655846199232
0.283516308904529
0.368227493215051
0.240589576282811
0.386794335489113
0.415443516788713
0.407670054499769
0.307952885419281
0.414016249624621
0.424511700368497
0.209957596769294
0.276567487994805
0.375180678699417
0.293572210688016
0.0943928041032413
0.332743479995084
0.317070131652796
0.330248281097575
0.22333126717647
0.407090440769154
0.293988886472929
0.303346391747006
0.418535431067299
0.35512915138382
0.177617013368574
0.338875567106641
0.410799968727878
0.346875669955345
0.409592194475493
0.302149668136133
0.350719225520097
0.280479142193884
0.333316722011563
0.33745197146737
0.515277697420215
0.386479307062478
0.416154725912008
0.342617407748539
0.403061636320429
0.281067011572452
0.330926969448753
0.251053435214105
0.278798536255936
0.352738696265791
0.356266100797169
0.30134576738332
0.258004863962549
0.532018083988636
0.327842981762057
0.279870152792846
0.392886552843591
0.297848201603897
0.263850139903637
0.537271593124272
0.515356145021765
0.464621935997966
0.45816831300702
0.415367796176327
0.284789956253893
0.418852910655275
0.517650138875456
0.419175902421764
0.406734996233684
0.454422050938736
0.302189728288853
0.391998941648368
0.52602342977277
0.409385891108958
0.370220728952195
0.375950444207448
0.399394742348619
0.429908887951674
0.511725181183932
0.352081353916866
0.571028597627962
0.490002173427928
0.510698488963257
0.440112186743029
0.51564009575329
0.466594264926216
0.440285850243881
0.473276080032114
0.357971023046569
0.436458034775835
0.524556695741782
0.448183171280728
0.501000608631024
0.541332305560313
0.495649155252472
0.480159627112473
0.497750346649108
0.465149436792672
0.450854177941256
0.489441319140158
0.500036740273216
0.53028212837702
0.64948397899658
0.604414827924942
0.494841573797749
0.493018924999795
0.527606660992328
0.570781334880588
0.543260904840818
0.540089866603732
0.536427009911254
0.618745531252342
0.52281324435436
0.553164162278235
0.512143105577748
0.525330565855759
0.458454476994892
0.546920445604498
0.661762920669565
0.467026207789591
0.516189733847077
0.514774134731487
0.61571488945033
0.583026857085103
0.58982616314894
0.597598399031233
0.624424332229662
0.493705975604207
0.639975680176107
0.578815669190568
0.649677523766269
0.423476995078402
0.56752555567968
0.821073260402313
0.520789874339054
0.617174263248069
0.604101010322587
0.733953889249331
0.517402682574859
0.568281296243436
0.610798694699357
0.519987077864518
0.609749840700844
0.695333441352607
0.583490921891817
0.702618435758865
0.632572223234631
0.648155158713651
0.69625681169897
0.64574100973718
0.455139960847987
0.510276512070482
0.565096419480052
0.592667366580216
0.691328544828054
0.578405830194109
0.67486549334696
0.590780863857332
0.471664372234345
0.690638743989977
0.641170911206315
0.593715515111715
0.584424733501195
0.608639870907286
0.533884339612995
0.438587579104556
0.595847066906786
0.600817913024863
0.49932004137551
0.592471126420335
0.598566968031294
0.558360940735567
0.570360311626509
0.631126945021981
0.716590292688009
0.684202500565286
0.598113152384065
0.501091635856176
0.730216428822333
0.663424645166639
0.546402556192097
0.499774756815218
0.717330272039912
0.509496264417688
0.809859497344314
0.613897823261095
0.702078444622619
0.805274726595147
0.741983922940974
0.631083327823439
0.725488175151488
0.728277115214872
0.733165072402571
0.737534655757278
0.736207195794526
0.60534926748794
0.622997530769125
0.552780322691142
0.668991389750948
0.519386839383299
0.723678799269393
0.680208291816912
0.69745305360433
0.597578390729304
0.563436757168879
0.727729374741643
0.736936458801857
0.717816754928526
0.682988962300696
0.564178944473012
0.698047325117861
0.690662101430479
0.725769996935263
0.755014052701203
0.710496541850469
0.797466191797085
0.779185188118799
0.779578206547212
0.839724550756461
0.687829339471875
0.730850784669044
0.867316044379714
0.78794442986205
0.754893535635462
0.683402195162675
0.699271112411952
0.709482679631705
0.861953590330369
0.812065729560746
0.819662009895562
0.848662409760175
0.748016655679799
0.73110541905818
0.817078774535938
0.64084607270409
0.787857485414193
0.821539732427518
0.792128718030739
0.800343735325186
0.794757795786258
0.694856809636943
0.767997748617756
0.94619482082104
0.601757214275596
0.636579107663068
0.636095353729647
0.903004633564551
0.884093610944289
0.868870498775392
0.767094191392728
0.863571714065164
0.751431614050445
0.749172037246318
0.860181543544561
0.643305726594278
0.639483040283122
0.828884132059636
0.831986916136591
0.814703578997287
0.749178568083436
0.858825467797014
0.882861408449088
0.852527678823966
0.739321445052266
0.727419059169924
0.846741030566432
0.889149181981141
0.852611803400849
0.75415411806923
0.861507174857178
0.9133825605517
0.74687011290974
0.826573796917609
0.700189652250102
0.904756992040887
0.860474980090185
0.959213098472019
0.700081403024139
0.87126038978836
0.831988384931658
0.918464636185932
0.676273147831135
0.944684372908292
0.879488912686978
0.7433834620495
1.12626026778242
0.793448841553511
0.931152485429246
0.994688995347009
0.923380550609606
0.901683194624733
0.870134165051794
0.888136763406768
0.83405787322467
0.890024711750728
0.908534928443617
0.938823159468941
0.779591996715768
0.717349278510808
0.954224218533523
0.772677944949557
1.1257802436059
0.97047398695705
0.856151428472819
0.799935359336334
0.887281476078756
1.01888993217857
0.873189140954988
0.8701045338977
0.954102756834566
0.797534551463962
0.773205769836341
0.950799223695439
0.750456911373797
0.950892201355892
0.958874265739082
1.01974386948869
0.971102003503043
0.936451902664294
0.971202285482885
0.93856150837506
0.842946951321328
0.962296374069887
0.801280305189519
0.979185329685644
0.829539899734652
1.00021185124281
1.12776059300424
1.0034799368535
0.858982750371547
0.763780376381808
0.930878056459975
1.00840864222269
1.00836342095131
1.04314908694745
1.01896736003598
0.958727902956724
0.990142448968033
0.876712024534804
1.03108817553463
1.13483666611712
0.98604142180433
0.977722883292948
1.03056657102741
1.08581312329375
1.09915303783496
1.04722531959476
0.991528828088557
1.09247937631682
0.932759879548786
1.05579445579713
