-0.966195795890915
-1.01276629274802
-0.974954953929479
-1.02507787222259
-1.06576750554306
-1.10606767190506
-0.933224267994845
-0.887929905436458
-1.12731535343298
-0.799426386130389
-0.96520862039574
-1.03088056037254
-1.05190233180911
-1.02392488951937
-0.908726922888689
-0.916236339468608
-0.93380240295114
-1.02221046730654
-1.01252993324496
-0.950799514688187
-0.795415110363499
-0.962133375043677
-1.07275143734167
-0.924714715640201
-0.864105474434225
-0.894353719081305
-0.979023414074498
-0.968403050884052
-0.838647155695121
-0.88560310368458
-0.9700130770633
-1.0620079562351
-0.983314912663331
-0.994571438485586
-0.845580913214522
-0.852154328195246
-0.930626355852974
-0.760629228903061
-0.944438427431333
-0.909426802917267
-0.784558057427553
-0.838871740937994
-1.05965829937152
-0.972032256015547
-0.87820508665695
-0.879673264841644
-0.979263107828518
-0.897577761217587
-0.970048871937022
-0.777568685149829
-0.951323705139492
-0.989932023283084
-0.918476771688983
-0.892750785415558
-0.914707249869319
-0.880946933264501
-0.830684269645119
-0.833433223868307
-0.952346104292583
-1.04552053458742
-0.863503534637919
-0.995967746729935
-0.776477081137505
-0.757712557747159
-0.800761413202865
-0.804739744900202
-1.00127021947047
-0.860083024658702
-0.838566342828057
-0.771580975577063
-0.86958908042223
-0.902306581670787
-0.993591998545162
-1.18410716801875
-0.835040413265163
-0.827104922369214
-0.911409373552807
-0.978875734310964
-0.754176965466367
-0.803306562766138
-0.757750796589203
-0.855617974967825
-0.942539002204828
-0.877897068301554
-0.643103018095683
-0.760297152868213
-0.921404710467483
-0.82342632042632
-0.887046639086956
-0.932283718840202
-0.91300174103136
-0.762905141393714
-0.853454196415364
-0.743649574094726
-0.809312054237802
-0.7793189501491
-0.851187927745401
-0.724411929241196
-0.792159539997527
-0.76026509076927
-0.67078515459556
-0.745437436033546
-0.926152098765249
-0.856143221693998
-0.885337163087964
-0.610666651766774
-0.76553388111632
-0.735812045472543
-0.8393294444351
-0.646991814433769
-0.608541738362508
-0.711637110779053
-0.768818623373997
-0.970839464548177
-0.890954445447865
-0.912471707255669
-0.773022509885514
-0.753824886455677
-0.848221539269075
-0.763061031076883
-0.670779193823076
-0.894114176237914
-0.690770937599115
-0.834057973788655
-0.766719304889276
-0.713632454950429
-0.819101895548164
-0.612194765881115
-0.760094864774103
-0.771332599361537
-0.738952682477248
-0.771338653964607
-0.849317500157606
-0.671831335029768
-0.67595594450898
-0.744154235046371
-0.727152728277379
-0.720021879573472
-0.77022790497539
-0.749711288021435
-0.784601360074738
-0.621660081339189
-0.72883354509181
-0.679407162159211
-0.658747397356233
-0.583363189461068
-0.718483640696434
-0.652190195194757
-0.771524671578617
-0.56522722861127
-0.723159540008628
-0.781597570872175
-0.578846240827275
-0.753996424824885
-0.629345399163727
-0.654019961298563
-0.865308115351623
-0.606669961582321
-0.690478106454316
-0.573458054074346
-0.643529546633183
-0.673224568572175
-0.561778635521283
-0.687625955503396
-0.603306382870392
-0.698613853693361
-0.68317648271636
-0.616271663252253
-0.716891074359241
-0.597236592798509
-0.718524817570608
-0.662444992607187
-0.595019959122831
-0.67947560596343
-0.566831112481125
-0.520255495689833
-0.643167571347823
-0.727932643216698
-0.772676157692014
-0.693259582883356
-0.639395809227474
-0.548706269064376
-0.540680463153973
-0.558634893690019
-0.623877242545258
-0.59773370011196
-0.654387640768376
-0.531857275291161
-0.581475104300959
-0.744633534635646
-0.554996589239296
-0.602509581616758
-0.624634982818502
-0.637282722338099
-0.448194585593713
-0.754668864708513
-0.61503590224246
-0.587303840922161
-0.738039796323833
-0.576371059951469
-0.496922233605525
-0.679417494441161
-0.443141795787669
-0.685066377010998
-0.578909542924059
-0.617615453326364
-0.414087553620377
-0.588341177467205
-0.610358163264778
-0.595232607528881
-0.588582754892056
-0.716571776429486
-0.556598809394382
-0.540739982369811
-0.598856689471643
-0.537669786031029
-0.593927404905101
-0.530778585970846
-0.557951751661359
-0.587010339183697
-0.745873638361572
-0.647107548647436
-0.574451412888174
-0.490727435463809
-0.585283305398865
-0.621068836677425
-0.49544216192709
-0.569067246828741
-0.625206793699856
-0.610778236244467
-0.476694773683215
-0.530871822661776
-0.605843883134175
-0.63015890659471
-0.557078192724321
-0.538627499922534
-0.473972689433406
-0.635163004786838
-0.410342953598741
-0.501068580865082
-0.505823056410413
-0.524914830169126
-0.558836291208021
-0.535107729564914
-0.581288285863831
-0.575475536813657
-0.511851689646427
-0.597412704738648
-0.528057594773518
-0.471952361059064
-0.426922727848609
-0.529902349650052
-0.424336727365482
-0.445838993021929
-0.418641755732991
-0.439598994296559
-0.503091648376038
-0.409061501166055
-0.502838758890094
-0.60279847200487
-0.44698254669946
-0.528108961791485
-0.536619082616541
-0.534381355966815
-0.38244581456546
-0.245262884434254
-0.400164236376733
-0.460126689860605
-0.555336996354453
-0.456884774569407
-0.621442485896265
-0.462821138417231
-0.46255157429024
-0.420413463893054
-0.405902271148639
-0.399255891067046
-0.632538900580585
-0.443833953380076
-0.395245261317763
-0.355139018869654
-0.484799681072756
-0.334561759250717
-0.481941488239773
-0.640772481777047
-0.347855666682115
-0.503075816113488
-0.468705416822443
-0.449977394094828
-0.402153393329187
-0.452904268826392
-0.471623854071193
-0.250606619554484
-0.462875472123726
-0.361397454301472
-0.4234328666341
-0.304102889344827
-0.278844903713297
-0.44838939586134
-0.30805762065638
-0.267914938256273
-0.417900779357265
-0.341813846814421
-0.357652899037446
-0.273721406041455
-0.318092558176965
-0.304049912895845
-0.433897129068375
-0.452042558378326
-0.297239826227172
-0.486458014139088
-0.347407099120838
-0.419000772471408
-0.416495909515588
-0.38373594757898
-0.348051767277342
-0.364820026391185
-0.376555148157401
-0.409090935891695
-0.321406171680026
-0.421105477883837
-0.252425784777452
-0.4258706880262
-0.366150417573043
-0.450674846035528
-0.29336689187927
-0.44261404545466
-0.470676965871342
-0.261076610863976
-0.36833439222889
-0.269973693264121
-0.369504025992628
-0.443138306406071
-0.253960828432723
-0.518068485761145
-0.312694536206014
-0.193415160029084
-0.291461972076577
-0.405612016604648
-0.233780394044347
-0.336905334441461
-0.122998206350159
-0.385397003921611
-0.20920849277845
-0.315509490016364
-0.408459810350885
-0.247784096346854
-0.28678530215129
-0.263412824938496
-0.314662269997013
-0.33816600454358
-0.0559333013942747
-0.389760922077073
-0.353738559799315
-0.337399647921684
-0.236352194637613
-0.231290432083046
-0.391023092260232
-0.20049035647835
-0.376135102151173
-0.369752682970306
-0.258139659114287
-0.286801093484531
-0.36786605582406
-0.151333768955939
-0.225663032190264
-0.227465703971113
-0.235401932907425
-0.238906936497991
-0.249551780540558
-0.322799468528566
-0.301612691282605
-0.273029273874879
-0.275662535758482
-0.215041060235394
-0.353065531595024
-0.171590180513052
-0.268147960158541
-0.301852915328786
-0.296067517688878
-0.42670486920079
-0.342343218176624
-0.152913252100608
-0.153033608018583
-0.180017321073991
-0.245839600124529
-0.360749830542523
-0.296730862890268
-0.272004608800501
-0.334119888656794
-0.159930747875132
-0.252129447852863
-0.241109343804342
-0.143982560268793
-0.0967522805488632
-0.199896148845594
-0.352028326486411
-0.0419116230737111
-0.152542136985447
-0.261768360934326
-0.376416781497296
-0.24684774656718
-0.280395761542145
-0.123681316114259
-0.239248772240071
-0.329060889926374
-0.187054128985772
-0.219544292435719
-0.231528374958264
-0.0903940629032532
-0.150828747860606
-0.250187192944812
-0.150638177749756
-0.18492987035341
-0.127022305208239
-0.273008283812649
-0.309098492320517
-0.0607363871841594
-0.247860930889957
-0.157991768936335
-0.177108295217521
-0.279296769940196
-0.117924525589058
-0.236846289764638
-0.228933373126931
-0.078732642559012
-0.120801945097744
-0.0438747317416184
-0.0961725940113096
-0.286838108551849
-0.100034015001866
-0.300855160450351
-0.0361070501249777
-0.0757325391380037
-0.183219411222264
-0.148526216484186
-0.260115270537852
-0.200453641343977
-0.071685734875701
-0.182912046141012
-0.129670755422128
-0.177427025439408
-0.181936638632883
-0.0463419308928297
-0.0566040057583112
-0.25623953907763
-0.0703099303292
-0.119722013570334
-0.160307373549676
-0.186567340311775
-0.268253484831956
-0.149711093655577
-0.150615873719005
-0.00197002657551106
-0.0880456754717627
-0.0989279166952133
-0.0609311094980431
-0.128576643064504
0.013089452591704
0.0895542228492699
-0.0622133814284836
-0.0652632036878975
-0.0448921172785232
-0.226915376535038
-0.0284572494308953
-0.241872489327844
-0.0474554931474097
-0.109131048725327
-0.0873516395692618
-0.0523295481620866
-0.235516791249032
0.00239843157601036
-0.152157416197758
0.0961869666177277
-0.102451846942399
-0.0153688102574837
0.0415768180829099
-0.062695778393551
0.0148889461337966
0.00225286288510211
-0.0503416791309443
0.0779620176640124
0.06913016748029
-0.0105572612910527
-0.140184304549968
-0.138138592283786
0.062452129018794
-0.0705466059854877
-0.229416877310705
-0.109626044271989
0.0277905578012184
0.0424618828648286
-0.0824189005344365
-0.0572270707125821
0.0976248536313389
0.0553609740161124
0.0765349344387895
-0.104875694492867
-0.0165410852648791
0.0640982394853561
-0.0179005779147976
0.0758586492533796
0.0352873044795811
-0.0174427971852666
0.0798013910972532
0.0492146034672282
0.0636757379888279
-0.146028901791459
0.029013542006462
0.0219881716647606
-0.191111089820726
0.0626925602783766
0.214669997540719
0.068631100048445
-0.0283973538029919
0.0756709828548628
0.155726443935838
0.0838686896743683
0.000773890544607261
-0.121685646926191
0.126551008882126
-0.02767888245068
0.129237886788796
-0.0582383492841264
0.0147144111472846
0.0699243100576619
0.00811645024392892
0.102193889405571
0.0246944554391887
0.0454168029690906
0.095540743282193
-0.0068423590920306
0.0761569911126095
0.17273500554252
-0.0837393867294206
0.0990334584780207
0.17055666700287
0.0343822378568093
0.035228190037715
0.0885350561487839
0.155967901480908
0.104324470008726
-0.050180703962725
0.0323439823956883
0.101380154710831
0.185494788476249
-0.080745609954123
0.210776486524314
0.104148064602819
-0.0427986658997074
0.110033235750993
0.146180184068475
0.208013919408115
0.129497431160711
0.0448573376788558
0.173009474992273
0.00887256915864906
0.207937113577908
0.120751358559052
0.108284946884791
0.0765314640155927
0.0833515852203852
0.0337967949970943
0.0951595168224725
0.100315227817948
0.117855366260603
-0.0728942237908409
-0.03906389035677
0.102297926343339
-0.0068440684224051
0.0279934703084768
0.0514920471743525
0.272343900352314
0.229030727311033
0.231356254355019
0.265406302774398
0.10070823348777
0.0603942123043925
0.195906818370267
0.14224232844983
0.110959076759683
0.0505937822686487
0.241522632231549
0.0390069541445628
0.295253303190141
0.162253004876836
0.248989258639231
0.26571661005459
0.22277183981289
0.127682769360034
0.262435209845004
0.209878609609216
0.176905424313542
0.322134145427295
0.0745325726263923
0.231832529977207
0.0759897516457184
0.125738916412231
0.0687800857302119
0.308679888616079
0.318845004655748
0.304244964257112
0.18345787793578
0.156733152601311
0.263118056562863
0.0959948983484955
0.286107825094438
0.222388052264116
0.309476215128428
0.169519219646359
0.0645263844513838
0.332838764127026
0.141542777507104
0.262377554806383
0.349069543461208
0.0663614312570734
0.267010126599764
0.210134031373985
0.0132327351030089
0.12260013072794
0.46118955695248
0.360975225177648
0.227251564753899
0.163158722485364
0.239832358956208
0.396747406147314
0.285602707173661
0.112860325525963
0.114108974477255
0.142233369187635
0.388469810884068
0.257833607330606
0.364753121180623
0.182792829716726
0.213935204027742
0.214615745961724
0.26529336318365
0.163490443646726
0.361744733160136
0.389258331221209
0.388760284290471
0.16582344288604
0.317020680828644
0.341041148241296
0.389215926985881
0.276606314386939
0.235347025936861
0.360753859669964
0.279065795166877
0.317213331221072
0.236247569636834
0.217167508246239
0.486017219105585
0.400151964587955
0.229938418139692
0.287145198372341
0.324848201573138
0.291104516997903
0.397212543296257
0.245115252587472
0.379199347658749
0.416883122603029
0.412870671480981
0.292400254357995
0.432688373134377
0.437018929653401
0.19718330000929
0.266534086678545
0.361692299341485
0.300886401273478
0.0988786775667512
0.311921100577816
0.30797487772157
0.329719462228583
0.246195537399089
0.398675052597805
0.298094307424254
0.312181702859669
0.422542703286334
0.360795719716366
0.161590485533829
0.357763697725446
0.408182687926971
0.342689728388883
0.394475548300952
0.317403538724253
0.33924304098522
0.289238984946205
0.330313755918682
0.335641254570392
0.512584591024622
0.377641185319846
0.404727327151872
0.3446032823256
0.395993101458906
0.267374557220618
0.321781232034898
0.240079012611194
0.266665984696802
0.373862612855351
0.359185714770298
0.308103612121946
0.267754010709529
0.538121245323234
0.333833646745233
0.281759562152191
0.401708589009775
0.290667223311055
0.253034521610044
0.535414309792026
0.50083899519451
0.45488859616738
0.486498137549778
0.421395522780021
0.286002308240175
0.431127194629612
0.512795388742084
0.401049514497736
0.427929558961917
0.445920030585711
0.323951882562585
0.372049941043791
0.524089907169851
0.447323323990648
0.400677501351235
0.367332367260805
0.414429116831468
0.444613338049757
0.505374653383752
0.326433206503114
0.574647025846338
0.498079869397341
0.510867098053422
0.441986593671261
0.512039475406663
0.457569610089781
0.445452775783084
0.470844463843184
0.345839366369733
0.438741623427635
0.499788643127272
0.457588390959591
0.515844942855093
0.552734107263362
0.497222017838424
0.473230304279935
0.491505274621612
0.466592436135748
0.485809100604714
0.512566696696855
0.49451626700721
0.534464631599809
0.661824937823845
0.585802359463332
0.503423877427635
0.50011756427641
0.530164156682086
0.569933314817888
0.53509840580803
0.550689998258759
0.530681330030012
0.593673195690243
0.552751822812734
0.545820344492303
0.503843663925485
0.53752360286993
0.456287466692982
0.528458659766876
0.671110074728792
0.454434351517956
0.503741944612721
0.499770426409644
0.608529821617175
0.583877626642846
0.581973117256534
0.606416515717735
0.627613218243454
0.497482085339354
0.617082038478474
0.58771255291447
0.661238015664537
0.454224017048845
0.581197958742405
0.80754618447398
0.530821505122139
0.632986435037929
0.609408815970132
0.744762561748877
0.54177814140716
0.564428787268673
0.584118367180433
0.53294058672371
0.618185162897196
0.650291245276794
0.589789993992684
0.684441145737791
0.632436257817598
0.653341708695756
0.673222946765606
0.635699976901128
0.47189287001925
0.502868313257426
0.561623061839266
0.574466746923364
0.700653755203716
0.586343821061527
0.665543291561823
0.595687843122695
0.470515258767531
0.701579411060859
0.653400128485384
0.5869254715292
0.581369102911394
0.623329897830971
0.517045046638011
0.441574209931189
0.588505604461342
0.610008484364586
0.494784441313137
0.565172973419868
0.622861949716377
0.576367445071797
0.551447948616342
0.633969209032694
0.689417740785728
0.670035271952713
0.575333972697359
0.511072323737141
0.715604224115886
0.674159668712564
0.540528633152698
0.484910988623977
0.717374050604445
0.494827157184192
0.813380515188703
0.599658238948683
0.742567152538886
0.800317677042153
0.730716801273398
0.63311870055797
0.735194186957784
0.745282211429841
0.733231466238711
0.734800309617609
0.730795039632968
0.605897858162701
0.653467963075631
0.539095794877631
0.673541799053706
0.491964489163469
0.736339536054667
0.689931276318889
0.693334345904751
0.59763448319709
0.565109331553501
0.726019426995794
0.73405662710167
0.725211888727852
0.676684355859857
0.575183812969686
0.706756929631388
0.67850173449747
0.729176695427322
0.767797459148154
0.703405777927276
0.781080018391132
0.782599097622318
0.761207035828887
0.843313941875131
0.696781673896381
0.732205664265435
0.862963079492982
0.798417926701785
0.760569701354013
0.668428029549934
0.69787870019709
0.700334674720446
0.850276793272102
0.809911675701514
0.84490064020166
0.854968995837629
0.754693208024082
0.743560943928158
0.805407435742894
0.670634398065851
0.790078601466154
0.810575365063808
0.786859546171938
0.830060976093515
0.824651109707279
0.678194279053475
0.781662503763678
0.935635427611221
0.582067354877752
0.624468429963197
0.65536836595378
0.880305039972207
0.889184104070537
0.877736349299327
0.771746573502258
0.874232473006354
0.764160029934379
0.74060672996537
0.862208294297802
0.653515607171088
0.616383978484732
0.832964778351388
0.84454605533149
0.822147058652135
0.75214805257674
0.854782085606577
0.878357948850172
0.858608949208735
0.740989120338281
0.745731731917915
0.860397309663301
0.899949272970069
0.878884462878516
0.765740330586196
0.859615692622043
0.894544738983481
0.741231309369041
0.836462060939756
0.722728807581533
0.89145654261098
0.849693084897965
0.966774383306888
0.702820951576016
0.879971924675428
0.82341363435724
0.896549481166158
0.68191668018381
0.915824518986662
0.875359892917904
0.730738347819783
1.14162152169849
0.7861257481234
0.935250022990309
0.97065427586255
0.924873240730377
0.873037353055517
0.870141764554469
0.893300329459271
0.843539114356328
0.893954993523008
0.918323810137772
0.945973393582628
0.792959521693603
0.702076948178414
0.943923640752376
0.759637073216419
1.09934494535044
0.974997090834459
0.843793561392845
0.785876371663194
0.876427548413653
1.02839436395811
0.875239027453802
0.882822599215571
0.959124940284652
0.814024578035964
0.801341828763477
0.961087574216559
0.755054359324764
0.941568374176162
0.938307614267256
1.00578627622548
0.957641507876991
0.941851863568753
0.983307120058307
0.942552365753184
0.83967086402174
0.959249723812497
0.818383313766802
1.00700872759235
0.828528780830497
1.02180260687655
1.12431591736603
1.00628933068919
0.873662457514541
0.756281099482854
0.908567816763409
1.01901996144348
1.00269186215781
1.05688085299483
1.02287911852041
0.962902685303907
1.00674958583811
0.875542453124754
1.03946819568091
1.13197409095845
0.985754489605177
0.98315657735532
1.01848725305932
1.11075069144718
1.10138138617853
1.04860971440559
0.985170538627005
1.11190215228223
0.923217873790244
1.07443666998793
