-1.06522393759449
-1.03872689723607
-0.817627375292352
-0.923296437330157
-1.23145697786878
-1.00564413055888
-1.04019691372849
-1.09790370181488
-1.18120868911117
-1.05079224802061
-1.14792348773929
-0.867658370468145
-0.981895362697803
-0.899525759064099
-0.988257248638511
-1.0208054632075
-1.07492392884337
-1.07849674219186
-0.919604578130214
-1.02916798984468
-1.09913158415306
-0.92104898872635
-0.821767774119379
-0.910397909840416
-0.925375101993943
-0.975250356555675
-0.916590208639133
-0.936268548033754
-0.943807240478893
-0.846500166997461
-0.848682899099899
-1.10714654269246
-0.843017103639856
-0.845522718103047
-0.839285487923865
-1.0175119867274
-0.792062280141236
-1.08863151268339
-0.918690070043783
-0.760129181302372
-0.864153063604286
-0.811140738450854
-0.901482810274957
-0.820124831943699
-0.817837176564094
-0.976339938534576
-0.801524217701722
-0.894686026195845
-0.849365775074207
-0.859594238864512
-0.928989449141723
-0.943436841002309
-0.928628756783554
-0.911973076512769
-0.893560934107561
-0.955884690686232
-0.913670671903559
-0.876561754779666
-0.927229184029636
-1.01340679383164
-0.979381988834757
-0.833101473026091
-0.822629975485285
-0.891770700002052
-0.864805062158589
-0.768615176477063
-0.834071279974848
-0.836805542249974
-0.832570675385898
-0.882224207637766
-0.898963622641919
-0.9246513431435
-0.709449163007043
-0.773935313409431
-0.854291599092567
-0.83450062512493
-0.740679369797181
-0.954706260323636
-0.820507892010007
-0.806008122901292
-0.843227779491042
-0.922337181571214
-0.80459941462023
-0.859075660082409
-0.806301713603823
-0.754412852215505
-0.783674219537775
-0.96359228116886
-0.978506338461231
-0.877854066822261
-0.809885985445994
-0.867929376713927
-0.897792620497922
-0.772890003331258
-0.917274239203504
-0.894731093033786
-0.812831323661857
-0.933375628461815
-0.75789852967593
-0.746239101387149
-0.676938590659957
-0.97466002242418
-0.573149472276989
-0.808120420061651
-0.814266836907279
-0.754625058881471
-0.616547157102932
-0.755452400242526
-0.661620372351638
-0.588166951783962
-0.837507283916112
-0.690423788203287
-0.749812374936435
-0.740826061320839
-0.835895198485799
-0.704949322629546
-0.772088211746556
-0.738322571817406
-0.800754334762857
-0.686423152831821
-0.703870706170483
-0.722148358287472
-0.733082577160773
-0.848481638403823
-0.568969871653598
-0.856963756274957
-0.811654926548348
-0.726190803263732
-0.755841028496655
-0.888789380813209
-0.750516558295818
-0.707591112532326
-0.775798831339959
-0.641478493730206
-0.640992413243896
-0.6095598131866
-0.758224655639467
-0.715948411812349
-0.617706316194598
-0.661649885704219
-0.677021027024702
-0.614610640513374
-0.800018940164654
-0.737562547669049
-0.807996739173407
-0.664178354396999
-0.550749022210715
-0.649125569185388
-0.692121558531165
-0.657551135248186
-0.630846104679853
-0.717455611730554
-0.682728535619318
-0.677978097622123
-0.642152826604203
-0.729408386634956
-0.750019442529772
-0.713350410595366
-0.67348709841223
-0.74260611059298
-0.694010846452767
-0.833234624961058
-0.705122400718202
-0.647012172802728
-0.603283324390961
-0.597055063196831
-0.540675082356487
-0.676655125732366
-0.620355219297207
-0.703477836553084
-0.724152525145131
-0.778214658520705
-0.664079589254293
-0.785949278747397
-0.759738883833714
-0.494271013403207
-0.639702913768894
-0.657672647140406
-0.714203874187452
-0.682887663666487
-0.635699437905276
-0.725994719184972
-0.679791048412914
-0.650721114614257
-0.537201203885836
-0.601324059843561
-0.720487980438485
-0.710541913690423
-0.565810659073724
-0.74847543297254
-0.766097007452457
-0.616080967389642
-0.586463042027773
-0.588032978249883
-0.675988123400511
-0.615263178241118
-0.665209657782318
-0.32251170771485
-0.642839987693986
-0.664232663016552
-0.520197329760828
-0.579763191233942
-0.644684919807616
-0.529165212520635
-0.685286868553737
-0.630472894658666
-0.767349564945335
-0.649786921367831
-0.605424369579712
-0.536196864987756
-0.588928438217013
-0.516553569291982
-0.409316789146427
-0.526292908386764
-0.514603688916445
-0.553476514725773
-0.707378186166923
-0.632869427558376
-0.499899981024543
-0.600891958680149
-0.527462530212636
-0.540162760566061
-0.60108231348343
-0.490558716494749
-0.612716552912489
-0.621832902250729
-0.601412227140191
-0.496897204629407
-0.492640034425498
-0.606880924541734
-0.507047001981264
-0.506113708486838
-0.552688577051134
-0.590942206578354
-0.558603827890828
-0.425119826467691
-0.449058916705789
-0.543843921371075
-0.566272569508547
-0.637180588928668
-0.468943945627877
-0.388290283568395
-0.548764435525393
-0.319267225328777
-0.547108345379913
-0.556517224078726
-0.5633352522903
-0.575886396802155
-0.30833974848193
-0.550689743275068
-0.444802157250699
-0.499266136391829
-0.533962007709007
-0.487613302618347
-0.376292132175828
-0.432320887160766
-0.501618789799897
-0.383404504030183
-0.565779397599403
-0.439382204794247
-0.4255880502106
-0.440760793878316
-0.574818395486227
-0.418460595545851
-0.529363827302195
-0.537194247662637
-0.521902206165099
-0.48629018122638
-0.479675999034778
-0.605159751308903
-0.513227189189123
-0.457224456900675
-0.469477415305385
-0.434962744538127
-0.486101958481173
-0.666746105330063
-0.600572805781333
-0.22296557775688
-0.531116705643186
-0.364015613006794
-0.426012280050958
-0.513535116646082
-0.461607532504729
-0.357133219034272
-0.376161269675585
-0.412955700396333
-0.512247540541773
-0.491676832300238
-0.368600700618013
-0.35596702610246
-0.445151823453812
-0.322028170692028
-0.399345197004778
-0.505087671122995
-0.448346204164546
-0.483331217677682
-0.512319317102389
-0.246454554294167
-0.408796774134621
-0.39089728579343
-0.41631671584315
-0.41048651961341
-0.441540032666552
-0.40310332792466
-0.484842434009896
-0.555076807720331
-0.495807151176711
-0.353160843776897
-0.376865250966586
-0.397152464562898
-0.41995568382977
-0.291994045369965
-0.460603644341094
-0.303318030147714
-0.250208464581943
-0.534039970463838
-0.284938573392152
-0.404056508656966
-0.358778015097191
-0.266102809191378
-0.372132131066049
-0.474179240959362
-0.301845350191067
-0.329663010204156
-0.230487592909056
-0.288563389999852
-0.365453137779461
-0.379904443364481
-0.401547631347707
-0.583684558331503
-0.185424773940507
-0.246877080225703
-0.170913414285194
-0.253639554317481
-0.378818087753974
-0.405124453068071
-0.182762945235553
-0.429740525950809
-0.301426346187353
-0.289497572001099
-0.385532558505195
-0.399638666656106
-0.322226338858985
-0.395948477256171
-0.219950863196839
-0.304991625520937
-0.18592353556478
-0.33481152329001
-0.339255095700841
-0.228403125416626
-0.303945066205637
-0.290345093958201
-0.326099858237504
-0.418680052233172
-0.246974594276757
-0.106125376093808
-0.116759056383385
-0.125295498435357
-0.194595895858841
-0.519048222192561
-0.212193736406738
-0.439069556910558
-0.303808351751732
-0.306755160002553
-0.233411518921229
-0.298935492351803
-0.295461648469072
-0.428272537496531
-0.219831166255107
-0.334702920241864
-0.235203720809212
-0.402318846677715
-0.275716234132227
-0.215535109364963
-0.2565284063407
-0.264961722647712
-0.421338219622041
-0.126388155735244
-0.103828571308348
-0.252460252084463
-0.193548311440136
-0.160239001761345
-0.401100312735228
-0.315346299064573
-0.28966653428987
-0.218122388720451
-0.178862494607175
-0.263457408066358
-0.206491303293156
-0.180810757915268
-0.306742487505224
-0.0638045007475561
-0.27241302537623
-0.16646964149363
-0.218231450552163
-0.106491956064066
0.0086433601926827
-0.310780620487677
-0.184035384472101
-0.185784560764457
-0.228878787631414
-0.21049604176289
-0.082264400316047
-0.15326341289251
-0.330990003882891
-0.191955373076654
-0.232171624155227
-0.132454164193167
-0.253454942467332
-0.222411431168226
-0.276211067511783
-0.0939420346842264
-0.116691840917055
-0.180888879843391
-0.194307325922461
-0.147203160522294
-0.0856465259542743
-0.133856092484386
-0.216367896244215
-0.109605432201775
-0.279347324047249
-0.210286919138926
-0.144115900034924
-0.0641016934695396
-0.149538830078028
-0.305612805771807
-0.105689369980728
-0.139623464610183
-0.145110052829985
0.00697963604675435
-0.046303894914556
-0.18957856674837
-0.157925107606752
-0.210813461231474
-0.110178100541566
-0.261498370205214
-0.210979195762121
-0.160008859250908
-0.0830085893848357
-0.168707041092714
-0.0112659632309743
-0.173010772569432
-0.0510246954988984
-0.126902983579976
-0.143088345646432
-0.0421542863808794
-0.166287458539578
0.0478249567757792
-0.0630653220486775
-0.169740952348504
-0.222867426568254
-0.0683372257727325
0.0330176621767517
-0.0680448707875376
-0.00941849369333042
-0.107860418801516
-0.0501118551368618
-0.0392222757271465
-0.0296035217146271
-0.13322801346604
-0.0366375530148841
-0.169174669746043
0.00224560568303504
-0.10500019275418
-0.0658401117425044
-0.0587951599895097
-0.088968524895174
-0.14622525258086
-0.113030642026308
-0.0679691050411325
0.0277486829139294
0.0195648406668133
-0.00497719408582973
-0.0586722091602854
0.0432319705149749
-0.024281930912942
-0.142014915349074
-0.00215140240959547
-0.0493534274536471
-0.0520257988327994
-0.0774889495571192
-0.0232363071675484
0.0460160897746887
-0.0942223008549618
-0.0685093466077739
0.0676143178021283
-0.0585458073108098
0.0777114956332376
0.0120703614436746
-0.000954701634357636
-0.16315543642949
-0.082784719173055
0.0561082378213584
-0.0848790541754471
0.0407059839029959
0.12357790006973
-0.0889060634098017
-0.195067115231857
-0.107205685691403
0.0112787419945813
0.0361165831502183
0.0437768731226089
0.0943055958655476
0.11017363894306
-0.00746361984760978
0.0362348679880506
-0.0474808359476255
-0.000171902923150916
0.116152243991216
-0.0343255986808936
-0.0335031750326026
0.0564206221682397
0.0520874924240161
0.0332140920842911
0.0806109446940917
0.0153836303593247
-0.120085499097266
-0.00872102806771624
-0.033590165097924
0.0410875728929897
0.0389552131227317
0.101673575633329
-0.000355881697975004
-0.095285039992718
-0.0131343187631499
0.0245744416845027
0.0237603700337239
0.0713743253007498
0.104233919583491
-0.000957735803019686
0.119939444129321
-0.0679483496119332
0.0344960085932056
0.118444277278897
0.156890084581039
0.061698311075896
0.120750553086956
-0.0292228137021496
0.115990959921645
0.00783782761599512
0.139512307011694
0.0763494063827735
0.0329263122946397
0.0862462219975615
-0.0710769696267354
0.035009475811565
0.00364893613097629
0.175867481478098
-0.0107819659134332
-0.0157577864506209
0.00828186823625292
0.000640936573265105
0.195189698614245
0.167634721571757
0.122182635895723
0.0501780425774013
0.212799349842266
0.100249514817482
0.152986633228398
0.117783981177687
0.115900994287078
0.139120503233092
0.180710326201521
0.176501150350144
0.131734459436443
0.312022464002149
0.0799179841087446
0.120770653000484
-0.0698129682259852
0.0358380379965019
0.23073218107757
0.133650819017275
0.295316842206593
0.168597960106719
0.0335178549041766
0.177875566098145
0.13633620215899
0.135196168036799
0.245675953317128
0.222969168221247
0.0580260225493589
0.0715233576626746
0.12468672196157
0.287678967838252
0.0674184060634517
0.0947285081089312
0.122867717418116
0.244220727660568
0.229609507123691
0.301890831159248
0.0661265160051029
0.337605752339697
0.276960943414167
0.11385816431727
0.182066454946137
0.234855605670466
0.191496558705613
0.11398784711575
0.202750192559297
0.13126190604031
0.215558371397223
0.118646961089532
0.202308616807228
0.0829958022024876
0.327353635563349
0.3050637327704
0.229425713816431
0.291062000076831
0.342513490366745
0.169010447778762
0.287934246016651
0.183363666052169
0.292287574863186
0.329918362269643
0.202442958709871
0.166747435932075
0.114947222915091
0.292245350645707
0.223437670786143
0.267763268532759
0.200161005313391
0.199895350500022
0.25290129015969
0.149738452528757
0.132222354063276
0.305280172490625
0.253444897288077
0.293664823914098
0.40949669895999
0.288757198520571
0.314346400121434
0.242816032828203
0.251233175692441
0.246406069896789
0.294003830504147
0.30018790763565
0.343565810030145
0.318835833980578
0.370599743886242
0.164591512240656
0.346282889395644
0.353937563899162
0.280467422493219
0.323829956787976
0.247307311594578
0.299437145904041
0.337782875542586
0.288524358811731
0.348439156199874
0.233730739796229
0.28441607288154
0.314592776460206
0.374154546149052
0.378543050942902
0.271916338484477
0.290646765139434
0.346194443166667
0.332588663814606
0.276835380922795
0.304652548392991
0.337762493618054
0.230778639087188
0.314509386363952
0.334359649987402
0.367130938532361
0.455010638822211
0.36217632507188
0.365564141970448
0.294193030821815
0.276910516017605
0.239768383790875
0.4072243085595
0.330571360797179
0.214883072248124
0.367611877757245
0.372353834803816
0.258053513326491
0.399588446212356
0.402427144762847
0.352422267029664
0.222109320790957
0.385186952363124
0.460644019504908
0.323104357789123
0.230190467605742
0.311778182151934
0.346327230522897
0.339773191313391
0.487433137917732
0.505409237949725
0.284847711856125
0.352084331583075
0.188675548651311
0.491482033300997
0.354760188268111
0.294518834907057
0.400550769229354
0.420949654938637
0.36029377881165
0.543495425193941
0.294615147902383
0.527551526691705
0.420823172844117
0.367155221657283
0.481640469255885
0.503742517741945
0.218968845013476
0.398905419918345
0.448774470210746
0.455060819740716
0.446219337882127
0.616567718989429
0.364138098339945
0.428902129822183
0.419855020305635
0.38439841703381
0.466754363820931
0.419034069455584
0.368719816611646
0.381196372009652
0.243899705956869
0.470835739259964
0.406318198717175
0.42875928361572
0.383161722222028
0.41285722824887
0.550277835735016
0.325792451691144
0.336064378658171
0.360172401932942
0.323942049387879
0.45685050411024
0.370490943977522
0.287222823582499
0.438598177382359
0.492605395050407
0.411732697548464
0.518692170937242
0.529013426025607
0.562568619015128
0.492791835216464
0.454268557336991
0.630414621561894
0.381573724814305
0.54621074335129
0.548262128138006
0.466890196222355
0.455926623613759
0.462111580852543
0.529140623328545
0.514667320232037
0.56754976915665
0.460980155799725
0.608300427239748
0.544518946319142
0.547235339057666
0.520044144639419
0.610770989919202
0.649710760864521
0.617543674598267
0.462167961801191
0.507903935138438
0.517684293931362
0.426179977308912
0.630975878427162
0.585824591461156
0.700072567173804
0.580773658732392
0.465444825287174
0.493855315100264
0.647045035514548
0.498414398901845
0.389841042477851
0.597460318911382
0.557850107299833
0.593920937447859
0.49479717055082
0.625413074394747
0.717509046455893
0.519838636642666
0.575588668810748
0.420340393100061
0.494111321112665
0.679541613003348
0.670668503231344
0.669586022536763
0.566713512421641
0.668520444549868
0.590880439955591
0.765080202845701
0.570962451907983
0.473120045582137
0.471873473483586
0.548457137427254
0.45770867397712
0.660982498516357
0.540227086026514
0.420848282338025
0.683025608000391
0.441920840034064
0.595689884714679
0.531890253283487
0.596009478222289
0.62014880721052
0.496907384192511
0.752034548874108
0.564105872431486
0.605352938901274
0.727487409723692
0.629391960077768
0.562920585954606
0.617020763098111
0.587411027505042
0.635036528319968
0.517265323774381
0.59905294497298
0.686080652573712
0.517511973496734
0.68125128426272
0.528759057769869
0.679357696206643
0.647873967649151
0.73802622923243
0.718577158283421
0.764444826148497
0.693187873362998
0.657813850374111
0.732447852267893
0.680864258552078
0.731969763397354
0.6252414771989
0.774763719367836
0.634931413814468
0.687818756847135
0.682293551349098
0.714509681280581
0.86264307217428
0.74455877897224
0.696562921342388
0.643125432975818
0.694509969155027
0.598619454802367
0.642155792915565
0.652122298727904
0.671066334760362
0.744534253648094
0.728376221339307
0.557198624100762
0.719035450467597
0.638815352535587
0.731070363252463
0.816881250614416
0.610946911925106
0.78528737558775
0.734877136914875
0.864727380775042
0.679827828745435
0.71063321979499
0.58110842982133
0.742700096297496
0.66261591529886
0.819592488872579
0.639979735165833
0.739236708275378
0.783100274844425
0.790129257369152
0.705736183370144
0.712661362667516
0.830545597623067
0.700540518446768
0.773093377351973
0.73762235783672
0.740194747097645
0.803843036434227
0.711254740082641
0.834714370935758
0.692659073825616
0.779338773723272
0.626263762112319
0.676623993918029
0.673460697934348
0.794283624720153
0.853428384863331
0.85595626559161
0.698051766154775
0.761978712279528
0.708815458812012
0.864898773479414
0.694823602147156
0.776768592679345
0.788625808206587
0.684028073529086
0.752742440726036
0.7084537919844
0.630594592861975
0.921549259983457
0.660404581103005
0.748842775126148
0.831140664735405
0.73491368378371
0.732151869262545
0.717705876614513
0.792512346488774
0.713515652586297
0.915125127379499
0.898909281523587
0.738271151285997
0.919187985418283
0.857464136824184
0.96949167388655
1.01811829439708
0.828519858492369
0.783659872648777
0.759472051612798
0.845499372499621
0.812421880711698
0.835542419892424
0.800345859271323
0.981780581129383
0.785687510920229
0.777240307165029
0.786859958577556
0.906356249711431
0.831124669527734
0.896523600670113
0.824533693035174
0.913166472620049
0.887631830788771
0.844964956669941
0.790351862708249
0.792688275382608
0.803700237197827
0.848590176922555
0.803503645595336
0.828068853037535
0.930175498311075
0.92606610827454
1.00641150356487
0.783458587387037
1.01061004998636
0.725735006269284
0.96165628480276
0.986078020210519
0.903685802432507
0.974958184794133
1.02835757893856
0.88043519481239
0.852069016978903
0.98482180732906
0.88845845032939
0.927451524348454
1.04306621818813
0.995513313855347
0.934767534215007
0.879106334261417
1.07654679385789
0.946200174290311
0.972846449861296
0.970720039501662
0.950670286527967
0.936826003033442
0.957362264189577
0.876566943754814
0.997495850638731
0.859562763581349
0.921611656276715
0.922673545089071
0.907233468352681
0.882231603608009
0.874126429008086
0.783373710990275
0.829965697404607
0.922090805359847
0.947125284630136
0.938365623690809
1.04455313834455
0.947453642510252
1.05177558406171
0.942841942388896
0.967441909287169
1.00495653946507
1.01635699178416
0.984269194972678
0.888879177358446
0.948496515344255
0.953160203243205
0.928705454202114
0.920670565269723
1.05547776162398
1.08934043753791
0.838054852353073
0.942157270912605
0.992498829474392
0.93146965437276
1.04060203795907
0.945612821223631
0.985689405503641
1.14785483622198
0.944724406813647
1.13709117385383
