-1.06317760350386
-1.03756765729965
-0.820458719097208
-0.918523361744591
-1.23583582408386
-1.03050203160628
-1.04064725446106
-1.11111845602114
-1.17154306057924
-1.0668913818914
-1.15425167117467
-0.874782757302948
-0.987246249879823
-0.905651174485685
-0.998452185579093
-1.03929789209612
-1.06200054593328
-1.0871504055059
-0.930463046688103
-1.02186585749684
-1.10191037902296
-0.927200589588516
-0.827226142444821
-0.92528044747804
-0.912728282130273
-0.97339184795259
-0.917419944888259
-0.934039015748021
-0.95749548427876
-0.849405629959715
-0.85359620070471
-1.10197444584869
-0.846735758424259
-0.823684199400158
-0.863132939303033
-1.01150478709677
-0.780896719811368
-1.07825262948109
-0.923698305944461
-0.740744322427412
-0.838580994085143
-0.830587751395912
-0.913272924565298
-0.808312347062439
-0.803875973237703
-0.962599097398146
-0.792627575197959
-0.896136584049469
-0.873339444599518
-0.855906665232935
-0.924433332206958
-0.928128544367135
-0.927085189529416
-0.923357569632416
-0.893621473244594
-0.916934778001161
-0.925441934502855
-0.886085094581999
-0.918739788835152
-1.02205646302654
-1.0001961684759
-0.823414438989656
-0.823544197635878
-0.877975537332726
-0.880876874042287
-0.772917581090942
-0.811475888732418
-0.851339006762811
-0.826227166686559
-0.865546405200457
-0.878062958948838
-0.932667787548661
-0.708471850635916
-0.764018935503864
-0.871025984084281
-0.831529387049777
-0.752272075916166
-0.950838841664017
-0.838813300839537
-0.823396725765968
-0.866244963728566
-0.909591115062261
-0.813755040364358
-0.832246877498766
-0.806078527979802
-0.77840815926839
-0.777509217368488
-0.966964984822217
-0.954499125735898
-0.886057796400768
-0.79620420835241
-0.87576545451939
-0.886377995783645
-0.765787306751285
-0.907481359707146
-0.880435120733061
-0.792646190157592
-0.941328947245452
-0.745647642273013
-0.751072689261996
-0.669979136791779
-0.954692846252342
-0.563665245072807
-0.813355247897151
-0.816911251632764
-0.752867008287732
-0.623600091650217
-0.752092779648812
-0.692863220338447
-0.574443970241951
-0.819005714175207
-0.703527927145046
-0.707924241124953
-0.735442201705762
-0.819270535420629
-0.686319426399115
-0.774811056062042
-0.723568074981718
-0.812086383851354
-0.681739177607911
-0.714125098745646
-0.728344843882969
-0.730813506592918
-0.840319944582417
-0.583810443407919
-0.860096864012266
-0.798324019936591
-0.712595119329146
-0.735875566208083
-0.904808738372298
-0.767401904029844
-0.723526263976986
-0.771501750300377
-0.639953337362612
-0.635222191274181
-0.617893211323898
-0.753686153641802
-0.710332129746503
-0.610457589141849
-0.659999423167618
-0.665419506272656
-0.626974463006866
-0.806840557141415
-0.739497523762613
-0.830784574234775
-0.658238499538507
-0.52705721498171
-0.648007250819867
-0.687409876682431
-0.656639885750863
-0.627865579350988
-0.729507714377842
-0.710944051512094
-0.684004378436059
-0.630636238496602
-0.727956314008115
-0.75942371026179
-0.718606379082034
-0.687247830208666
-0.732860178964487
-0.708022357525396
-0.835935917466278
-0.727438073936326
-0.676042515632899
-0.601424306262284
-0.615853686429094
-0.544581911784468
-0.662960775407866
-0.612910349818749
-0.690452328887144
-0.734724517270198
-0.768284030643296
-0.661899808343672
-0.793549175004804
-0.768038169330917
-0.509741303000903
-0.646719515978021
-0.642032228710451
-0.707607981581872
-0.659069066267572
-0.630500037355456
-0.732826378305388
-0.689539314888299
-0.641005527438182
-0.521378789824144
-0.588200029708273
-0.708041001772108
-0.695451395105701
-0.592564743187716
-0.711547166878285
-0.78138330641102
-0.612411839470705
-0.590529583713384
-0.585700910938205
-0.656172658587059
-0.625297078916414
-0.655515784245496
-0.30410593831111
-0.643005309485617
-0.671535482709968
-0.51909202432445
-0.563935732068672
-0.635466004662011
-0.551139878149375
-0.68042117331584
-0.622274160775304
-0.754934597246888
-0.662441687153002
-0.603520127728144
-0.534568712669406
-0.613059693657088
-0.541259028314097
-0.41554902718183
-0.523242816604052
-0.510300898936547
-0.545114669783954
-0.715639863790951
-0.633314130296595
-0.49362760613121
-0.596416502527308
-0.525070549923103
-0.522256028287708
-0.59700179485615
-0.487840396041329
-0.616276635032293
-0.617965047857691
-0.578707415252093
-0.503752359885277
-0.505259369410168
-0.606236186073866
-0.517921036462851
-0.499376522381264
-0.529573131093403
-0.591997827215334
-0.555670882884899
-0.442697744873251
-0.456277222591418
-0.549693208196643
-0.571109918031716
-0.61536714488554
-0.464615069845618
-0.407192227845417
-0.559613380894215
-0.314849693751036
-0.541864934928797
-0.581589171650409
-0.538938987822209
-0.565706911306407
-0.323771092603669
-0.551451484304362
-0.445784452812671
-0.49350355346231
-0.533265233232262
-0.486298333939947
-0.390655065132071
-0.457302732275363
-0.480510011565915
-0.377900214671288
-0.570325421255329
-0.442755025488389
-0.424236936200188
-0.446218148123308
-0.568228989718512
-0.414328373100087
-0.52313984107675
-0.529617950657344
-0.513920005593031
-0.490629949777178
-0.50331591346629
-0.587872153502275
-0.493976286203106
-0.477162327796399
-0.486112103648707
-0.451224506894689
-0.468660571810255
-0.657817253060758
-0.59473288242933
-0.206297311908659
-0.541072972904895
-0.351248588983831
-0.441064912240718
-0.511963627400025
-0.45079091688306
-0.351621996077021
-0.380434891764418
-0.428130090815663
-0.533465906224386
-0.47093152026387
-0.37243441440067
-0.358883774029697
-0.444569249229142
-0.308776523727134
-0.380600785536447
-0.516080217594118
-0.455533250761512
-0.471273003842505
-0.509734622813569
-0.259545879049658
-0.412333610779092
-0.394564891750854
-0.408178899835134
-0.400385077050624
-0.421689673557241
-0.38733908863764
-0.487997088305615
-0.548103184986296
-0.515476136405126
-0.361442773379175
-0.38090815047406
-0.379617523549685
-0.390473365591339
-0.301275030101071
-0.453046318797979
-0.32355509049695
-0.266997350874137
-0.536287141133618
-0.294133215904944
-0.423959558204708
-0.331707553420183
-0.258663914826215
-0.375415341526376
-0.504801003237032
-0.31084964938607
-0.333631415447508
-0.224756194576381
-0.289916898067602
-0.346283943541811
-0.366614868601522
-0.39441500862646
-0.574061573962683
-0.191853263786493
-0.263760580462598
-0.179847372644175
-0.252450791401177
-0.38783217580415
-0.389576875474515
-0.186411546342493
-0.453764750897786
-0.290446277316134
-0.275939725831545
-0.381161157596776
-0.417031103554781
-0.311038131655668
-0.389322994546398
-0.230465980561379
-0.294145377881182
-0.195991283958451
-0.342116615216473
-0.324972604014139
-0.233694423169208
-0.262873341210648
-0.309940570897127
-0.339540096441444
-0.430089686878969
-0.256719441449108
-0.0902041939204112
-0.108279225875902
-0.117761420678786
-0.202808668508972
-0.49330371764594
-0.205765625359759
-0.43144027562411
-0.293799138919505
-0.286849937029595
-0.222647107587369
-0.298141705884428
-0.294779204546998
-0.426302606400964
-0.226028063860456
-0.324151456400141
-0.232875878323701
-0.404714734100588
-0.274945792772675
-0.200250912210892
-0.274517083283058
-0.269703188595591
-0.417863975014604
-0.124266459843265
-0.0960993794158212
-0.24155957635621
-0.17131824112605
-0.144434000899682
-0.392459274985496
-0.327677386660597
-0.29517617483706
-0.217216399534642
-0.190384818873181
-0.289719839286683
-0.220023992039664
-0.183256888662094
-0.310808482939079
-0.0373611533769496
-0.254185271005216
-0.165302166169846
-0.213632248974645
-0.0975164940083017
0.0548910559625482
-0.32203021449617
-0.211044617501047
-0.170878722198012
-0.250961118934786
-0.210920225702986
-0.0765993966807994
-0.139132225935458
-0.318927843583088
-0.215376992757553
-0.245905277690519
-0.13332463171065
-0.261264687130847
-0.221097406613144
-0.262653171644575
-0.103041458460641
-0.125399246629208
-0.171167200217334
-0.170378410940454
-0.147635068677998
-0.10170271583398
-0.146166007537659
-0.23144364371559
-0.102726920094402
-0.281879395832928
-0.206854558508525
-0.15554100476478
-0.0663118055594756
-0.161060938829839
-0.296345112757734
-0.106986572153519
-0.143916723110427
-0.1737087177899
-0.0127661094023548
-0.0486066910016223
-0.184351415802667
-0.158377988370374
-0.189833660458452
-0.116915965371585
-0.278362894791852
-0.209946042291116
-0.154494456383344
-0.0820502712184218
-0.174031309558023
0.0115876079126114
-0.169326889214453
-0.0541103503040881
-0.123455154983627
-0.169286702810007
-0.0384665766318545
-0.165220625211084
0.0413352436541115
-0.0322119438083786
-0.161069886702483
-0.227383507703822
-0.0660723790494423
0.0268794099228678
-0.0478894322613755
-0.0111887874539223
-0.11751657621672
-0.0445784767305481
-0.022957763683403
-0.0432817606769191
-0.145183774758596
-0.0325186965547161
-0.173467923037905
-0.0107110278150017
-0.0951814225626633
-0.0735984102393168
-0.0627393914734846
-0.121129528626836
-0.147468870918339
-0.129234570770897
-0.0788042700810835
0.0192311874279386
0.04456289783694
0.0121000880708121
-0.0527281064938492
0.0622207647336865
-0.0366349443081657
-0.129977466657152
0.00243763609604535
-0.0523572351434218
-0.0123775446534024
-0.0838460729528261
-0.0338380781248864
0.0399460115333827
-0.0896977966254093
-0.0676847459074889
0.0457374098909529
-0.0652705107353144
0.0740176772918176
-0.0230912765077615
-0.00643814821610752
-0.132883477296937
-0.079410160895713
0.0366574884361213
-0.091639738705695
0.0410126590159482
0.129481734609744
-0.0879486339215253
-0.209907881238857
-0.0913811665477767
-0.000229051771500593
0.0311295061527503
0.0380269698541129
0.103444934697538
0.123057858537112
-0.0218723582401915
0.0466062130736025
-0.0595339006093485
-0.00451481266833933
0.133793456212909
-0.0236628101513503
-0.051735984373191
0.0494014828901976
0.0416714850498091
0.0236651634293522
0.102679112128027
0.0352942270712157
-0.1359408833316
0.00111713777838447
-0.0462427331436121
0.0503779456450511
0.0356264087173734
0.105646191883672
0.00719645759501357
-0.0653845403478087
-0.00713512413883695
-0.000875875275219415
-0.00866623592086379
0.0560579138622559
0.111159844256441
0.018035034109976
0.126784004147093
-0.071592346104716
0.038816224758399
0.137153079938625
0.151261655599965
0.0766317534775337
0.159678680380792
-0.0582007569035485
0.0950909509207927
0.0146575676079176
0.131323941082437
0.0886098160268574
0.0431152930041844
0.079578508805204
-0.0630268353246419
0.0422086593956252
0.00140048737918199
0.191362116841002
-0.0165007847702366
-0.0051211881336972
0.01810496126689
0.0247919690525445
0.190004557731546
0.161148827939532
0.106736393703572
0.0598592587053143
0.216627472949387
0.121627329956033
0.14230820453334
0.13197262602071
0.130359654324902
0.127125703958093
0.147910594982917
0.17500109674878
0.158720178155903
0.325659074858756
0.0916261829624124
0.11796322194545
-0.0698290110156388
0.0311814346286917
0.23398670576198
0.152076987860251
0.271346636228662
0.175564447985183
0.0302144848146875
0.172401367810458
0.122137791967769
0.130421752085826
0.238713278332439
0.202841102546915
0.0600832512362974
0.0744695311217166
0.127687934889782
0.278209801324567
0.0616890623346016
0.103800114782832
0.130853581480896
0.257157953202675
0.204052661302947
0.289124133235836
0.0571495608445164
0.341124499679298
0.269028618810896
0.138132218015327
0.172735184387488
0.223640108742952
0.207924338614822
0.0802398697067727
0.219162772054971
0.134737483452391
0.213670632388249
0.120661213322465
0.194767413845745
0.0959130879115743
0.30845238339546
0.325572342993039
0.228628141637362
0.299278590727853
0.341559908696055
0.160745015213091
0.292395621502868
0.168369842293998
0.304738636575703
0.343830325854811
0.20543645599199
0.156876079027087
0.0868571551327243
0.294035456261588
0.21130336906443
0.264698537579934
0.226717652493371
0.193902355894785
0.236212750810704
0.151143152139898
0.12418502905723
0.305612247591526
0.266076175370925
0.281376109328221
0.384847839128975
0.291571863902328
0.308924404519855
0.254218473330133
0.265835817435028
0.257325187143165
0.301137977820672
0.294233975341784
0.356808434783543
0.321869014599685
0.400560148862404
0.161035197456095
0.348597026739334
0.334683878090177
0.269220934411085
0.327459998934464
0.248679489457793
0.298939535553573
0.342654614853747
0.287817963873557
0.352713144815592
0.250932227827517
0.277157998473126
0.308560783502507
0.368234379791109
0.397427551527258
0.275352575858197
0.264066237051678
0.371328826750431
0.340399495988591
0.262283501677911
0.28262925910081
0.314856467680559
0.209116483147868
0.320402147084892
0.347583978801993
0.375343516414483
0.468771539552347
0.356627041106528
0.366420328534398
0.301644845196936
0.274138498954566
0.226638406133483
0.425113927097841
0.340885772858311
0.228334612106738
0.37797310496886
0.374369001053594
0.246676228145833
0.390723885518265
0.400399274746018
0.333967947331464
0.236831301500783
0.380793127425903
0.457165675489634
0.331086071299461
0.232317752295349
0.300840836902121
0.321621380571257
0.340085866761763
0.477675496102849
0.521027545761724
0.272377473515568
0.366595141189011
0.203153574884205
0.496386865805895
0.355656101208589
0.309788043930043
0.391137120251307
0.409323896015115
0.35252712513472
0.531376920723198
0.296747402665687
0.524831626200084
0.423312745406336
0.366436712546702
0.463556565280137
0.480531415830057
0.217958762641429
0.401511733308466
0.442721437122986
0.44861884471923
0.44685523466965
0.596262880451625
0.359027354820482
0.431867428710783
0.412390075999701
0.385609547685985
0.487173349660982
0.430918955214434
0.353858320768078
0.402870995945808
0.2342199741538
0.485688847372215
0.419587950948455
0.427102401915958
0.398887322472527
0.401822241565889
0.541239386634783
0.352943476948048
0.317168759415168
0.365441316788361
0.322487440599331
0.448748696474922
0.372611779572347
0.272575319914052
0.456216677557597
0.515811829256308
0.400785980544234
0.528670411159619
0.50243669239268
0.554059187765365
0.493990752103954
0.456708703628749
0.630088772632293
0.386843378419737
0.555706799869323
0.574634282259586
0.469242287234607
0.466260436134238
0.442428328338795
0.559226941979763
0.503627415435303
0.576777266616483
0.450634861264296
0.583243513956794
0.543606547945468
0.550492549474088
0.517202669776285
0.607430479266715
0.654701797747198
0.618660522949521
0.491863563844854
0.511113737881277
0.520846151645285
0.423927446143722
0.634120142608976
0.595218208829376
0.688385019599612
0.597585482841201
0.460414650608437
0.478193880099893
0.66366993637479
0.501840354294327
0.381371592461799
0.584029693247031
0.556687136063432
0.606126886670207
0.492166838867593
0.623741290144328
0.709785705312737
0.49691578638904
0.587769418743303
0.409539290234581
0.479873829172288
0.68938039087323
0.688273938898055
0.666553773548392
0.581490418766323
0.674799229641215
0.59096399752197
0.760322395756345
0.57553191865241
0.461695873899562
0.463127164141906
0.538189981000991
0.472538202501886
0.672064909629132
0.533864274649131
0.436003563745953
0.678364323596142
0.457443741185041
0.602948902302739
0.512464287209667
0.590528540406881
0.610251886751466
0.518833321052192
0.752817314199699
0.5770190381629
0.608086265856766
0.705708912072253
0.619295868552318
0.57590667274437
0.613025496930769
0.531176740167387
0.651727116391613
0.540015112871702
0.597757878393726
0.696154652024571
0.526411991745671
0.671154330282702
0.534345063440499
0.685703120570844
0.680272514174864
0.729761807338203
0.70845363398303
0.795271415159221
0.682833609177073
0.638204039132264
0.731892113026605
0.683422477822328
0.732015274293543
0.624687864875604
0.769181626108799
0.626666321890278
0.689083867140003
0.696538200151037
0.707140366944815
0.848501178408098
0.743727046211099
0.694136979987507
0.636377144961132
0.710639603340584
0.609122211085193
0.639088942581186
0.656148775209357
0.677064031404617
0.744106737102716
0.737392741390077
0.528435098043775
0.698497331895795
0.649009153630784
0.726765521220499
0.813647949430248
0.625968831233377
0.794505679363603
0.759191187552741
0.878086940061035
0.680445713141836
0.70016751757359
0.603073191121374
0.749608794902894
0.672531241713897
0.824501347081858
0.671435212701337
0.735262074776863
0.783281476176187
0.794340542813774
0.702597136044452
0.738884023158287
0.805428400128363
0.698429818938099
0.758458396868694
0.739222715527329
0.738546113764201
0.809228672664176
0.704646755637102
0.834728000707403
0.701551152885312
0.760588990862618
0.633155900551731
0.683596864985919
0.693015458252779
0.793291937822325
0.848677239726689
0.854776286041102
0.696061846460688
0.748201995009651
0.701444999703848
0.854151446209366
0.691007064972243
0.774698499251332
0.772010764001038
0.691685078114618
0.746435943361476
0.72088225249372
0.634704280687686
0.904540744195351
0.667810593515649
0.763058503864821
0.83913739402624
0.742846315799679
0.723207705537074
0.723299303411002
0.779505037544045
0.715446232211566
0.920281148152851
0.91610233090397
0.708178997442529
0.917129439344853
0.872804590085342
0.969179519949494
1.01197155628988
0.813445642408887
0.79815703075411
0.742651130460734
0.829952037421061
0.803657067983152
0.837040050076288
0.801973214398706
0.986799818138486
0.78912477720771
0.777244055843358
0.804852101308923
0.899921407281704
0.820673991306179
0.862921764841107
0.824306998559809
0.921844130779782
0.883144254075874
0.832594123274104
0.77694636540314
0.809209454706723
0.802496151957409
0.818904443409943
0.810731398003307
0.809586534824332
0.921522617177
0.916898126414198
1.00994119382646
0.780344556456642
1.01642265316432
0.728617726528648
0.957082180585296
1.00716021311318
0.921926371927603
0.993208172800834
1.03144927452929
0.861735792570343
0.849672796423352
0.964386985622372
0.903609270733989
0.94418866948736
1.03862849787149
1.01238181843447
0.897715288904023
0.881080130286966
1.07759233239191
0.937436010321271
0.961515556571167
0.953681121433774
0.941353870900873
0.920884004011741
0.938799753698679
0.86233140153852
1.00677752135261
0.849569233978619
0.91050871952779
0.936154715512147
0.898870453956547
0.896409068514757
0.880304006771764
0.767023954177532
0.828160395865417
0.921279610557597
0.987924257707631
0.924694010375145
1.02933271238058
0.96743104011574
1.0707352588851
0.939538924155318
0.990834226449388
1.01862367909069
1.0281974728975
1.0016938915923
0.888503643077677
0.945727884404003
0.941851711384921
0.960652814502301
0.918308898512259
1.05446997193753
1.07213285232527
0.84804569911542
0.93106445261926
0.968820328415985
0.922342262092971
1.036809534652
0.962014593414911
0.978858192829839
1.12103293538668
0.941624961423319
1.12994823593435
