-0.905252360235019
-1.10884331252081
-0.986787418684735
-0.910735240573533
-0.952139042097149
-1.00876760451086
-0.984520384382333
-1.04665817034361
-0.975382559981761
-0.894798159126655
-1.04581628272468
-1.13538406507081
-1.01965105894767
-0.938696161036895
-0.945757295649136
-0.921808989538893
-0.90941285370541
-1.08031924947458
-0.984905496712713
-0.740317608745993
-1.08964290458115
-1.00723208578835
-0.850495938674227
-0.877135795314338
-1.00037188007909
-1.00506982524982
-0.900850801781283
-0.80867031496956
-0.977930142178342
-0.998104379309256
-0.814902164693132
-0.865551872997037
-0.952649259205296
-0.927628203998583
-0.971995066340385
-1.1156269600579
-0.796782651916564
-0.979259039604914
-0.795666994377824
-0.88488002367696
-0.911538481653851
-0.931646216361449
-0.946681743491293
-0.8555486732745
-1.00542980524711
-0.939882637303895
-0.841671259794997
-0.921878212869154
-1.06923757780751
-1.00165301077498
-0.890071707524086
-0.916731539841873
-0.839830841897014
-0.938364221552218
-0.753736215938587
-0.832301297965608
-0.82403507017177
-0.883348754207387
-0.902109256845838
-0.860887951670515
-0.861632507568134
-0.863435730689651
-0.865804237741278
-0.92731050660023
-0.778325802209563
-0.94631533556998
-0.861294069135863
-0.890259890139907
-0.775769684412556
-0.793041610979311
-0.766259095945835
-0.743299068530723
-0.689821928250469
-0.901492664485757
-0.845966987083861
-0.815605341992645
-0.864284835802779
-0.697004873774005
-0.954588894524988
-0.743878364852761
-0.863928259999272
-0.817525612447014
-0.826910931406994
-0.755817306221799
-0.836641228640606
-0.778347168035984
-0.94734441758914
-0.842751169239067
-0.730094454942596
-0.647043491862571
-0.846681821399484
-0.715218648724441
-0.701029458764291
-0.890362033895873
-0.78990417594099
-0.979984296112693
-0.714977042352441
-0.801400149761718
-0.728945460063184
-0.762045557287028
-0.717630742140024
-0.845479700812065
-0.703177186675273
-0.899392620829289
-0.762202686969648
-0.733750759844252
-0.650189042679668
-0.673115005810915
-0.858571570424919
-0.902330580455597
-0.672140352114468
-0.821177265455677
-0.660858795759929
-0.741695725429409
-0.834295657719639
-0.774763699304532
-0.745252005359245
-0.740924167332193
-0.604939876642304
-0.624249249599652
-0.588354518850216
-0.674104587473052
-0.758784280633736
-0.726527042672221
-0.837552260155804
-0.777833463589758
-0.55753008162502
-0.742565230471406
-0.758249724492486
-0.613382634384347
-0.745378981626809
-0.814773032032128
-0.562156456939488
-0.862982695092129
-0.715200537696276
-0.710848212949584
-0.767492794013427
-0.662539372227079
-0.776583280794623
-0.828434261990996
-0.787000871017592
-0.730774658422396
-0.7736325976257
-0.7637138370403
-0.748166042169663
-0.718919965045392
-0.713687446048657
-0.709933911549386
-0.787667786336094
-0.703910414254364
-0.586622589920754
-0.760773370187985
-0.642313625283153
-0.621527691431051
-0.586072155168122
-0.510826289822882
-0.64711522722488
-0.641899926512778
-0.559452999348642
-0.616493245204994
-0.720252790749474
-0.666432019119844
-0.701069641653722
-0.818161862276273
-0.672460775225389
-0.537044828106796
-0.765736352878589
-0.684982129758556
-0.728063197504203
-0.748799607847941
-0.656644461430094
-0.718915854450148
-0.718366233916801
-0.723544412202224
-0.703326600800451
-0.698585344465146
-0.701999148698344
-0.660281895135675
-0.757131868967295
-0.73625790107697
-0.436102881878674
-0.515390625587541
-0.511062267388747
-0.526893955703591
-0.730773149157628
-0.592278466288163
-0.482232761751982
-0.573320588800766
-0.659995645274126
-0.789991356706896
-0.658149057258148
-0.655794095127954
-0.642720929677782
-0.558427177713017
-0.599075398378468
-0.814553018806177
-0.526608876215048
-0.665019419863113
-0.614362757297515
-0.693463547148072
-0.647040678918376
-0.726988127004299
-0.603011132577432
-0.675331869249847
-0.713194256619274
-0.641158858396444
-0.554521244236996
-0.537948594616341
-0.708422823684058
-0.469877946841696
-0.629787963074661
-0.413518743713023
-0.521737741684689
-0.700374141392514
-0.505617347200137
-0.549426514850536
-0.525050826886722
-0.599955975037813
-0.642826082545297
-0.523443269165934
-0.692947290128292
-0.485168193291495
-0.589359204915117
-0.57669108447346
-0.636328584182207
-0.493255967928411
-0.489052031820678
-0.520662537892229
-0.511209796225561
-0.630481649863624
-0.457667101916078
-0.606563140239814
-0.687794016714674
-0.55344727858098
-0.519824952890745
-0.517684664485863
-0.539260728640118
-0.539505862637515
-0.55580213917811
-0.476782896704352
-0.458477331914662
-0.585731670009058
-0.599273138110877
-0.64392396469583
-0.71933444599593
-0.516452571372197
-0.462947180734591
-0.494060798270653
-0.494957840645444
-0.452065490356248
-0.347953124154969
-0.528088730877082
-0.493434372285691
-0.577316236551892
-0.376713487758918
-0.552312839716965
-0.55905672625378
-0.562506038021133
-0.471854581332361
-0.501428976237992
-0.511661974926019
-0.377408966279617
-0.461195448058498
-0.567693059158551
-0.382876998376013
-0.368928005990526
-0.363743571687356
-0.416183041231422
-0.556950938328547
-0.50937977633915
-0.525085103332397
-0.378793511062738
-0.374068136990543
-0.395503074998009
-0.541554777863263
-0.236372004598974
-0.435110818178726
-0.428877809581184
-0.415695671858142
-0.458951473417371
-0.385383439915791
-0.479378169092704
-0.370545297404182
-0.394590529330036
-0.357108235610995
-0.381406868360705
-0.390145521344324
-0.280381946970306
-0.554474232416885
-0.275549764579841
-0.414244982500142
-0.402371197244652
-0.391991802305503
-0.465389271801922
-0.292698366562836
-0.29955068575202
-0.421215422743131
-0.379912537355336
-0.351018929025613
-0.424520858711927
-0.174246316273335
-0.328923743916415
-0.478759260346185
-0.266114989173441
-0.280910143378928
-0.321982126110363
-0.421531866844932
-0.46739744418166
-0.386796662441588
-0.409112663538711
-0.49590951726134
-0.418848305112369
-0.354541327986374
-0.430687764962173
-0.416055228140425
-0.279072046109132
-0.325220087673247
-0.392352231593393
-0.280981959584363
-0.293928071624642
-0.424538332216175
-0.472930093089836
-0.449358373567085
-0.267223302536128
-0.231422550684086
-0.375260757091453
-0.294057741272001
-0.260434142111217
-0.346157255299779
-0.332522179685959
-0.337250812211298
-0.349713070807219
-0.251791005141089
-0.390261070363833
-0.373356904433799
-0.224342505548173
-0.28153713987471
-0.333655043971284
-0.313812272565473
-0.393863597877761
-0.364269456692924
-0.351209585201701
-0.250451665126068
-0.361525902937288
-0.334158016671735
-0.28563626715125
-0.194192378545144
-0.235516703605811
-0.316124664446023
-0.25291076733493
-0.252566529089929
-0.219360011412736
-0.32029897794386
-0.20984959313347
-0.221070589354479
-0.258559136961793
-0.392996805894882
-0.185000936299405
-0.316391285352722
-0.301916714857363
-0.19528957034376
-0.351960978043815
-0.254066845761544
-0.380969692367797
-0.335275021866462
-0.209651044732503
-0.321454561160371
-0.365244432969276
-0.289100770440575
-0.112404198928443
-0.214761952925317
-0.30671422785371
-0.107451273196073
-0.131079794758495
-0.358500359498094
-0.320018757337729
-0.166242508456845
-0.332742065264773
-0.277665614663552
-0.275959757554506
-0.348670362520523
-0.279759421656543
-0.267203303691712
-0.342021197988457
-0.182979453367287
-0.362468529593573
-0.181495347793293
-0.45550209705061
-0.260202241967317
-0.260978910026072
-0.217978049043681
-0.197849014290295
-0.142855624936259
-0.271590670613983
-0.287155011705778
-0.19188062147732
-0.165911783086685
-0.237896708800667
-0.163553874366142
-0.206335291096262
-0.213385446041711
-0.0366974501343092
-0.306436546843047
-0.198763370351803
-0.166462187023898
-0.22770265841921
-0.0695164276240511
-0.210779361593952
-0.273927457665991
-0.186459848872468
-0.191275734378401
-0.36041046416233
-0.206942497157861
-0.229081860498532
-0.245700464698816
-0.145468288587647
-0.215073529102891
-0.178451012959924
-0.107173581918612
-0.178172751025125
-0.186791636867653
-0.139720734851505
-0.169414376370066
-0.222076436009995
-0.252897022380564
-0.132183451553965
-0.0583197694797579
-0.0541815106934772
-0.0677585328940108
-0.238561562222422
-0.249259184736112
-0.0576828913407286
-0.194792108231926
-0.245131497048025
-0.109522793144813
0.0224570810300963
-0.299774934936524
-0.218736220291645
-0.161315069809364
-0.198763978715987
-0.155060264484824
-0.342337867556963
0.0497136927500298
-0.0847867634730276
-0.0834191205211217
-0.0590732079545829
-0.154419673302062
-0.164728660118034
-0.230711266016703
-0.0406890644447387
0.0405120604513069
-0.0181221120571943
-0.148963519703401
-0.23030766981632
-0.0428519137278951
-0.0807319534167582
-0.0181330608036513
-0.0868173118843383
-0.250193668378346
-0.136661984435844
-0.106756466377623
-0.178662143725178
0.0217874051376215
-0.152942132904841
-0.104471665256469
-0.128268931362695
-0.0172086542837929
-0.00456505540071402
-0.151912866891656
-0.0906239237652715
-0.0186193942347439
-0.151971803334449
-0.00389465590213578
0.0403692302916769
-0.10087974986236
-0.0848481742414348
0.000897460591300074
-0.0451320258110662
-0.210831912030993
0.000994647595716705
-0.0682727385733349
-0.076122179756198
0.115814799871643
0.0323880927878134
-0.0970177233799003
0.0112588853232891
0.111638339373396
-0.177767532656196
-0.00892427734721657
-0.0778178942037226
-0.0710106912648688
0.0584235816086031
-0.149773040491362
-0.169097280185358
0.0108692985440655
-0.123990838768533
-0.0501041826109002
-0.0440901121692568
-0.171455644320385
-0.103818211603486
-0.0479476750792964
-0.0696517804481686
-0.0224399251968666
0.0639572618322009
0.0384782260940008
-0.0348048329717533
0.116989540114625
-0.087598921964032
-0.0817979918476821
-0.0135073811268659
0.0737935381106836
-0.00678967001624838
-0.0953290584767745
-0.0126144345432332
0.101175203103928
0.10840118559776
0.0306852465724124
0.112077882449796
0.00597923154818871
0.00581754716120117
-0.0561892626938971
0.0629355413477716
-0.00972230414466973
-0.0797863539941986
0.257234774391955
0.1530475376211
0.107778921100499
-0.0156488349317125
0.0373265998422706
0.17122811150165
0.0617350401160195
0.012685519677493
-0.0343009190812203
0.0721419953841979
0.234340078470169
0.173436659993607
0.0150280905421922
0.0725262231852175
0.0648196110380914
0.132501292952696
0.0732891076638676
0.030912568219392
0.193416339132414
-0.0102157426740012
-0.0149263103266488
0.109092960405818
0.0739897160746729
-0.0953379852242466
0.00346592861969986
0.209914857620971
0.0958416619379684
0.161416094523464
0.0952124300361196
0.212246863896124
0.20912694361624
0.146638724036276
0.0528926754264993
-0.00226699928451632
0.129546198865273
0.0364094557646562
0.0865388924973156
0.156259010838459
0.139935354841916
0.120039519097638
0.147047538924331
0.0620446297740317
0.100124329377644
0.209549809536733
0.252446925812985
0.197639686741121
0.158077144655458
0.149570300661935
0.204807306643127
0.296787815536654
0.238435088853378
0.251237835338697
0.144771587640138
0.15647169052878
0.133236427258684
0.18386482846892
0.121149250895108
0.157557362534878
0.109803309928063
0.173580805477334
0.0894319204125351
0.197818162461131
0.0843514760118981
0.255421022743789
0.0223481878745855
0.35756276117894
0.103118206999179
0.25342355685175
0.145942745930241
0.225137258005998
0.26206272279324
0.156657640896399
0.150540979829446
0.290473368188402
0.237064919422532
0.0775684560721938
0.23400486760743
0.151805325096755
0.243110415202692
0.290600503779882
0.253416107836123
0.313492487696933
0.242661149875042
0.138748491951305
0.238944053164943
0.306241895525584
0.206472893474562
0.437363186921042
0.161831844970198
0.162340936317066
0.179886832989561
0.228758562721527
0.129139837972464
0.342869289486152
0.253008807988057
0.239237230331756
0.169605659319465
0.297983416971186
0.26875096792334
0.131460153402088
0.174977858760628
0.348044509704938
0.215251242542406
0.213194380771115
0.153343393520009
0.376639924134349
0.385983486946982
0.314125838901533
0.387764213801597
0.262168077770661
0.191280973973184
0.293677144982287
0.459353587500451
0.190610699362855
0.240876032857919
0.229138648405124
0.261660564621277
0.1548570700737
0.230290295390615
0.249622415038502
0.260784594562862
0.355330247460667
0.21350793203824
0.274606336456135
0.30489279833311
0.259961320046429
0.383788029350238
0.440414206485829
0.253301246013996
0.413121627138643
0.270954843235541
0.404162540394255
0.245237496947403
0.406829250639224
0.30890804245518
0.334290645358862
0.118530735366033
0.438883844240228
0.349085902556314
0.341459176860235
0.325626356341283
0.232593820173946
0.262763653949702
0.299649949831378
0.30029097043232
0.353099429157861
0.165414354037722
0.283796020417467
0.270202594320278
0.344653743960207
0.2979010200094
0.243817990074552
0.337206236051913
0.457761138087987
0.300709232336285
0.356114988963395
0.320284998307459
0.307163286431256
0.386079548357024
0.429540846298631
0.496902442012281
0.247609607972986
0.43023898023957
0.450457178952555
0.366948090988025
0.401250380527935
0.420671914225853
0.445097542789213
0.370467730227759
0.457045372898888
0.472326429941009
0.464952715857866
0.304084703415391
0.437975946308527
0.54040150939716
0.427334533020702
0.372426363594249
0.385487384958347
0.451377203287102
0.636074332503455
0.450100849989906
0.502582995348784
0.3550130656315
0.21164181424984
0.347962694323748
0.349038506206619
0.491149810147924
0.341066183986009
0.428687850342964
0.255651609061072
0.421351649946197
0.434807042939489
0.419216266599377
0.533569196622108
0.46991225142903
0.629043329964496
0.578836832858648
0.500138490674466
0.618866746972207
0.607218121520455
0.419157930655137
0.6110276615027
0.425090819595766
0.426105773701626
0.480633562154816
0.353860480281905
0.449539028491024
0.553229566924732
0.657495140772962
0.700789676799207
0.37386259064084
0.470758807040334
0.404166274124387
0.598566741973117
0.455700809063593
0.496568801519899
0.410551418151024
0.340318071939964
0.445000273728787
0.447475629037201
0.50555668304966
0.556548095215849
0.54532054685697
0.497559307544253
0.445258464355175
0.637514870603442
0.430022107487928
0.458127304229978
0.440705635588122
0.49876487473667
0.459356774479879
0.334920905708044
0.563165485242994
0.546270773456375
0.500559934981202
0.541792972340875
0.530121569065881
0.453782197548918
0.408792793904851
0.523397508677777
0.677923792672161
0.603176688345217
0.474360226057046
0.415350000019274
0.579033371813071
0.514501100815619
0.599859081251876
0.582480439199825
0.493658552767572
0.594807580828571
0.627576178178839
0.563969124185304
0.521478130430664
0.686077404555858
0.487998154479239
0.492996485314862
0.559342774565231
0.657839624149988
0.488484619510925
0.589803894129089
0.574044126649173
0.33044485895106
0.666077308825105
0.475975852966963
0.351105365578901
0.757595260216695
0.649010627648448
0.572687184416499
0.521933586880461
0.504625635771795
0.637300211945952
0.548832921558807
0.670076524002878
0.622007807339192
0.617558196100961
0.61811245840097
0.698790836586842
0.628326149584578
0.604985031843676
0.637137406186052
0.577711054757546
0.657238767537064
0.767253743770934
0.548046125570036
0.465039408009349
0.519368581577813
0.767889149499675
0.676256595785779
0.709327348660007
0.493886700396719
0.627654234508352
0.530345075535984
0.632718501565266
0.54419326536458
0.589515553849532
0.656772895302845
0.753417675549236
0.635320953331004
0.727770559949342
0.646803480483079
0.610250177087867
0.596918101596102
0.539256629676831
0.717239511263198
0.858795205517951
0.683987266770986
0.749928725756263
0.607366200127904
0.744438734648667
0.778406174831254
0.56946825655752
0.701537600823286
0.628333159123182
0.616734750409968
0.66299448936977
0.745414599933373
0.619023671502857
0.628907432267918
0.651373752641037
0.535777200603189
0.626105706509986
0.736322644985502
0.552437264497794
0.826107152949152
0.64849253940685
0.671806009938004
0.573079206337987
0.771574436228729
0.664104316382996
0.72958521834867
0.814054993391507
0.707263261488687
0.789219276669019
0.707018833090745
0.681950488545939
0.775199380926025
0.838256911469451
0.876391919598953
0.601269064432749
0.682120601819388
0.800121466224319
0.852786238117991
0.734601449058165
0.657947729250524
0.664424423473853
0.736633095374218
0.712348667440433
0.64459785665911
0.693543965686346
0.73147948187103
0.829661191168616
0.696597884759583
0.751800878354609
0.822140672523478
0.85145087530186
0.765830908077078
0.733983543515318
0.680006743080411
0.716846978590854
0.598705115839628
0.754085263865572
0.615383864479019
0.757556815682332
0.660512450383085
0.893925718273797
0.91481835664566
0.796688762428711
0.886238148549162
0.780489626168121
0.844116233834603
0.778518778610417
0.714885988917779
0.713211328069372
0.727507772976899
0.719716647567973
0.687888081274985
0.671907138662203
0.657570787252476
0.821198415679908
0.699084710582066
0.793526880436343
0.729477419737537
0.766464603782006
0.728861774161267
0.71590458072765
0.819091444003205
0.865554062700161
0.803185179297255
0.782942182488061
0.736177259257137
0.862416154028303
0.923252925986309
0.985791202849659
0.820019902773385
0.826447275057632
0.8932843647312
0.758810011781973
0.937287670003838
0.795232314402652
0.830266906788185
0.907169721669361
0.971351352313243
1.03997525676569
0.834445291578401
0.818862334789054
0.815710438772112
0.738457116239741
0.769193779996032
0.892389272918471
0.939069673272535
0.902895583181383
0.990323531748422
0.758350419925903
0.913124913345047
0.884895113506827
0.715987746649392
0.768294463670185
0.890197954647535
0.829576716543481
0.896554560045446
0.979316554033678
0.893404963402896
0.946970106402078
0.865808477258491
0.879470297578975
0.892323820048367
0.941639575390289
0.88026110492944
0.970831820737041
0.864360853919657
0.895534838494825
0.966715713119103
0.772995780124904
0.951364986136391
0.919370408468544
0.7271254836202
0.748368834688318
0.910219859079893
0.8274357819368
0.915945276705732
0.821565560314962
0.949098153928522
0.914135185574909
0.984280885083973
0.925842440884872
0.962013669384192
0.910422583467072
0.843382503675649
1.0605384604574
0.966727006906367
0.945951824789144
1.08194234042821
0.89258491899972
0.921124851656803
0.956465390169083
0.985401615403705
1.01932163552908
0.864690231215848
0.987286215642541
1.01767223039109
1.07986186778662
1.03078021877842
1.17380754411923
1.07257767510431
0.959762110106327
1.05635634230236
0.878332860028245
0.953633981969801
0.978604624437013
1.0653725559662
0.96025255587163
1.18012509893253
0.934064162537837
0.975106515499543
1.03928373637905
1.08016067138649
