-1.0880625034118
-1.04154304327565
-0.838517129973872
-0.920845846261942
-1.22227164668573
-1.0274238683376
-1.02506864820923
-1.11469201420976
-1.15707296449952
-1.06007173518172
-1.13691783869344
-0.873222592352106
-1.00861147449867
-0.918296932506357
-0.999548690711894
-1.02859038924075
-1.06488861004544
-1.09097628254102
-0.904397977596049
-1.02712018820213
-1.10179957429617
-0.941067120455194
-0.815315352677521
-0.925069688826856
-0.911354102250358
-0.975734046767728
-0.907356849997497
-0.949853769249659
-0.937990783784206
-0.855084353698664
-0.843462312515797
-1.11222286815923
-0.83723977581454
-0.811771251436188
-0.849558018211394
-1.00770753666446
-0.782946656663352
-1.07963346352228
-0.921167133914132
-0.764555397645828
-0.841244594582636
-0.834850537750318
-0.918036962199461
-0.793675283864923
-0.825347937641826
-0.986196935705586
-0.828024406775424
-0.89522589756235
-0.873600382639568
-0.858103946657731
-0.919665629812313
-0.946755899339756
-0.944630129024503
-0.925036089440149
-0.900465786053811
-0.939444523678289
-0.903302801699011
-0.88294208793007
-0.929527570475325
-1.01413533536561
-0.974461663878354
-0.818284538561783
-0.828761815342546
-0.896713165192654
-0.874726264932916
-0.776617095302043
-0.836298867558516
-0.840931797980103
-0.814844175008301
-0.85489223072867
-0.88120752918709
-0.929276232375786
-0.727128643145625
-0.770569831112949
-0.848634700766806
-0.860879228247353
-0.723565902140196
-0.966259654436708
-0.830581099632882
-0.811748783404311
-0.843806997132705
-0.916067063665459
-0.822450057356935
-0.862041293843263
-0.794937464968405
-0.771032702643623
-0.785311181511348
-0.966480104615063
-0.941881039554975
-0.873343963508651
-0.793720498396831
-0.877983308566955
-0.904085385032477
-0.769897045597285
-0.887607459253902
-0.909933856664624
-0.782498707579019
-0.931680908708053
-0.753980270215117
-0.761206452317837
-0.679975391425323
-0.955736908250115
-0.57444895057012
-0.811544932188086
-0.813210461485445
-0.748904458278705
-0.612434441256596
-0.755289007331446
-0.671568831700155
-0.592988117331934
-0.839277453161262
-0.689669374783436
-0.736983208069557
-0.748085160682822
-0.842199657868176
-0.698581588671914
-0.768623596524114
-0.728630353380818
-0.819868521423585
-0.674138585746367
-0.700117972150093
-0.727957938095722
-0.746678936970564
-0.832749513907894
-0.581888767359898
-0.871007584409012
-0.809491257006045
-0.724725369126404
-0.749945339061888
-0.906954228990225
-0.762362638309181
-0.71125567113956
-0.778436246060727
-0.637841000398654
-0.650284138213601
-0.622839000671328
-0.770953981100795
-0.701417213766699
-0.634161195282287
-0.657470670133482
-0.69126557999544
-0.608501370922958
-0.792687573362569
-0.747505550822165
-0.816725377220774
-0.645717189193196
-0.546276313597766
-0.66032936360475
-0.687277813019181
-0.655032449047674
-0.615668997311853
-0.723501029630098
-0.693264268238903
-0.675528382144809
-0.630745257396377
-0.73721999661459
-0.768703113239551
-0.708656321088961
-0.692527051521548
-0.751865288756589
-0.69372571621715
-0.838426657769538
-0.718917450321384
-0.654417758727774
-0.614863540576696
-0.587198392312437
-0.551246713867218
-0.657638131860707
-0.630265091603258
-0.678394779191811
-0.746266130207154
-0.752558882952571
-0.672754430590892
-0.800989136665153
-0.744507957848837
-0.502000388043976
-0.636856839182745
-0.662965354822459
-0.703568481507558
-0.678962059972467
-0.640019316080813
-0.707529872502225
-0.675428264022606
-0.645394212208052
-0.524931041878297
-0.605214181159617
-0.712675632771841
-0.711729076430279
-0.577971338195099
-0.707104944709796
-0.763098419615148
-0.608044814557233
-0.59446544383474
-0.587786204431935
-0.668056014819679
-0.628612742528629
-0.6780717415903
-0.297008527498685
-0.653804973311362
-0.673325607818407
-0.526450475067997
-0.561232435625894
-0.63780081792875
-0.520657846108072
-0.679347457567585
-0.619853133691304
-0.761061755032531
-0.651922456204659
-0.606024486456195
-0.527471592443235
-0.583122259849056
-0.512263268716345
-0.417133870671269
-0.503866569445058
-0.518030888685583
-0.536428080586335
-0.721058897210233
-0.631885081343097
-0.496014514859742
-0.60495402256367
-0.507153861889117
-0.520276141092617
-0.593267951204614
-0.484000247086608
-0.618110305336193
-0.607905307228305
-0.588970747587907
-0.502334942180002
-0.490579350927606
-0.620270180792748
-0.517033829982276
-0.511647661342262
-0.526577598853502
-0.584866770149012
-0.575727034505631
-0.432660564286395
-0.456456701950199
-0.553150951567441
-0.549353982387795
-0.631977347101218
-0.481243395673451
-0.398733802347579
-0.549326533502688
-0.320391024406394
-0.566120545776573
-0.552835603980534
-0.541142637457224
-0.570733103990159
-0.30428496574659
-0.54913245733561
-0.461551080699647
-0.469526424634644
-0.504518692735438
-0.499847009318897
-0.366150998553703
-0.432529626228272
-0.48465768940953
-0.376527794598342
-0.581359241643541
-0.455949791377939
-0.447804128586645
-0.433927122303179
-0.561282773919307
-0.41255764257427
-0.527269747795886
-0.563220653889022
-0.534117886191831
-0.498297010443088
-0.489838160026665
-0.600407262620307
-0.499259671086977
-0.474448199583666
-0.456248674827975
-0.447314723124342
-0.480268436554941
-0.664628592543245
-0.587672124676053
-0.23930991870306
-0.537040189084753
-0.351664963049189
-0.413323826381081
-0.507884222610595
-0.467291111798936
-0.367001252605246
-0.381181362737332
-0.421996324322606
-0.517664367060977
-0.468387469732608
-0.374276736315012
-0.364253302438227
-0.460191656416936
-0.31359006245513
-0.409450600379197
-0.50130706867498
-0.457760962302114
-0.492211782353857
-0.482117558695032
-0.26941299029711
-0.415235102244197
-0.392440810824442
-0.41746917218604
-0.406356917121263
-0.426207211890031
-0.374055038496206
-0.513614665958907
-0.55964083129171
-0.502983057811186
-0.362019978726421
-0.369972232855713
-0.376042023224517
-0.400187558430022
-0.297315700343529
-0.452852582756042
-0.28778007998668
-0.265522820199337
-0.55626356621425
-0.288222841063989
-0.407725851432568
-0.337530046444947
-0.256439592404465
-0.374567092843852
-0.482137023911099
-0.30289601868975
-0.348619496862354
-0.219316820647507
-0.271018347626958
-0.352171909885211
-0.380484971947509
-0.407949366578293
-0.585820071648621
-0.195358200239347
-0.262551188790713
-0.177533621868731
-0.261701464515667
-0.392330286353049
-0.375770325603582
-0.174076243290402
-0.444715881874527
-0.280282502879435
-0.295236663583749
-0.388276785277527
-0.400045743147766
-0.328629263797746
-0.399964476189839
-0.21837962365933
-0.291739672007208
-0.216079177536432
-0.328256628668267
-0.340780784619974
-0.226382782233469
-0.278385106948718
-0.298828485900078
-0.320793298205634
-0.404342220199343
-0.238596347068678
-0.100247837616634
-0.11772164891949
-0.130759876773997
-0.217255655964966
-0.506937075461689
-0.215795535572216
-0.439473553416983
-0.296061527961207
-0.315546028409711
-0.226023239234212
-0.29932024131966
-0.290420861996351
-0.417172856609356
-0.203458995040983
-0.346020144052464
-0.2253607285251
-0.404706609889279
-0.279980132687773
-0.210612212209833
-0.281963720673667
-0.268924324675651
-0.417086693974126
-0.121294201195774
-0.120350279030684
-0.230799282110949
-0.180852275097872
-0.160485575291012
-0.402292768398129
-0.290673489856663
-0.290023385602416
-0.233061930670196
-0.190291719674066
-0.273745549140576
-0.216191510129715
-0.173418795027784
-0.296655331475236
-0.0523192944535312
-0.261423496201021
-0.18168792074438
-0.207018412504674
-0.104110546192005
0.0378985321744917
-0.323589555259264
-0.214569481119635
-0.180617509961918
-0.225843851341185
-0.222277635379374
-0.0856417538444631
-0.145090233175832
-0.326342554001604
-0.205775664892724
-0.219844258084455
-0.125904777090083
-0.266304163762455
-0.215423089191582
-0.262361441847877
-0.107683275962769
-0.111577300484843
-0.161778410322414
-0.191201697078812
-0.153834728442807
-0.0734110119412719
-0.148113013031764
-0.218223498751318
-0.10956792234632
-0.275905225971579
-0.176734994434373
-0.155361904852915
-0.0623475288498416
-0.135513902094556
-0.316056072064365
-0.0896343559405514
-0.147574023888564
-0.150962694207649
0.00521247654216122
-0.0235168574039184
-0.180084685898017
-0.15897551310066
-0.186177223300061
-0.110985497691995
-0.257157418986537
-0.210698907246113
-0.160764927495141
-0.114174956716049
-0.188058542050771
0.00825373850461325
-0.175465662953479
-0.0525946897777864
-0.117756820950597
-0.137492787868493
-0.0413832202304675
-0.168530816163421
0.0444346633246879
-0.06067253276708
-0.158017531208986
-0.238429270851006
-0.0471514852369334
0.0262929374430337
-0.0582540007964987
-0.0107501319134896
-0.101158831383893
-0.0502983715087215
-0.0299940406969122
-0.0231618827496876
-0.136453604178085
-0.0300651286281006
-0.17942617546966
-0.0214272701209701
-0.101928805736737
-0.09086847456663
-0.0655241207038017
-0.0783151400084018
-0.143365401317108
-0.133646542103711
-0.0495966510367209
0.0278349744517761
0.0343288133926444
-0.0208249908050793
-0.0570331205305829
0.0490000937638277
-0.0582166467372704
-0.131299411524619
-0.0114139671126322
-0.0909419747712681
-0.0547959559629011
-0.0873532705268988
-0.0252391546969227
0.0424582518718918
-0.0789384251465949
-0.0617072606328784
0.0509545023612653
-0.084282389892111
0.0939962007747812
-0.022139103376415
-0.00760955543996606
-0.131496896822073
-0.0742835041048654
0.0410303183725252
-0.0981966931752419
0.0480297060659508
0.107286867078901
-0.0752986007260428
-0.191145137874784
-0.104745700241537
0.0104078071083491
0.0252815137676882
0.0335430381969184
0.115484032375887
0.117033621162301
-0.0203685456011316
0.0329876725714218
-0.0769728600270658
0.00564434036519687
0.112873200539509
-0.0466577691214277
-0.0435179341382699
0.0451246758481294
0.0492255146108782
0.0349657198068087
0.0921135617696976
0.0243619822618971
-0.12653465303968
-0.0104290915751289
-0.0507123877577326
0.0477189375530594
0.0333457822913521
0.113304892223165
0.0236548971748203
-0.0739379033903658
0.00235151565319334
0.0112179872286536
0.00400825293361202
0.0536804307176117
0.0936032378723347
-0.000255337460602379
0.117901373103092
-0.0736179897755871
0.0208897658879133
0.153480040980692
0.143745232418751
0.0696079352056215
0.149893632529952
-0.0252582521545886
0.0997673931513389
0.021716601236108
0.128024754725653
0.0766836352179196
0.0202428081140933
0.0823006079757096
-0.0517766530018593
0.0348893121224556
0.0424986119520821
0.185452250003071
-0.00462829912607929
-0.0181962363335878
0.00514735209523986
0.0192659573340735
0.185481002337231
0.166842413284852
0.106299638069915
0.0599771290128148
0.200702928040799
0.0991168492322227
0.137409019502782
0.130065378089707
0.130485492602398
0.132559305824554
0.159323547970503
0.187254532689655
0.164844984855316
0.314677354988533
0.0973495271326101
0.138772202843488
-0.0870140266884166
0.0313851833709653
0.237577621625632
0.140060613134176
0.27300283625919
0.173503479889806
0.0410832494989384
0.172946521451422
0.12390728071716
0.11511839551026
0.24570855997662
0.225370799519564
0.0689794460847787
0.0655595494437252
0.124765559990472
0.291685634499414
0.0705052758260703
0.121501310612476
0.131835994448577
0.245011015396209
0.224640614199939
0.290734116365362
0.0646013846436444
0.341900513228248
0.286650140029259
0.116082951201773
0.174225616414168
0.224444884805505
0.202289203605114
0.090998985556498
0.220099622191336
0.139816027865199
0.206329573356732
0.124199116085973
0.219552754048115
0.0785522336103435
0.30422559461332
0.320809960577189
0.234562650205764
0.282395197644357
0.33894071752514
0.155317277892859
0.277426548893321
0.193668832205592
0.290206340640659
0.315494853237431
0.217970532305809
0.173682383022496
0.100136528075148
0.291320415347779
0.232846189862704
0.261459450948584
0.217275969553992
0.201737291214953
0.238316191268092
0.157670676160383
0.122632794062778
0.277566223924639
0.259046179920883
0.303260849954363
0.401931835973138
0.29376729297557
0.309760159265719
0.23431834998328
0.247099445519528
0.243913007420097
0.301656664284172
0.293227687051861
0.33215346222003
0.344171267385365
0.389519058073971
0.160848577757357
0.334614584150693
0.341433662576476
0.263104833266627
0.331393066273788
0.231401462133783
0.292913033498576
0.347985856855328
0.277500420835449
0.359455107527503
0.242393028998483
0.276184090418752
0.320159258557947
0.361286105563331
0.374633802947861
0.281301587520586
0.270560475896198
0.351992207853291
0.354870358465593
0.27728051709735
0.297738482447656
0.341312508682958
0.216688573010267
0.320534584526238
0.326198293304863
0.36183160100905
0.464646306316363
0.350955767177925
0.366041538746749
0.314493549260941
0.261299541814752
0.248394708844139
0.416937680989368
0.355871673109407
0.225803613721635
0.358532827009047
0.356244853470898
0.261918097604076
0.407122720597716
0.409347332485957
0.336507453728222
0.253916970609738
0.377677575968235
0.458206535651225
0.33446121642859
0.206509573576888
0.31751597440928
0.334737541662126
0.332664546638443
0.495405572250903
0.505782496465512
0.27817048926806
0.368423544379431
0.206726375739985
0.498170130063042
0.358493367697752
0.297022345276401
0.394288666221874
0.429143710944994
0.35050487692445
0.521251626224179
0.297129088288416
0.520846445013587
0.429566416333432
0.370591843495393
0.495928427300233
0.506627532171767
0.210844722176461
0.384221390525597
0.441160821390912
0.435329301653985
0.453705860205767
0.610602646063602
0.356378989422198
0.433083786912122
0.40413424477723
0.391149098560789
0.465857297612217
0.41919580360776
0.3692293930508
0.390828044303645
0.245310605150565
0.477456837199514
0.41767582462228
0.412672148426635
0.397697332959995
0.401594671671895
0.557724367614788
0.330617029097474
0.320026744578209
0.366144640417232
0.332876044063652
0.44613989945285
0.379391436424467
0.26256618826183
0.447513535027246
0.500391382455482
0.397548702968269
0.550825105806443
0.523456966220603
0.547339356923785
0.525086270087863
0.45375596191942
0.641427527911865
0.371665409833997
0.555705966119034
0.559417742309532
0.456742975694462
0.450183100957695
0.458011823431203
0.562247402720711
0.503609438947522
0.566602561027114
0.455184196681503
0.599551625757905
0.565044523545219
0.550047372054267
0.522263590532808
0.60746585664247
0.633406925534011
0.594566197146918
0.47688110999371
0.489687149417148
0.510107342521479
0.440668421071652
0.602641397057297
0.578088946429358
0.713450065845865
0.59319433244941
0.472714273509265
0.497025690023218
0.636248846098176
0.51947466195652
0.396462314940381
0.593585838127153
0.56419630829443
0.603534182809377
0.500554581834667
0.623561098741061
0.728046333612293
0.517769810054959
0.596539186358973
0.413269578814717
0.475815692256305
0.684484819089422
0.677618770095773
0.652819730991363
0.566182600933564
0.669441102694377
0.60208363597789
0.765219356085791
0.554310059786031
0.463337729672923
0.474410384392585
0.544784634120793
0.454200071701397
0.663482751730742
0.542484202402512
0.427418156474178
0.688550675390847
0.456581642728656
0.61117326827096
0.516641007459188
0.605577708851511
0.635447249703775
0.508131298322848
0.746798670333701
0.56832925249797
0.611914336425881
0.746210749091207
0.622460380688127
0.568798218787193
0.611151291487427
0.577494664363731
0.627030588312318
0.534368178045652
0.602085604345952
0.676071524098756
0.545843052713366
0.672828897062558
0.5482522164352
0.678109952185648
0.651377392540523
0.743774855937812
0.706700785168679
0.77100258060909
0.673476412607712
0.657480274237073
0.726327513609678
0.678171083729025
0.705974843971081
0.628244692369794
0.776553970150416
0.641977559792637
0.68812032197026
0.699676341842121
0.722572281485509
0.841803984057653
0.77757067847465
0.701016738404461
0.612263795020484
0.70245177853309
0.58744064171026
0.663079590118299
0.673941921262897
0.658412186490872
0.731737792999524
0.726938641416847
0.556271886267762
0.703256076522063
0.628681218917036
0.745597983933309
0.815169640684449
0.62566145512671
0.792964365838568
0.729001370420825
0.868223644077252
0.690143101486466
0.722085915698174
0.590541111870818
0.748757281085439
0.689865230438527
0.810574018555604
0.642478558284678
0.727047986164082
0.782117953440059
0.79670800220629
0.707718802583982
0.71317268153028
0.808674233112073
0.691947691736215
0.769040451751611
0.750263983689267
0.736546831688583
0.81679953640837
0.716812747659278
0.83089403782146
0.72078832072995
0.75800005769389
0.642514159094597
0.682571205630027
0.685990545746596
0.78773032659145
0.863077640722918
0.827086166475152
0.698602076775957
0.748898759957818
0.710919779738835
0.866688133686785
0.689453295563535
0.783139712028586
0.768245283790717
0.706004606841567
0.741107338340172
0.683607988746349
0.649778435695183
0.908674999592691
0.67948859037431
0.738983248710919
0.84064262278092
0.728250491243528
0.723366998786723
0.715631287411824
0.785346643948165
0.719850455064638
0.91616298651497
0.896642028233288
0.727117784291878
0.912845374380341
0.866883691468805
0.982251368791575
1.00798983446547
0.83193409657588
0.788215436420012
0.737599033879719
0.837769075509961
0.815804228448496
0.861821196953535
0.822641902945672
0.990975129609919
0.770495100688569
0.772621258486201
0.808992542067031
0.923368816065908
0.847768523398033
0.862289218151708
0.827560566831485
0.917706595696577
0.89746797820342
0.841387944070382
0.783609104732292
0.779224099486784
0.805280656998856
0.829675512865006
0.813463434401769
0.829136091121799
0.918599117145567
0.929966007750474
1.0251470350882
0.785861873538579
1.00443549956888
0.725522598443642
0.947735475361223
0.993659196301395
0.906815809796146
0.974181105208752
1.03657722411183
0.85993346360027
0.860951443160565
0.974350518068869
0.885420325537535
0.905169396071963
1.03796534391583
1.00814755123624
0.931220621803901
0.885620727557532
1.10752655555164
0.94672572635239
0.984652202941791
0.964225621997916
0.941888284979669
0.936044280014576
0.951593201079111
0.882147783405956
1.00333041696237
0.854005809719955
0.916724926021901
0.913701963806546
0.908663398967915
0.897473318300056
0.878593509326648
0.770275523617744
0.810603183982986
0.907790133941774
0.979571305374431
0.931362676667082
1.0501901829843
0.963095232533285
1.03644818386769
0.951794889551664
0.989279430048599
1.01766440952162
1.02247677544566
0.999344924952755
0.902357708430023
0.930488161156278
0.97644893867705
0.95799818079643
0.901829317463335
1.03540262761157
1.08508208397712
0.850326466943262
0.928866629415845
0.975037513796805
0.928091499494737
1.06183359461506
0.935518275005372
0.989037598051785
1.13138096124978
0.951080291777001
1.14946005871228
