-0.95191376250817
-1.00849594753364
-0.984898598423776
-1.00414728736862
-1.07223890488554
-1.08627613147593
-0.918309534066285
-0.913187078254101
-1.10476720040574
-0.792428991208636
-0.987740356824335
-1.02398525168969
-1.05810324670344
-1.00861134478476
-0.900889093317298
-0.925905209770647
-0.930925764621899
-1.0293341769397
-0.994294223368859
-0.93967885057108
-0.781757088610588
-0.952293132420007
-1.0625103098459
-0.920364091481351
-0.864214379196499
-0.882130647381529
-0.989993354873842
-0.963745381476452
-0.849164904862347
-0.904377566306743
-0.965360236465379
-1.08281676099244
-0.985764258328954
-0.956354726419926
-0.850340495473851
-0.838100448012074
-0.927022461889
-0.769499206934237
-0.93924933537599
-0.905216905423325
-0.767074711047588
-0.853883766106041
-1.05919839233463
-0.969276149444869
-0.907684706216667
-0.874527670871559
-0.964536908879029
-0.909397852167171
-0.935003603932493
-0.800187077782087
-0.93653862711362
-0.997164307294982
-0.929769596496565
-0.875423998558553
-0.918621646186701
-0.895471029376161
-0.825769711567211
-0.826549746213109
-0.958494325314094
-1.03205890752139
-0.845854470684056
-0.982078095389848
-0.782026275586353
-0.761772930713971
-0.80393531051332
-0.821709679648764
-1.0103299038901
-0.8414396813223
-0.833633859817758
-0.768253705965151
-0.891272130074161
-0.916412093365891
-0.987262443081274
-1.16537598264739
-0.848740034191032
-0.846596595177082
-0.901268701346341
-0.965500676474272
-0.762290452469108
-0.817210262909113
-0.781617613320249
-0.848876883474627
-0.937400788879965
-0.895005558076895
-0.62915241346913
-0.777561181154427
-0.924684494378679
-0.832630436919315
-0.891227971384224
-0.938002920367665
-0.908500832647473
-0.753507469655257
-0.870176444352759
-0.736649272670743
-0.787355536127301
-0.773115615288796
-0.848111535157601
-0.719698418400251
-0.774633299778632
-0.770108515586406
-0.679557604362196
-0.727907323737985
-0.930396224246817
-0.853648021330381
-0.902343241271679
-0.597075380804782
-0.733822426578591
-0.739930151596792
-0.841291785276625
-0.634440762161768
-0.602784528402665
-0.71742599370662
-0.774507603623543
-0.971604933674305
-0.915154614818614
-0.899957513525565
-0.7800353864678
-0.722159448883338
-0.838128648752741
-0.76087579846514
-0.65005493041837
-0.899024866036181
-0.689301310287332
-0.822081330921246
-0.786306785862411
-0.714581828544078
-0.830536311225349
-0.617354751325462
-0.77681405029942
-0.775338917450861
-0.752972704617795
-0.769811876170072
-0.851159958310676
-0.672195396030919
-0.679923373886582
-0.742293430562491
-0.729688034025299
-0.728228161972074
-0.76581622900696
-0.754819517097766
-0.778105078866941
-0.636316107446854
-0.729720452146196
-0.673343738235572
-0.678226799200088
-0.574421574598255
-0.720890082399787
-0.677556048314205
-0.782973313561048
-0.600824428242971
-0.716618427442523
-0.794534786738642
-0.557802386765325
-0.764527135583475
-0.616316778498063
-0.648747037560139
-0.858451635368619
-0.623845878317614
-0.672550553191425
-0.591663762881357
-0.661279053935986
-0.686362437712026
-0.56844819714568
-0.696193726632897
-0.585450115411059
-0.673519632631975
-0.686810770226822
-0.618623373695389
-0.710324067175098
-0.603681831256522
-0.732529324972437
-0.670664653705456
-0.586893929691686
-0.688129226251296
-0.563226171403135
-0.507405123472346
-0.623399007652782
-0.735567032973644
-0.796150742171106
-0.682037365196823
-0.643781130326098
-0.540835336969469
-0.533362847861729
-0.543090178863576
-0.628902931469777
-0.623911872307855
-0.658151382595937
-0.529177769623895
-0.589784388281711
-0.743407472106341
-0.547184954139124
-0.607905444201769
-0.625672707429826
-0.621810947023586
-0.44196191104546
-0.762338963836952
-0.577021048434074
-0.606065358440435
-0.738360471303393
-0.558475645154172
-0.496734597006687
-0.687871868940215
-0.446381082265098
-0.666318921076377
-0.543635949622459
-0.628422228905587
-0.38758461279277
-0.605847759130375
-0.611832629972378
-0.591541799437975
-0.594841002665043
-0.708951547153423
-0.539521788154467
-0.539454252162018
-0.59748366898232
-0.523660579529123
-0.592324619563504
-0.543693976319657
-0.583504608009919
-0.581721438127309
-0.749312775077215
-0.628771008448431
-0.577844799348769
-0.489409097739243
-0.594943250147174
-0.612175957094905
-0.506034236529766
-0.5434894067655
-0.633152735563503
-0.586047290592166
-0.494930543913767
-0.526419060807106
-0.596490261773251
-0.608287691111929
-0.569178800480483
-0.538983646321368
-0.498044027607927
-0.626555222170844
-0.412844809636313
-0.48056986372179
-0.526982815001682
-0.512252943034822
-0.54774570463712
-0.543489830921891
-0.571635765493866
-0.576970998151727
-0.507984007615637
-0.603288639339299
-0.552065266880332
-0.483985824753838
-0.436950220767365
-0.541165722708777
-0.417126370827227
-0.449550918456672
-0.413352044103193
-0.428633479970654
-0.512097448757073
-0.421151314950863
-0.516014057411079
-0.588576784791541
-0.462750993233303
-0.537475020481614
-0.52374031842049
-0.551087321310988
-0.385946520471938
-0.24527431619379
-0.401567695569454
-0.448541246989411
-0.586393524459963
-0.463435992567006
-0.620787634314064
-0.487767438062333
-0.451183254029751
-0.438788240180494
-0.408773719807008
-0.400787430908623
-0.610853153587629
-0.478371453919418
-0.408121897742222
-0.343696705076326
-0.490892607201839
-0.34288353778015
-0.463398426870108
-0.666714159165937
-0.348319439273922
-0.507288163774234
-0.445802555043683
-0.417783722993245
-0.397229550212229
-0.446859628598523
-0.448209540061108
-0.274859791211067
-0.444539381769536
-0.359615827592349
-0.433156546868295
-0.270518827553127
-0.297444755743328
-0.430506362741133
-0.329327372478867
-0.287257160045073
-0.435216983927553
-0.328088745040818
-0.334268501391109
-0.262353622690346
-0.332241834795042
-0.29190757789857
-0.444476426152832
-0.425528692391189
-0.297239692526487
-0.461528328339616
-0.329717878987023
-0.416650638424702
-0.423362817675116
-0.358840911063954
-0.356782149303883
-0.36067800492222
-0.394960855490446
-0.380714685388896
-0.309963644652065
-0.426383259976668
-0.260980268873569
-0.431381056082487
-0.373753169214839
-0.437315073134646
-0.274603063695926
-0.469749794175708
-0.474214080114453
-0.278686261769678
-0.365694251950481
-0.251576388636803
-0.371224874947587
-0.443502447321198
-0.253871589360407
-0.516566072331696
-0.321937530744837
-0.187873432922871
-0.276122170162949
-0.382629623230867
-0.237597195259483
-0.336539710826664
-0.105607191839824
-0.384098355854123
-0.21890765980008
-0.329280846320958
-0.407907694612924
-0.231155232324896
-0.306237537201731
-0.27369562245579
-0.328553990021196
-0.364296630631034
-0.0535093296705857
-0.386854334521693
-0.335142068693958
-0.346317782637641
-0.231752350939026
-0.225120956161998
-0.385287911875823
-0.18362679491951
-0.383385653198316
-0.363923470001379
-0.247946449715339
-0.260613393791305
-0.343988218106649
-0.153423698585964
-0.227637420024515
-0.243973936424011
-0.234527828339333
-0.23787069371666
-0.244576383243677
-0.343414747127705
-0.318855449907698
-0.233304643638738
-0.276211437767229
-0.223362177958822
-0.336174342051744
-0.177878067565837
-0.255250036078065
-0.300472415931965
-0.264367138706142
-0.431454105030038
-0.336671827974547
-0.153719020608538
-0.151685601639606
-0.175280237942749
-0.229492302618988
-0.358138500066653
-0.294218839730863
-0.285555766616945
-0.315306051236355
-0.160481987209266
-0.259803481375791
-0.266536518082877
-0.144615509287785
-0.102589877462226
-0.217551634521751
-0.345689439077182
-0.041971033903245
-0.161231706909705
-0.244923663747043
-0.374553683820433
-0.281302025416932
-0.267401080481137
-0.112456964314594
-0.220894438409578
-0.322004338278112
-0.190465910211694
-0.22063503365636
-0.210458519514563
-0.094264519596014
-0.168010365204786
-0.261935861417777
-0.146942449655149
-0.185808166106325
-0.13055079953508
-0.256661229724994
-0.308292401020765
-0.0553741931797431
-0.229582456100482
-0.155092228871029
-0.189760800715338
-0.282258196501826
-0.130249993219552
-0.239433911423963
-0.224141459495229
-0.0956174028274658
-0.113303186657038
-0.0721629584831191
-0.0941868035361637
-0.28962060120324
-0.113556224184866
-0.300919685955798
-0.0491335233610026
-0.112588985409584
-0.194676430502982
-0.164514981569363
-0.259302995042759
-0.206738755377742
-0.0688878352517275
-0.191998827614922
-0.139650322257048
-0.19422590917228
-0.16579268548121
-0.0621264539948208
-0.0558251773002542
-0.25014461876414
-0.0796153642768692
-0.12685650132079
-0.15755766799786
-0.171603862387587
-0.288065807545633
-0.141157647988389
-0.162056297377599
0.0169117621728884
-0.0994072711043832
-0.120411021997874
-0.0593874707620864
-0.107863631110922
0.0163185394261366
0.0876582549680514
-0.0672389267441358
-0.085181326536561
-0.0577057171595102
-0.190100399723028
-0.0354349130597595
-0.24239723603448
-0.0318808003671739
-0.112967469277686
-0.0852113267579846
-0.0265499665290099
-0.21692782653302
6.06739734511911e-05
-0.123933123317414
0.0597332954260634
-0.102134552459212
-0.0225399184236869
0.0619679099905378
-0.071143616598793
0.0359821367134196
0.0217562717606736
-0.034593112237272
0.0736326846585555
0.0888118772702154
-0.0460724309638754
-0.143154508401332
-0.126212408255313
0.0681090279297032
-0.076307864616515
-0.199208286231068
-0.115034221145659
0.0320840937879102
0.044367726663661
-0.102430395368605
-0.0660927733068335
0.0666463524842591
0.0659628117458194
0.0659896065025674
-0.0962290096004467
0.00307848875977527
0.0569121996837447
-0.0199228755264853
0.0690816629225818
0.0480973979464452
-0.0343385028723379
0.0719797053256903
0.0531524423081545
0.0500936594239162
-0.157249376060443
0.0120567290590067
0.0124545382571608
-0.163925514577261
0.0615732512615085
0.221071572001502
0.0784475301495136
-0.0255022366377118
0.0958612992215526
0.15259896208001
0.0736795580948349
-0.0084924935245587
-0.128766739915699
0.122462659723354
-0.0109269877442323
0.108891524359099
-0.046599744623211
0.0087315920407011
0.0875710671998341
0.0107698689813775
0.103064496197786
0.0434831660423838
0.0579957985253215
0.115437979621026
-0.0341507968230651
0.0764527181889973
0.175708580830016
-0.095100303655551
0.113534712755464
0.159392891999418
0.0286418291512624
0.00977713870208243
0.0789212643261196
0.1502021190864
0.102152796596594
-0.0763533686710009
0.0627867340402049
0.105020565962303
0.170355784553011
-0.0736077230315741
0.203688253193221
0.0858214514403466
-0.0640717781336512
0.108973367381436
0.152810378376495
0.209293662401693
0.141079901960121
0.0321800149866147
0.159190483003254
0.00623076740351663
0.205193429291103
0.137198394767781
0.108081688743281
0.0640265592657305
0.0731284500422323
0.0203508130229899
0.0850990877292191
0.110161746770553
0.110767949781946
-0.077505548781702
-0.0355024156228768
0.118883407294522
0.00491550526012011
0.0466261148209621
0.0365982909542799
0.26214126199625
0.225551433394177
0.204957121024826
0.292185424611956
0.117748484273777
0.0502604236689246
0.19862701985871
0.175925930937134
0.0978961365815633
0.0603194879838667
0.259339431926037
0.0264437754807657
0.313982844937382
0.161265774279181
0.263075991075674
0.299425975428403
0.235359101839033
0.120132028806687
0.256035293196708
0.23591519222357
0.175306757910439
0.307902048927993
0.0761335663441856
0.208020526143495
0.0865132088207521
0.119730825299811
0.0935610436218639
0.316118253672114
0.314882589002891
0.272705009984448
0.196867023560812
0.15661225787161
0.26114168975415
0.0854253752890532
0.307079894047111
0.220718622487711
0.298554311005364
0.178487936701809
0.0597305324694759
0.342192101965676
0.17010733338371
0.285248765998553
0.332133159878874
0.0665188974806384
0.257566751720339
0.2017362039688
0.0174961850020174
0.111823107243892
0.464813773298157
0.351296225246615
0.222316736889488
0.152277580141167
0.256988466585421
0.392324899890322
0.29398836209195
0.101240923301166
0.132736108435864
0.16772434698909
0.388684062132664
0.240506918641179
0.36330696120343
0.168310006062891
0.224408307178467
0.200810550148954
0.251286610337507
0.16884171083938
0.35345042423968
0.394548691878066
0.394734769910305
0.185202119741909
0.30461392598385
0.3473283577615
0.399461300930585
0.260926350901979
0.24641536461704
0.345917805241883
0.258847931912626
0.305654746865365
0.214482561172637
0.212079158481596
0.471945022454153
0.38180312220837
0.255487088039935
0.271116575483446
0.326324019849958
0.297652336481396
0.408438665162637
0.240713101093563
0.373405473650391
0.409822206646163
0.422495633793717
0.302431936584118
0.417594247104567
0.429254721496657
0.208778775730457
0.297506856473617
0.373581669447039
0.282777496751354
0.100470025456737
0.326936180034425
0.301573776873922
0.318876591771288
0.221761920813435
0.395601108073529
0.26768192389264
0.325437778234292
0.420171161582912
0.356167972093909
0.177695273271145
0.323132280900816
0.414097697684015
0.340862672994864
0.382139012313488
0.309090124717109
0.333010057476324
0.28033849137417
0.334075705153378
0.336103296734354
0.516687383496521
0.377016884778707
0.397670918065819
0.339251779513078
0.404885848281784
0.285920928779264
0.323494187375518
0.235168961150178
0.275136313684976
0.362379064885779
0.356424647367219
0.296570992846465
0.255052310313732
0.535919456153285
0.319063222614097
0.279930912252877
0.398147654752945
0.314215672298652
0.262815881177176
0.546842512616187
0.491502237902779
0.469048762703199
0.477163228770432
0.385501112641797
0.272132413944988
0.436580864367144
0.497461100057038
0.408566439294094
0.423059381756787
0.444255891620506
0.321673720556251
0.385811636524495
0.524784357379206
0.427947899692764
0.373004870654948
0.374420287231322
0.426229531407527
0.454327750905618
0.511836067800099
0.345671954342836
0.568170603958423
0.505583478797341
0.491697799693507
0.432423690577135
0.518934731245732
0.46770665142899
0.453908727696092
0.456316348033338
0.361745040652335
0.438685111004909
0.51637713539841
0.477452732718433
0.507570678959028
0.545928730350609
0.493434807224906
0.477203392338804
0.490013992878992
0.463676147805021
0.467971571833324
0.490190255394277
0.494062317459913
0.523989839044162
0.654531030447529
0.577839725094042
0.503521829569634
0.491062982644253
0.529263778193124
0.566438480760446
0.531973884666532
0.536814519428592
0.529952822139455
0.602013917478291
0.537147914320665
0.534983917514602
0.521924092779522
0.550586536331484
0.473056043051077
0.52318833163413
0.683405817363097
0.481143530895738
0.495447769796109
0.497305407153285
0.626600730094663
0.571715721609347
0.612653848560741
0.60047958113487
0.631562331590582
0.490234502563837
0.637489944461821
0.58552227197088
0.678280045650326
0.42531209807382
0.561690602218195
0.828206346939256
0.547061404288288
0.645733913433603
0.610928452730423
0.74312159932808
0.502480956682616
0.569149842047239
0.589190654844936
0.532238114368126
0.627565555943251
0.669440079997233
0.57706420039749
0.696549571061155
0.63344776436525
0.640462366505999
0.689620797574447
0.642239939207653
0.459251342800689
0.490720174033088
0.575952261105098
0.582754922648629
0.688919127550669
0.575656225052553
0.685972571197961
0.589298733055678
0.46141634995988
0.681784613956852
0.648947050350874
0.597927724998386
0.600240706127065
0.615370693296459
0.533534327762458
0.404508204237979
0.586585428234013
0.596113937578489
0.496951833536586
0.570792958777431
0.625115420700672
0.567275170408526
0.565088956453697
0.617425403444383
0.707808399708795
0.673324044837913
0.576915304447675
0.492831521283034
0.722857642684906
0.679166443846506
0.532677672519879
0.471079960887301
0.6982218445484
0.497072740762186
0.80669192133365
0.586653795284827
0.740265127395242
0.799305155057238
0.725780549262263
0.621868983589003
0.716793282740307
0.743991137368343
0.731857862591634
0.72433824072244
0.732907474935861
0.619649547524283
0.641707622146341
0.552627771298081
0.642451077653648
0.488532905827936
0.750001118752672
0.698918618149688
0.680380951397753
0.598955159039566
0.557427548422879
0.737928397166487
0.730085572663889
0.741134565062293
0.673259083841844
0.570037393787495
0.694757733047204
0.688405525785694
0.71831940798016
0.771874495009504
0.703104937775121
0.780227702285196
0.786167300141014
0.768642234103531
0.852370111334961
0.673339073307369
0.763010111244645
0.863730041346537
0.784562137595009
0.76816870129888
0.682880220540181
0.693562264796599
0.687406458107252
0.870088636142175
0.805842158342837
0.826442565495532
0.849245388774717
0.732263231155949
0.749138583803517
0.804069646848806
0.649339228188229
0.795193462119941
0.80837872816178
0.793315700130907
0.818528512798588
0.807486298933031
0.6880807227644
0.768118024611029
0.913441774418689
0.59177272372373
0.62539221452292
0.652582952315425
0.890009015380849
0.882600877326941
0.858798382981561
0.782859083312522
0.874930583817943
0.748344037362192
0.743674873517233
0.86541911548147
0.661930761033011
0.616450520630981
0.834279972357684
0.853402457411414
0.820906048369891
0.75424251493368
0.844420093687351
0.886555837059312
0.846503525123065
0.751112174328413
0.712597816298482
0.826896082257937
0.916073673600698
0.871146183942564
0.776370219168306
0.847534945367974
0.892322313545635
0.743824468704883
0.830814233449507
0.713785781675378
0.8865665257738
0.849195855494414
0.953791520039893
0.710887656469124
0.870058406688674
0.823735001576362
0.903067710576135
0.672713901336065
0.935624544298534
0.887805880250997
0.734276352212164
1.12208786782935
0.79462336828229
0.92478480633848
1.00488977293913
0.922630294899246
0.894465952604153
0.868641305460169
0.884228869616772
0.827581435887474
0.888449368487799
0.910040579752412
0.948401695801352
0.794464557139813
0.707459546548713
0.924415679104124
0.765342095273837
1.12055216784986
0.973210108436141
0.844431816655076
0.803235980534794
0.89906313563515
1.03892506402134
0.86323477006726
0.890769021713806
0.948095880206119
0.803481185775143
0.788227694225648
0.946679678735069
0.75250242000794
0.943245367511591
0.936755300553869
1.01852870105516
0.95312670637535
0.95408809534326
0.969110091548858
0.925142088837992
0.834451777327393
0.977720264152908
0.828206623484755
0.988825889505805
0.805595158102481
1.00362851290515
1.12454126755045
1.00443398231373
0.875093215943781
0.766617641943679
0.920089592968131
1.01296025997358
0.992019570195606
1.05682740546453
1.02548186849444
0.949934021893214
1.01428479243943
0.890274290178016
1.03304315698692
1.13339602147754
0.994055881618168
0.997732480692105
1.0341071694766
1.09929980012023
1.10644410359443
1.03460513070052
0.999038548709156
1.09285119886107
0.919758736491563
1.0676620983171
