-0.857923070124598
-0.972562747250228
-1.03742174732763
-0.929506966607175
-0.800926369645007
-1.00822653158582
-0.925241104267807
-0.964677416847545
-0.985653900908534
-1.13026050128324
-1.03609204461471
-1.13799206867174
-1.06563821392748
-0.959462978373719
-0.881747805695647
-0.998106586345558
-0.956009305186321
-0.910740483683635
-0.955575919360568
-0.836423975803289
-0.844112450396862
-0.954320870260372
-0.906325015561263
-0.893934049232536
-0.933985087961804
-1.05368566720916
-0.976109781277345
-0.875001434999694
-1.04230434682711
-0.910244755901712
-0.90197188632256
-0.870255635093753
-0.890757518424789
-1.00581290447767
-0.805856108634556
-0.919338307602236
-0.838555942407798
-0.93432344821963
-1.08612499857501
-0.794372679830576
-0.737750918654834
-0.801245436465804
-0.875251229800091
-0.948134269022895
-0.947732469371543
-0.854910529306685
-0.857794333065838
-0.880793844595866
-0.821724020297356
-0.942536264492998
-0.998995120890369
-0.922636798081266
-0.885812721978988
-0.898728463367442
-0.847109580953735
-0.95576147339683
-1.05766112745559
-0.937733589970969
-1.07302733352798
-0.988380713051752
-0.777174651540946
-0.870670262668481
-0.892858103425433
-0.88947817711108
-0.739806544181129
-0.924046648121198
-0.827429854221653
-0.842852943262259
-0.769425372079377
-0.896932108505572
-0.751353941546725
-0.824625408412314
-0.781305286397239
-0.859781820887639
-0.806053352279631
-0.818027351512209
-0.989025896803911
-0.870592924489195
-0.834858133401837
-0.815100356092172
-0.816139189774406
-0.741891832808617
-0.898274411985356
-0.744600715339287
-0.879943081689829
-0.923489391714662
-0.747061542810733
-0.838796873583173
-0.767268397486237
-0.835681308852542
-0.897791657633014
-0.639264850207048
-0.789251737209821
-1.03218630491942
-0.835768410656704
-0.624159579341908
-0.81207596039116
-0.942370981944374
-0.781543882512978
-0.783160853017788
-0.749980543408317
-0.737566089974226
-0.819073180284294
-0.862109812930155
-0.644143671165166
-0.784117784847652
-0.825910088697461
-0.856901471770469
-0.812310329518765
-0.884971554499448
-0.759732081342346
-0.733700349248176
-0.761888686821807
-0.698301486394068
-0.85611865129762
-0.743260878200517
-0.739074506446928
-0.831926890888764
-0.731606250471961
-0.849878670437094
-0.931081454529294
-0.781028663676934
-0.667089771762339
-0.61124895923014
-0.569139520116504
-0.645967000871571
-0.808887082044321
-0.736197445378187
-0.84231729742378
-0.625826853641705
-0.63126317005195
-0.725086025294111
-0.738710491028198
-0.78485577778908
-0.808920222688268
-0.760259913566015
-0.730930637749398
-0.583003740023412
-0.725372806117312
-0.629220575451626
-0.698351891042936
-0.793545666149359
-0.665060574476043
-0.89373770874798
-0.737425894491801
-0.626502024405648
-0.627890951737874
-0.702448746110148
-0.730113991930328
-0.53771091703505
-0.65411538174297
-0.703567202806683
-0.635430179609896
-0.679494842782059
-0.646106196236945
-0.75313226736432
-0.663200868009305
-0.849537741825197
-0.683935007362474
-0.85141425819884
-0.676500740916966
-0.565343161779608
-0.652028842282043
-0.760851774723547
-0.789158203333955
-0.738670719433691
-0.743255366648656
-0.691751385056644
-0.600178854141848
-0.676549057515922
-0.755074302727727
-0.715526599061396
-0.606184228264765
-0.686040682587455
-0.548411022918998
-0.4837106861521
-0.633446951320061
-0.672436361648414
-0.600088424084883
-0.656527466270031
-0.844534466156479
-0.690640996851861
-0.704641567914111
-0.818606730362412
-0.678563925532516
-0.707777863201301
-0.649253736644757
-0.665913701661159
-0.630581471650187
-0.527645157348667
-0.640301059451244
-0.625821995325299
-0.629745203212945
-0.703146539404809
-0.621933965519831
-0.614945143855168
-0.432791615000945
-0.689151203363291
-0.66307018755621
-0.652463781032708
-0.541376450370256
-0.554135549204506
-0.43059932110637
-0.592040676138039
-0.557447098751818
-0.40783793091943
-0.523926658067769
-0.501545154429669
-0.473838028254003
-0.555347917390165
-0.5683178779794
-0.470085261165525
-0.598480642828051
-0.492016430549345
-0.449087251997693
-0.504845931711542
-0.596669107940648
-0.404642536200953
-0.74708613300847
-0.426179307373392
-0.516399486608071
-0.44577990674835
-0.655998233063345
-0.646970936973208
-0.585520418334927
-0.59981558397853
-0.557284199479207
-0.533061263241849
-0.479085247431383
-0.529170718229678
-0.530825938300552
-0.603677480283712
-0.427834458653465
-0.485537192825829
-0.530393350220995
-0.501723656494026
-0.544972007296567
-0.502713981603682
-0.623015659614125
-0.474832145988641
-0.520705004811801
-0.659911069870882
-0.389856055446297
-0.665474761913771
-0.598931542049913
-0.582293964597905
-0.447218906241974
-0.484106001502681
-0.442926768608706
-0.549261447242893
-0.301941654450289
-0.446904521413669
-0.429446358361487
-0.515014937402918
-0.51850648292727
-0.485837994247249
-0.524983112878809
-0.641389762036166
-0.49785393695001
-0.470119313953152
-0.57492975334928
-0.520779105786529
-0.380265843650403
-0.519979734921134
-0.534652750610718
-0.361631824447763
-0.450421518843052
-0.389465018092115
-0.553101924072287
-0.413124957818489
-0.397840277026669
-0.529163386124977
-0.578097885754602
-0.586369571731898
-0.433647484952018
-0.382284506320217
-0.322466589229094
-0.363128339043801
-0.607161585126065
-0.33557673067798
-0.462339190671599
-0.603334848286296
-0.448794020860418
-0.469334573863257
-0.475906704537019
-0.448384725672059
-0.424610840763445
-0.439968846873496
-0.425819765205295
-0.468154494072039
-0.535864693499898
-0.437184433649303
-0.350088543814549
-0.380377698702306
-0.457035615544658
-0.303618679196621
-0.226743995838163
-0.381819210391758
-0.315928991947073
-0.458626389815078
-0.513208741254977
-0.303432674081351
-0.401791393104835
-0.394287721265782
-0.309229085634711
-0.28680764963164
-0.313534692982884
-0.388001292980839
-0.346042030739169
-0.280301939724833
-0.386535226812375
-0.238776951813395
-0.477144165462525
-0.274219634919422
-0.344615094843207
-0.444668651824911
-0.386150390672595
-0.482544089070528
-0.280520259340992
-0.293145481179085
-0.356730770995519
-0.345329256513768
-0.398613484099251
-0.283865536136086
-0.383554753016498
-0.229464484288086
-0.329699825975076
-0.330899324944303
-0.385938159115372
-0.390390470348092
-0.378115331832135
-0.293405265627523
-0.204332683653925
-0.396686220493979
-0.425293011315584
-0.175898214572283
-0.259472450122851
-0.365482126906439
-0.323012231233932
-0.230104755149805
-0.352820105380035
-0.290804051852015
-0.241611799231159
-0.306213123718585
-0.425277978371065
-0.283089298285887
-0.265303372100517
-0.242869645945151
-0.264744425678658
-0.370287420520085
-0.272478495025316
-0.352344250232351
-0.316392534737757
-0.24835003506034
-0.43954790608145
-0.214687353552179
-0.174411236231143
-0.322349012871425
-0.232397159770353
-0.334603343629468
-0.283327232871236
-0.342230313154902
-0.252674453099779
-0.148957707020403
-0.301489166385059
-0.497699355332632
-0.431548814788691
-0.283663749842869
-0.172325350342462
-0.321048888967104
-0.160733377883165
-0.291695056127531
-0.388599951436585
-0.275207972734443
-0.26076313307708
-0.370851908870942
-0.151875964619288
-0.328880996744218
-0.265468575557067
-0.378318751469743
-0.239548918446734
-0.288598167730357
-0.354559830589683
-0.298366272130533
-0.109411894701478
-0.224377123627933
-0.269142790255295
-0.219111927504185
-0.305216013890673
-0.257779683476424
-0.240908984412961
-0.160068004432531
-0.115163145403951
-0.133275649279307
-0.273025239617585
-0.306785654984292
-0.311177444884118
-0.234759879243293
-0.134109563427134
-0.193210010306544
-0.136504619734119
-0.252302926887449
-0.140997298492841
-0.125035272557112
-0.222128071331791
-0.104911877050221
-0.0958783361102975
-0.205357689657567
-0.348153734083558
-0.106796917142609
-0.0998580498182376
-0.0905187039468505
-0.239786499254447
-0.340455927761158
-0.078467774880565
-0.141867415490691
-0.241231079744721
-0.035304278640682
-0.325449952185887
-0.114311616852236
-0.0371957205602507
-0.220218418345685
-0.140817078053273
-0.0705047540734284
-0.186929997421135
-0.142000084198399
-0.121640045680024
-0.195354857749671
0.0305575697551057
-0.19298618601352
-0.198565627551846
-0.0271342239225539
-0.206781359971032
-0.177606751924636
-0.161282081666633
-0.0847079283488042
-0.0507090400877169
-0.137540959153178
-0.179936851007907
-0.122182140760781
-0.164696915205685
-0.0686755703800158
-0.0830623607686151
0.0152621144553883
0.0137147504526667
-0.235931029533168
-0.0470342138868773
-0.182951665898405
-0.209842568975928
-0.0885368614025455
-0.268675782117391
-0.0618521333263101
-0.0496191806876398
-0.168458413200556
-0.149443713549549
-0.0379632279697531
-0.00504726237461479
-0.111587485977672
-0.062792636756107
-0.147626412792051
0.0113731038470695
0.0220087188349551
-0.11498247958076
-0.0605721440443793
-0.153576366620573
-0.0951245487981747
-0.083906176858828
-0.0689368908183939
0.154728840143139
-0.0748431242942234
-0.0623435873263603
-0.107807328097613
-0.114847418204485
-0.0299656429773351
-0.00858667506535051
-0.13108628016048
-0.0679618391411313
0.0573562295743088
-0.121515838624192
-0.01738890359281
-0.112695311934617
-0.0356681180837957
0.0190498033912945
-0.209541074429278
-0.102789504460302
-0.0965838111485267
0.00361815303038244
0.0614164369004074
-0.00158325170514055
-0.0983325497202224
-0.0449647876333404
0.132048613153462
0.040343269983453
-0.100365616343191
-0.0169079385874027
-0.0308915479104223
-0.0797198316699061
-0.0166865180162494
-0.151435575558744
-0.0908486781094027
0.0536245497881481
-0.0451118865705382
0.0529554117408374
-0.0305833269999759
-0.0315646217159138
-0.026890720385558
0.15083837602408
0.0353211966617372
-0.0697303454740291
0.108507115369255
0.115659416283019
0.118628338392433
0.0516873531425438
-0.0179143273584761
0.220586539563537
0.00882595654085883
-0.00585301042282948
0.0220634513190771
0.0997344833764081
0.123892861144808
-0.123153591510273
0.104380573128855
0.0265510620342317
0.0373086376015735
0.066464872086681
0.0346221235550574
-0.0529365559929287
0.0677147057108132
0.122369434344434
0.0994193072339132
0.0211547292681483
0.15847590984173
0.16240736265701
-0.0612774795043583
-0.0325838521611797
0.0527583406042103
0.277109952594179
0.086587107106482
-0.00613035198735318
0.0457814205998198
0.124338225657898
0.12082186157921
0.12885814248904
0.0367146042735597
0.0854795484067759
0.00874623008009962
-0.0372782201635513
-0.0591987317747862
0.030695973724641
0.0226191216671733
0.135107216591638
0.153302429731072
0.144268914159959
0.192055781584993
0.200754677619211
0.120841344191253
0.124600162780443
0.179459826522441
0.347276583235397
0.0720352663136074
0.123040928034168
0.195002614246418
0.322748829043514
0.109804694495611
0.262818214506609
0.0960523934113836
0.189405394195416
0.279336623319149
0.112960323372704
-0.0128465699541907
0.216714715577448
0.263436981369725
0.208131088513
0.0611046456027961
0.196615710335484
0.129882090344295
-0.028591838154948
0.0699450034947439
0.183264127787426
0.0809742819676963
0.0572265857216486
0.177997903963849
0.0985106514539583
0.295020587051945
0.127698152871584
0.034047612532988
0.0994820279415867
0.151427020800562
0.0764437919852341
0.297195732055725
0.0600634882209194
0.183373876654434
0.214791157513048
0.181556483545116
0.281228719146238
0.330783992500644
0.18833166811042
0.127712765011518
0.187175372478404
0.14439702613937
0.304689180403521
0.160701202753732
0.261815343103245
0.19119733914996
0.113844960843468
0.186328219720623
0.233871935062292
0.247326222446354
0.00169887549438033
0.251364294533187
0.236691123315694
0.194574979381236
0.0689377039453108
0.157765906057066
0.16422851285402
0.125578590698528
-0.0356373499599895
0.421506351417876
0.0809414460222837
0.245474919066209
0.292976033913066
0.295697089201677
0.203069507502398
0.243334920166117
0.243971059646985
0.224034705340787
0.247338102900983
0.125451622412008
0.271238146151557
0.28414046179567
0.234898360889507
0.213220714357526
0.298554952687942
0.24142902986439
0.269591383625486
0.139260561215431
0.269260889806119
0.192523777837523
0.273257419310671
0.329142756850078
0.247986161903222
0.297227957380365
0.109288214444986
0.345381221100928
0.3507601977834
0.344861870555537
0.256480170585481
0.280893402544625
0.444986884241181
0.260815862028102
0.281183371312617
0.441222659389014
0.266840513370917
0.311100990855933
0.349038349120949
0.332273827149928
0.365260434174567
0.255982535832856
0.385442756751048
0.202135838447871
0.441299524775667
0.489840463642214
0.393651335387753
0.42756759076712
0.428621477650086
0.406526268162628
0.382937124366514
0.34023562185932
0.376670503598707
0.27822562127724
0.472316849441349
0.294431005226522
0.300126551986444
0.139609217592671
0.296562046500016
0.25655413086862
0.345296584934871
0.359397649867214
0.375184749814499
0.341453690927226
0.359943921094763
0.304090200720225
0.349944984574184
0.401855327700309
0.447319920531856
0.472298926188682
0.0895169520280937
0.221070835929744
0.411164996613161
0.551228115238578
0.45944980169761
0.368156331774593
0.302641974711644
0.262989149827331
0.244767802608397
0.483897701176613
0.345479861111204
0.564622649482973
0.476045425101965
0.317479159381828
0.469251656956733
0.380787412740101
0.36916637638281
0.383598896262798
0.451134231410289
0.236517973374008
0.330740807847995
0.425639375356672
0.442007448690072
0.463767205243457
0.45933531993823
0.401082633884408
0.529956155294853
0.391480841630921
0.359415239595387
0.518815832691209
0.475015095456265
0.573631521435575
0.544499732595199
0.388072512345122
0.581050033237486
0.340981363505821
0.624839676591011
0.497210563232498
0.538519805326272
0.418545859958826
0.444185311011268
0.400795425329449
0.40062215271139
0.599682408922569
0.495506849847015
0.332454325754405
0.367376051054629
0.331950089512883
0.378130781216006
0.464020665640105
0.48721065613409
0.447608177771091
0.516582191706832
0.366178672277665
0.555018830459753
0.463684102817193
0.522279402074082
0.345062556867614
0.400086519431863
0.531956728661368
0.52328378758147
0.422456940420589
0.399528686165097
0.466373227242802
0.523503843345155
0.546347695395239
0.53652279763474
0.390442672178035
0.463857336396837
0.531177791486248
0.569637137887276
0.500089217455367
0.513515558148854
0.634780923684151
0.414203647522088
0.601144219066103
0.568528146176532
0.445266258733101
0.561325941260094
0.689002286405478
0.457468561997082
0.502271707165594
0.417653203586779
0.54728994307301
0.55178416351271
0.629194686766783
0.50917616693577
0.661754913601045
0.516778800927007
0.400734946583242
0.533290777163751
0.537414780464425
0.580217556438394
0.530714493214013
0.567879637030015
0.654773670223372
0.547230730123327
0.552529600765371
0.552096927710622
0.659093776687126
0.592907384162324
0.571726307707031
0.606244353236985
0.57913081224282
0.578886414203094
0.55692070669697
0.538399248411052
0.567452732251778
0.72164112269864
0.562609205434388
0.685577807980862
0.499487437040763
0.56428718915992
0.491424435384042
0.661989270624293
0.612699787489349
0.433445987537229
0.751205064652505
0.804045835637344
0.762916269769713
0.643816787633444
0.555009961057184
0.705213742392578
0.691979965274133
0.506100155213936
0.664894013377904
0.620291567560938
0.685472245482577
0.684244812206468
0.522496535687845
0.684021972844747
0.567158308080856
0.615657907852786
0.726632501757176
0.668323683434071
0.714292453748917
0.552149767236732
0.584402221615319
0.718409125007487
0.543164911979141
0.637923400462292
0.734703384112267
0.655992357233207
0.587870559343054
0.747502241424743
0.769741424523672
0.738678676985366
0.666455273777791
0.720632163516356
0.740191958158157
0.518006535033512
0.820548197728875
0.61931386789799
0.828339437091769
0.64367138587719
0.791333939298968
0.640453918045047
0.664052408929018
0.657974267925059
0.649864295514269
0.67013482627418
0.669793370296964
0.835294067814575
0.694392321370616
0.6364359884259
0.665842456258261
0.781487448670041
0.621071294548154
0.591078093090145
0.881127224839028
0.663234105586738
0.665032563441763
0.772713014806916
0.852338481021553
0.574124688908996
0.627061262022604
0.566884435860606
0.860539899205776
0.587381388627971
0.711836939252543
0.64940731873966
0.7443057761569
0.779396128020708
0.851141801490559
0.622819648815355
0.687316314569078
0.723202055105882
0.848546503769459
0.780844798315137
0.678381142879282
0.758596932954008
0.800792382907298
0.659040308929066
0.657226328801761
0.812849182281043
0.740258901641757
0.752293611055304
0.743639129736585
0.791563705564898
0.847241070551532
0.819360335476534
0.629639347523924
0.670506843374047
0.703994950502605
0.682333275054675
0.733357489233806
0.831863546547515
0.6978364795465
0.954814017725106
0.718815807452241
0.703938349656852
0.848796286801899
0.768155619003069
0.751877664035773
0.803338904361493
0.749042622164773
0.904041921833252
0.839256919774258
0.745790506814692
0.811586263989908
0.877814557913927
0.721740607160157
0.950053519927985
0.809249269297218
0.937138261886289
0.818248872844744
0.804972160694369
0.792292534227324
0.684086141839641
0.780763183066709
0.778098641369854
0.821295105352855
0.734264799172421
0.916829819842167
0.985916223222332
0.915310695621978
0.801974684155913
0.887174801198605
0.824895432605594
0.814746280262976
0.772869724562461
0.766127957570837
1.07722116917071
0.855038562065619
0.732469627011798
0.947544035020475
0.895168414391905
0.931772668878561
0.852376044812163
0.933694141956819
0.888462977055959
0.86033988494365
0.807044303333981
0.732212436970889
0.915250980544669
0.932315006313751
0.991906715645012
0.964456398941087
0.854137884577371
0.823076241456891
0.995625919024499
0.845596513345158
0.88970974210693
0.800074253634168
0.886944138034446
0.692107709453345
0.787029874995626
0.932444638139503
0.827380566841924
0.913136370924557
0.809363270516177
0.925296463829229
0.972679983894005
0.948744013122692
0.931435663995127
1.0373471632366
0.909249635447325
0.802693614093834
0.98228484667581
1.08301512834026
1.0350677259828
0.824394459280805
1.00696372483835
0.967568973374375
0.811419763504401
0.82911782582237
1.03507575383985
0.945381850872993
0.950416804123824
0.986184769134164
1.08002793280434
0.88862632565917
1.1266443384331
0.806753872513404
0.98027654614892
1.0031615870523
0.955465428765216
1.13518413726076
0.847599074146341
0.909297596378128
1.03565089135764
1.02452943932063
0.898442116745957
0.988199469766896
0.935226637896993
0.966062804158048
1.00335915040003
0.874597268714648
0.883021572854497
1.04758656668019
0.930522857518681
0.949797724460064
1.09207969490837
1.0016740404253
