x
0.00996519402250866
0.0113011751713392
0.0101585838661656
0.010885326474821
0.0125304818989253
0.0113905466918378
0.0117889295760155
0.0142761173230073
0.0132679264205554
0.0115631231120859
0.0107102786502601
0.0101687223866343
0.0104331235348037
0.010960879926139
0.0101592582477362
0.0137096719977505
0.0110332048159724
0.0133241369522546
0.0111241384982598
0.0112728888365035
0.0098477953279376
0.0099159999172623
0.011969708519109
0.0117810671996421
0.0118032691794462
0.0136427683099063
0.0130877475875708
0.0105384542654876
0.010640133299418
0.0128149830100199
0.010530771510336
0.0114889974891287
0.0122866712311739
0.0106792294103037
0.0140128439668911
0.0106343135397487
0.0132787205828709
0.0137535062495671
0.00947597119389324
0.014907525874503
0.0115959322022387
0.0127959962759927
0.0169767296451658
0.0158844116445386
0.0141723572537433
0.00956300276652708
0.0123467013521638
0.0113909290272234
0.0172686575075169
0.0105719671673157
0.0114595332192795
0.0114404449488265
0.0104724708425849
0.0144485365416652
0.00986938480080596
0.0132012990907662
0.0114969954516569
0.0104134895755916
0.0127102037744199
0.0105309989989734
0.0089571861951412
0.0119449244186131
0.00980545698046233
0.0128130616961228
0.0101646056765973
0.0151039414760783
0.0110019544397137
0.0103267713572571
0.0122084353829794
0.00995233332036753
0.0123509711864502
0.0103920300105593
0.0116305261363993
0.015843557237812
0.0105406842033737
0.0104078872983485
0.0112022631764893
0.0134688132843095
0.0112408296880719
0.0138152259112036
0.0107803962224722
0.00990849596879543
0.00986210033104366
0.01255049554394
0.00971834693572625
0.014768539554744
0.0130324179607179
0.0158518208753053
0.0101396191497403
0.0167975311056437
0.00952323011654089
0.00992490664871292
0.00991406240963799
0.00925949960401338
0.00955975742222456
0.0121937121967626
0.0106999661521822
0.0117932590339497
0.0119437660775628
0.0110464687291766
0.0101483749039202
0.0108238356099361
0.00933312228550628
0.0103433323636182
0.0105331852999825
0.0101888519174658
0.0134972963982079
0.0126765072124727
0.0106409610131049
0.00987155282872252
0.0090610495945854
0.010670282053661
0.011021294892261
0.0104727720526946
0.0109721854249759
0.00961958611798934
0.0126129084389131
0.0102379972650132
0.00977826966895214
0.0121108287645621
0.010027844919734
0.0121811128287436
0.0103127914316487
0.0103728332894238
0.00925842760568204
0.0126767713085231
0.00993108575511808
0.0106932201607521
0.0097600027151547
0.00998797635742969
0.0160040929437991
0.0100744034038401
0.0102129092243606
0.010679029111165
0.0170834995748305
0.0104524574202712
0.00969911007517405
0.00938653261117508
0.0122084780699666
0.0100334587200126
0.0119452195070191
0.0103104622475294
0.0129015263176578
0.0102948046599901
0.0101090576536882
0.010968240848351
0.0100273750635101
0.0111736706507496
0.00993085335840552
0.0114751956332757
0.0106256928547584
0.00912498891243801
0.011839882817453
0.0118791831564513
0.0107019374554713
0.0122221817620198
0.0121237294747138
0.0109119833123151
0.0107017590781492
0.0125731379033688
0.012864607707953
0.00941087543850824
0.0105096553802612
0.0106090940931234
0.0103788237880021
0.0121659652953245
0.0109669784781641
0.0129383751487609
0.011934790990251
0.0101292732184434
0.0115409996152561
0.0114704218279388
0.00989533498494037
0.0108450367155974
0.0116465659205152
0.0135956424839443
0.0109484299834055
0.0139695017542888
0.0144986237056788
0.011661371721837
0.0107572617107811
0.00989629715750088
0.0112814250005281
0.0108608022018826
0.0104931711302219
0.00989350445636461
0.00980946060877247
0.0110271889226293
0.00987664214089935
0.0101996479245939
0.0150957170537238
0.0110304339866387
0.0102497492773868
0.0107847306844197
0.011753289626904
0.010533310861369
0.0100637592387076
0.00984068602842848
0.0110222215948847
0.0100689375003142
0.0104384905072522
0.0107792987662004
0.0119416275818572
0.0100194420347785
0.00941247657402151
0.0110999874516819
0.0129911443504077
0.0146150759634497
0.0104257202839833
0.00932850856535596
0.00908022419062074
0.0101493456338703
0.0119467997952468
0.0100155233923688
0.0123007222365713
0.0112559982547927
0.00980127765666837
0.00951627073755035
0.0115399488737489
0.0116198592312354
0.0108414638948699
0.0102257637205659
0.00993975160715493
0.0105654785614934
0.0109884184192281
0.0109020007218238
0.0102239975891048
0.0115221470280753
0.00897440996637725
0.0107910192761677
0.0117217103833057
0.0102872459140959
0.0112176064663226
0.0119605210328125
0.0106635031581882
0.014244964874709
0.0104233793806087
0.00991010779573294
0.00915496566173051
0.0101610510081479
0.0100678724032232
0.00991444625347095
0.0148113107298412
0.0140829325737532
0.0140574517835688
0.0100633685834167
0.00966323414723534
0.0119473647149267
0.0106904830071805
0.00957193163640223
0.0115278214708094
0.0109938432196244
0.00976849081101481
0.0125244843241642
0.0106572772282779
0.0119159024533053
0.00909578777369094
0.00988990887891146
0.0115661511782839
0.010050220710616
0.0129349535791283
0.0108425374922439
0.0100650637593219
0.0115373994104775
0.0136046058283352
0.0102470108580824
0.00990516977144189
0.0124049570180639
0.0146460977045752
0.0115223627349424
0.00968612889842448
0.0104442023662852
0.0100139233843134
0.0140807684555424
0.010403309720321
0.00983710474256009
0.0105526549630533
0.0100906293704409
0.0124268150160489
0.00970558816546115
0.0119550835593002
0.0123080529392122
0.0144992560663596
0.0155797787444514
0.00916903546034767
0.0123833402892039
0.0098695823930608
0.0113286015793932
0.0095609069895829
0.0122519402702846
0.0109642056409013
0.00949020878005475
0.0109822966862535
0.00964565327604785
0.012020165627161
0.0128622412236316
0.0103112687250422
0.0102599238057649
0.0144511735676669
0.00999315891815675
0.0103862619856793
0.00980876845913712
0.0102867791015457
0.00929534241982916
0.0120587894625251
0.00973179353722685
0.0124729262899791
0.0136869577034431
0.0109923839781676
0.0102052378684545
0.00967000820740585
0.0105777654160545
0.0132175720614829
0.0114602354498351
0.0111564557953667
0.0100045836759194
0.0092372990693955
0.0143804031396702
0.0106170871429959
0.00938712387310347
0.00984797417904027
0.0105839494106741
0.0126492509947591
0.0120380964606397
0.0129115307702018
0.0103777566970373
0.0172894738107991
0.00987513489268052
0.0116839065537724
0.0160201566620945
0.0141045268198877
0.015417379731751
0.0127461938697416
0.0104881506364885
0.0130266594504452
0.0137164056488378
0.0136741040452083
0.00980378312091329
0.0105782140301638
0.0100588253121655
0.0109641007985402
0.0101820727194875
0.0124545063126688
0.0122822529377608
0.010223477363783
0.0104344913669103
0.0143429878087466
0.0110901822772324
0.010157935278329
0.0135198924544263
0.0145901667988874
0.0102695559468061
0.0158477695722151
0.0109773973523527
0.0100931571276745
0.0100650261631895
0.0104132015317344
0.00960873100169941
0.0140046928042903
0.0101864381622587
0.0105771610329558
0.0109570604562272
0.00925690214019652
0.01046264634538
0.0110669400803288
0.0107963781922206
0.0100581408079377
0.012070040714692
0.0115898275991273
0.011261359040939
0.0109036865370878
0.0109116116122381
0.00997369920144478
0.00987040495315675
0.0119338898509239
0.0118328436681523
0.014042190296324
0.011180585303833
0.0119986034739203
0.012297681795929
0.0122205078381736
0.00952537933835011
0.0115518056245855
0.0126746415148318
0.0105945920595145
0.0101921161312148
0.0106610787313661
0.0107495974072227
0.0126025491873538
0.0107517903244808
0.0109001135018078
0.0108332430499228
0.0137180592085677
0.0110377921921137
0.0109071060001298
0.0126423842788296
0.0105710882064039
0.0122131289010263
0.0153619007057298
0.0108736473451417
0.00999679806041842
0.0107835374352999
0.0108264326804366
0.0116345919931524
0.0142247937873049
0.0110322642236391
0.0120666796614386
0.0108933481944233
0.0103245312398298
0.0104918242429271
0.0107154585756722
0.0108434600859881
0.0111090903556544
0.0130353344652545
0.0106770794538817
0.0115288246477263
0.011188832376732
0.0154659635497816
0.00976667109343443
0.0101069582974556
0.0140432158900881
0.0104290421980803
0.0176560895439299
0.0101079467504637
0.013121353187008
0.00990604495885884
0.00997151281860021
0.00998356618071882
0.0104536644826046
0.0144534630239564
0.0107180763169583
0.00948849668306915
0.0108231982541442
0.00957638059642524
0.0104789365229488
0.0100299874322322
0.0101495703430178
0.0164796692887363
0.0106764120155024
0.0101210447439852
0.0120574887301055
0.0100227755308836
0.0135598821751153
0.00971731720344751
0.0136420463253156
0.0100916875721115
0.0107131406407664
0.0100318034959852
0.00992429090714778
0.0115247713003998
0.0166565291833909
0.0106639825508329
0.010753777214525
0.0110229811575906
0.00982011253672753
0.00968569447375046
0.0132267530584192
0.0098652526859737
0.0151281157426523
0.014520532680593
0.012108331750794
0.01160315741088
0.010366016167678
0.0098791052887704
0.0113193573426329
0.00947504969570832
0.0100984641870241
0.0171119069502025
0.0101812381062891
0.0107691193920938
0.00889662204083824
0.010452379006269
0.010385883117765
0.0125480766974246
0.0108981652765837
0.0117028570443133
0.0128875180710205
0.00998426592817759
0.0126765751533653
0.0101023155762022
0.00992717333375022
0.0106919456564823
0.0111295985490039
0.0101812448088266
0.0110539959065741
0.0107873922545361
0.0102960401569914
0.00939207799242715
0.0104005413497491
0.0115345452219457
0.0102226110733079
0.0112508593622135
0.0109705488705586
0.0104852441739527
0.0102003766667546
0.0105767557498739
0.0133845339165417
0.00960060554289953
0.0102634895397517
0.0102905905238089
0.011606814982684
0.0172869385073292
0.0123513286588565
0.010973934825887
0.0102672028482047
0.0115355258546134
0.0110033528829451
0.0142088353773804
0.0113614432304739
0.0102180933247166
0.0116394576305863
0.0106010508551452
0.0100096100204439
0.0123610669399624
0.0109142586007165
0.00981184808123326
0.0159071500018626
0.0117401569655208
0.00997114841149323
0.0118706753641351
0.0115025058277029
0.0102830401401365
0.0125546267429723
0.0101365953443455
0.0101539531841104
0.0107991696328639
0.00986489925249762
0.0151138155975569
0.0130603830840194
0.0114581524484556
0.0114815570935727
0.0117722686724152
0.0124021160146946
0.0111120661436122
0.00942006596133126
0.0115154148841338
0.0171617176344543
0.0108704205787364
0.0123461604537205
0.010763157111769
0.00910666828448587
0.0100119826346348
0.0117136078369642
0.0107470869177105
0.0109451025342876
0.0139434318937341
0.00982618060022185
0.0102107167966429
0.0106945430382009
0.0124146592398698
0.0103796755039927
0.0132370528951063
0.0153624538980691
0.00987501167505565
0.00948081050829202
0.010605571437398
0.0117284331302809
0.00941220268100092
0.00990230264691456
0.0101408170676526
0.0108449668884276
0.00961414239042236
0.0100694999652423
0.0138443859394472
0.0146429166915614
0.0120944109661879
0.0114275290843208
0.0163007196161391
0.0100015686222314
0.0107581049103873
0.0105937140661238
0.0109715253892923
0.00959146935290644
0.0112933505577961
0.00992318569528436
0.00962038752134967
0.0146087680081051
0.0124470120353567
0.0116666554665332
0.00918411383479772
0.0133929271851198
0.0115914460804793
0.0112279815081661
0.0111440383750138
0.0117812920206129
0.0110145142366036
0.0109795489283621
0.00877453437952021
0.0103071333459085
0.0127723837039823
0.0116000468669394
0.0127209885605854
0.0119290361433225
0.0125939021629794
0.0106841173203324
0.00987806271558675
0.0127934302752717
0.0127738889095367
0.0105913714335074
0.0119913150827811
0.0142204899859426
0.00987832323961549
0.0109957594218768
0.0111620835491184
0.0160470040815389
0.0111447093175621
0.0130426186513047
0.0100370364953227
0.0111290788097492
0.0114170816644852
0.0105264617026475
0.00980818969879974
0.0126156452290714
0.0105514483599077
0.0128526463921585
0.0125864615256114
0.0117664443657323
0.0106014650779275
0.0119900600257065
0.0153556173886096
0.0105303234663179
0.0104045038829918
0.0140729021788851
0.0132692281852515
0.010264080619422
0.0098660871566246
0.0102496059717929
0.0116629953186188
0.0104895325156679
0.0112663481100728
0.0155039177804844
0.00959343425367285
0.0169673274705005
0.0102266097368312
0.01032024301227
0.0118103207449749
0.0106609729935087
0.0148718479538257
0.0103752935077032
0.014933636313669
0.015053592662506
0.0103731989010858
0.0105410693999846
0.0125140657700849
0.00922229004584203
0.0105403397634831
0.0104330655308849
0.0113386307641981
0.0103883556918568
0.0112203558204119
0.0121975063672725
0.0100501535919489
0.0114114147655925
0.0134008521772259
0.0107310522302438
0.0110384755092797
0.00881861083148879
0.0119285197828907
0.0104290796389789
0.0159922673518576
0.0100093442641459
0.00981570977874354
0.0097482807816085
0.0105021532474234
0.0145589975287731
0.0124607028550111
0.0105372653121751
0.0100106779734735
0.00879744031914477
0.0100695359124716
0.0117527787106266
0.0108569853713414
0.00951949576149117
0.0106585677076625
0.0110862973431366
0.0109723332453973
0.00956380680750085
0.0137707792038241
0.00994043796632118
0.0116532027932427
0.0135185511793862
0.0130663816965963
0.00946634691326533
0.011601773001366
0.00933240608528251
0.00989595291269932
0.0110466928384273
0.0109009160483773
0.0107690411928504
0.0093062514989005
0.0102620123216077
0.0118862465886879
0.0122237335712799
0.010436359485442
0.00995241356700341
0.0110271815793859
0.0102648831084742
0.0114725952098783
0.0109526628897282
0.0118893831386298
0.012039087249775
0.0121769626342524
0.0100662149464937
0.0100493442143339
0.0104958668799013
0.00957020660103784
0.0109511253266983
0.011026540423057
0.0118448368827998
0.01241920839654
0.0145859638289377
0.00985531150424406
0.0103920816856827
0.0125980432224599
0.0100867581095358
0.0097701648901967
0.0105119802687609
0.0125855800414531
0.0101564490794767
0.011846201819194
0.0109557346404368
0.0121685225869429
0.0112040326171515
0.0107532096682311
0.0104216130412811
0.0105106026204123
0.0145120591918442
0.00980367210440376
0.0138189947823424
0.0103585542846827
0.00929292833776905
0.00987264792871142
0.0109986146782219
0.00965782831726002
0.0102854746286455
0.0106357627923108
0.0109429392697632
0.0112698619122851
0.0126376881458137
0.0105249971048975
0.0125949451567004
0.0117563404989297
0.0150331095842023
0.0101840736513254
0.0140781797495426
0.0113249365304562
0.0117031664954381
0.0104445349402584
0.0124473018960549
0.00972826299294219
0.0100799196588545
0.0117262732953437
0.0113573638900732
0.0106956299676466
0.011127722031613
0.0140566288065386
0.01106502933417
0.0131711004752617
0.0132129289619303
0.0117154629464288
0.0110158567054494
0.0106037159739951
0.0114513918815616
0.00962912201269269
0.0123086276036574
0.010733398130422
0.00962686164109145
0.0106936711900592
0.0133346542216647
0.0105549626190459
0.0102735147809905
0.00982862812779921
0.0101609851839685
0.0114949947765719
0.0110327550721292
0.00970000956217483
0.0123379811640526
0.0106821395685668
0.0113356066925428
0.00989068617076861
0.0105297111057153
0.0111305176496994
0.0100418157183123
0.0127574101112668
0.0118696260177761
0.00962123292385047
0.0100588022132387
0.0102248542523125
0.0102599230948852
0.00985754300422686
0.0133777615950723
0.0105901250685672
0.011000465230892
0.0101380303827602
0.0126737257368455
0.0147938933164284
0.00932764066491307
0.0116352722168126
0.0119148279781873
0.011604821169221
0.0148968253807137
0.0123647528344256
0.0117699637354986
0.0116212259729479
0.0116178531547675
0.0133143543020198
0.00994340192053508
0.010787951121607
0.0111690817898315
0.0126303501219759
0.0103204896568607
0.00959746942778526
0.0167143206471681
0.0152257808754284
0.0113876319873908
0.0100004373016138
0.0106844944402299
0.0107288163832051
0.0102110860915304
0.00973464177856146
0.0101731835096013
0.0117180190061009
0.00983675275947935
0.0115470316169809
0.0121985556557367
0.0145646887961596
0.0144741733491833
0.00937401346074417
0.00984583421267922
0.0121016636142282
0.0124093091996619
0.0110861607605629
0.0103704155549897
0.0101866326671167
0.0135368110470865
0.0106963628770664
0.00993285020442611
0.0134631151205196
0.00892920780807742
0.0111103131468965
0.011540941081822
0.0108945345623588
0.0103388976476276
0.0103195025737403
0.010751682170565
0.0124044585191247
0.0101082623204477
0.0110328891706037
0.010816767553799
0.0122220128302948
0.00926050689149116
0.0128831662073017
0.0110022792723023
0.0110592991377341
0.0113241741980985
0.0142524227139682
0.0122167602500457
0.0115308832008094
0.0103995617683153
0.0138903361112797
0.0134993055733431
0.0114315557706038
0.0124810137862224
0.0118023972974624
0.0116072261454767
0.0136419144135157
0.0109025104053818
0.012265613578832
0.0104334052974592
0.0128485104406121
0.0103046209324492
0.010766289179343
0.0113426051823708
0.00971437773534532
0.00999713616242702
0.0139005445414255
0.0111366489287353
0.00996466529319726
0.013545919918388
0.0125123129283246
0.00945161197592458
0.0113979383570674
0.00983072751925599
0.0110428630890861
0.0130543113249617
0.0107532912854145
0.0104564609323915
0.0178627479776177
0.00953426377768925
0.0127598974298329
0.0109289063435409
0.0118764194778711
0.0112227368178143
0.00953367242989103
0.0127057679212664
0.0105373668251934
0.0120064111594106
0.0105401760545787
0.0159444796768726
0.00875362913503409
0.0107295495832474
0.0132677557176448
0.0109007384623439
0.0103897776052572
0.0102845219455561
0.0187053227446176
0.00956201189099053
0.0110695783722575
0.0115549331314152
0.0135759412020941
0.0120273478598827
0.0106575485889317
0.011577703276163
0.0104946967555469
0.0102574840421139
0.00988436977420507
0.00982583364811884
0.00989157398090653
0.0107155796337664
0.00977600336900857
0.00969366411031143
0.0115753120976938
0.0133731440169664
0.00993795483400507
0.0115952969859864
0.011906812301229
0.0104895377913562
0.0102589172146254
0.0102950506475849
0.0106380863404929
0.0126751018461557
0.00995324099606472
0.0103675669762108
0.00964704266257553
0.0122439481753947
0.0184286123062181
0.0149753579929979
0.0103039857299811
0.0114934170448266
0.0106500415630201
0.014815641427193
0.0113791674464397
0.0102348551725525
0.0109886534000812
0.0104438256890913
0.012913665090038
0.00942393266495157
0.0105437959536866
0.0110178584178268
0.0106178069681789
0.0139140417418939
0.00944925754488948
0.0107124019569081
0.0160889342739489
0.0153289750566558
0.0101219194990611
0.0140787688447819
0.0101999525655982
0.0102224923966155
0.0147049316621282
0.011953836932088
0.0112377129533332
0.00983844755216476
0.0111553543015921
0.0110592856679808
0.0106510101745914
0.0100171869210445
0.00964198519927749
0.00944547209457229
0.0105602573866772
0.0126935756240107
0.0129874798319401
0.0101838160897767
0.00981885122454381
0.0119519439499456
0.0110256863463436
0.0152395571592903
0.0122386856790857
0.0101072992843563
0.00990116552132701
0.0103044753662653
0.0115393728650237
0.0100776386917788
0.0105178155306792
0.0106622900296579
0.0114908306369043
0.0139629016668181
0.0125256016677079
0.0149477508154809
0.010123075646073
0.00983121655420101
0.0107905079196345
0.0105786892353103
0.0121334105649768
0.0117512597900344
0.00921157314368289
0.012573084916994
0.00939262023048261
0.00961144798892071
0.0145317775298546
